7.83221397137
7.85911991379
7.8782063632
7.91187316623
7.93736863716
7.92007232203
7.94158782278
7.92293732017
7.90321059859
7.85098167
7.86885721191
7.8438836107
7.81579919933
7.81772308143
7.78935876107
7.79645314825
7.81651620397
7.84988443243
7.86891985004
7.91053980198
7.921688047
7.91824709837
7.94604389831
7.91730910703
7.90303047265
7.88510041216
7.86425869801
7.83837502337
7.84097424936
7.82969475422
7.83009645848
7.80015178006
7.82153001499
7.84907021388
7.88234473575
7.87005749374
7.91869459457
7.8819212781
7.9521238523
7.92335764283
7.91845583377
7.87735861681
7.87428508698
7.83277285055
7.8563742209
7.8595163198
7.78630013694
7.82272059658
7.81505867132
7.82785485576
7.90492971477
7.89564550461
7.90197300957
7.88701754602
7.92481538129
7.89572727268
7.87001856753
7.86431149498
7.84499819259
7.8461627542
7.82485799592
7.80392868823
7.84921624989
7.83344716646
7.81758121094
7.83184812285
7.83860005745
7.88828604406
7.87153712689
7.86357869795
7.84120060415
7.84109584092
7.87068750556
7.85588463008
7.81926742448
7.84280659087
7.82597382873
7.84228459542
7.83580330736
7.84352366971
7.84318795405
7.83734151409
7.82073420996
7.80034329683
7.84360584622
7.8373644856
7.86590005158
7.83584004167
7.84219014089
7.83482688052
7.82003435506
7.84999024171
7.82846174927
7.83549030417
7.85091695498
7.81421855682
7.83769807063
7.82225845396
7.80814761161
7.88027793531
7.85734448576
7.85144134011
7.86028602029
7.83159092851
7.85310635186
7.79456749409
7.82243436328
7.82199209338
7.84308920064
7.82977357531
7.80742223062
7.84270076373
7.86401435348
7.80445911955
7.85518982417
7.84760340515
7.82566897622
7.83411818606
7.81212832436
7.80631354872
7.81447771998
7.82846755109
7.83552724429
7.84295464098
7.87110495064
7.81281125365
7.82071150069
7.82688489365
7.82050875195
7.81343742659
7.84286912588
7.81506411834
7.82259339315
7.80087847687
7.82080835717
7.8273013677
7.81077630288
7.86074956079
7.85876782785
7.86638168969
7.83025812439
7.81740889686
7.86213071568
7.8344076439
7.82742130161
7.82747485357
7.79434817433
7.81518980572
7.80838502579
7.80711222639
7.84306437365
7.83546893831
7.83279590678
7.83270639162
7.80387735113
7.81684515354
7.84811785883
7.81128987749
7.80353220532
7.81968263146
7.82800275407
7.78590556324
7.80688497468
7.79164686222
7.82055307908
7.79944624887
7.80616457337
7.77576856036
7.81897498277
7.83648844622
7.83654470432
7.78687721087
7.80317595946
7.80252621584
7.81886562792
7.80317109798
7.78730968043
7.82312435657
7.80684569388
7.81396569679
7.80487058758
7.84165384843
7.84060983168
7.84915305165
7.80250750655
7.84986685421
7.83595094365
7.83100369993
7.81597849065
7.81623466023
7.81593707972
7.8235595264
7.8376931608
7.88788186568
7.86381885909
7.84853531198
7.83375450899
7.81179539173
7.82034179014
7.82939120245
7.8132653948
7.81404619613
7.79308854659
7.80660613663
7.81238174698
7.83241148822
7.81019401267
7.85981203162
7.85185042426
7.84988928607
7.8812624149
7.82206354511
7.86763626356
7.81776489618
7.85524319665
7.84013427352
7.82635430581
7.85624067288
7.81995415657
7.82051258329
7.81237862228
7.84875089276
7.81967795483
7.8468995109
7.85262596272
7.82312619369
7.84574068395
7.80794406418
7.82338498664
7.81739570204
7.78829012337
7.82565180652
7.82624805192
7.8206879144
7.84194499992
7.79863600569
7.79094854682
7.80503632686
7.82575016927
7.82682882628
7.82589404407
7.796353308
7.80489415826
7.83375827048
7.81867655696
7.81316710943
7.80028102136
7.8292770774
7.83022164703
7.78593786
7.79248832582
7.79904096528
7.7985080851
7.8043535723
7.83244640836
7.79499881946
7.82592123003
7.81859854284
7.78998042966
7.75399813343
7.7993913503
7.86480763228
7.81388741994
7.8142939244
7.84420689182
7.84400903359
7.85703276471
7.85127475604
7.84243730168
7.81457571253
7.82842851691
7.80419801111
7.82047892483
7.84850853971
7.81118543023
7.83352244953
7.84176706589
7.83965629946
7.83479827105
7.81278801236
7.86397032671
7.86444709282
7.84988828671
7.84345457687
7.87308258246
7.85772275801
7.87332180327
7.83526005133
7.84307327497
7.86432641096
7.82758487752
7.87880271118
7.8620132821
7.86131605057
7.83167824464
7.85324577879
7.81779990125
7.86054913508
7.81069067982
7.80455498197
7.8061540202
7.80732941818
7.83548401381
7.83319989799
7.85468314062
7.8357410468
7.92901479148
7.8904443754
7.91271695803
7.8612656748
7.87179325814
7.83093418565
7.83318335012
7.80773209132
7.80304239603
7.77503818365
7.75656985973
7.77753872338
7.71758714798
7.76695054174
7.78554575561
7.77616293608
7.78639130735
7.82234838593
7.85684527995
7.86278592781
7.84801292565
7.86449510499
7.81426292301
7.80156298361
7.7832341174
7.78707415446
7.72432959821
7.75383935293
7.71731029872
7.75294930413
7.79810151456
7.78947320943
7.78657117663
7.7912371105
7.81224437859
7.8315470558
7.84566760819
7.83789547198
7.86128072415
7.82635056951
7.83529723053
7.77067292154
7.77927814721
7.80241899309
7.80317018334
7.79383169798
7.78670489854
7.81423606818
7.84980284901
7.85452728662
7.84043995367
7.86955832626
7.85526484471
7.83360208542
7.84942836679
7.82378352279
7.83218473049
7.8172175574
7.81595896735
7.80096666153
7.80662200103
7.8409041364
7.84055575089
7.8305246569
7.86684151458
7.88197735875
7.8876768766
7.88831574842
7.85996819148
7.86907941709
7.81921719716
7.82797766754
7.82250123095
7.79398774284
7.84414984265
7.83636696037
7.84352713084
7.84745098159
7.82467218832
7.85330650233
7.83095425862
7.83709599264
7.8222098509
7.82299500485
7.81586934352
7.80972453903
7.79621731192
7.79604835814
7.77496819965
7.81195955592
7.8261085534
7.81059250242
7.83687812745
7.8159059472
7.82908155222
7.81458366792
7.84406643445
7.80045383647
7.85241068279
7.81673423594
7.82387811528
7.79654291077
7.78265522705
7.79746284581
7.82074724297
7.81235985934
7.80453761938
7.81183145048
7.79743814456
7.810898398
7.80870522352
7.78116945463
7.76595520567
7.7876718463
7.79630093546
7.78135668015
7.79573495404
7.77389230252
7.79640747678
7.76782602102
7.82839463753
7.79233735683
7.83584449737
7.77075722114
7.80742713341
7.7777133661
7.7994596952
7.79873988232
7.77868072239
7.80106213867
7.8243011549
7.83163435661
7.80266464341
7.76546510678
7.79501646483
7.78022733923
7.79963034968
7.8077917127
7.79184727501
7.80699074809
7.80770277255
7.8143392516
7.84306263687
7.81276285599
7.8199930054
7.83627802023
7.81407514958
7.84448365615
7.8151182673
7.85150614699
7.83137218745
7.83738086424
7.86558775551
7.84380168561
7.84892465379
7.85781299054
7.82630395544
7.85631890843
7.87000844584
7.8539175949
7.86886662138
7.84634383869
7.80189655098
7.809533775
7.85307905068
7.85349349464
7.85226183855
7.83022515426
7.85380555212
7.87500637954
7.89086730116
7.86243956722
7.84665000405
7.87706108565
7.83209376005
7.84687667756
7.84651643846
7.85456254369
7.80916139487
7.83915630278
7.82388490962
7.82335996189
7.85189539136
7.82354310994
7.81472938746
7.79314655904
7.81556803963
7.81557410369
7.77406741067
7.80216991595
7.76618224938
7.82525580199
7.80941235043
7.79696464719
7.82638666434
7.78266130402
7.78951413445
7.79849529167
7.84952470199
7.78392476309
7.74630457442
7.78407117634
7.7984726071
7.76315703229
7.77009255346
7.75556792005
7.77696516992
7.7765623044
7.76053359026
7.77684784597
7.75520519623
7.77691287427
7.79708819101
7.78478894889
7.79988582554
7.80734040282
7.82979717657
7.80062031316
7.77949593501
7.83093007924
7.78678004315
7.82954491521
7.81592441691
7.83089407472
7.82194826438
7.8159573333
7.82912607733
7.82817580093
7.81973542793
7.8425531758
7.87155137539
7.83451744642
7.83549184905
7.82644850079
7.87082169552
7.84013095104
7.8697219349
7.86920491912
7.84043475257
7.81780167884
7.87826291628
7.84169067305
7.86454507783
7.85070539088
7.85740106738
7.85610751307
7.87192883841
7.85072439289
7.86382012832
7.85749365351
7.87873418093
7.85601824453
7.84732725715
7.80310990631
7.83129732802
7.84597566715
7.8094438047
7.84533104774
7.85319039975
7.81795976133
7.85378268269
7.81768776817
7.84687256402
7.83298796369
7.81869224943
7.83199385829
7.86359370144
7.80424044515
7.85517917853
7.84820763673
7.81864060668
7.8182620722
7.8478715309
7.82371685486
7.81600320946
7.82450936574
7.80950379845
7.80215296718
7.77272478276
7.79460973719
7.78648613912
7.81599667786
7.80040191856
7.79993583185
7.80059613618
7.75046796998
7.75789566703
7.80257940812
7.75101665009
7.79661392573
7.78863034042
7.82460494329
7.76636334957
7.80299442005
7.79768035895
7.76128197933
7.77688858684
7.77084304413
7.7860818503
7.7573422642
7.75693646636
7.78024191879
7.7494350175
7.75708165707
7.77076404606
7.76157569781
7.76781718954
7.78943510261
7.77532755264
7.78903940866
7.77486498785
7.80442556368
7.78497647321
7.78528377668
7.7939707113
7.78740739782
7.75937847665
7.81016908535
7.83888887838
7.82467643356
7.81580620685
7.81630986611
7.82936292138
7.84424068677
7.82699843246
7.86295869702
7.87079111507
7.83421858376
7.84820245878
7.84062155415
7.82670749906
7.83492156875
7.83355340722
7.8194380865
7.85462581861
7.85612530009
7.86278609726
7.8631435894
7.86966333611
7.82620259911
7.89847427362
7.86257236876
7.86212575162
7.85592041917
7.87780823557
7.87856036567
7.84796676895
7.83234598009
7.82376473612
7.8375581582
7.83726263094
7.85903366128
7.85086930517
7.84309954571
7.84267039862
7.86534234956
7.83012935362
7.80102551174
7.83854028428
7.81191216537
7.81039932033
7.80417657861
7.83265127162
7.83192845275
7.8170055762
7.78081224519
7.81701883768
7.8033781761
7.7942762059
7.8165546731
7.8025796962
7.81698047406
7.81875608743
7.77384981476
7.77454519081
7.76803958463
7.7459526042
7.74691016015
7.76904251396
7.76044349639
7.76788574025
7.7602414704
7.76587520496
7.78161617974
7.7754875148
7.78400217854
7.76242825145
7.78434775582
7.76427899332
7.78013243762
7.78659220286
7.75819505641
7.74438366296
7.76078610383
7.78135787269
7.75935952887
7.77875576109
7.79975117558
7.80011800051
7.8356985151
7.79933547532
7.80663019252
7.81371169597
7.81351126271
7.78467165397
7.80625108253
7.82945584444
7.79916761614
7.83770197935
7.80788867461
7.86628824286
7.8218769259
7.85653110496
7.83536316809
7.87257461204
7.84122561648
7.8427678394
7.84959027473
7.87042294353
7.87739589322
7.86231834747
7.82470637394
7.84757044795
7.84644925482
7.8737273022
7.87569745671
7.85182167563
7.82266267613
7.86635507924
7.85201821628
7.84599124411
7.83695238008
7.87616016505
7.84691963288
7.85509807579
7.8553577065
7.84740227819
7.85412629654
7.84058315995
7.84815025344
7.8262226855
7.87294623863
7.85176997915
7.85845239417
7.84317357741
7.86378495597
7.84946364143
7.82948619583
7.80827830965
7.78727808741
7.81614840772
7.85250448442
7.8300926655
7.81556317061
7.82336640856
7.80904543046
7.83904035129
7.80233742808
7.8033383579
7.78837803288
7.76805239417
7.782615224
7.78445433372
7.7620559326
7.78374030974
7.79123956669
7.77583217694
7.75295497258
7.76750791241
7.76032541745
7.7534683548
7.78246238662
7.76730439576
7.76022214487
7.79753993237
7.77597502159
7.77003455858
7.76293290478
7.72039395828
7.77039798903
7.74416549741
7.76560541453
7.76514162719
7.79538282221
7.76638662214
7.79471368641
7.78519300945
7.79299139884
7.79954467827
7.84462956103
7.84261338024
7.83614931611
7.8141604362
7.78449932936
7.82869459479
7.81426002198
7.84454290783
7.82128806801
7.81277789555
7.84210148867
7.84203724439
7.87106423342
7.85446019803
7.88495500052
7.87729915224
7.87002254507
7.84888436331
7.87089914704
7.87145149679
7.87145635826
7.87243882077
7.85770528745
7.84275753019
7.84316889076
7.84857095922
7.87838239556
7.87739308498
7.89201108855
7.84681465895
7.84648529542
7.84615385868
7.86062484983
7.85406812218
7.80186891039
7.8328593907
7.86884711101
7.86859303549
7.86219680789
7.8318078117
7.8017770717
7.8263143726
7.8244075704
7.86098186687
7.81803487691
7.80360361365
7.8759776209
7.83222205788
7.85527754882
7.8318366216
7.82502824942
7.83255496212
7.81641181553
7.80995222271
7.81604671495
7.79475437285
7.80220895013
7.80758561609
7.80031054792
7.79282549816
7.80761377309
7.77790868567
7.78625825061
7.82966842875
7.79521462167
7.78752572587
7.75853975761
7.75245788687
7.75287839488
7.78820114715
7.78911832231
7.79638054282
7.78145351143
7.77529600333
7.78304520884
7.76160669208
7.7607332148
7.79790708619
7.79144353092
7.76822100833
7.76915316178
7.75365790333
7.77687216459
7.73992675722
7.77723688792
7.76144041541
7.76970070377
7.80476247872
7.80577801663
7.79103772555
7.82717488876
7.80703342825
7.78500557543
7.77769254992
7.76439905836
7.80997624811
7.77332105894
7.77405880237
7.76619688825
7.80262566297
7.79516020851
7.8076650076
7.82267447069
7.84313116712
7.78379276504
7.82759977304
7.83458579181
7.84120242355
7.83486545468
7.84119416221
7.8264285299
7.85010976231
7.85708854989
7.82029705673
7.83570796135
7.88709416255
7.87795138008
7.82827706222
7.86403273868
7.86311434802
7.86318147792
7.88441822774
7.89289988055
7.8342623231
7.85612659247
7.83425373825
7.87053204695
7.84031514216
7.85553455615
7.85433297165
7.86079979027
7.84572153789
7.83165652405
7.8386044206
7.84475912047
7.85262845817
7.83641814087
7.84359479205
7.81537538251
7.83820183023
7.85487355811
7.85377245088
7.84658171289
7.83272283153
7.84021934152
7.81962010399
7.84796841592
7.81928700417
7.8164694686
7.85488627465
7.83085306448
7.81572667129
7.79874737017
7.81327527232
7.81275395765
7.763936402
7.77780390951
7.79434773727
7.78898195603
7.79787565557
7.76688317574
7.77496625437
7.76843851393
7.76731320677
7.75100669816
7.78746941941
7.78016400988
7.79430786317
7.8238180188
7.80170921201
7.81085007235
7.76836519959
7.74030025779
7.72723912654
7.80892063731
7.75840173907
7.80146508362
7.77820057458
7.77095290088
7.76140233768
7.77606922949
7.78124859982
7.82347538087
7.78641049421
7.80156362359
7.80861216983
7.78930257789
7.7893423187
7.77558498607
7.80622311842
7.77919938514
7.80045166292
7.82363802623
7.82398335738
7.84282757629
7.83650450134
7.84174446408
7.84159281162
7.85531943269
7.84728887587
7.84855022042
7.85591342706
7.84832878614
7.84099559735
7.81929321226
7.82088752551
7.81290931054
7.80490719127
7.81977931116
7.83997931623
7.82597691262
7.82453255114
7.83919022886
7.83236683708
7.82540526805
7.84129172328
7.84871591839
7.87047363352
7.84365102721
7.84342371372
7.82140588741
7.85149636276
7.84329289509
7.83519086114
7.83570090796
7.85641238654
7.87634444583
7.84633846835
7.86854032882
7.82968502293
7.84558063902
7.82339950442
7.81750493658
7.84804797492
7.84027998063
7.83271480927
7.82570204139
7.83288432565
7.84811310531
7.83203760991
7.81773557254
7.8614942673
7.83124990677
7.83945739816
7.85425734721
7.79501720515
7.79542184876
7.83243118395
7.78847800179
7.78847785775
7.79553611402
7.78786765716
7.78898194848
7.77283880189
7.78002091373
7.81636303524
7.80076361223
7.80764934613
7.81494555399
7.75711038196
7.79472196532
7.76601912106
7.78388059766
7.76928728996
7.78373544072
7.76911682083
7.81098976864
7.80246689729
7.81775814315
7.78062112108
7.79548184789
7.79554520019
7.78300449162
7.82062679481
7.80715860188
7.77643278569
7.82206354032
7.78369090508
7.80650865295
7.80594915478
7.8206934857
7.8192888521
7.81986968773
7.85021575396
7.84180091458
7.80653422264
7.86512019108
7.82917495316
7.80728705937
7.79265747738
7.85241308329
7.8574832545
7.82855232885
7.8199959377
7.84010021951
7.83948689423
7.86958209994
7.83740058291
7.82180320023
7.88196812638
7.83162287851
7.8613012039
7.83503682653
7.77655690348
7.85094995349
7.82940993635
7.81626966529
7.85839790413
7.8568983001
7.86351287858
7.82609820607
7.86867925721
7.85406254653
7.8599332638
7.86686844854
7.85943119023
7.82338343472
7.82380451824
7.81808778938
7.85370163891
7.83256435619
7.8320673526
7.81710936352
7.80988841529
7.82429963346
7.8315461207
7.82321448093
7.83004410077
7.80969581405
7.81852841986
7.81254943153
7.80387949941
7.81899600195
7.81880906925
7.78946459868
7.79066590048
7.82523357038
7.78013430095
7.78715980853
7.7865064802
7.78131062916
7.79603172045
7.77347532766
7.78264113537
7.79091787656
7.7842367845
7.79125356857
7.74000207107
7.74843763632
7.74078524916
7.76126690369
7.82708604415
7.77427601495
7.7874758199
7.79638464931
7.77438629256
7.76856398588
7.79720717217
7.76883141742
7.78398446941
7.79091357718
7.80685378264
7.78595237828
7.77910567856
7.77805596795
7.79969158796
7.8194229034
7.81976432583
7.79565854877
7.81807621095
7.81554327711
7.84450044301
7.80703642712
7.81448683663
7.80947246302
7.83733555511
7.88515062603
7.84006772986
7.86970068724
7.85420565022
7.8615900916
7.8686022195
7.84598054474
7.86067661665
7.86888155886
7.86980755795
7.80264924367
7.83877352315
7.83872739478
7.84673778293
7.84521059958
7.82372216392
7.83895470827
7.83707050033
7.7875477807
7.82260404127
7.85249797597
7.81072984512
7.84830432397
7.8209037193
7.77900682306
7.85222325959
7.77723938826
7.82744136754
7.79044385691
7.81236741405
7.81165085161
7.78133616278
7.79424772001
7.7950952735
7.80885111548
7.80175720878
7.78805351841
7.78060696812
7.75864560522
7.78872979509
7.77485522881
7.78330386314
7.7535589941
7.78240210479
7.80431804057
7.80364218781
7.81131424985
7.84144226872
7.83968910557
7.83300253571
7.79737529358
7.79008786296
7.78383797123
7.7916090773
7.79862838971
7.81265818779
7.77576640976
7.84095288111
7.79621302596
7.81764327384
7.8118215964
7.81018791254
7.81136517892
7.78920888423
7.83299695686
7.7822357905
7.80559372343
7.80607759665
7.8204365321
7.79992755295
7.81319774361
7.78395803627
7.8199101298
7.8125881417
7.78268730519
7.81264356205
7.79858687082
7.80481716724
7.82051832382
7.85521238236
7.79731001915
7.78107440144
7.81121708213
7.81039763728
7.81754228771
7.8095849502
7.83142894833
7.83052829046
7.83958443215
7.86766325929
7.83929171312
7.81056225087
7.8258859805
7.79704054679
7.85466874858
7.84657810771
7.8030217141
7.84031256763
7.86231713247
7.83287577688
7.85255965814
7.82355264755
7.82342593003
7.8160326518
7.80945837671
7.81599662413
7.77894612413
7.84486917715
7.82257216844
7.83129910611
7.85357744219
7.85833270638
7.86903012794
7.84601982554
7.79651489243
7.8106890097
7.79509686624
7.8106657088
7.83300324234
7.77498893844
7.84077561764
7.80416355621
7.78239854911
7.80362688601
7.79646130439
7.81117638537
7.78923619593
7.80384254368
7.76729018857
7.79666607735
7.73868001321
7.7906384652
7.77593600034
7.73910053414
7.78388999173
7.77566119894
7.81401431038
7.7696048489
7.76318967302
7.80723193938
7.79966432998
7.799769615
7.77791331888
7.80638260075
7.82875263098
7.80600547416
7.79767624492
7.79033557881
7.79678185642
7.79634911708
7.77571118181
7.81951193336
7.80516106147
7.81921257476
7.84062504905
7.83465452737
7.82636120761
7.83515215047
7.8407786468
7.85111021984
7.85676384252
7.84794557503
7.86355825951
7.8712965395
7.82642379954
7.83429193467
7.85510457131
7.83229937125
7.83131095969
7.8445533711
7.84451645145
7.83705877786
7.8377933192
7.80847074918
7.84511389942
7.85264285775
7.83093467085
7.8152702125
7.83909538098
7.83068796519
7.81679739585
7.84608401559
7.82510536452
7.82501096422
7.8465861842
7.8251907898
7.83213283553
7.85357295796
7.80981465336
7.80197915192
7.84520444522
7.83796808772
7.80024364418
7.82291317705
7.82194767623
7.76440402067
7.80124350304
7.77970049282
7.77854325861
7.80059101247
7.79282040233
7.78658562755
7.8161306625
7.78606427207
7.78025084305
7.81708854734
7.8029184538
7.80354228606
7.8028902968
7.79597992293
7.78214298294
7.7752254536
7.77527498183
7.78227604017
7.81899899553
7.79655389053
7.81035058085
7.77381724068
7.77390990419
7.77466824238
7.80339663318
7.77446006203
7.79566864947
7.78122874713
7.78984639652
7.78306920346
7.7982892
7.76960338728
7.77789848463
7.82088258665
7.81383469331
7.80683485047
7.82067179046
7.8431874865
7.7786857563
7.80690571666
7.81357315339
7.81926351088
7.80411262714
7.79715175182
7.76843298189
7.83314221908
7.81840852675
7.78947229204
7.81904291434
7.8185887425
7.80451407235
7.78920883
7.8334885933
7.81903692768
7.81146829519
7.85562331095
7.82693634401
7.85630134807
7.84972267905
7.81839306276
7.84183624854
7.86243790414
7.84726633534
7.84149579548
7.81861885016
7.84048446615
7.86947023663
7.83193670116
7.85270083971
7.82262734217
7.85222304346
7.82918874644
7.82348187166
7.82335874639
7.83688241341
7.83008382865
7.83030148584
7.79458128738
7.84007016085
7.84677383645
7.8330537599
7.82552639431
7.79633570683
7.78737261882
7.81860110495
7.83280627022
7.8116539355
7.81079261167
7.7880022529
7.84471385504
7.7796535262
7.80868887865
7.80850367031
7.75876680886
7.76736582643
7.74482492029
7.75290815049
7.75283326057
7.76048559399
7.76018679799
7.75892236955
7.73242520627
7.73918409103
7.74638992232
7.76267999102
7.75360075912
7.7409239927
7.74014132347
7.78363834719
7.74650524676
7.76725069976
7.75330069389
7.76809371529
7.78915440421
7.78985798787
7.7811070964
7.80352384664
7.8104420418
7.78854294682
7.83316264191
7.80504305673
7.84179027649
7.80621181515
7.86292929599
7.84950008301
7.84836020433
7.83464429556
7.85614948709
7.80464778198
7.84818467226
7.84874584593
7.81902950409
7.82514818334
7.81790971131
7.83226744419
7.8759365464
7.81705160249
7.82502076456
7.85312392275
7.80226132267
7.86079909656
7.80902156696
7.83111674207
7.87537582031
7.86143067592
7.81161330809
7.83327779711
7.8777115359
7.84721725469
7.86297960824
7.85530878167
7.83176110781
7.82484087233
7.83972080597
7.83310271262
7.83104308057
7.83763467462
7.83020607536
7.82331528221
7.81686580252
7.82268818659
7.8307258381
7.77903187831
7.80736758166
7.77827404898
7.80733494797
7.84464667141
7.80827396241
7.81540588019
7.83026924281
7.81002455053
7.81618099472
7.8309608213
7.80280220194
7.80261130679
7.79449702859
7.80927840709
7.81682079934
7.77365130363
7.83150944767
7.83045543818
7.79466572014
7.79393534656
7.80947327224
7.7659326119
7.74308017006
7.74371358124
7.77363291844
7.79617932604
7.79002134989
7.7969936596
7.76826732205
7.75234491603
7.76223977436
7.76844113731
7.76186329313
7.74673985221
7.77740724205
7.75505743637
7.75638405535
7.76978339452
7.74075960758
7.75525805448
7.73511659396
7.7790458282
7.77159783675
7.77005496094
7.77086886352
7.78586130045
7.77026724778
7.76937962997
7.76802856125
7.78999338528
7.76978088983
7.80587273339
7.76979349841
7.79066202295
7.79193495885
7.80030417822
7.79921476761
7.80604905653
7.79956664329
7.84356825907
7.86382671415
7.86403208627
7.8477915458
7.83922670093
7.88318423621
7.82307409043
7.88005653151
7.85783477
7.87317330599
7.87223442267
7.85688912891
7.87180489834
7.85716303128
7.87242840121
7.87975225016
7.86460999258
7.88140428314
7.85171648092
7.87463822092
7.85959221911
7.8376623518
7.85981057
7.85961481338
7.85153266754
7.82182497721
7.84205481528
7.84958312071
7.85745194956
7.80548747483
7.83511525427
7.79253714248
7.84252842061
7.78373503973
7.80732079501
7.8008778528
7.79353485779
7.80079834752
7.77294049466
7.74960911845
7.81712969604
7.76663857705
7.74533208149
7.74663055101
7.74581147636
7.7534905589
7.74676486455
7.74028583505
7.73321106148
7.77046068893
7.74771422581
7.77085080184
7.73380921608
7.71858875903
7.76148729172
7.76023956593
7.7325685974
7.73963435465
7.73970808281
7.75572329639
7.75684999097
7.73467661639
7.78611612342
7.77919340321
7.72668209263
7.75701395166
7.75081918746
7.78647962538
7.75921240144
7.77869669475
7.7931291735
7.78596666236
7.79288055863
7.7999299297
7.82801445608
7.829177569
7.81988721202
7.81178895517
7.81233015796
7.82018600802
7.8120443773
7.82613971959
7.81952519483
7.85531246896
7.82564478921
7.87001386991
7.8330761559
7.87778250418
7.8549545245
7.8402432819
7.82726356463
7.84823606134
7.84898506674
7.9147836608
7.86317499467
7.89288110519
7.86120041016
7.86849162542
7.88146064333
7.80035414322
7.87287680936
7.85081004644
7.85719161221
7.84944925477
7.87150103235
7.83568295954
7.85631847137
7.86496701717
7.86472313266
7.83501249005
7.8208190956
7.83646908991
7.83662568124
7.82265339757
7.81462092401
7.82942522029
7.82148701591
7.8148013251
7.83606141663
7.79864730671
7.82168136515
7.80542571527
7.8190065265
7.82698651955
7.78995426659
7.79851290337
7.82735251211
7.79068380242
7.78425396472
7.78466693094
7.79262829219
7.76290042565
7.78540785281
7.80711680712
7.75751301901
7.78542583172
7.74394313332
7.78034655388
7.78144792016
7.78214662942
7.77568486467
7.73107379574
7.73951072052
7.79110221645
7.77740529677
7.74140650689
7.71217218281
7.72725355989
7.71106518395
7.75537199623
7.71822045637
7.71873829698
7.71907831906
7.70401113625
7.76253406298
7.74117523095
7.72621798932
7.748082349
7.77123798782
7.76393844995
7.75797880007
7.75065815858
7.78023514056
7.76546297615
7.77144414346
7.7804595142
7.77185698176
7.80827021559
7.79147387179
7.8206931155
7.83555301698
7.86378190336
7.83314876361
7.81084451666
7.83290392633
7.86938844491
7.86117192427
7.84635984712
7.88305048527
7.88341393937
7.86942526952
7.86138346317
7.86145577806
7.88267389607
7.88311770498
7.88406708235
7.89029430243
7.89871254166
7.89168064065
7.89149038547
7.86243556346
7.86194527682
7.86084482249
7.85912538446
7.86637243429
7.85914113066
7.86637159653
7.89441471197
7.88587956849
7.86323197698
7.8492609088
7.85006673489
7.87180532981
7.8354516836
7.85040200297
7.83657652321
7.82217489468
7.85816145322
7.81496290903
7.83726477922
7.80020956179
7.80709278731
7.82383487252
7.8235468172
7.80806985414
7.80890653583
7.77986679419
7.78702201287
7.80262279541
7.83077174554
7.76452538012
7.77798513225
7.73570351709
7.75635943128
7.74913932834
7.75660267581
7.76569778502
7.75775888693
7.75790100129
7.76495579644
7.73641634323
7.75103300019
7.76666781089
7.77443930712
7.74471484799
7.72453281429
7.7681891355
7.76867882665
7.73829070952
7.76256915081
7.73236106457
7.74042579408
7.79088675118
7.69560348138
7.76283005075
7.74800695777
7.70986354522
7.75327731561
7.73263675745
7.74704510293
7.77642547006
7.77652729395
7.72477235861
7.77666399716
7.74008067144
7.78352002917
7.78360368929
7.79289026916
7.79302954153
7.79183972031
7.83004156994
7.82931638673
7.80731387514
7.82160562695
7.8358195495
7.82751932793
7.87161291352
7.8346586693
7.82592623017
7.825111765
7.81842724838
7.84048185031
7.84707589532
7.86071071901
7.84552241044
7.85265625035
7.86881993042
7.85951022207
7.85948605503
7.86786806832
7.84531385989
7.87638351608
7.86119750689
7.89020470988
7.85461747834
7.87548175773
7.88307988629
7.86774099302
7.87599525865
7.86066313606
7.88842524202
7.88735670182
7.8438983958
7.85643757291
7.82689177759
7.87951719712
7.84208745601
7.83396001956
7.84896684316
7.83485716256
7.81978984863
7.82857373811
7.81504872448
7.82290155781
7.85167101773
7.83773937389
7.79390611272
7.79520303031
7.81711922514
7.78157843844
7.78096169333
7.74346412861
7.75781271405
7.77404012416
7.76669872776
7.76573271809
7.69349853337
7.73734445684
7.72287242263
7.72182981914
7.72925278583
7.7143008608
7.74471763625
7.70716722621
7.72089830567
7.71464452887
7.71564624271
7.75170475183
7.78532436802
7.72548761574
7.760345779
7.76880483754
7.76150268383
7.76078407353
7.7893378887
7.77405772533
7.76067695669
7.79637555022
7.78167633364
7.78933264948
7.81100961595
7.81057910933
7.82499495578
7.80257091308
7.80359241296
7.82476445094
7.83230717208
7.87657867404
7.83388945931
7.87178233486
7.82655999389
7.87827033986
7.85582888084
7.83444540131
7.86960316225
7.85481884439
7.86268787855
7.83169192467
7.85367249489
7.87505938183
7.86882825303
7.83759578449
7.85900479764
7.86695950321
7.83911868188
7.84588569685
7.8402513997
7.85395668281
7.84603205637
7.82449077001
7.83171932668
7.86139074272
7.81720180038
7.84085488333
7.85528390095
7.81778902946
7.84710730059
7.86948112135
7.8755850775
7.80994718881
7.82494677417
7.82378794721
7.84432629132
7.80015918827
7.83748780675
7.8367904441
7.8065098447
7.82152474478
7.79189249404
7.7928631728
7.7861314144
7.77186289683
7.79346318287
7.81537110882
7.80901915413
7.76566076278
7.80338094825
7.80995841469
7.7882490128
7.77389851816
7.77256102738
7.75780061383
7.75868548469
7.78646085212
7.7654899411
7.75754756896
7.76557160171
7.78736079631
7.77979024169
7.78665735669
7.76451815481
7.72119519247
7.72262900567
7.73561197876
7.7445317337
7.75100611995
7.75229230441
7.71618702695
7.74560162051
7.74578254289
7.75441876282
7.78337367015
7.74016034545
7.76218614502
7.76953291175
7.74130118057
7.76254894622
7.7778119394
7.76963183709
7.75423700219
7.76898881042
7.77611587965
7.77622512712
7.78178998208
7.77441501216
7.81952804437
7.77527307263
7.79040949936
7.78956553107
7.81950368494
7.79820820522
7.82707398756
7.83315324784
7.81952290789
7.80420781145
7.86313704487
7.87035939345
7.86954204266
7.84839555122
7.86150419876
7.90630346961
7.854941903
7.88335062788
7.85415893023
7.86936281625
7.88379995117
7.86715278804
7.85199609006
7.87262268011
7.87261007153
7.85900947427
7.84493358863
7.88020269864
7.86045845815
7.86840964131
7.85997202282
7.8371280347
7.86823513233
7.86938532021
7.84763949998
7.84020775017
7.80270647819
7.8693700958
7.83988893493
7.83055694559
7.77095614588
7.74946808796
7.8000647052
7.77197883222
7.78648189446
7.76528720848
7.80178265258
7.78713234472
7.77334770038
7.77331262865
7.75140303963
7.78131149211
7.74484476005
7.74468906775
7.76054153563
7.7683430368
7.7836480938
7.77597885292
7.76087865918
7.77569228825
7.76000005768
7.77376102388
7.73782956168
7.75292029152
7.76643558219
7.76555147924
7.76618754283
7.7427618271
7.75218575017
7.75195235971
7.7658538675
7.74349060794
7.77282765494
7.75780738452
7.75958448854
7.75985461331
7.77562042799
7.77610340219
7.79821604736
7.76797698296
7.78304436355
7.79753725525
7.82664282099
7.81887358332
7.83383164978
7.80439502454
7.78196753363
7.79637651909
7.8106591772
7.82571388255
7.81119027928
7.83127119573
7.78127767196
7.83811201625
7.83149747857
7.81768795352
7.83955516224
7.80182134509
7.83065454043
7.86035238912
7.862374778
7.84676690126
7.86187294582
7.86348929075
7.86317205532
7.86089125122
7.86103985638
7.86200286543
7.86086104098
7.84677139254
7.8537902374
7.85265041246
7.83957060808
7.8301916887
7.85233900788
7.84331601579
7.83554006116
7.83647481752
7.83635535116
7.85038049308
7.82890479761
7.85866926733
7.85244760244
7.81556209378
7.80842756016
7.80116659596
7.8622831322
7.8159571219
7.83314698602
7.81850223334
7.85498245303
7.7868100915
7.78675145663
7.80803105904
7.77876026289
7.80143030462
7.77303648065
7.77809086485
7.75730815575
7.76532839798
7.78675020506
7.80204957576
7.73727044125
7.77323364516
7.75986400737
7.76001432934
7.76728902731
7.77551310265
7.76082771014
7.79053905938
7.74727650999
7.77531669312
7.8034335238
7.74467319043
7.75969499231
7.78831945225
7.78887690959
7.78953141261
7.82677361647
7.79792729078
7.76936184345
7.79800287441
7.80673667307
7.81967870278
7.79047522137
7.81236171481
7.79698466643
7.78409781045
7.81948513051
7.87097161121
7.78833349725
7.81109447814
7.85476544875
7.82588872796
7.79525130224
7.83183283695
7.83214577349
7.84562028953
7.84475258886
7.82271315762
7.81655600679
7.82378079878
7.78649134022
7.83122565311
7.88248828145
7.86170149489
7.83218616133
7.85193814891
7.86682191389
7.84456938708
7.84477967441
7.85156793704
7.859288107
7.82285592488
7.83643566515
7.81483139669
7.82921868691
7.87220278892
7.80638276236
7.80005077317
7.82959522188
7.8232509535
7.82362155553
7.79355688946
7.78637165293
7.8218698132
7.80703134422
7.80876389969
7.82333108214
7.83074503251
7.80220414238
7.77360873143
7.75947907241
7.7723393104
7.79603712137
7.7358137044
7.75781883183
7.75938103317
7.78227097018
7.76107306919
7.78178038
7.75385244496
7.75446629153
7.74049260752
7.77722587209
7.79912739755
7.75572828898
7.77078888596
7.77676165328
7.76112618967
7.81269030725
7.7898999614
7.76809320643
7.78977004179
7.80587056514
7.81910953538
7.82009916243
7.81938792903
7.83807073643
7.83157315251
7.85170200445
7.82843007182
7.8277169759
7.82901473879
7.84290036926
7.8211329849
7.83576621288
7.85776591624
7.85089386238
7.85232742945
7.80817956161
7.83791829995
7.85325408144
7.84426826805
7.82418510596
7.81637182859
7.83113458282
7.8152204865
7.81385334807
7.82754647773
7.7993139991
7.80500562582
7.78389400078
7.78388523058
7.79790825798
7.78383634233
7.82008580033
7.82796901583
7.78556887415
7.80743308979
7.76259503089
7.79316079462
7.79269248224
7.77899434706
7.75800374031
7.75840011505
7.78117684214
7.81907220241
7.76536846231
7.78848986765
7.78999619401
7.76802286202
7.76150459304
7.77699631296
7.73319007606
7.77027929377
7.78575317344
7.78581031765
7.77834042564
7.78540572777
7.78525329128
7.78573127288
7.77751271192
7.76245999315
7.78484084683
7.79930428328
7.79891257763
7.79123464394
7.81191777479
7.79790682714
7.80308312112
7.80312279527
7.81874789594
7.79632506873
7.83251228196
7.83998860821
7.81900714891
7.83259476739
7.84066780659
7.82453708373
7.85597337246
7.85465039947
7.86235092743
7.87588234154
7.83265218676
7.86815156253
7.88263682533
7.85972756279
7.84401716846
7.86732140539
7.88039570831
7.84344543945
7.85118293542
7.85039214889
7.8293967344
7.84922422823
7.82944837715
7.85081893165
7.82793911144
7.83551035977
7.85150022458
7.84147641013
7.82785265601
7.85851785394
7.80682267866
7.82249116074
7.80773140009
7.83800046941
7.79601482542
7.78758795298
7.80130457594
7.7800277618
7.79486628451
7.79422191123
7.79467851406
7.77179184579
7.77911088699
7.78557680659
7.76370572996
7.76388556846
7.74859158103
7.76468760991
7.77910511038
7.73495026654
7.75073285757
7.74301812829
7.73824335323
7.72954064338
7.74420978084
7.74473794357
7.72267784019
7.72328804077
7.75368843005
7.75261803438
7.76042024218
7.77577950404
7.76775464646
7.76559358388
7.76616718128
7.75289558273
7.78306656446
7.75222012064
7.77424821958
7.78109332656
7.75816506201
7.77976363662
7.77354211039
7.77356227367
7.81735303953
7.78836030059
7.78795015552
7.78120611205
7.80301062138
7.81082813098
7.82619103883
7.79822732543
7.82650019777
7.81168676109
7.81292066281
7.82656284344
7.81332313817
7.81939694535
7.83389481673
7.82679394695
7.83337453809
7.84873155431
7.86917527196
7.83208292956
7.83990017692
7.82348737312
7.82450808897
7.86022997048
7.8098755139
7.82968400571
7.81078111063
7.82526508055
7.83357991021
7.82661201439
7.8264373001
7.82594895556
7.85576525338
7.79727215916
7.82551000813
7.84692433789
7.82593789891
7.80328325402
7.82501237211
7.80922087976
7.78603952198
7.83799016021
7.80024915856
7.82234368077
7.81506278763
7.82152423592
7.79207928807
7.82164506182
7.85906429595
7.81508396863
7.7849737492
7.83608309576
7.77885531609
7.79383859266
7.8161887885
7.78704002082
7.80841006107
7.81572519356
7.84641593803
7.83024207988
7.80169922681
7.80042924319
7.80799133115
7.77110978494
7.79253869914
7.81534282825
7.77878553427
7.76416760809
7.77130752497
7.77770112968
7.74903052845
7.75748677876
7.77959392247
7.74942640187
7.78047500868
7.76515594226
7.77303923515
7.7518920908
7.78188533563
7.79806731108
7.74598183804
7.73914063977
7.77639993645
7.74769927656
7.73255024829
7.78392403331
7.76084504907
7.73118394224
7.73938803915
7.74672896799
7.73180347561
7.75275436739
7.74586497459
7.77527765895
7.76060745004
7.7814266312
7.77491442627
7.8266681053
7.78909963676
7.7906894787
7.79724986525
7.81190754297
7.82615256725
7.82621401034
7.82557092994
7.8188774378
7.81736216932
7.83967748583
7.861156191
7.86649836829
7.85344825237
7.85866748925
7.86632455303
7.8524760346
7.85866184375
7.8440477489
7.83629853046
7.90151251129
7.87344713097
7.85837662569
7.87185640997
7.84293775646
7.88546199983
7.8576891945
7.83685465731
7.85268639932
7.85948143264
7.84559990328
7.84656437395
7.83726178564
7.86133397625
7.85253496982
7.86623309208
7.80868910008
7.81480413334
7.82211178851
7.8078480013
7.81365381434
7.8282152771
7.79942732403
7.81381837893
7.78571504881
7.78549675165
7.77953261049
7.77448411792
7.75922303395
7.75991411112
7.76797864285
7.74584443357
7.81181914226
7.74758914298
7.72458074978
7.73881616611
7.76151974056
7.75207483258
7.71623749551
7.74532111989
7.72390243751
7.7508975662
7.75153587543
7.74413068234
7.75955330943
7.74478160015
7.76049736482
7.78907779043
7.7540952451
7.79049452375
7.7901171381
7.79667024511
7.8052473084
7.80497475264
7.78367186226
7.84097092668
7.7980066107
7.83292079772
7.80343541535
7.8175240536
7.83248166544
7.80338915586
7.79610018624
7.83287383159
7.80276750796
7.82419571552
7.79442331335
7.83124925436
7.80945767008
7.81606618452
7.83103187234
7.85446384451
7.79554421366
7.80962088333
7.83309138081
7.83969559637
7.82561131073
7.83269159868
7.86173125001
7.82447929954
7.8544597434
7.83054524461
7.83718460927
7.85251301553
7.85875642939
7.81535597422
7.81461471592
7.87921228807
7.79913948963
7.82368677623
7.82273393772
7.82275780121
7.79952312467
7.82797773718
7.87116744989
7.82605411027
7.83230545608
7.84711269926
7.82105243233
7.80855588919
7.80906833797
7.81735409549
7.75466170916
7.78401090255
7.83420485742
7.8234692732
7.81484825299
7.85554524023
7.84606681244
7.86653698639
7.84551962516
7.83053013512
7.79597385879
7.76848339345
7.75623696596
7.71463533474
7.76884648268
7.72608891013
7.71168379681
7.70538006031
7.75486529015
7.76059654216
7.77883613933
7.80651712962
7.74716055086
7.77771972338
7.76100933906
7.77175794287
7.74282695276
7.75281388131
7.76137224294
7.76254756353
7.73283132916
7.75625620714
7.71949361843
7.741729089
7.72621682806
7.76196714172
7.73890192783
7.73940512658
7.73768698681
7.74407676018
7.72993406111
7.76642708715
7.73705241387
7.73226022248
7.75497363809
7.76325874271
7.76450282252
7.75061910125
7.74941727767
7.74265410107
7.77212209077
7.77767341729
7.81362165902
7.80512377162
7.81103210226
7.86205488592
7.82491236239
7.81080931382
7.79706497288
7.8131644629
7.79071955028
7.81998709062
7.80310193828
7.80953759391
7.83624053558
7.8132594257
7.86408037577
7.84819578843
7.85582367211
7.87121845329
7.86450560659
7.88007771789
7.87508650114
7.85394472713
7.83217719874
7.83293880566
7.85294460603
7.86745727085
7.86675248462
7.83580192459
7.86346536744
7.84178826984
7.8249684994
7.86093081721
7.85984104228
7.81009529563
7.83926235869
7.84711677184
7.83238465933
7.76134606171
7.754841987
7.77034976371
7.77148799591
7.79971958305
7.80091841305
7.78458880132
7.78299808032
7.82028387998
7.80643902046
7.78355426139
7.78495703952
7.81496339474
7.83040551978
7.76500438483
7.78635631505
7.78008370866
7.75784026483
7.75716063498
7.7346646009
7.74831715738
7.76940889429
7.7635179187
7.76967832535
7.77730927999
7.7568553918
7.74337221303
7.78903009402
7.75400736617
7.73853893423
7.76917996512
7.72537159759
7.75465634893
7.75477852144
7.74763040988
7.76949705601
7.76181926636
7.75438584642
7.74704542644
7.79059121099
7.77587792807
7.76915007839
7.79003764576
7.76161855794
7.75569032626
7.73374343279
7.74683519285
7.74611858206
7.76122378133
7.73854714133
7.78299526679
7.79039246078
7.83470934905
7.78952949048
7.78936687591
7.79649188434
7.7757053031
7.81864472544
7.78396718421
7.81311935929
7.82758694304
7.82019880195
7.81311404268
7.78946454494
7.7965532737
7.81086347786
7.81774197302
7.86051219546
7.8297892778
7.82901442232
7.88039071571
7.82134877369
7.82210962025
7.83807625836
7.81654281413
7.81580020922
7.82436282138
7.85165659449
7.84978685598
7.85471190466
7.87615767258
7.86983333594
7.87074182584
7.86451394748
7.87215477666
7.88622169217
7.84328388879
7.8475927803
7.84823957703
7.85346507034
7.83266224913
7.82544782762
7.84783699853
7.81957655529
7.83285115281
7.8107161595
7.79046922912
7.78284965513
7.79272442438
7.74777623191
7.76926224196
7.81233886883
7.77508102624
7.82655919724
7.75417015797
7.78457752324
7.77735927577
7.79155317908
7.79079680383
7.76231851856
7.74160481481
7.71439395106
7.72929979607
7.70800749478
7.745683474
7.70770356752
7.73031805778
7.71470312766
7.68698061847
7.7086162514
7.70694027754
7.72015327027
7.71284978287
7.72826618894
7.72821595407
7.71410081283
7.70028820389
7.76677514161
7.78265015002
7.78160127179
7.767059882
7.76043633554
7.75385158956
7.74579087623
7.80526029471
7.78902032976
7.75393283634
7.7826940403
7.7825148547
7.79536345298
7.7937992887
7.8224912687
7.82231445986
7.83548450969
7.84430066266
7.84533514885
7.78652953664
7.83979938319
7.84146083926
7.82574115295
7.7983036157
7.812726623
7.81911018828
7.84154818617
7.83961725823
7.84582648648
7.84494432931
7.80830257942
7.84433100402
7.82142071134
7.80564131871
7.79135763046
7.82043197627
7.84991235312
7.83598134927
7.82188881521
7.82179338427
7.83712430429
7.81409352214
7.79229642347
7.80088302486
7.79999778381
7.78589049289
7.79984670685
7.81650148596
7.82144457483
7.80026554473
7.80077512401
7.80865989144
