8.69973406325
8.69779231209
8.70950359077
8.73004972427
8.74270648893
8.76591966242
8.72310383136
8.76960951827
8.7655607069
8.75180214982
8.74192941983
8.74126311768
8.71889546928
8.67991234233
8.70731151621
8.69000076297
8.66267797839
8.71631669261
8.71997969227
8.77902446819
8.76988165563
8.77815555319
8.75734001764
8.76193983958
8.75623125926
8.74102197455
8.73388997371
8.72303145462
8.70205107398
8.70623000414
8.71077423164
8.69227609614
8.65822017783
8.71454384336
8.71519800271
8.74175909921
8.73097687488
8.78012818107
8.71692645956
8.78504408641
8.77809204085
8.77550860137
8.72382734954
8.71444759748
8.70139554651
8.70477482137
8.72920309636
8.64845430073
8.68595137925
8.69528057033
8.6806029705
8.76379995729
8.7533039218
8.74206176921
8.73752465733
8.75380777995
8.7302862364
8.72119325618
8.72825909414
8.68645689825
8.73184983455
8.69068325454
8.67925393842
8.71330827127
8.70206938412
8.66600503505
8.7021366529
8.68621417143
8.72065865853
8.71616991471
8.71397590028
8.6637849903
8.65756727462
8.72894737884
8.68321877952
8.67540791906
8.71432603431
8.71515949869
8.6729026395
8.67931065933
8.69502779441
8.67377260519
8.67528192869
8.66560281717
8.65733329452
8.6897452208
8.67935849627
8.69977019213
8.69385933011
8.68310385936
8.68135074447
8.68132716243
8.70790690382
8.6909737872
8.71028010349
8.68624555439
8.67114663873
8.6884291541
8.66577845057
8.65612428006
8.7389204418
8.71225331207
8.69182635645
8.73061712026
8.67372439836
8.70160072916
8.66258772163
8.68955030132
8.69578841372
8.70175254467
8.69264157113
8.64985125525
8.67527070372
8.70607666194
8.65888427886
8.70953011517
8.70125382977
8.67603453071
8.65681969309
8.67176538327
8.66511585376
8.68111201975
8.68955564809
8.67958286021
8.6923404363
8.71109538345
8.67624944589
8.68828540746
8.68986765372
8.67579509072
8.68773539395
8.67761659183
8.67445206102
8.67389858277
8.66205471376
8.6734690716
8.64632721962
8.66965162106
8.69622648077
8.6775207708
8.71443341479
8.65049627561
8.66944202555
8.69768025318
8.67158777043
8.6559575075
8.66533864331
8.642495425
8.66142093941
8.65067992065
8.65475556463
8.67379261595
8.66815903881
8.66672223524
8.68330524622
8.64626065258
8.66228267917
8.69401386332
8.6368950108
8.63705288429
8.65725256693
8.64802856141
8.62429298873
8.62117268025
8.616055692
8.65534254161
8.6690950867
8.6564179146
8.60984683899
8.66437206364
8.68305524174
8.67427596415
8.62716140088
8.66724507453
8.65692284672
8.67898317281
8.67726578705
8.6215142426
8.69144281153
8.63896863814
8.68493063358
8.6532098613
8.69096383006
8.6849315106
8.69911379135
8.65275284367
8.70116816271
8.66695884542
8.6731286906
8.65524858745
8.66363892178
8.65791345652
8.69796351961
8.67697262463
8.76334853827
8.72271747663
8.7266970428
8.70567591807
8.65460818719
8.67751536672
8.69152450337
8.66651710713
8.66783091769
8.6482543408
8.6674529844
8.66599269805
8.66140597335
8.68154427447
8.70695349153
8.69618287038
8.6788029996
8.70236815036
8.6717217085
8.72242870716
8.64720070733
8.68442906852
8.68458667418
8.65677824152
8.70660813964
8.67648744006
8.67341993838
8.65122789157
8.69450315718
8.67444900681
8.68375736559
8.68150358688
8.66740218703
8.68463767896
8.66534666563
8.66569368888
8.63953147467
8.62918930653
8.67052748346
8.66546152005
8.64991591069
8.69929084634
8.63679618959
8.6350747957
8.66268212301
8.68027546382
8.67562644656
8.70075744206
8.648462195
8.65207845103
8.67287248759
8.67347178313
8.67624094626
8.64289373155
8.67215829397
8.68503939124
8.65448444612
8.68114713725
8.64955603067
8.62535289522
8.65046548358
8.68117572378
8.66284267617
8.67550188339
8.67499491156
8.65154035984
8.62203496003
8.64946662259
8.69090102585
8.66296515999
8.65159013619
8.69174244159
8.66767216224
8.69558203654
8.69397824355
8.68312359756
8.67919056686
8.69485156115
8.64105558918
8.65537138816
8.69047529834
8.65119680042
8.67564185618
8.68364316425
8.66889218639
8.67401249927
8.65656803406
8.7079101066
8.716017871
8.69882945347
8.67061769303
8.7167239763
8.69734430305
8.71696107688
8.68588223512
8.69398329241
8.69420363302
8.67114352596
8.73731417539
8.71475327068
8.72028139613
8.67453983334
8.67543289804
8.67538762724
8.69246277382
8.66979587033
8.64174026941
8.66914492324
8.67586494165
8.71524270244
8.66693042666
8.69993556629
8.66051088274
8.76608857839
8.70971748809
8.74177967792
8.70815583992
8.72297520855
8.67387798403
8.68763461903
8.66706607324
8.67679939884
8.63922065448
8.64257226368
8.62396955208
8.61092107499
8.6063349382
8.62545754531
8.61793567749
8.62815884994
8.66754844445
8.69573718619
8.69656189387
8.67602327771
8.70659320762
8.66844177377
8.64181476874
8.63119754578
8.6329006515
8.6161578356
8.63365348062
8.59220712121
8.6398059545
8.67323346773
8.67135342116
8.63200403653
8.64640424247
8.66248985893
8.67024772321
8.69848159396
8.67809982054
8.69886111817
8.68241997106
8.6539078059
8.61930041302
8.6323159571
8.65613923513
8.65872976106
8.62259776292
8.64523892835
8.68738028107
8.70337822654
8.69821119135
8.70451878311
8.71569034595
8.70656567989
8.67252816823
8.68666196004
8.70078951984
8.71070844427
8.6885746795
8.67558007056
8.67172015314
8.69252385755
8.70902702079
8.70820931925
8.66616892766
8.70338792227
8.75670824054
8.73910746528
8.72817717524
8.71428659123
8.73074934018
8.66601845214
8.67085485237
8.67536913679
8.65294359828
8.70643858128
8.70540700967
8.68105932208
8.66842183568
8.70238658977
8.72169685263
8.69977403469
8.68226781869
8.68580998663
8.66309113133
8.66324218459
8.65690998796
8.6451566967
8.63676067877
8.63904066382
8.66782676238
8.64690009122
8.66455790393
8.65761052976
8.66176736663
8.67629641459
8.6715535496
8.68328469396
8.62229287164
8.69174543959
8.64993213904
8.64878588608
8.64929314583
8.64621898446
8.63037759607
8.66482287478
8.64840427636
8.6429500228
8.64887137161
8.64293340901
8.6572383429
8.63826651077
8.63272716306
8.61895508239
8.64163539472
8.64588183443
8.63393948922
8.63863004403
8.61936496039
8.65677414799
8.6254915457
8.67942150773
8.64277578528
8.6793708424
8.6374541689
8.66928780247
8.62094182874
8.6618701124
8.62868691586
8.63060942362
8.66489509125
8.70227696413
8.67397974435
8.65080646263
8.62266176205
8.63408483588
8.63702340126
8.65549049816
8.6743156257
8.65816475763
8.66600780317
8.66338118534
8.65470298866
8.69830215758
8.64922956354
8.66707033854
8.69448173485
8.63572562989
8.70171392891
8.66235879104
8.69572103315
8.69810911129
8.69061358222
8.71014140807
8.69168721205
8.70182229472
8.72730611297
8.68442526455
8.69942595002
8.72844855962
8.71049390104
8.73150738155
8.68989878843
8.64687101087
8.65031259088
8.70266018127
8.69431716425
8.69636167518
8.68076118229
8.6824672503
8.74057601119
8.74375976654
8.73480497986
8.69832768675
8.73332536322
8.68804166822
8.6849190219
8.69148656018
8.68643318807
8.64489000925
8.7048447323
8.68231196973
8.66888671735
8.70280954151
8.68260961843
8.65202532379
8.62348512414
8.64493427489
8.67009261406
8.63428276094
8.6508878168
8.61712580252
8.67221076567
8.65553635572
8.6246621927
8.66675921824
8.63297072127
8.63574034902
8.62137743403
8.69339327132
8.62489454908
8.60491809584
8.62675787287
8.63983757114
8.62687322824
8.61076783015
8.59824469393
8.61690620477
8.6294625607
8.6237319619
8.63856332942
8.61739823482
8.63670850416
8.63763146693
8.62872548032
8.64263436749
8.65773447271
8.65731767132
8.62728405993
8.63796646075
8.68312048346
8.6638377254
8.6688728692
8.67029986082
8.67979058944
8.6665196241
8.64589126693
8.67163073989
8.68342440004
8.665541521
8.70899658708
8.7121755527
8.68316906663
8.68635716167
8.69771750936
8.72372237328
8.7008742732
8.71296473023
8.71333359839
8.66854175139
8.68312254242
8.72986268769
8.6864687816
8.72516583742
8.72015156013
8.71307291301
8.70449354883
8.7021479137
8.72134550116
8.71348184128
8.71724030821
8.72068864204
8.70834506255
8.69320661378
8.65380779378
8.68764029304
8.68560636134
8.64707086141
8.68915231361
8.70960068089
8.6670961679
8.69354075516
8.66612202962
8.70723983522
8.68933968821
8.65256611411
8.67195500569
8.71418990861
8.63885082899
8.72497452415
8.70104027391
8.66120335437
8.64952133506
8.71465232299
8.65302273302
8.65137596104
8.67174853266
8.68243972779
8.64265402146
8.63263840651
8.63631644288
8.62154050344
8.64167775263
8.64247908988
8.65961018196
8.64611052214
8.59902517705
8.59292755011
8.67152729488
8.59032336492
8.6535250148
8.643974381
8.66106125973
8.61020027379
8.6435989902
8.64467085261
8.62100298526
8.63993746074
8.62236742197
8.6486423681
8.60904026911
8.6030433193
8.63160502778
8.60581228339
8.61617738938
8.63657505112
8.61171562664
8.63558351651
8.60957708648
8.61493721546
8.65910408389
8.60377850036
8.65312179478
8.64373075814
8.62946296041
8.65265723471
8.63138162743
8.61756986773
8.65263830895
8.69687806266
8.68570326047
8.67432823078
8.66501924807
8.66925840465
8.69580226346
8.6757345036
8.71280899248
8.71834606628
8.72545388603
8.69330536675
8.66423860652
8.65387462782
8.69685911936
8.68458874909
8.65805375463
8.67618974988
8.70578484755
8.7112100617
8.69060801921
8.70919041161
8.67322977283
8.72446559123
8.69279848613
8.69527885699
8.71363105882
8.7084443915
8.72229493754
8.70948294435
8.64743197644
8.67705957591
8.68372634912
8.67103778023
8.69923480508
8.67615424872
8.65843881667
8.64805291355
8.69126969824
8.67796102106
8.64296758527
8.6680526213
8.656515924
8.62609243773
8.64334498869
8.66948133056
8.670132664
8.66182921638
8.63084125658
8.64741821457
8.64206986772
8.62132360438
8.64412904168
8.62149194641
8.64556516996
8.64710055237
8.62761511925
8.59820771463
8.59049706225
8.59360059206
8.60380289127
8.6087931813
8.59598797072
8.60268056458
8.60288827541
8.5832679786
8.61506448345
8.62171381142
8.62555010016
8.61738833209
8.62934723591
8.60091150926
8.61329553462
8.62815269655
8.61602326507
8.59764914841
8.6190501741
8.64946465055
8.60729328751
8.62867701241
8.65232410002
8.64649719371
8.67522508671
8.63154465215
8.65495458356
8.64333998778
8.65054672116
8.64827127101
8.67381665191
8.64192008943
8.673572427
8.70541157808
8.68313167921
8.73280700126
8.65277478356
8.70366426831
8.6978940379
8.71245545653
8.69586120183
8.6967251209
8.69852092257
8.7140929003
8.73092199829
8.70050687268
8.66850787351
8.69336052434
8.68499075104
8.71403936647
8.72872098684
8.68947684696
8.68317544531
8.70903352837
8.70160393963
8.69071275865
8.68861236425
8.71782527524
8.6616137082
8.70162306123
8.69609466786
8.68728774797
8.6884848721
8.69651314291
8.69403549909
8.65788818267
8.68651929523
8.7041699648
8.71163425951
8.69211936077
8.68692239998
8.68352252838
8.66843783895
8.65226487565
8.63244949446
8.65344188429
8.69265149009
8.66843383221
8.66588145357
8.67004883234
8.63807854649
8.65962960674
8.62582411936
8.64503052961
8.65054514358
8.63085192934
8.64191528691
8.62722921283
8.59481860646
8.63082388953
8.63290881659
8.61008280657
8.61301445136
8.57415912377
8.61330630117
8.58393248245
8.61821115358
8.5956916182
8.59218433533
8.64871822283
8.6379528612
8.64447657285
8.61059954782
8.57991564758
8.60805140928
8.59144178068
8.63673807491
8.63691173804
8.64365015
8.63974409616
8.66719353956
8.66262646662
8.63823503458
8.63438750765
8.68658658078
8.67488533628
8.67771666405
8.66393053672
8.63487253821
8.68770618615
8.65944721467
8.69434394039
8.66470522688
8.6395112524
8.68882839554
8.69275590395
8.73501902694
8.71502687567
8.72359841929
8.71957199029
8.71015406761
8.67807592398
8.71429236964
8.72437739543
8.71446056347
8.67081776823
8.71359583903
8.68332423887
8.68955120266
8.67995588353
8.7167192351
8.73377782143
8.75267961634
8.72473446239
8.67832720179
8.68559270044
8.70766879465
8.68723935835
8.64913030995
8.68586108398
8.71350484342
8.73032522533
8.72888258545
8.68046305524
8.66013003675
8.68291477177
8.67700551594
8.71337638362
8.68744597824
8.68142884087
8.74176363638
8.70331986656
8.72367481774
8.67011764997
8.66005299748
8.65286629905
8.65446363767
8.68277016325
8.67104949353
8.63071512191
8.64565081487
8.63833797499
8.63524155863
8.60016040255
8.63905239357
8.61672986978
8.63538631793
8.66625252651
8.62514155367
8.63209634116
8.62214615312
8.59161901407
8.60855327311
8.62833996645
8.63359035636
8.64173399282
8.62626437735
8.60005954545
8.64885529627
8.60766405374
8.61857830659
8.62523875156
8.64213437164
8.59312269319
8.60558241689
8.59369775715
8.64976293417
8.59853279401
8.62955108659
8.58330952921
8.61956842828
8.63489705073
8.64990304033
8.64711364159
8.66798778479
8.65403928086
8.62855967658
8.62518944019
8.62408394867
8.69995581503
8.6402816542
8.65304442607
8.62541069643
8.65006517313
8.64101406219
8.65940690872
8.70455752969
8.71508361064
8.62542128165
8.68639863662
8.69252468275
8.69751187934
8.68051499021
8.70439959723
8.68695954592
8.72426681585
8.72957819762
8.69675766949
8.69941883426
8.74053369804
8.72062556991
8.67125676921
8.70834044593
8.7062561952
8.71879732472
8.71867906735
8.7207042862
8.70366506282
8.72489561442
8.70094171686
8.73181628033
8.66842360074
8.72834797821
8.7217510067
8.72184387373
8.70850267031
8.72757896568
8.67907548113
8.70832135039
8.7330310025
8.68968658816
8.69183349234
8.65696301035
8.67991757783
8.72059446796
8.69946614494
8.68007653964
8.67752416848
8.6655671285
8.68298073352
8.70080236664
8.66238851399
8.67712387463
8.70200322403
8.66459003043
8.67816919702
8.63619474106
8.63866124429
8.65664073788
8.61437928169
8.64925978939
8.62835260421
8.61873398763
8.65926550406
8.62332494001
8.6309869526
8.61837765124
8.63521671541
8.62721280297
8.61962551068
8.6095191249
8.62116462863
8.6679327853
8.63634012796
8.67711275607
8.63132709853
8.57738112533
8.5845146492
8.64979877441
8.6386657419
8.63630477187
8.6204273587
8.62506921307
8.63364126435
8.64053204962
8.61675111089
8.6744823989
8.63659694812
8.66923336942
8.64957977864
8.65899705934
8.63640444177
8.64155009805
8.66632520261
8.62157425357
8.67509116032
8.68190443254
8.69575909111
8.67800384397
8.68477004045
8.69414783883
8.70176000151
8.67825747838
8.68735111693
8.70337737483
8.71109665806
8.70752889048
8.69731033452
8.66257061898
8.68588151069
8.68042876517
8.65130191317
8.68574422368
8.71248309392
8.6974358911
8.68115075465
8.72254101812
8.67530326893
8.69381172234
8.70796666725
8.68364031401
8.73240637027
8.70169480813
8.68789534795
8.69871274856
8.73286112133
8.6951964444
8.68847020221
8.71425696385
8.69085798258
8.73593127847
8.6859032817
8.70614318708
8.70226261305
8.68572738719
8.68027161575
8.67050676713
8.67559726958
8.70065080578
8.6826946403
8.66887160532
8.69904049668
8.68899587923
8.68177741482
8.66808272619
8.71315660497
8.65918757095
8.69029745496
8.6875293103
8.66228718253
8.65431222509
8.6836872703
8.61936137808
8.64439693831
8.64323807782
8.64278237018
8.62972383346
8.63157800685
8.61878789721
8.65132075414
8.63105024867
8.64778971193
8.65620441092
8.6022012139
8.6692058365
8.6330514896
8.62444075172
8.6203648579
8.6519159259
8.63123775804
8.6645479178
8.66163877139
8.64315965391
8.62756783604
8.66224080696
8.67118058834
8.67323608803
8.66852625013
8.65149717655
8.64497522768
8.69164259793
8.63971785144
8.68359518744
8.66450456064
8.69797991531
8.6977370739
8.69066971564
8.68871648793
8.68167207119
8.68443537831
8.70369368845
8.69520749929
8.6811800667
8.65799912862
8.7150175157
8.7198396115
8.70434053618
8.6854684158
8.7291113081
8.71235152929
8.72313809577
8.69439420679
8.70579764971
8.73754760851
8.67056934422
8.72351315142
8.72141620556
8.66033227193
8.72343360165
8.69622677216
8.69201645263
8.70524673955
8.70948669271
8.72155245893
8.67870431739
8.72797650458
8.72547502434
8.70549539168
8.71830084337
8.72322320205
8.69795778972
8.684110063
8.66658327943
8.70367050391
8.65082146323
8.69102638202
8.66678274436
8.65349709753
8.70473214354
8.70141175124
8.68941576318
8.68981738396
8.67578836137
8.6581277888
8.68389886288
8.66268673912
8.66845860669
8.65952332687
8.63128425119
8.66067997357
8.69452407694
8.64087353922
8.66488265901
8.64385844109
8.64121802342
8.67408078717
8.63545905669
8.65361608877
8.64593994895
8.62294669078
8.64171414861
8.58479189513
8.60671624961
8.58866648168
8.64113287941
8.6776638234
8.63913230544
8.61607700302
8.62776556404
8.62403115791
8.63285352049
8.67449563015
8.62748631843
8.64052887821
8.66671773152
8.65605295147
8.66639367164
8.64415530865
8.62433215028
8.68601067417
8.69016679138
8.68682004648
8.67742869441
8.66237739079
8.67473966936
8.6840006052
8.63303267077
8.6792110204
8.67290468798
8.69324007565
8.72029417871
8.70532986336
8.7225643984
8.70499394308
8.7417153609
8.72808823914
8.71230437541
8.72078980261
8.70664488748
8.71281547579
8.66883326711
8.70475641556
8.69241307858
8.70355917938
8.69287051092
8.67402095912
8.70648330948
8.70107569348
8.65321831805
8.68944424828
8.71128708552
8.67794997039
8.7185521385
8.69023734406
8.65740255407
8.71691760229
8.65673764156
8.68986784882
8.65484022238
8.65863503777
8.68087816618
8.65221861049
8.63826232548
8.65173099247
8.6615173479
8.63443892858
8.62980458749
8.65211190103
8.61165767507
8.62614240861
8.63358041233
8.64478785665
8.61277412425
8.63308058684
8.67134592455
8.68070900636
8.64197256529
8.68572136416
8.7098268553
8.69513988525
8.65923715328
8.64960284088
8.63036204162
8.65851841008
8.643606617
8.66633908961
8.6441887275
8.71973268219
8.62469208411
8.68364388115
8.6554428858
8.6662396026
8.65877449839
8.64297522323
8.65837404441
8.65132573255
8.66736556779
8.65459248125
8.68700849725
8.65761901353
8.67550820664
8.65358282444
8.67834268557
8.67168720715
8.62841622097
8.66676092699
8.66142105805
8.65424789398
8.68921921236
8.72022313777
8.6709435212
8.64514053973
8.67847855803
8.64456653336
8.68408212061
8.65713560118
8.68650510947
8.69504119597
8.68741481148
8.71751832539
8.67180211396
8.6413245838
8.6763940444
8.64714942843
8.72609968072
8.71915612443
8.65524263356
8.69684347374
8.70076008545
8.68624503138
8.7004175303
8.65782693477
8.67852204838
8.67938876306
8.65279195035
8.64777094364
8.61105212247
8.69620701612
8.66492822867
8.69234786998
8.70192427705
8.69214375502
8.71365761232
8.69438082825
8.6508906042
8.65008133373
8.65187426293
8.66674591107
8.67788877309
8.61532114106
8.69671434482
8.65617865957
8.62108164962
8.6636149452
8.65170316087
8.65290491404
8.65870722159
8.65375043116
8.62906402367
8.65885714893
8.58909916425
8.62061731804
8.60478293285
8.56759249899
8.62236399253
8.6068091607
8.68187016162
8.62572918507
8.61693754471
8.66720313755
8.66389748456
8.64554373689
8.66808159014
8.65732233864
8.68361917065
8.63866152078
8.66991854187
8.66898821426
8.66131204395
8.65124825969
8.6453615665
8.68477089785
8.67701675464
8.67429594075
8.69043295048
8.66708088854
8.67810096711
8.70335284296
8.69086816825
8.71673198186
8.71545026019
8.71307754751
8.71877183357
8.7524191769
8.71050685297
8.69952578368
8.72141093848
8.68875074886
8.68481551682
8.70267018088
8.68369832769
8.72215737523
8.7001892834
8.65124026569
8.71391510926
8.69561421148
8.66236967685
8.65186143532
8.69224650729
8.68216000737
8.66250633576
8.6993006937
8.67938128288
8.6806360592
8.70501834519
8.71085603893
8.71266802771
8.71521267892
8.63523443374
8.64423622986
8.68653801348
8.66879516796
8.65932749593
8.67093982183
8.68563492679
8.61208519857
8.65407461621
8.62271008558
8.62358398156
8.62947986122
8.6537906335
8.64422880023
8.67875225167
8.63009107573
8.63360970209
8.67089807169
8.66563365974
8.66446608032
8.66492949637
8.6434677201
8.65277763278
8.63094093549
8.64657923988
8.64289210243
8.66996315934
8.65575489492
8.6549462635
8.59310742564
8.61654719575
8.63077961216
8.63934415563
8.63146796025
8.65779212029
8.65802198986
8.66032983088
8.65349129416
8.67477803168
8.63900599863
8.63527022126
8.67636452068
8.68495543162
8.68554399333
8.67618866513
8.68910007307
8.66380553845
8.67234348803
8.67238495844
8.68283429838
8.63962629723
8.67949104531
8.63564270161
8.721342586
8.68077677095
8.64392225964
8.68315083806
8.67548477509
8.66963903712
8.65188010036
8.68871755046
8.67739215896
8.67349513972
8.73483176279
8.68495242221
8.7318803766
8.69964611433
8.68791006759
8.69209130106
8.70655452582
8.6810338681
8.70222364091
8.65685773434
8.6882413067
8.72952276961
8.70180195249
8.70045848224
8.67271581503
8.69994004129
8.67604818629
8.65202156728
8.67199675145
8.67795621947
8.70593506818
8.69517345915
8.64338479464
8.69894240605
8.65874602204
8.65364074206
8.67184024562
8.64844479918
8.64457603971
8.68208797105
8.67107931711
8.66344711459
8.65050341326
8.641929555
8.68502609494
8.61674388568
8.66733970642
8.66932357185
8.60924078419
8.62220284322
8.60790162267
8.57940227853
8.59856254897
8.62283651924
8.62023542325
8.62166661124
8.58608839915
8.61312115044
8.61659794993
8.63046649496
8.58497417332
8.6034551514
8.61381097343
8.63278120267
8.59597068621
8.61132653468
8.59169118601
8.64451863105
8.65646955951
8.62598565767
8.62627481128
8.67111394304
8.64334519214
8.62848796477
8.67680540318
8.63845375311
8.68595998846
8.65037535542
8.7142707365
8.7009510896
8.70909958069
8.67297595457
8.70655082343
8.65129515798
8.68896351564
8.70003058585
8.68036929691
8.66975918655
8.67599691522
8.67310960718
8.71568388295
8.65907263296
8.68014671491
8.68598088302
8.64809235132
8.70064601281
8.64678625693
8.68116743303
8.73560691276
8.70597348116
8.67114839826
8.68854338292
8.72658182062
8.6963257073
8.73208727983
8.72076380991
8.69865307865
8.6950077962
8.69136242164
8.69955098603
8.65893679924
8.70535152119
8.65742972141
8.68177952779
8.65482449027
8.66571639664
8.67128188883
8.62427538488
8.64573918411
8.62419720147
8.64719333098
8.67854790205
8.64907506044
8.67019306054
8.65904244481
8.65631264283
8.64969927262
8.67216258346
8.63905085228
8.61929078961
8.65767543683
8.64808716689
8.65821671175
8.61444707423
8.66965995185
8.66781919799
8.63928322547
8.6297090101
8.66805489253
8.61568810687
8.58888742319
8.5927902751
8.6122258639
8.6439696605
8.6358971552
8.62555866826
8.6097917638
8.58623817637
8.62956037117
8.60818722595
8.61065463121
8.59634185537
8.64209971196
8.60541163836
8.61000975943
8.60088898684
8.59277870421
8.60547633542
8.5916016589
8.65369832921
8.63943942223
8.64979982361
8.63380696834
8.65114589938
8.63487396613
8.63442132117
8.60515125504
8.63139019924
8.66064279794
8.66635840099
8.65696817204
8.65806184971
8.63979527077
8.65129748425
8.6867217334
8.68076532091
8.67154654538
8.70105843455
8.71424427735
8.71650111914
8.71814884629
8.71002610284
8.74762629963
8.68338014833
8.71351892895
8.71298899085
8.70989020441
8.72137077824
8.67842644193
8.70748192423
8.69723561771
8.72666330354
8.7302320751
8.71904085077
8.73169897987
8.68873034663
8.69802830211
8.70951521143
8.69038876546
8.72009433888
8.71008414014
8.72209290275
8.66045254396
8.67753672787
8.67046241128
8.68090532095
8.65386060759
8.66316806303
8.62421323278
8.68082485535
8.62762975673
8.67196509374
8.62482133058
8.64476342413
8.64360753327
8.61388507743
8.60954355826
8.64158159105
8.63016675923
8.61708967072
8.60975553749
8.58744439952
8.61954220731
8.6292430164
8.58610116291
8.57351114265
8.625102359
8.60136890987
8.64119684497
8.58652920061
8.57252652154
8.60782298049
8.6273842747
8.58522789415
8.60068663145
8.57838670249
8.60047452046
8.62642057805
8.58898055622
8.64939454113
8.65842919384
8.60288532696
8.63431646381
8.61780319074
8.66299492307
8.63397240835
8.6403771663
8.64326736782
8.65512705489
8.64512239078
8.66015863774
8.67634999003
8.69606903772
8.6682469421
8.66811468272
8.66858444162
8.67078056987
8.66150188309
8.68837049862
8.67019252607
8.74374793319
8.67516604163
8.72638331335
8.68788329957
8.72850216822
8.69088837217
8.6790339364
8.68754499907
8.70110307499
8.70026765902
8.75695380584
8.7303738535
8.75337083823
8.72009777004
8.72515416132
8.73796770632
8.63883080352
8.69061814428
8.69159010897
8.70344589787
8.68233813018
8.68236383124
8.68392722708
8.68544077775
8.71373568102
8.69240177283
8.65894331809
8.67007242755
8.65989751297
8.66176470359
8.65928492805
8.66159068909
8.66214319912
8.64988824872
8.66095268872
8.67615384153
8.64128849677
8.66451115807
8.64502716508
8.65956781949
8.66979088579
8.63043742149
8.63837189421
8.64078007357
8.64382871952
8.64561528103
8.61357736201
8.63431946497
8.60427955204
8.63507759456
8.63704754439
8.60360289362
8.63556224872
8.6045243189
8.65279668261
8.62507731761
8.64326372332
8.62918297749
8.61345214291
8.6068541139
8.6305014026
8.6340398511
8.61657803616
8.55963972853
8.5879979148
8.55632083884
8.58499438773
8.55482245454
8.58931140157
8.58182456354
8.55855947659
8.61705281529
8.59126641702
8.58212856795
8.58438836778
8.61099874608
8.62999468954
8.62798486587
8.63170029571
8.63458571208
8.61038271479
8.61841593632
8.64092118004
8.64834138607
8.65763375925
8.65217905441
8.68607816801
8.6888250268
8.71390970181
8.69242263376
8.66854094308
8.69805733932
8.72730976311
8.73735975425
8.68959575834
8.73630172504
8.72563696204
8.72287662374
8.71013120117
8.72234241918
8.73258752721
8.73281863341
8.74184275975
8.74118184498
8.75131036535
8.72315116482
8.73039565028
8.69407834001
8.74915885481
8.71674855618
8.71422564408
8.71887660569
8.68738429712
8.72272260584
8.74174626679
8.71344988142
8.71318433008
8.70776580715
8.70597175437
8.70198786545
8.65916071429
8.69622588329
8.65804297906
8.67611665506
8.70062490583
8.66610416776
8.68738669593
8.63567123009
8.63942394601
8.65284026624
8.65828346981
8.66466436895
8.65665599138
8.64290860939
8.64745131992
8.6395286018
8.68646181901
8.61855249446
8.60786842119
8.58855284067
8.59512897742
8.56711596097
8.58919181358
8.62104361534
8.58746953929
8.60699906121
8.61994687446
8.59212155291
8.60079586602
8.6253649771
8.6184083276
8.58046697134
8.56543748056
8.5690638487
8.59114263394
8.56833974063
8.63770427264
8.60245880545
8.59773953607
8.63647705251
8.55015450506
8.62257971345
8.5786169629
8.55876982366
8.58915372718
8.59026742603
8.58627027135
8.63287204507
8.62859499035
8.57525718444
8.61186267746
8.61698413155
8.65195594148
8.63961219723
8.66094001143
8.64277157354
8.64785078878
8.69256874859
8.65529807728
8.64427540786
8.67004215001
8.70475367611
8.69441564249
8.72636586844
8.71280104817
8.66789358291
8.67586830879
8.65411188048
8.68738761369
8.68094408602
8.69776695904
8.69357886816
8.69446079953
8.71126490389
8.74996694497
8.70218485133
8.7146414883
8.68258824868
8.7206571607
8.69969987154
8.73849779971
8.69581417243
8.70923019214
8.73484020529
8.68862019818
8.72887717272
8.69032807927
8.71126770665
8.73286596788
8.69051389849
8.67175947863
8.6603904054
8.69903498133
8.66763279873
8.66335072625
8.6818397624
8.67492687589
8.63859360672
8.67825698733
8.66212294365
8.63484886135
8.69667330003
8.65112229605
8.63444319609
8.6593709259
8.64912113086
8.63657385927
8.66419251254
8.59854164347
8.58509578191
8.61137219794
8.60184882211
8.60236161558
8.56790934127
8.57408504728
8.59849252928
8.55748259824
8.57475444412
8.57587367881
8.62478600776
8.53261439759
8.57231667428
8.56151675004
8.58333331568
8.57822165395
8.63172038636
8.57243639779
8.58620365818
8.58773244233
8.60560039665
8.60741160917
8.64092723333
8.61128768011
8.62731922661
8.63837519055
8.66227916572
8.65031243111
8.65086176574
8.66852437511
8.68094127027
8.65258814244
8.67784552086
8.69686651994
8.68907422875
8.73281091731
8.67714769756
8.71923027928
8.67951562711
8.72685270632
8.70576894736
8.68652754979
8.70904420519
8.70814493562
8.67679868843
8.693024408
8.69233886424
8.7037623684
8.68755691476
8.68546681241
8.71563552437
8.70509526906
8.67565119604
8.68235228231
8.69441218925
8.69919731866
8.69015277349
8.67219282565
8.6896312074
8.73228873804
8.65639369996
8.68178644836
8.69875800556
8.65401426999
8.72089466027
8.71255050697
8.72945819783
8.64960121037
8.67564356627
8.67652760943
8.71456597742
8.63508281775
8.68086045088
8.67301137428
8.65939739285
8.66393387355
8.62945368429
8.62282181397
8.60719319687
8.60913268634
8.66025245292
8.6676133335
8.65425629463
8.58970622866
8.64913653304
8.64611777247
8.61319201435
8.60853548485
8.58287415872
8.60525301933
8.59153899379
8.59812422966
8.59278151976
8.61167071097
8.58174323493
8.61491370087
8.63129554772
8.62019309144
8.58766739165
8.5567760642
8.56104880512
8.58058773506
8.60774011212
8.57969271289
8.58541650369
8.55066120898
8.59581993465
8.57347820628
8.58252761127
8.64108946815
8.5680641192
8.60062883606
8.61411018306
8.60503515326
8.60093341463
8.62797470468
8.63182125675
8.61152402713
8.63566972535
8.62837558058
8.62109186254
8.65195919109
8.63267638768
8.69698777728
8.62834457296
8.64278492226
8.63694709492
8.65319385728
8.6362624612
8.67671814797
8.67891074679
8.65162646634
8.6405701641
8.71903953393
8.73633131128
8.7277007089
8.6811946308
8.726033031
8.74206867055
8.73281073339
8.74901928638
8.68669516879
8.69321446646
8.72822257224
8.68936777078
8.68294237121
8.71321728956
8.71662483072
8.69848316818
8.69569969308
8.72512177858
8.70626792274
8.72679719049
8.71194348369
8.67465425016
8.70721873592
8.71248771294
8.68568214959
8.69961549252
8.65849490746
8.71507208403
8.66527184377
8.64607432425
8.59417946906
8.5759829879
8.64417169106
8.61777763127
8.63040313756
8.61709040646
8.66155449623
8.62364670733
8.61306993117
8.62947839947
8.59360179201
8.63008442872
8.60527977939
8.58224534118
8.59613531802
8.62517273824
8.63837756874
8.63561370518
8.61063094588
8.62621088302
8.60737725886
8.63130737543
8.59506110335
8.59141704152
8.62770212364
8.60693568658
8.59897701099
8.58120159094
8.61320025499
8.61241053974
8.60880460267
8.59057491923
8.62182337823
8.61336894508
8.59998894088
8.61520488006
8.63693672894
8.64538444161
8.66629351863
8.67266048106
8.66396294259
8.66518818163
8.71398050253
8.67132268405
8.71539211502
8.67744473244
8.62446362913
8.64789418178
8.65699996331
8.6973408623
8.67691334708
8.67890476137
8.63320508709
8.68289740817
8.70328126753
8.67068778483
8.70226622627
8.64552280926
8.68979714676
8.72228881764
8.73452367653
8.72500424568
8.69987906114
8.71599505433
8.71995078802
8.71016947566
8.70722409506
8.71346732672
8.71645603547
8.7031319735
8.70384676683
8.7059718672
8.69407756298
8.65622504524
8.7069589153
8.71873282992
8.66214720634
8.71410007383
8.68873655636
8.67927796678
8.66759192183
8.69867328617
8.71069543721
8.67137032181
8.64931483575
8.67029879579
8.73909939849
8.67126268076
8.68491012186
8.65823057175
8.70539068576
8.63151136482
8.63773407603
8.66829981825
8.62394252321
8.64964850494
8.62116672324
8.62069344294
8.61535714906
8.6197726853
8.65103956514
8.63966405715
8.57672507961
8.62413036128
8.61305037562
8.63218819804
8.62331374848
8.6237484653
8.64098818564
8.65697353166
8.62491987753
8.62480268028
8.66006195846
8.59592078103
8.62191233148
8.64793098558
8.63811444183
8.62341783141
8.67788235196
8.66156658703
8.62998544598
8.66360078022
8.68029498549
8.68686089366
8.6625187513
8.6724664647
8.65657591511
8.65784110885
8.68321846781
8.7410517804
8.63838591698
8.67685073471
8.70503228175
8.6878253012
8.64573615574
8.67456694451
8.68853184629
8.68230468222
8.6986150135
8.66875243073
8.69290809913
8.66780698577
8.65777475798
8.70297517944
8.7327534442
8.7399307816
8.68490535051
8.71026553325
8.70435518716
8.69131003761
8.67751855659
8.6747352187
8.6942246356
8.67728895505
8.66744293186
8.65237603448
8.6542459359
8.69552748938
8.64109778457
8.66591476904
8.66679532869
8.67452487527
8.67514212592
8.6375397736
8.63532120304
8.65378910561
8.64848243414
8.66147830853
8.6487193725
8.66865024532
8.64946932511
8.61150985415
8.60494084345
8.609489463
8.64326212389
8.59250478151
8.60418888476
8.6046936276
8.61988360418
8.61043746096
8.6183961247
8.60403680303
8.59885776756
8.59245888377
8.63322938878
8.64451119601
8.60383492331
8.62617969592
8.63884380037
8.62536062523
8.67816654424
8.63109468901
8.63028798062
8.61760130479
8.69727756283
8.68178444316
8.68254627484
8.67906496839
8.69902205638
8.68636004964
8.70396336813
8.6908863586
8.67159698232
8.68155103287
8.69167039002
8.65665051166
8.67296032395
8.68692059716
8.68847499467
8.70273318417
8.65288458398
8.70436336461
8.69796956803
8.68013700908
8.6889215431
8.68706485628
8.67678837275
8.66754054211
8.65575235372
8.68418091457
8.6601277551
8.66107979281
8.64069778085
8.633243341
8.64788764985
8.64539736895
8.65412266759
8.66572515858
8.63240834646
8.6599628064
8.63951910438
8.65828035522
8.6392427692
8.64603792136
8.61854167675
8.62858925077
8.63983234218
8.66951850141
8.60690572418
8.64309733145
8.62568721509
8.61889343211
8.6237353229
8.6301811373
8.61021612704
8.62345555965
8.63170000868
8.64038467809
8.64702296097
8.64219802673
8.64755952876
8.65250432924
8.63091112188
8.62859874857
8.65507405143
8.66677162973
8.65049297324
8.66015606637
8.65884988158
8.67372525852
8.65613159999
8.67842291204
8.68445619505
8.65278942987
8.66473108443
8.69509881811
8.67816195703
8.6880762806
8.69787437818
8.6890501698
8.72522054971
8.71376707641
8.70482394415
8.71740990585
8.68501391059
8.7004099913
8.74697411939
8.72105129156
8.69446965732
8.7263813042
8.72092377162
8.67983344141
8.71102184172
8.70296847882
8.67930861466
8.68713219795
8.67051076012
8.67554329795
8.67757681047
8.68237548039
8.70078247948
8.6807460328
8.65427433271
8.70477180687
8.66089147689
8.66505029512
8.67687257946
8.7073448947
8.65943651043
8.62521356448
8.63317717089
8.64655318502
8.64544841779
8.63905363055
8.64033237333
8.61496911552
8.62237343686
8.64368617231
8.62697136682
8.61839475703
8.59524912714
8.62130999744
8.61665011832
8.60125884422
8.58802127205
8.60058772752
8.59538634265
8.60077749675
8.59667414661
8.60627942985
8.55532339303
8.55695129282
8.60513607264
8.60290979742
8.61474813833
8.62623957468
8.62176279384
8.62551982894
8.62600473921
8.61519066792
8.62412434371
8.58660817081
8.60229428547
8.62413257851
8.59692094061
8.59865549724
8.61283603127
8.61971701567
8.65535100513
8.63726576789
8.62776868584
8.62495936241
8.6367585413
8.66547182282
8.67010489275
8.68976183426
8.68003083304
8.66072815992
8.64790718779
8.70628575246
8.67022432799
8.67632340024
8.71981338956
8.68811379759
8.69988311037
8.72230710217
8.72465372534
8.69626655562
8.69822951731
8.66927652467
8.69219553219
8.72513902195
8.6649311989
8.67141875075
8.6658166715
8.69622070002
8.70221605018
8.67150104559
8.694134061
8.68170913474
8.70860616376
8.64316183337
8.67153261743
8.71185327641
8.65321723288
8.66780630695
8.67363830234
8.66612485067
8.62416298786
8.69364227872
8.63827231568
8.68379844743
8.65384925025
8.64999674095
8.63607841357
8.64697687392
8.69594653005
8.68910886642
8.61098442451
8.66119534258
8.61165967389
8.6570154545
8.65838131848
8.64641419498
8.66446793037
8.65466262426
8.67766917696
8.66070232005
8.62963550564
8.61988454555
8.65228705604
8.62404424142
8.63435905783
8.64259478973
8.60821586073
8.60874563142
8.59653540559
8.60546943628
8.60560835958
8.60999341543
8.61345620468
8.5903715316
8.60436482907
8.59315332751
8.62435476702
8.58877744697
8.6207159557
8.65584766265
8.58883256649
8.58418189258
8.62190579845
8.59213576673
8.57292315072
8.61374299503
8.61378145001
8.58474058048
8.58550787754
8.61068860576
8.60159488616
8.57458901145
8.60299390107
8.63007491406
8.61198266612
8.60534212707
8.63525296601
8.65949328075
8.65025930293
8.64852953896
8.62398362403
8.6648335183
8.68323162766
8.67410297516
8.68397767355
8.69761335023
8.66197093686
8.67611101509
8.72587671135
8.69333163828
8.69935505303
8.69401328318
8.69488936184
8.69970844453
8.70164673182
8.6999583771
8.68956691805
8.74937212588
8.70943368756
8.70249024391
8.68564293771
8.69509930387
8.70704394281
8.70749099232
8.70632484784
8.70541866007
8.71043381415
8.71377618311
8.70682760729
8.68584349194
8.72439413909
8.67484906527
8.70642046286
8.66185448637
8.65785922028
8.65716876079
8.63598257935
8.6393999306
8.68968188741
8.6403149488
8.68459653833
8.63325642152
8.61639792584
8.63614565769
8.61878166749
8.60983839884
8.59799357698
8.62467105865
8.59538340219
8.63362695951
8.58204461008
8.58095246109
8.59584638846
8.59882657885
8.60065642341
8.57481133977
8.61184543328
8.59565301613
8.60819439155
8.58927331358
8.61507293245
8.59675923128
8.59248475028
8.62316289257
8.66227530106
8.64255881832
8.64473809486
8.6748678892
8.62763848024
8.66737828596
8.65847370972
8.60631316272
8.67553458751
8.63778732256
8.68673906739
8.67426341363
8.64858746207
8.66933893102
8.64850957627
8.6325534397
8.67825565597
8.65608353087
8.68358508425
8.64136967883
8.66737527322
8.6700520084
8.65672030455
8.66634263687
8.70549736342
8.65763055294
8.66270040245
8.68261715848
8.68717984002
8.68897841782
8.680462657
8.7131665178
8.65308824383
8.69217414795
8.67586401181
8.6837244351
8.70145674107
8.70488608432
8.65401180423
8.66140653922
8.71945455032
8.64296216759
8.66985119525
8.67468511266
8.66590796723
8.6430542559
8.65446585964
8.69903439857
8.66222999619
8.67911805716
8.67893073899
8.67732217549
8.67978294979
8.70062767685
8.68986903394
8.61181375869
8.62767404054
8.65020541697
8.67032323888
8.66305357137
8.68204247248
8.6680717836
8.68627212377
8.67825448048
8.66010635893
8.62320243541
8.59549534515
8.59576373645
8.54875112355
8.60793536739
8.57828562804
8.58501155862
8.56404311352
8.5959765325
8.60062339644
8.61815685159
8.65409693096
8.59516360886
8.64070870572
8.60585839228
8.62589589171
8.55264134819
8.59404491608
8.61369506358
8.6008371926
8.5690449449
8.59046766409
8.57343511285
8.59045421604
8.57639749155
8.59838684473
8.5980851449
8.59607457851
8.58251922247
8.59381435583
8.59662470823
8.60866542601
8.5756652152
8.57760180763
8.61244797374
8.6130966006
8.60033870952
8.60826593939
8.60337178318
8.58624739825
8.63158857899
8.60774561549
8.68459795487
8.64609000994
8.6663913237
8.70543059654
8.67254435697
8.67144939501
8.64626219934
8.65802365291
8.63989957534
8.65604767794
8.65013990332
8.68424509015
8.72363386791
8.66952073729
8.71175230743
8.68611018082
8.68557784593
8.71202040817
8.71625003798
8.72099531051
8.7230933105
8.69159568378
8.68155419758
8.68559392082
8.67045060961
8.71356513561
8.70865880765
8.68399745123
8.71393996879
8.70009583854
8.6702737462
8.70040069629
8.69378083354
8.64997712975
8.68054561597
8.69127120964
8.68958966185
8.59141228872
8.60136458325
8.62862958663
8.62647380048
8.66077574356
8.66426247951
8.64134098317
8.61719368632
8.67287147369
8.63250455788
8.62512931486
8.60124495863
8.65192261012
8.68778086408
8.6243305662
8.62848513166
8.65991342938
8.5990218079
8.60185863379
8.5706061653
8.59798857466
8.59997199692
8.58963474429
8.59398302215
8.61445069729
8.60064731774
8.58728202561
8.64510002471
8.58622636952
8.60166435372
8.60448431611
8.57164304344
8.62281118045
8.63012172685
8.6043936168
8.62814157128
8.61254775082
8.60684698686
8.59590364413
8.66233055673
8.61885187594
8.62023545198
8.65529050142
8.63163632239
8.6312424459
8.58401154881
8.60370346215
8.6044754749
8.59441401491
8.6036239342
8.64269886905
8.65069457711
8.66439516463
8.64375823806
8.64889248457
8.65980733777
8.62434799995
8.67847979704
8.66141348027
8.66539967573
8.69552437977
8.67182393019
8.65528296581
8.63738012196
8.65671736613
8.63754880302
8.66440098873
8.7201499563
8.69154877561
8.6636976512
8.71763284916
8.66017308448
8.6878001066
8.66703853274
8.67892951396
8.67613343309
8.65675031259
8.70813464047
8.6961261116
8.69929970401
8.69470281886
8.69987478286
8.7061976866
8.74561369858
8.70973329569
8.72018911025
8.71796349163
8.68176758286
8.69293120229
8.70878806814
8.66441816986
8.68563428517
8.71561009127
8.68692119785
8.67182541807
8.63998878843
8.63728924051
8.65254073071
8.63294921234
8.60220520019
8.59994196114
8.66256831734
8.62255335528
8.66609131314
8.60435051744
8.61819046369
8.61427368133
8.61718648615
8.61479384998
8.58942971657
8.57406751727
8.55162670262
8.55947298288
8.55130403019
8.57828900594
8.54307151412
8.56027493312
8.565402879
8.54730899037
8.57021963817
8.55782300656
8.57335248988
8.54278283485
8.56289330879
8.564653041
8.57268351783
8.55749453275
8.61103783939
8.63180436287
8.63561511813
8.61084572071
8.62305934795
8.60408231512
8.61362073571
8.66452583708
8.6355028837
8.60228412491
8.64391508183
8.64141601952
8.65895578506
8.64646657846
8.65017077128
8.65022306963
8.65380837494
8.68019314451
8.70258928782
8.65634343842
8.69479426613
8.69254766696
8.68305699116
8.67429617393
8.659620036
8.6707041155
8.70594328233
8.68200196301
8.71915795935
8.70379244786
8.64517817918
8.68723445193
8.66904060803
8.64399371542
8.64252433744
8.65568398322
8.70327459385
8.6848263179
8.65500953247
8.66659513612
8.67032855457
8.62643215397
8.64983249836
8.6624292383
8.66445253177
8.62160480394
8.64148786818
8.67398248479
8.66027887473
8.63866611855
8.68013087715
