14.121317625
14.1223115921
14.1233160496
14.1243121624
14.125316143
14.1263072491
14.1275556087
14.1283128262
14.1295564175
14.1303524971
14.1313729286
14.1325554848
14.1335570812
14.1345543861
14.1355502605
14.1365504265
14.1375515461
14.1383068562
14.1396021843
14.1405510902
14.1415505409
14.1425507069
14.1435501575
14.1445434093
14.1455564499
14.1465449333
14.1475493908
14.1515405178
14.1525349617
14.1535379887
14.1542947292
14.1555829048
14.1565358639
14.1575360298
14.1585335732
14.1595304012
14.1605319977
14.1615285873
14.1625275612
14.1635344028
14.1645290852
14.1655342579
14.1665370464
14.167579174
14.1685767174
14.1695256233
14.1702907085
14.1715500355
14.1725239754
14.1735310555
14.1745247841
14.1755223274
14.1765301228
14.1775279045
14.1785225868
14.1795217991
14.1805200577
14.1815276146
14.1825227737
14.1835212708
14.1845221519
14.1855204105
14.1865170002
14.187515974
14.1885135174
14.1895139217
14.190515995
14.1915130615
14.1925151348
14.1935169697
14.1945242882
14.1955156326
14.196516037
14.1975104809
14.1985061169
14.199505806
14.2005045414
14.2015163898
14.2025208473
14.2035160065
14.2045087814
14.2055134773
14.2065629959
14.2075138092
14.2085077763
14.2095093727
14.2105028629
14.2115223408
14.2126026154
14.2135181427
14.2145080566
14.2155079842
14.2165234089
14.2175409794
14.2185301781
14.2195546627
14.2205240726
14.2215678692
14.2225158215
14.2235116959
14.2245025635
14.2254998684
14.2264938354
14.2274942398
14.228497982
14.2295207977
14.2305018902
14.2315349579
14.2324974537
14.2344944477
14.2354917526
14.2364885807
14.2374992371
14.2384898663
14.2395036221
14.2404868603
14.2414860725
14.2424867153
14.2435035706
14.2444858551
14.2454857826
14.2464931011
14.2474825382
14.2484917641
14.24949193
14.2504856586
14.2514939308
14.2524859905
14.2534871101
14.2544879913
14.2594890594
14.2604794502
14.2614808083
14.2624835968
14.2634780407
14.264475584
14.2694802284
14.270468235
14.2714679241
14.2724947929
14.273471117
14.2744684219
14.2754852772
14.2764997482
14.277500391
14.2784712315
14.2794988155
14.2804706097
14.2814650536
14.2824654579
14.2834732533
14.2844684124
14.2854812145
14.2864797115
14.2875082493
14.2884669304
14.2894644737
14.2905085087
14.2914845943
14.2924909592
14.2934696674
14.2944667339
14.295466423
14.2964634895
14.2974593639
14.2984609604
14.2994594574
14.3004975319
14.3015041351
14.3024587631
14.3034603596
14.3044617176
14.3055081367
14.3064544201
14.3075137138
14.3084521294
14.3094527721
14.3104512691
14.3114504814
14.3124547005
14.3134548664
14.3154504299
14.3164513111
14.3174493313
14.3184499741
14.3194491863
14.3204524517
14.3214530945
14.3224496841
14.3244721889
14.3254561424
14.3264455795
14.3274562359
14.328448534
14.3294520378
14.3304505348
14.3314459324
14.3324449062
14.3334465027
14.3344478607
14.3354418278
14.3364565372
14.3404486179
14.3414382935
14.3424408436
14.3464376926
14.347435236
14.348430872
14.3494327068
14.3504266739
14.351462841
14.3524310589
14.3534369469
14.3544270992
14.3554236889
14.3564653397
14.3574635983
14.3584353924
14.3594212532
14.3604636192
14.3614292145
14.3624281883
14.3634471893
14.364426136
14.365436554
14.3664259911
14.3674242496
14.3684229851
14.3694598675
14.3704211712
14.3714163303
14.3724181652
14.3734209538
14.3744192123
14.3754162788
14.3764135838
14.3774089813
14.3784091473
14.3794059753
14.380405426
14.3814034462
14.3824067116
14.3834071159
14.3844015598
14.3854417801
14.3864130974
14.387444973
14.3884086609
14.389405489
14.3904132843
14.3913998604
14.3924043179
14.3934071064
14.3944058418
14.395399332
14.3964445591
14.3973972797
14.3984417915
14.3993976116
14.4004025459
14.4014034271
14.4024031162
14.4034016132
14.4044046402
14.4054002762
14.4064061642
14.4153881073
14.4164061546
14.4173839092
14.4183971882
14.4193809032
14.4203972816
14.4213852882
14.4223890305
14.4233772755
14.4243879318
14.4253771305
14.4263875484
14.4273705482
14.428388834
14.4293706417
14.4303684235
14.431374073
14.4324710369
14.4333763123
14.4343676567
14.4353640079
14.4363684654
14.4373729229
14.4383761883
14.4393703938
14.4403631687
14.4423677921
14.4433689117
14.4443690777
14.4453589916
14.4463799
14.4473598003
14.4483752251
14.4493682384
14.4503719807
14.451366663
14.4523572922
14.4533545971
14.4543552399
14.4553537369
14.4563500881
14.4573488235
14.4583580494
14.4593508244
14.4603571892
14.4614057541
14.4624025822
14.463354826
14.4643654823
14.4653432369
14.4663622379
14.4673581123
14.4683420658
14.4693548679
14.4703879356
14.4716246128
14.4723477364
14.4733445644
14.4743418694
14.4753453732
14.476598978
14.4773528576
14.4785861969
14.479385376
14.4804468155
14.4813499451
14.4823455811
14.4833443165
14.4843378067
14.4853355885
14.486345768
14.4873371124
14.4883449078
14.4893445969
14.490350008
14.4913527966
14.4923539162
14.4933414459
14.4943435192
14.4953405857
14.4963405132
14.4973437786
14.4983348846
14.4993493557
14.5003397465
14.5013718605
14.5023288727
14.5033273697
14.5043287277
14.5053255558
14.5063309669
14.5073263645
14.508330822
14.5093295574
14.5103228092
14.5113258362
14.5123221874
14.5133183002
14.5143198967
14.5153181553
14.5163230896
14.517326355
14.5183312893
14.5193257332
14.5203244686
14.5213184357
14.5223174095
14.5233201981
14.5243170261
14.5253176689
14.5263221264
14.5273191929
14.5283145905
14.5293238163
14.5303146839
14.5313205719
14.5323386192
14.5333111286
14.5343129635
14.5353116989
14.5363128185
14.5373287201
14.5385477543
14.539545536
14.5403797626
14.5413064957
14.5423076153
14.5435523987
14.5445466042
14.545548439
14.5465734005
14.5473017693
14.5485434532
14.5495798588
14.5505392551
14.5515429974
14.5525403023
14.5535371304
14.5545372963
14.5552895069
14.5565807819
14.5573337078
14.5585746765
14.5593295097
14.5605330467
14.5615334511
14.562530756
14.5632936954
14.5645310879
14.5655322075
14.5664684772
14.5675318241
14.568530798
14.5695285797
14.5705292225
14.5715308189
14.5725286007
14.5735282898
14.5745286942
14.5755274296
14.5765273571
14.577600956
14.5784552097
14.579562664
14.5805227757
14.58157897
14.582354784
14.583565712
14.5845787525
14.585568428
14.5865225792
14.5875604153
14.5885260105
14.5895626545
14.5905315876
14.5915279388
14.5925574303
14.593517065
14.5945162773
14.5955140591
14.5965130329
14.5975136757
14.5985078812
14.599550724
14.6005644798
14.6015205383
14.6025292873
14.6035237312
14.6045224667
14.6055111885
14.6065163612
14.6075108051
14.6085071564
14.609508276
14.6105084419
14.6115124226
14.6125113964
14.6135079861
14.6145071983
14.6155247688
14.616528511
14.6175186634
14.6185231209
14.6195156574
14.6205768585
14.621515274
14.6225116253
14.6235158443
14.6245808601
14.6255567074
14.6265573502
14.6275706291
14.6285088062
14.6295034885
14.6305208206
14.6315152645
14.6325097084
14.6335058212
14.6345067024
14.6355090141
14.6365029812
14.6375029087
14.6385018826
14.6394987106
14.6404867172
14.6415069103
14.6425225735
14.6435024738
14.6444971561
14.6454968452
14.6464850903
14.6474988461
14.6485021114
14.649523735
14.6505053043
14.6514847279
14.6524951458
14.6534917355
14.6544938087
14.6554894447
14.6564891338
14.6574888229
14.6584854126
14.6594843864
14.6604831219
14.6614820957
14.6624786854
14.6634793282
14.6644759178
14.6654844284
14.6664831638
14.6674692631
14.6684675217
14.6694908142
14.6704704762
14.6714885235
14.6724655628
14.6734786034
14.674469471
14.6754684448
14.676461935
14.6774647236
14.6784651279
14.6794626713
14.6804690361
14.6814851761
14.6824629307
14.6834661961
14.684494257
14.6854617596
14.686470747
14.6874742508
14.6884634495
14.689467907
14.6905224323
14.6915204525
14.6925280094
14.6935193539
14.694488287
14.6955289841
14.696460247
14.6974585056
14.6984601021
14.6994915009
14.7004570961
14.7014629841
14.7024571896
14.7034606934
14.7044520378
14.7054533958
14.7064564228
14.7074971199
14.7084703445
14.7094635963
14.7104589939
14.711463213
14.7124586105
14.7144534588
14.7154510021
14.7164587975
14.7174503803
14.718449831
14.7194640636
14.7204573154
14.7215979099
14.7224481106
14.7234592438
14.7244477272
14.7254493237
14.7264451981
14.7274608612
14.7284460068
14.7294473648
14.730448246
14.7314476967
14.7324407101
14.7334425449
14.7344405651
14.7354371548
14.7364695072
14.7374851704
14.7384693623
14.7394456863
14.7405042648
14.7415149212
14.7424485683
14.7434432507
14.7444474697
14.7454440594
14.7464900017
14.7474427223
14.7484424114
14.7494738102
14.7504684925
14.7514517307
14.7525169849
14.754440546
14.7554383278
14.7564432621
14.7574355602
14.7584338188
14.7594349384
14.7604382038
14.7614319324
14.7625024319
14.7634811401
14.7644369602
14.7654366493
14.7664399147
14.7674324512
14.7684342861
14.7694783211
14.770434618
14.7714414597
14.772441864
14.7734324932
14.7744352818
14.7754282951
14.7764248848
14.7774240971
14.7784216404
14.77942729
14.7804231644
14.7814269066
14.7824213505
14.7834210396
14.7844173908
14.7854166031
14.7864117622
14.7874631882
14.7884175777
14.7894227505
14.7904179096
14.7914717197
14.7924215794
14.7934191227
14.7944140434
14.7954108715
14.79641366
14.7974097729
14.7984149456
14.7994103432
14.8004193306
14.8014149666
14.8024511337
14.8034100533
14.8044064045
14.8054082394
14.8064088821
14.8074042797
14.8084149361
14.8094065189
14.8104100227
14.8114097118
14.8124237061
14.81340909
14.8144156933
14.815404892
14.8164079189
14.8174049854
14.8184070587
14.819409132
14.8204083443
14.8213973045
14.8224081993
14.8233952522
14.8244023323
14.8253984451
14.8264033794
14.8273823261
14.828404665
14.8293848038
14.8303821087
14.8313958645
14.8323969841
14.8333990574
14.8343863487
14.8353853226
14.8364012241
14.8374037743
14.8384075165
14.8394327164
14.8404080868
14.8413770199
14.8424274921
14.843382597
14.8443849087
14.8453793526
14.8463759422
14.8473756313
14.8483858109
14.8493783474
14.8503851891
14.8513791561
14.8553712368
14.8563725948
14.8573691845
14.858376503
14.8593752384
14.860378027
14.8613653183
14.8623740673
14.863363266
14.8643760681
14.8653833866
14.8663816452
14.8673903942
14.8683769703
14.8693666458
14.8703610897
14.8713622093
14.8723628521
14.873364687
14.8743610382
14.8754868507
14.8763625622
14.8773729801
14.8783733845
14.8793640137
14.8803749084
14.8813593388
14.8823597431
14.8833646774
14.884386301
14.8853652477
14.8863606453
14.8873708248
14.8883602619
14.8893680573
14.8903610706
14.8913567066
14.8923556805
14.8933529854
14.8943545818
14.8953561783
14.8963580132
14.8973553181
14.8983542919
14.8993535042
14.9003539085
14.9013500214
14.9023625851
14.9033558369
14.9043548107
14.9053530693
14.906373024
14.9073622227
14.9083499908
14.9093494415
14.910369873
14.9113562107
14.9124076366
14.9153506756
14.916343689
14.917345047
14.9183409214
14.9193351269
14.9203386307
14.9213349819
14.9223356247
14.9233341217
14.9243297577
14.9253284931
14.9263305664
14.9273293018
14.9283325672
14.9293320179
14.9303297997
14.9313325882
14.9323396683
14.933331728
14.934325695
14.935324192
14.9363133907
14.9373106956
14.9383141994
14.9393136501
14.9403111935
14.9413118362
14.9425492287
14.9433062077
14.9443061352
14.9453060627
14.9463050365
14.9473040104
14.9483046532
14.9493079185
14.9505479336
14.9515483379
14.9533400536
14.9545490742
14.9553043842
14.9563038349
14.9575822353
14.9585416317
14.9595413208
14.9605398178
14.9615421295
14.962584734
14.963301897
14.9645388126
14.9655387402
14.966458559
14.9675378799
14.9685339928
14.9695372581
14.9705798626
14.9712967873
14.972537756
14.9735341072
14.9745326042
14.9755666256
14.9765312672
14.9775326252
14.9785330296
14.9793009758
14.9805307388
14.9815261364
14.9825291634
14.9835305214
14.9845280647
14.9855256081
14.9865241051
14.9875257015
14.9885253906
14.9895243645
14.9905428886
14.9915263653
14.9925308228
14.9955239296
14.9965231419
14.9975214005
14.9985234737
14.9995429516
15.0005178452
15.001527071
15.0025372505
15.0035200119
15.004481554
15.0055141449
15.0065186024
15.0075144768
15.0085165501
15.0095126629
15.0105097294
15.0115096569
15.0125088692
15.0135118961
15.0145089626
15.015460968
15.016459465
15.0175075531
15.0185112953
15.0195095539
15.0205059052
15.0215084553
15.0225059986
15.0235102177
15.0245049
15.0255036354
15.0265038013
15.0275046825
15.0284993649
15.0295045376
15.0305261612
15.0315079689
15.032504797
15.0335025787
15.0345013142
15.0355112553
15.0365097523
15.0375070572
15.0385022163
15.0395004749
15.040514946
15.041498661
15.0425095558
15.0435080528
15.0444991589
15.0454952717
15.046495676
15.0474953651
15.0484933853
15.049489975
15.0504894257
15.0514876842
15.0524885654
15.0534894466
15.0545089245
15.0554857254
15.0565702915
15.0575215816
15.0584843159
15.0594828129
15.0604846478
15.0614824295
15.0624837875
15.0634896755
15.0644814968
15.065571785
15.0664825439
15.0674796104
15.0684957504
15.0694847107
15.070492506
15.0715651512
15.0724880695
15.0734884739
15.0744862556
15.0754840374
15.0764892101
15.0774919987
15.0784862041
15.0794842243
15.0804824829
15.0814778805
15.0824813843
15.0834770203
15.084482193
15.0854811668
15.0864772797
15.087471962
15.0884759426
15.0894691944
15.090474844
15.09147048
15.0924723148
15.0935218334
15.094471693
15.0953457355
15.096473217
15.0974707603
15.098474741
15.0994718075
15.1004686356
15.1014411449
15.1024768353
15.1034653187
15.1044642925
15.1054663658
15.1064662933
15.1074607372
15.1084778309
15.1094660759
15.1104738712
15.1114997864
15.1124687195
15.1134679317
15.1144704819
15.1154646873
15.1164674759
15.1174674034
15.1184585094
15.1194682121
15.1204669476
15.1214609146
15.1224601269
15.123465538
15.1244575977
15.1254541874
15.1264607906
15.1274530888
15.1284558773
15.1294629574
15.1304550171
15.1315002441
15.1324622631
15.1334543228
15.1344907284
15.1354551315
15.1364510059
15.1374537945
15.1384501457
15.1394503117
15.1404511929
15.1414480209
15.142496109
15.1434612274
15.1444582939
15.1454584599
15.1464715004
15.147444725
15.1484470367
15.1494467258
15.1504478455
15.1514472961
15.1524460316
15.1534430981
15.1544394493
15.1554400921
15.1564464569
15.1574540138
15.1584448814
15.1594362259
15.1604342461
15.1614339352
15.1624362469
15.1634454727
15.1644487381
15.1654379368
15.1664378643
15.1674315929
15.1684327126
15.1694347858
15.1704323292
15.1714322567
15.1724295616
15.1734290123
15.1744329929
15.1754286289
15.1764292717
15.1774230003
15.1784276962
15.1794204712
15.1805238724
15.1814243793
15.1824157238
15.183475256
15.1844873428
15.1854412556
15.1864171028
15.1874706745
15.1884715557
15.1894698143
15.1904153824
15.191411972
15.1934185028
15.1944177151
15.1954410076
15.1964206696
15.1974196434
15.1984307766
15.1994330883
15.2004652023
15.2014276981
15.2024464607
15.2034800053
15.2044434547
15.2054686546
15.206466198
15.207526207
15.2084379196
15.209405899
15.2104091644
15.2114207745
15.2124421597
15.2134048939
15.2144134045
15.2154083252
15.216404438
15.217407465
15.2184095383
15.2194037437
15.2203996181
15.2214808464
15.2224078178
15.223398447
15.2243995667
15.2254481316
15.2263863087
15.2274019718
15.228443861
15.2294094563
15.2303872108
15.2315070629
15.2323896885
15.2333860397
15.2343859673
15.2353861332
15.2363946438
15.2373793125
15.2383794785
15.2393736839
15.2403783798
15.2414472103
15.2424004078
15.2434532642
15.2443876266
15.2453837395
15.2463974953
15.2473888397
15.2484021187
15.2493729591
15.2503876686
15.2513797283
15.2523822784
15.2533731461
15.2543742657
15.2553713322
15.2563693523
15.2573642731
15.2583832741
15.2593660355
15.2603657246
15.2613642216
15.2623679638
15.2634203434
15.2643690109
15.2653620243
15.2663607597
15.267364502
15.2683675289
15.2693593502
15.2703621387
15.2713673115
15.2723648548
15.2733681202
15.2743682861
15.2753658295
15.2763643265
15.277374506
15.2783522606
15.2794139385
15.2804167271
15.2813584805
15.282356739
15.2833526134
15.2843594551
15.2854187489
15.2864243984
15.28764081
15.2883503437
15.2893505096
15.2903499603
15.2913532257
15.2923533916
15.2933514118
15.294349432
15.2953543663
15.2963511944
15.2973508835
15.2983500957
15.2993514538
15.3003463745
15.3013558388
15.3024175167
15.3033621311
15.3044030666
15.3056373596
15.3063545227
15.3073425293
15.3083436489
15.3093442917
15.3103890419
15.3113582134
15.3133411407
15.3143408298
15.3153553009
15.316331625
15.317340374
15.3183386326
15.3193359375
15.3203361034
15.3233466148
15.3243377209
15.3253424168
15.3263380527
15.3273470402
15.3283393383
15.3293390274
15.3303396702
15.331328392
15.3323299885
15.3333296776
15.3343272209
15.335334301
15.3363296986
15.3373277187
15.3383285999
15.3393261433
15.3403263092
15.3413255215
15.3423223495
15.343326807
15.3443245888
15.3453214169
15.3463203907
15.3473546505
15.3483219147
15.3493232727
15.3503189087
15.3513150215
15.3523147106
15.3533227444
15.3543195724
15.3556036949
15.3563210964
15.3573255539
15.3583185673
15.3593192101
15.3603117466
15.3613271713
15.36231637
15.3635671139
15.3643128872
15.3653144836
15.3665602207
15.3675529957
15.3685564995
15.3695533276
15.3705518246
15.3716008663
15.3725502491
15.3735399246
15.374548912
15.3755447865
15.376547575
15.3775477409
15.3785636425
15.379550457
15.380589962
15.3815562725
15.3823385239
15.3835484982
15.3845436573
15.3855407238
15.386585474
15.3875389099
15.3885452747
15.3895394802
15.3905413151
15.3915364742
15.3925383091
15.3935360909
15.3945353031
15.3953311443
15.3965361118
15.3975296021
15.3985283375
15.3995273113
15.4005303383
15.4015257359
15.4025285244
15.403534174
15.4045488834
15.4055883884
15.4065318108
15.4075436592
15.4085342884
15.409526825
15.4105248451
15.41152668
15.412528038
15.4135274887
15.4145233631
15.4155235291
15.4165258408
15.417526722
15.4185247421
15.4195225239
15.4205198288
15.4215211868
15.4225254059
15.423520565
15.4245204926
15.4255213737
15.4265174866
15.4275178909
15.4285256863
15.4295203686
15.4305660725
15.4315199852
15.4325139523
15.4335131645
15.4345116615
15.4355201721
15.4365129471
15.4375133514
15.4385166168
15.4395179749
15.4405186176
15.4415245056
15.4425079823
15.4435052872
15.444504261
15.4455003738
15.4464981556
15.4474945068
15.4484968185
15.4494936466
15.4504938126
15.4514937401
15.4525029659
15.4534976482
15.4544956684
15.4554977417
15.4564938545
15.4574918747
15.4584946632
15.4594893456
15.4604923725
15.4614932537
15.4624910355
15.4634900093
15.4644906521
15.4654889107
15.466490984
15.4674863815
15.4684929848
15.4694869518
15.470502615
15.4714856148
15.4724879265
15.4734883308
15.4754872322
15.4764852524
15.4774851799
15.4784827232
15.4794883728
15.4804885387
15.4814805984
15.4824779034
15.4834830761
15.4844830036
15.485481739
15.4864792824
15.4874842167
15.4884750843
15.4894747734
15.4904794693
15.4914710522
15.492472887
15.4934732914
15.4944701195
15.495480299
15.4964895248
15.4974901676
15.4984796047
15.4994776249
15.5004754066
15.501465559
15.5024662018
15.5034673214
15.5044674873
15.5054686069
15.5064692497
15.5074760914
15.5084707737
15.509465456
15.5104968548
15.51151371
15.5124592781
15.5134603977
15.5144619942
15.515460968
15.5164651871
15.5174782276
15.5184574127
15.5194582939
15.5204586983
15.5214774609
15.5224666595
15.5234615803
15.5244588852
15.5254921913
15.5264706612
15.5274636745
15.52845788
15.5294492245
15.5304601192
15.5314648151
15.532456398
15.5334572792
15.5344541073
15.5354552269
15.5364542007
15.537453413
15.5384535789
15.5394551754
15.5404543877
15.5414540768
15.5424530506
15.5434458256
15.5444536209
15.5454523563
15.5464515686
15.5474469662
15.5484476089
15.5494925976
15.5504529476
15.5514476299
15.5524866581
15.5534465313
15.5544469357
15.5554389954
15.5564415455
15.5574398041
15.5584483147
15.5594568253
15.5605032444
15.5614845753
15.5624680519
15.5634536743
15.5644788742
15.5654582977
15.5664408207
15.567432642
15.5684981346
15.5694408417
15.5704369545
15.5714335442
15.5724263191
15.5734288692
15.574426651
15.5754253864
15.5764229298
15.5774276257
15.5784220695
15.5794246197
15.580425024
15.5814256668
15.5824220181
15.58344841
15.5844817162
15.5854947567
15.5864212513
15.5874226093
15.5884258747
15.5894575119
15.5904529095
15.5914647579
15.5924189091
15.5934250355
15.5944209099
15.5954239368
15.5964283943
15.5974161625
15.5984182358
15.5994124413
15.600425005
15.6014127731
15.6024148464
15.6034126282
15.6044092178
15.6054074764
15.6064105034
15.6074030399
15.6084091663
15.6094448566
15.6104118824
15.6115210056
15.6124083996
15.6134157181
15.6144070625
15.6154005527
15.6164319515
15.6174747944
15.6184034348
15.619405508
15.6204051971
15.6214518547
15.6224064827
15.6234028339
15.6244163513
15.625395298
15.6263985634
15.6274125576
15.6283957958
15.6294007301
15.6303889751
15.6314342022
15.6323890686
15.6333990097
15.6343882084
15.6353876591
15.6363818645
15.6373817921
15.6383843422
15.6393859386
15.6403870583
15.6414017677
15.6423830986
15.6433780193
15.6443772316
15.645375967
15.6463785172
15.6473772526
15.6483817101
15.6493725777
15.6503784657
15.6513750553
15.6523854733
15.6533818245
15.6543829441
15.6553854942
15.6563773155
15.6573722363
15.6583993435
15.6593744755
15.6603748798
15.6613717079
15.6623702049
15.6633694172
15.6643764973
15.6653649807
15.6663630009
15.6673600674
15.6683888435
15.6693823338
15.6703763008
15.6714520454
15.6723735332
15.6753559113
15.6763589382
15.6773741245
15.6783733368
15.6793608665
15.6803562641
15.6813530922
15.6823575497
15.6833548546
15.6843502522
15.6853787899
15.6863536835
15.6873531342
15.6883764267
15.6893644333
15.6903526783
15.6913552284
15.6923482418
15.6933493614
15.6943516731
15.6953516006
15.6973536015
15.6983501911
15.699352026
15.7003550529
15.7013492584
15.7023491859
15.7033519745
15.7043504715
15.7053484917
15.7063450813
15.7073433399
15.7085924149
15.7093520164
15.7103686333
15.7116367817
15.7123441696
15.7133533955
15.7143449783
15.7153491974
15.716350317
15.7173471451
15.7183384895
15.7193346024
15.7203371525
15.7213339806
15.722332716
15.7233998775
15.7243316174
15.7253322601
15.7263307571
15.7273302078
15.7283320427
15.7293283939
15.730329752
15.7313518524
15.7323312759
15.7343239784
15.7353243828
15.7363278866
15.7373261452
15.7383310795
15.7393381596
15.7403366566
15.7413294315
15.7423267365
15.7433257103
15.7443296909
15.7453253269
15.7463259697
15.7473213673
15.7483193874
15.7493188381
15.7503237724
15.7513275146
15.7523200512
15.7543246746
15.7553310394
15.7563199997
15.7573394775
15.7583208084
15.759319067
15.7603158951
15.7613139153
15.7623236179
15.7633283138
15.7643151283
15.7653114796
15.7663104534
15.7673513889
15.7683079243
15.7743294239
15.7753038406
15.7763054371
15.7773046494
15.7783045769
15.7795464993
15.7803294659
15.7815418243
15.7825424671
15.7835428715
15.7845420837
15.7852988243
15.7865386009
15.7875351906
15.7885448933
15.7895383835
15.790327549
15.7915346622
15.7925400734
15.7932953835
15.7945401669
15.7955365181
15.7975404263
15.7985527515
15.7995362282
15.8005328178
15.8015301228
15.8023371696
15.8035759926
15.8045318127
15.805526495
15.8065261841
15.8075265884
15.808524847
15.8095245361
15.8105232716
15.8115236759
15.8125240803
15.8135261536
15.8145253658
15.8155221939
15.8165221214
15.8175201416
15.8185181618
15.8195211887
15.82051754
15.8215184212
15.8225197792
15.8235182762
15.8245170116
15.8255162239
15.826526165
15.8275196552
15.8285238743
15.8295147419
15.8305130005
15.8315148354
15.8325228691
15.8335149288
15.8345086575
15.8355140686
15.8365097046
15.8375079632
15.8385078907
15.8395056725
15.8405051231
15.8415043354
15.8425040245
15.8435087204
15.8445045948
15.8455064297
15.8465075493
15.8475058079
15.8485033512
15.8494980335
15.8505001068
15.8514978886
15.8525004387
15.8535091877
15.8545017242
15.8555111885
15.8565018177
15.8574974537
15.8585014343
15.8594999313
15.8605382442
15.8615367413
15.8624944687
15.8634991646
15.8645002842
15.8664982319
15.8674912453
15.8684940338
15.8694934845
15.8704967499
15.8714952469
15.8724925518
15.8754913807
15.876491785
15.8774909973
15.8784894943
15.8793363571
15.8804855347
15.8814845085
15.8824825287
15.8834962845
15.8844890594
15.8855412006
15.8865251541
15.8875260353
15.8884987831
15.8894832134
15.8904831409
15.891484499
15.8924806118
15.8944773674
15.8964750767
15.8974776268
15.8984761238
15.8994781971
15.9004747868
15.9015481472
15.9024691582
15.903472662
15.9045135975
15.9054853916
15.9065518379
15.9074862003
15.9084868431
15.9094772339
15.9105198383
15.9114711285
15.912468195
15.9134671688
15.9144716263
15.9154660702
15.9164662361
15.9174613953
15.9184641838
15.9194908142
15.9204690456
15.9215519428
15.9224646091
15.9234790802
15.9244687557
15.9254662991
15.926472187
15.9274690151
15.9284684658
15.9294843674
15.9304771423
15.931481123
15.9324650764
15.9334611893
15.9344611168
15.9354579449
15.9364564419
15.9374697208
15.9384601116
15.9394557476
15.9404582977
15.9414851665
15.942456007
15.943498373
15.9444646835
15.9454927444
15.9465074539
15.9474496841
15.9484655857
15.9494502544
15.9504444599
15.9514770508
15.9534468651
15.9544448853
15.9554405212
15.9564754963
15.9574403763
15.9584441185
15.9595093727
15.960436821
15.961482048
15.9624407291
15.9634647369
15.9644441605
15.9654393196
15.9664437771
15.9674413204
15.9684472084
15.9694449902
15.9704389572
15.9714446068
15.9724404812
15.9734380245
15.9744431973
15.975451231
15.9764416218
15.9774537086
15.9784450531
15.9794447422
15.9804387093
15.9814419746
15.9824426174
15.9834382534
15.9884257317
15.9894237518
15.9904227257
15.991458416
15.9934220314
15.9944188595
15.9954195023
15.9964199066
15.9974219799
15.9984226227
15.9994177818
16.0004301071
16.0014200211
16.0024733543
16.003436327
16.0044336319
16.0054354668
16.0104188919
16.0114152431
16.0124149323
16.0134117603
16.0144155025
16.0154089928
16.0164051056
16.0174341202
16.0184092522
16.0204129219
16.0214152336
16.0224103928
16.0234081745
16.0244047642
16.0254435539
16.0264074802
16.0273971558
16.0283994675
16.0294692516
16.030402422
16.0313985348
16.0324099064
16.0334012508
16.0344011784
16.0353894234
16.0364499092
16.0373892784
16.0383985043
16.0394830704
16.0404236317
16.041469574
16.0424203873
16.0434131622
16.0444087982
16.0453896523
16.0463967323
16.0473866463
16.0483953953
16.0493986607
16.0504047871
16.0513985157
16.0523865223
16.0533835888
16.0544064045
16.0553991795
16.0564055443
16.0573961735
16.0583975315
16.0593812466
16.0603790283
16.0613749027
16.0623767376
16.0633823872
16.0643751621
16.0653731823
16.066372633
16.0673668385
16.06838274
16.0693824291
16.0703773499
16.0713818073
16.0723874569
16.0733771324
16.0743992329
16.0753717422
16.0763840675
16.0773758888
16.0783877373
16.079376936
16.0803868771
16.0813734531
16.0823817253
16.0833735466
16.0843715668
16.0853703022
16.0863673687
16.0873670578
16.08837533
16.0893659592
16.0903654099
16.0913665295
16.0924124718
16.0933673382
16.0944001675
16.0953788757
16.0963869095
16.0973958969
16.0983755589
16.0993738174
16.1003615856
16.1013576984
16.102360487
16.1033563614
16.104362011
16.1053607464
16.1063623428
16.1073608398
16.1083714962
16.109357357
16.1103544235
16.1113533974
16.1123600006
16.114358902
16.1153609753
16.116361618
16.1173641682
16.1183547974
16.11936903
16.1203973293
16.1214179993
16.1223499775
16.1233513355
16.1243560314
16.1253621578
16.1263670921
16.1273531914
16.1293540001
16.1303691864
16.1313478947
16.1323542595
16.1333427429
16.1343421936
16.1363432407
16.1373434067
16.1383390427
16.139333725
16.1403346062
16.1413378716
16.1423380375
16.1433339119
16.1444160938
16.1455924511
16.1464011669
16.1474277973
16.1485774517
16.1493756771
16.1504046917
16.1514000893
16.1523339748
16.1533303261
16.1543314457
16.1553287506
16.1563456059
16.1573326588
16.15833354
16.1593346596
16.1603302956
16.1613283157
16.1623253822
16.163326025
16.1643269062
16.1653277874
16.1663274765
16.1673383713
16.1686089039
16.1695659161
16.1705739498
16.1713249683
16.1723191738
16.1733207703
16.1743178368
16.1753106117
16.176347971
16.1773099899
16.1783123016
16.179309845
16.1805596352
16.1815662384
16.1823620796
16.1835708618
16.1845574379
16.1855664253
16.1865520477
16.1875526905
16.1883051395
16.1893503666
16.1905539036
16.1913034916
16.1923055649
16.1935555935
16.1955492496
16.196549654
16.1975505352
16.1985554695
16.1993489265
16.2003498077
16.2015459538
16.2025446892
16.2035455704
16.2045991421
16.2056040764
16.2065854073
16.2075352669
16.2085409164
16.2095420361
16.2102954388
16.2115356922
16.2125401497
16.2135391235
16.2145376205
16.2155370712
16.2165386677
16.2175369263
16.2185406685
16.2195374966
16.2203359604
16.2215363979
16.2225344181
16.2235310078
16.2245340347
16.2255513668
16.226539135
16.2275419235
16.2285473347
16.2295439243
16.2305967808
16.2315576077
16.2325365543
16.2335295677
16.2345318794
16.2355177402
16.2365291119
16.2375311852
16.2385241985
16.2395586967
16.2405200005
16.2415142059
16.2425282001
16.2435200214
16.244528532
16.2455191612
16.246519804
16.2475180626
16.248519659
16.2495200634
16.2503545284
16.2515101433
16.2525165081
16.2535171509
16.2545118332
16.255505085
16.2565150261
16.2575159073
16.2585160732
16.2595136166
16.2605111599
16.2615089417
16.2625274658
16.2635090351
16.2645082474
16.2655136585
16.266510725
16.2675158978
16.2685177326
16.2695536613
16.2705597878
16.2715137005
16.2725098133
16.2735171318
16.2745108604
16.2755115032
16.2765128613
16.2775058746
16.2786495686
16.2794978619
16.2804956436
16.2815005779
16.2824959755
16.2835161686
16.2845015526
16.2854976654
16.2874965668
16.2884953022
16.289493084
16.2905008793
16.2915091515
16.2925031185
16.2935090065
16.2944970131
16.2955031395
16.2965011597
16.297508955
16.298520565
16.299551487
16.3005106449
16.3015129566
16.302488327
16.3035075665
16.3044986725
16.3055341244
16.3064987659
16.3075013161
16.3085062504
16.3094973564
16.310498476
16.3115022182
16.3124876022
16.3134872913
16.3144826889
16.3154797554
16.3164803982
16.3174791336
16.3184790611
16.3194761276
16.3204772472
16.3214657307
16.322470665
16.3234739304
16.3244707584
16.3254766464
16.3264751434
16.3274717331
16.3284711838
16.3294684887
16.3304679394
16.3315498829
16.3324723244
16.3334691525
16.3344676495
16.3354718685
16.3364710808
16.3374812603
16.3385226727
16.3395366669
16.3404672146
16.34151721
16.3424675465
16.3434681892
16.3444647789
16.3455402851
16.3464641571
16.3474562168
16.3484759331
16.3495194912
16.3504714966
16.3514652252
16.3524723053
16.353461504
16.3544640541
16.3554580212
16.3564593792
16.3574945927
16.3584587574
16.3594546318
16.3605010509
16.3614914417
16.3624651432
16.3634808064
16.3644590378
16.3654577732
16.3664588928
16.3674576283
16.3684670925
16.3694775105
16.3704600334
16.3714606762
16.3724577427
16.3734514713
16.3744475842
16.3754475117
16.3764486313
16.3774502277
16.3784532547
16.3814530373
16.382450819
16.3834531307
16.3844487667
16.3854396343
16.3864827156
16.3884751797
16.3894577026
16.3904602528
16.3914737701
16.3924908638
16.3934459686
16.3944365978
16.395431757
16.3964354992
16.3974373341
16.3984389305
16.3994472027
16.4004333019
16.401455164
16.4024333954
16.4034774303
16.404504776
16.4054567814
16.4064381123
16.4074585438
16.4094467163
16.4104833603
16.4114322662
16.4124548435
16.4134335518
16.4154217243
16.4164259434
16.4174263477
16.4184343815
16.4194395542
16.4204206467
16.4214203358
16.4224250317
16.4234271049
16.4244258404
16.4254140854
16.4264242649
16.4294207096
16.4304151535
16.4314193726
16.4324274063
16.433426857
16.4344232082
16.4354271889
16.4364116192
16.437415123
16.4384121895
16.4394147396
16.4404165745
16.4414050579
16.4424026012
16.4434118271
16.4444854259
16.44541049
16.4464023113
16.4474465847
16.4484033585
16.4493968487
16.4504003525
16.4513890743
16.4523952007
16.4533970356
16.4543991089
16.4553828239
16.4564006329
16.4573895931
16.4583895206
16.4593896866
16.4603874683
16.4624121189
16.4633982182
16.4663822651
16.4673905373
16.4683852196
16.4693746567
16.4703793526
16.4713759422
16.4723796844
16.4743776321
16.4753732681
16.4763767719
16.477376461
16.4783759117
16.4793753624
16.4803740978
16.481374979
16.4823765755
16.4833743572
16.4843766689
16.4853639603
16.4863781929
16.4873697758
16.4883739948
16.4893679619
16.490377903
16.4913656712
16.4933667183
16.4943656921
16.4953641891
16.4963717461
16.4973623753
16.4983608723
16.4993588924
16.5003740788
16.5013577938
16.5023691654
16.5073735714
16.5083692074
16.5093541145
16.5103683472
16.5113687515
16.5123755932
16.5143744946
16.5153522491
16.5163547993
16.5173478127
16.5183503628
16.5193440914
16.5203440189
16.521348238
16.5223500729
16.5233495235
16.5243453979
16.5254030228
16.5263521671
16.5273449421
16.5293445587
16.5303509235
16.531349659
16.5323610306
16.5333464146
16.5343468189
16.5353410244
16.5363428593
16.5373399258
16.5383405685
16.5393385887
16.540336132
16.5413355827
16.5423357487
16.5433366299
16.5443336964
16.5453333855
16.5463371277
16.5473332405
16.5483365059
16.5493347645
16.5503315926
16.5513279438
16.5523326397
16.5533285141
16.5543260574
16.5553278923
16.5563251972
16.5573246479
16.5583269596
16.5593254566
16.5603296757
16.5613219738
16.5623221397
16.5633304119
16.5643234253
16.5653247833
16.5663220882
16.5673186779
16.5683233738
16.5693209171
16.5705649853
16.5713200569
16.5723216534
16.573319912
16.5743203163
16.5753207207
16.5763278008
16.577321291
16.5783233643
16.5793204308
16.5803306103
16.5813415051
16.5823402405
16.5833206177
16.5843243599
16.5853102207
16.5863099098
16.5873074532
16.5883090496
16.5893058777
16.5903098583
16.5913088322
16.5923113823
16.595303297
16.5963044167
16.5975427628
16.5982990265
16.599357605
16.6005458832
16.6012980938
16.6025509834
16.6035523415
16.6043465137
16.605543375
16.6065602303
16.6073675156
16.6083242893
16.609544754
16.6105802059
16.611552
16.6125383377
16.6153025627
16.6165394783
16.6175348759
16.6185367107
16.6195333004
16.6205303669
16.6215393543
16.6225297451
16.6232888699
16.624550581
16.6255588531
16.6265342236
16.6275303364
16.6285302639
16.6295304298
16.63052845
16.6315312386
16.6325278282
16.6335263252
16.634526968
16.6355230808
16.6365220547
16.6375203133
16.6385190487
16.6395189762
16.6405181885
16.6415162086
16.6425173283
16.6435186863
16.6445176601
16.645516634
16.6465160847
16.6475162506
16.6485197544
16.6495139599
16.6505131721
16.6515109539
16.6525182724
16.6535158157
16.6545166969
16.6555120945
16.6565122604
16.6575112343
16.658513546
16.6595146656
16.6605198383
16.6615283489
16.6625261307
16.6635169983
16.6645326614
16.6655244827
16.6665239334
16.6675467491
16.6685090065
16.6695079803
16.6705060005
16.6715354919
16.6725020409
16.6735014915
16.6745090485
16.6755056381
16.6765005589
16.6775069237
16.6785025597
16.6795024872
16.6804995537
16.6815605164
16.6825017929
16.6835050583
16.6845138073
16.6854965687
16.6864960194
16.6874983311
16.6884930134
16.6895542145
16.6904876232
16.6914916039
16.6924917698
16.6934957504
16.6944909096
16.6955013275
16.6964886189
16.6974873543
16.6984961033
16.699488163
16.7005307674
16.7014842033
16.7024874687
16.7034900188
16.7044882774
16.7054829597
16.7064824104
16.7074809074
16.7084882259
16.709492445
16.7104837894
16.7114882469
16.7124872208
16.7134838104
16.7164800167
16.7174768448
16.7184765339
16.7194802761
16.7204763889
16.7214932442
16.7224931717
16.7234809399
16.7244796753
16.7254934311
16.7264785767
16.7274718285
16.7354633808
16.7364618778
16.7374639511
16.7384626865
16.7394633293
16.740459919
16.7414898872
16.7424604893
16.7434625626
16.744461298
16.7454645634
16.7464706898
16.7474911213
16.7484703064
16.749461174
16.7504615784
16.7515022755
16.7524733543
16.7534661293
16.7554593086
16.75649786
16.7574539185
16.7584738731
16.759458065
16.7604570389
16.7614593506
16.7624628544
16.763461113
16.7644612789
16.7654592991
16.766459465
16.7674586773
16.7684602737
16.7694602013
16.7704572678
16.7714524269
16.7724893093
16.7734520435
16.7744538784
16.7754566669
16.7764592171
16.7774603367
16.7784564495
16.7794523239
16.7804615498
16.7814645767
16.7824480534
16.783447504
16.7844464779
16.7854728699
16.7864477634
16.7875008583
16.7884418964
16.7894480228
16.7904579639
16.7914745808
16.792443037
16.7934396267
16.7944414616
16.7954382896
16.7964353561
16.7974386215
16.7984359264
16.799478054
16.8005170822
16.8015098572
16.8024971485
16.8034350872
16.8044295311
16.8054339886
16.8064506054
16.8074307442
16.8084366322
16.8094303608
16.8104288578
16.8114347458
16.8124306202
16.8134329319
16.8144307137
16.8154327869
16.8164343834
16.8174331188
16.8184347153
16.8204214573
16.8214235306
16.8224203587
16.8234171867
16.8244171143
16.825460434
16.8264245987
16.8274183273
16.8284225464
16.8294255733
16.8304157257
16.8314180374
16.8324184418
16.8334157467
16.8344166279
16.8354141712
16.8364133835
16.8374326229
16.8384537697
16.8394229412
16.8405327797
16.841552496
16.8424470425
16.8434078693
16.8444447517
16.8454687595
16.8464496136
16.8475346565
16.848413229
16.8494017124
16.8504106998
16.8514490128
16.8524076939
16.8534076214
16.8544068336
16.8554036617
16.8564021587
16.8574209213
16.85841012
16.8624017239
16.8634033203
16.8643968105
16.8653891087
16.8663849831
16.8674292564
16.8683891296
16.869396925
16.8704292774
16.8713972569
16.8723974228
16.8733856678
16.8743846416
16.87540555
16.8764159679
16.8773910999
16.8783860207
16.8794157505
16.8803853989
16.881398201
16.8823866844
16.8833990097
16.8843736649
16.8853745461
16.8863863945
16.8874924183
16.8883783817
16.8893740177
16.8903772831
16.8913722038
16.8923778534
16.893371582
16.8943760395
16.8953664303
16.8963866234
16.8973782063
16.8983778954
16.8993675709
16.9003798962
16.901365757
16.9023673534
16.9033687115
16.9043750763
16.9054174423
16.9063985348
16.9074206352
16.9084224701
16.9093711376
16.9103832245
16.911367178
16.9123761654
16.9133667946
16.9143805504
16.9153702259
16.9163818359
16.9173681736
16.918366909
16.9193632603
16.9203710556
16.9213511944
16.9223732948
16.9233570099
16.9243526459
16.9254031181
16.9263498783
16.9273495674
16.9283533096
16.9293529987
16.9303536415
16.9314005375
16.9323499203
16.9333531857
16.934346199
16.9353475571
16.9363481998
16.9373469353
16.9383568764
16.9393570423
16.9403502941
16.9413497448
16.9423859119
16.9433500767
16.9443531036
16.9453525543
16.9463469982
16.9473452568
16.9483492374
16.9493458271
16.9504041672
16.9514129162
16.9523990154
16.9533371925
16.9573404789
16.9583437443
16.9593503475
16.9603378773
16.961340189
16.9623410702
16.9633414745
16.9643335342
16.96733284
16.968329668
16.9733273983
16.9743247032
16.9753258228
16.9763231277
16.9773192406
16.978322506
16.9793198109
16.9803237915
16.9813344479
16.9825761318
16.9833855629
16.9843165874
16.985322237
16.9865603447
16.9873235226
16.9883186817
16.9893116951
16.9903130531
16.994320631
16.9953212738
16.9963130951
16.9973156452
16.9983105659
16.9993131161
17.0023145676
17.0033149719
17.0043160915
17.0053079128
17.0063085556
17.0073060989
17.008310318
17.009311676
17.0103068352
17.0113072395
17.0123081207
17.0135543346
17.0143039227
17.015319109
17.0165483952
17.0175478458
17.018548727
17.019546032
17.0205430984
17.0215656757
17.0225458145
17.0232958794
17.0245363712
17.0255942345
17.0263495445
17.027535677
17.0285339355
17.0295348167
17.0305373669
17.0313401222
17.0325403214
17.0335388184
17.034532547
17.0355322361
17.0365383625
17.037541151
17.0385353565
17.0395283699
17.0405306816
17.0415267944
17.0425276756
17.0435819626
17.0443282127
17.0455234051
17.0466060638
17.0475254059
17.0485258102
17.0495259762
17.050577879
17.0515775681
17.0523238182
17.0535259247
17.0545215607
17.0555198193
17.0565214157
17.057518959
17.0585196018
17.0595145226
17.060513258
17.061511755
17.0625164509
17.0635154247
17.0645139217
17.0655243397
17.0665202141
17.0675134659
17.0685214996
17.0695185661
17.0705184937
17.071511507
17.0725240707
17.0735173225
17.0745151043
17.0755267143
17.0765135288
17.0775177479
17.0785226822
17.0795230865
17.080514431
17.0815122128
17.0825679302
17.0835690498
17.0845115185
17.0855839252
17.0865068436
17.0875692368
17.0985143185
17.0995078087
17.1005394459
17.1015331745
17.1023130417
17.1035039425
17.1045300961
17.1055028439
17.1065239906
17.1074974537
17.1085002422
17.1094985008
17.1105029583
17.1115322113
17.1124949455
17.113496542
17.1144988537
17.1154968739
17.1174945831
17.1184983253
17.1194889545
17.120490551
17.1215000153
17.1224832535
17.1234910488
17.1245572567
17.1256253719
17.126486063
17.1274833679
17.1284823418
17.1294956207
17.1304934025
17.1314976215
17.1324930191
17.1344902515
17.1354935169
17.1364860535
17.1374821663
17.1384797096
17.1394805908
17.1405060291
17.1414809227
17.142500639
17.1434752941
17.1444890499
17.1454823017
17.1464738846
17.1474709511
17.1484749317
17.1494727135
17.1504764557
17.1514890194
17.1524939537
17.1534769535
17.1543493271
17.155469656
17.1564655304
17.1574792862
17.1584849358
17.1594696045
17.160472393
17.1614980698
17.1624660492
17.1634664536
17.1644766331
17.1654670238
17.166478157
17.167481184
17.1684858799
17.169479847
17.1704721451
17.1714692116
17.1724779606
17.1734659672
17.1744697094
17.1754693985
17.1764712334
17.1774716377
17.178467989
17.1814668179
17.1824598312
17.1834611893
17.1844596863
17.1854655743
17.1864552498
17.1874527931
17.1884579659
17.1894657612
17.1904549599
17.1914515495
17.1924571991
17.1944518089
17.19546175
17.1964504719
17.1974532604
17.1984558105
17.1994581223
17.2004513741
17.2014460564
17.2024972439
17.2034521103
17.2044456005
17.2054510117
17.2064564228
17.2074477673
17.2084596157
17.2094516754
17.2104494572
17.2115283012
17.2124474049
17.2134466171
17.2144751549
17.2154421806
17.2164502144
17.2174699306
17.2184548378
17.2194395065
17.2204451561
17.2214331627
