12.1686353347
12.1608230534
12.1653254873
12.1315410228
12.1300533405
12.1548876094
12.1804751519
12.1562729474
12.1385323636
12.1458984546
12.1531519347
12.1380625977
12.139410338
12.160028297
12.1766377356
12.1838932657
12.2102112043
12.1826402406
12.1393999041
12.1696466066
12.1783286439
12.139521372
12.1756915222
12.1591466041
12.1467121971
12.1292798662
12.1387363874
12.1232837756
12.0931688245
12.1222303419
12.1295297485
12.1197842508
12.1306240389
12.1176784862
12.161196771
12.1349167084
12.1125662504
12.1030633636
12.1274391129
12.1517159598
12.1430927575
12.1206450188
12.1397047295
12.1481793573
12.1300681264
12.155265824
12.1932919604
12.1925772041
12.1568936261
12.1355569121
12.1651713111
12.1453312619
12.1383123733
12.0984049437
12.1212526974
12.1251160226
12.1311706268
12.1351695273
12.1650533043
12.1484714669
12.1745812126
12.1501649275
12.1544874801
12.1558182136
12.1784617659
12.1621539611
12.2049334604
12.2190976462
12.2148772612
12.2344505411
12.2453639463
12.2116788775
12.2227656883
12.220274744
12.2231297515
12.2412024429
12.2446097805
12.2628692778
12.2313191308
12.2548830895
12.2501384552
12.2053216555
12.2663653912
12.2291804621
12.2210702611
12.2607667714
12.2361553855
12.2121213336
12.2159352097
12.2230035464
12.2121455879
12.1853607656
12.1860878039
12.2318181748
12.2347600256
12.2144038444
12.2259972835
12.2004399724
12.2192138114
12.2041125
12.2038458368
12.1958115271
12.2132374732
12.1720818091
12.1649026195
12.1838276333
12.1854654515
12.158366831
12.1320781351
12.2302097849
12.1891643249
12.1725903323
12.171949708
12.1799292576
12.1435053824
12.1477529027
12.1198854693
12.1188602972
12.1083062201
12.1015655033
12.1183835533
12.1121513078
12.1056155128
12.1403774636
12.1347044609
12.121596324
12.132556732
12.0949931781
12.1443119433
12.1334680291
12.0740192822
12.1162230117
12.1122259457
12.0678222672
12.0724096203
12.0652880014
12.0922444408
12.0863459502
12.0568343954
12.0904147695
12.070237576
12.097789948
12.0641893674
12.1070040718
12.1033182166
12.100826634
12.1134299456
12.0792030637
12.139888565
12.1258660332
12.1492050018
12.1121664631
12.1100571471
12.1313689986
12.151057275
12.1425319303
12.1799050302
12.146062338
12.1717325462
12.1508753134
12.1669031782
12.1635688282
12.1496410932
12.1445443075
12.1562188784
12.1346594987
12.1359117841
12.1085474767
12.1285562394
12.1336927771
12.1028060054
12.1115624187
12.103396815
12.0892598777
12.1195214222
12.0938486699
12.1239653404
12.1059578947
12.1231212762
12.0852476083
12.1074026569
12.0801018198
12.072335547
12.1149085664
12.0891997417
12.1457757586
12.1130261838
12.1182903577
12.118846041
12.1114491548
12.1348717271
12.1276081349
12.1631698095
12.1794280702
12.1312665461
12.1464281129
12.1526306498
12.1265465547
12.099598619
12.1457494564
12.1157594411
12.1421630798
12.1104254594
12.1341078571
12.0956931108
12.1294914205
12.1488720947
12.1309138105
12.1677804436
12.151366708
12.1000360058
12.1100181968
12.0875765033
12.1250821769
12.1292021708
12.0803384133
12.1090732677
12.0831470017
12.150913635
12.0461332847
12.1180472709
12.110017746
12.1032443375
12.1342400723
12.1090052373
12.1056875037
12.1103864164
12.1150974393
12.0696949843
12.0820596486
12.1005725898
12.1158850016
12.1085410509
12.1201092501
12.1058024091
12.111184704
12.1294880832
12.1283443069
12.1411300306
12.14809412
12.1328188214
12.1613792067
12.1706032515
12.2099553381
12.1944543383
12.1935507361
12.172591147
12.199718099
12.1806934856
12.2066278165
12.1713783102
12.2330642871
12.1849489435
12.2041347182
12.2138800773
12.2004929512
12.1633860822
12.1949127972
12.1841605193
12.1971965588
12.1983781873
12.1655506718
12.1750435464
12.1671410624
12.1583200293
12.1743262221
12.1410772667
12.1352955412
12.1701687117
12.152441253
12.1387726145
12.1489039226
12.118412385
12.1507510085
12.1562738791
12.1568012935
12.1642268994
12.2100885648
12.2031239262
12.1698179801
12.1497096218
12.1519759895
12.1242732669
12.097636235
12.1137878286
12.1253455483
12.1278552216
12.1347506145
12.1216657897
12.1506175436
12.1127736538
12.1332974888
12.1063097071
12.1033926648
12.147009971
12.1309129791
12.135395462
12.1459150308
12.1366858508
12.1140008925
12.1245950615
12.1243816575
12.1171699844
12.1519667123
12.1429641836
12.1744391859
12.1424136765
12.176931872
12.1688873196
12.196929921
12.1747693486
12.1646467105
12.1571897122
12.1210421908
12.1642407183
12.1205397739
12.1015367084
12.1056547929
12.111126117
12.0980440824
12.0986482161
12.0962255024
12.1029919163
12.1100566957
12.1193888168
12.1280448161
12.1340909811
12.1605906039
12.1008265489
12.1109345563
12.1023700816
12.1216603081
12.1061966931
12.1246502674
12.121823078
12.1199257248
12.1433208012
12.1385683205
12.13729938
12.1448110122
12.1671034369
12.1711780859
12.1372275995
12.1096481058
12.165067158
12.1530324626
12.1316836052
12.1577278894
12.174105281
12.1590061564
12.1675091067
12.1581378764
12.1560505863
12.1239001771
12.1450742204
12.1436273186
12.1189542595
12.1480398199
12.1404737462
12.1415642869
12.157112996
12.1442575504
12.127167012
12.1197036754
12.1390772215
12.1253716253
12.1083577895
12.0805949146
12.1043883582
12.1175427284
12.1233589063
12.1061956145
12.112559366
12.1058955761
12.1146573199
12.1538202186
12.1366356225
12.1674643169
12.1507322582
12.1853936148
12.1701072881
12.1832054109
12.2235690097
12.1344029084
12.1815950934
12.181662208
12.1723562333
12.1747413
12.1990482254
12.1683774046
12.164941508
12.2054910392
12.1975763347
12.1458182127
12.2178678793
12.172033103
12.1704437428
12.1488245302
12.1337541368
12.131649568
12.1130988288
12.0926033251
12.0623321353
12.0425346866
12.0573276276
12.0461084474
12.0245390377
12.0588804983
12.0279093172
12.0622463608
12.0885596628
12.1091478914
12.11702287
12.1049701156
12.1491087781
12.1715364762
12.1863935242
12.1848739382
12.1928067879
12.1737761623
12.192311805
12.1814729133
12.1526136264
12.1463478065
12.1650437939
12.1342511207
12.1289120144
12.1516765308
12.1337039933
12.1275465924
12.0873121202
12.092528207
12.0715215195
12.0935955589
12.146959807
12.1152003629
12.1108686369
12.1230432229
12.1143623854
12.1122261934
12.1408149219
12.1266394004
12.1187040796
12.1472463705
12.1400524802
12.1664526377
12.1446943325
12.0947578314
12.1033796254
12.1187607984
12.1327509726
12.0816629689
12.0630589252
12.0967168873
12.0955780025
12.1283954271
12.110484206
12.091068991
12.1097633117
12.1260783621
12.1252149069
12.1453164907
12.1246471817
12.1448066359
12.1669214797
12.1420757181
12.1201764901
12.1095096119
12.0996835915
12.1235617572
12.1315301677
12.1051245082
12.1027277765
12.1047013211
12.0974193426
12.0967502585
12.1252191706
12.1029154362
12.0879133229
12.1321362469
12.0886830474
12.0821512217
12.0672410107
12.0857738908
12.0819502671
12.1134157744
12.1200945228
12.1270614281
12.1437602486
12.1718710779
12.1432547418
12.1264154116
12.1037297101
12.1120528224
12.096284661
12.0918455133
12.1286322156
12.1607511574
12.1523398603
12.1482209264
12.1701157906
12.1412935097
12.1077834199
12.0957968233
12.1334195088
12.0635215087
12.0583328324
12.0590599376
12.0408661272
12.0605731242
12.0648165075
12.0901659784
12.1370062703
12.1088371232
12.1239137646
12.0715858078
12.0684707607
12.0757358213
12.0976884639
12.097749977
12.0917053549
12.0544516719
12.085380321
12.1144450402
12.1122543598
12.0810599758
12.0771499111
12.1121739484
12.0791713538
12.0687190232
12.0635747751
12.0311365461
12.0420519911
12.1065516724
12.117049811
12.0838253933
12.123301415
12.1196073111
12.1250480116
12.1198906645
12.137522997
12.1026477171
12.1155554956
12.1198551734
12.1346993481
12.1148375332
12.1227491888
12.1359865427
12.1208949814
12.1153093085
12.1085604947
12.1519364604
12.1317989926
12.177220407
12.1356841652
12.1313213894
12.1471856604
12.1533181455
12.153291897
12.1467950819
12.0954651564
12.0985121882
12.110235836
12.0802978137
12.0787699922
12.122621573
12.1333987837
12.114895514
12.1329263893
12.1143454011
12.0958325051
12.1333843736
12.1017863762
12.0912967365
12.0625104352
12.061429809
12.0675614827
12.0431621405
12.0688274704
12.1096727648
12.0866107636
12.1021040111
12.0823341001
12.0649752572
12.0837922743
12.0809894123
12.1114287667
12.098004547
12.1227256577
12.0899149197
12.1333020901
12.1447937979
12.1558179683
12.1497676548
12.1477798771
12.1207256985
12.1146388051
12.1120297331
12.1194827744
12.066612943
12.0697208765
12.0850069421
12.0656959224
12.1045643922
12.0977680354
12.0985272174
12.0980244667
12.131428875
12.1078776098
12.0852102149
12.1395408079
12.1265413755
12.1354622132
12.1074329436
12.1309923212
12.1356893666
12.1494396876
12.1675969143
12.1808294017
12.1934883162
12.2157022529
12.2113146185
12.2200320021
12.2080302481
12.255911931
12.2130069764
12.2393080625
12.2246417926
12.2386085231
12.2316861048
12.2067801639
12.1693216261
12.1866394626
12.2096372445
12.160972716
12.1959230656
12.1855978229
12.1981735892
12.1846609236
12.2169388769
12.1887207334
12.1973852519
12.1783369807
12.136826788
12.1930431226
12.1817436574
12.1383827606
12.110401472
12.1351581813
12.1696810551
12.1381204574
12.0928925663
12.1357973629
12.1167480043
12.1840429257
12.1673861785
12.1829081159
12.1534177359
12.1220858949
12.1335181822
12.1176022536
12.1475348867
12.130774495
12.1377039895
12.1367655535
12.1498957924
12.1557064969
12.1599355006
12.1453716155
12.1702001945
12.1807865858
12.1559343178
12.1677420501
12.1675717987
12.1338248163
12.1745983652
12.1534714853
12.1628365475
12.1351566513
12.1948659474
12.1708955794
12.2367088419
12.2699543062
12.294464201
12.2891068007
12.3390034726
12.2853932068
12.3144290391
12.3104770124
12.2553872659
12.2050234374
12.1637906205
12.1069336611
12.0944844317
12.0933440066
12.0752962461
12.0773682221
12.0961943859
12.1563309313
12.189356577
12.2079060564
12.2089496752
12.2004924774
12.1714271817
12.1115689605
12.0897979456
12.1174553707
12.0801116322
12.0899915471
12.080812572
12.0715414552
12.0714569026
12.1016418751
12.1218047901
12.091417861
12.1200262114
12.103510519
12.1017137011
12.128381061
12.1049235244
12.1372004236
12.2058879485
12.2355075166
12.225518055
12.2384862158
12.2854176682
12.2887216389
12.2481955816
12.2483714161
12.1876869947
12.1515957383
12.1319466304
12.1189043114
12.137577407
12.1087603563
12.0993842046
12.1157103149
12.1479099771
12.1677790519
12.1576372366
12.1565282827
12.1925560381
12.2553834784
12.2180107919
12.2748876477
12.276692561
12.2710433196
12.2923968855
12.2658623171
12.2634032918
12.25729361
12.2280937203
12.2349615763
12.2133499129
12.214091763
12.2007144136
12.225779183
12.2142555535
12.2571666997
12.2657332897
12.2876915295
12.282837175
12.2980112086
12.3320175261
12.3283759318
12.333427625
12.3351454373
12.3174371659
12.3177337281
12.2998815762
12.3213198444
12.3233919357
12.3203390625
12.3202088029
12.3400582187
12.3684705571
12.3911382597
12.4203465968
12.4047391333
12.4229810596
12.4473101932
12.3876880625
12.4123781974
12.4075620609
12.4484221263
12.4124898866
12.421105582
12.3842876488
12.3807259959
12.3815815741
12.366575316
12.3491679975
12.3352950316
12.3575447938
12.3709666115
12.3448073073
12.3938154177
12.3916959602
12.4135273324
12.4159659805
12.4282923541
12.4576296743
12.4206771518
12.4684545118
12.4353893178
12.4255494056
12.4158840106
12.4292197861
12.4909950239
12.4853774908
12.5167293938
12.4956872751
12.5560811265
12.5746752673
12.5877286851
12.5533893106
12.6155225385
12.5885715347
12.5525978793
12.6015957231
12.5645159567
12.5305427559
12.547340439
12.572891089
12.5297559114
12.5190695257
12.5114361714
12.5467719463
12.5753948597
12.5811624194
12.565475027
12.586724895
12.6018027469
12.5645996758
12.5925807287
12.566656169
12.5518387975
12.552776973
12.5708521275
12.5478980172
12.5382860319
12.5182283922
12.5191335374
12.5647584804
12.5565653007
12.5689598408
12.5840995683
12.6116138899
12.5594231345
12.5935019012
12.5592583001
12.5743273032
12.5794734978
12.5588965685
12.549851268
12.5345375863
12.5833376028
12.5252712478
12.5283746914
12.5465828884
12.5518102805
12.5492580503
12.5397876716
12.559885324
12.578370774
12.5871272465
12.5896034116
12.6074277889
12.5665426199
12.5900269254
12.5889646295
12.5921504119
12.6366208542
12.6087485086
12.6153342085
12.6402307428
12.6161876287
12.6049292918
12.6352728792
12.6263047133
12.6042702915
12.6422330914
12.6117302872
12.6433001878
12.6304029403
12.607007649
12.6679369576
12.6355892561
12.659766666
12.6444155031
12.6559225697
12.6156803034
12.6617772214
12.6596502242
12.6791477187
12.635811043
12.6712932221
12.6581495947
12.6576801687
12.6526926761
12.6634299257
12.6918963698
12.6497282556
12.5894733922
12.5958180227
12.5880111231
12.5623632138
12.5767045525
12.5690850576
12.5474388409
12.5738202873
12.5505705864
12.5473574936
12.5977093085
12.5763855059
12.5918562231
12.6273547959
12.6429964829
12.6342976597
12.6749969334
12.6722214248
12.7077846469
12.6843404095
12.7005261345
12.7241555573
12.6784253804
12.6920290771
12.7011947319
12.6870000026
12.7054360753
12.6659094131
12.689780544
12.6722339009
12.6263940004
12.6161527902
12.6261853444
12.6186768232
12.6241867081
12.6398730899
12.6515371583
12.6598242904
12.6253768802
12.6617007158
12.6457637433
12.660719433
12.6777056447
12.6892993187
12.6478151714
12.6898148373
12.7156547428
12.6686312331
12.6956480047
12.6446494082
12.6290802045
12.6281897584
12.6156220224
12.6027739098
12.5793568369
12.6075396058
12.6115688859
12.5860265971
12.6074406368
12.6034315062
12.5956477779
12.5998038196
12.6204318772
12.6631567671
12.6565636505
12.6677003178
12.6927822575
12.7469760869
12.7500151222
12.7118972445
12.7621691438
12.764871037
12.7762496792
12.7945328745
12.7965701404
12.7913118339
12.8011187269
12.8147040516
12.8291925919
12.8389194214
12.8138661042
12.8165534394
12.804492992
12.7924630626
12.785882678
12.7756676507
12.7888275074
12.7797514412
12.7691832896
12.7462924942
12.7410970612
12.7555386034
12.7505667715
12.757313786
12.7995851154
12.794204241
12.7665987735
12.7622832291
12.7496775104
12.7396071566
12.7829000989
12.7480705189
12.7828123579
12.766117376
12.7861899016
12.7997965828
12.7947281784
12.7960668402
12.7733273818
12.7238612813
12.7061627228
12.7389749875
12.7007185929
12.7465802948
12.7373403341
12.7692503452
12.7766738327
12.7725971449
12.7814053488
12.7556437549
12.7424199948
12.7810619335
12.7863611177
12.7865883755
12.7649110939
12.7473608475
12.775231908
12.798478888
12.7817798773
12.8048527825
12.8321834619
12.8117791674
12.7910426185
12.8280685528
12.8257020887
12.814873584
12.8340566919
12.8550662385
12.8145250231
12.8488416283
12.8217182725
12.8498583478
12.8156933735
12.8824016042
12.8883425925
12.8167589038
12.830534131
12.8299957933
12.8489522263
12.8270721051
12.8031256704
12.8194822376
12.8472341933
12.8164273476
12.8289393868
12.7985607685
12.7814719003
12.8365543019
12.8049927203
12.8461409869
12.865661173
12.8356066247
12.8816232573
12.8395377988
12.8584871247
12.8473026065
12.8694807602
12.8730475417
12.8485243435
12.8807235481
12.8710692912
12.8518955414
12.8638979727
12.8252534639
12.8140534659
12.8220062621
12.8681312174
12.8600508781
12.8553439267
12.8406900698
12.8470724184
12.8296436056
12.835573793
12.8177164669
12.8148337194
12.7975972549
12.8184466615
12.8681411424
12.8076118784
12.8626232327
12.8826138171
12.8897937636
12.9197170313
12.9014320722
12.8945868665
12.8742398568
12.8771070604
12.8736389162
12.8580283124
12.9054458204
12.8942333499
12.9188698002
12.8912097722
12.8706302926
12.8511171875
12.8726458302
12.8295369676
12.8465799405
12.8330313412
12.8393455964
12.8223062278
12.8730280556
12.8610396028
12.88512884
12.902087844
12.9148509053
12.9368101547
12.9991618851
12.9582701377
13.0036784477
13.0062613115
13.0413313447
13.0734855758
13.0990406984
13.1484101909
13.1546635667
13.2016335729
13.1708406051
13.185634999
13.1616147013
13.1723820514
13.1881219628
13.2056214609
13.158539205
13.1723192659
13.1769924578
13.1865661863
13.132171276
13.0944355872
13.0935840529
13.0906917543
13.0952767189
13.1147340967
13.0858839342
13.0395511327
13.0436970757
13.0563182629
13.04088604
13.0676580572
13.0005834494
13.0268745534
12.9993105982
12.9944569992
13.0153623469
13.0010352114
12.9774064014
12.9941312031
12.9873129547
13.0023786092
12.9904277894
12.9870379867
12.9899450951
12.9972587731
12.9820275438
12.966799746
12.9886531653
12.9982887017
13.0003212936
12.965135204
12.9941515656
13.0180142671
13.0054194366
12.9823388134
12.9831151231
12.9997700116
12.9749312756
12.9292213215
12.9555825827
12.9323433769
12.953218103
12.9053093352
12.9423529722
12.9456854919
12.9472038619
12.9610593582
12.9639224589
12.9421047941
12.990117989
12.955609938
12.9751823531
13.0064973273
12.9765040551
12.9805446175
13.0483561387
12.995671423
13.0030509748
13.0382019167
13.001920824
13.0154208218
13.0030129114
12.9870363519
12.9700287534
12.9590379577
12.9952690102
13.0066256237
12.9811816185
12.9842246323
12.9724975167
12.9629574599
12.9755770059
12.9536578096
12.9760216382
12.9476953866
12.9556029058
12.939635727
12.9372910014
12.9391731999
12.9257336839
12.9286855012
12.9334980909
12.9341384341
12.9749765735
12.9717274325
12.9436372728
12.9815377428
12.9554637595
12.9616964266
12.9904980733
12.9862063694
13.0107640212
13.0070801195
13.0221564546
12.9809510697
13.0096993031
13.0235459283
13.0112147646
12.9736502533
12.9670770404
13.0048885609
13.0066386644
13.0109580883
12.9797553358
12.9988540548
12.9634691513
12.9671411943
12.9887358188
12.9802435213
12.9908659344
12.9772645109
12.9903047204
13.0219467978
13.0111716466
13.0043750639
12.9691169542
12.9847397898
12.9954095734
12.9557659851
12.988166149
12.946654811
12.9447943959
12.9572654153
12.937328709
12.966579046
12.9752646354
12.9932152011
13.0212120528
13.017845698
13.003548776
13.048945547
13.0076678943
13.0266422785
13.0364609707
13.0226676807
13.0104524543
13.0189297152
13.0424266456
13.0304595307
13.010616691
13.0271371586
13.0566222265
13.0561862421
13.0703777163
13.0878214757
13.0921804575
13.1144568488
13.0629227007
13.0917535101
13.0344276909
13.0827618494
13.1012809237
13.066165794
13.0828295612
13.0612519029
13.0405366777
13.0451562423
13.0156265541
13.0258291403
13.0163397059
12.9960851696
13.0190620849
13.0468428199
13.0454727531
13.0483914367
13.0492870567
13.0412656183
13.0925575891
13.0536916585
13.0630831275
13.0672277578
13.0183626405
13.0017363891
13.0156764724
12.9970132174
13.0185910631
13.030503413
13.0423544454
13.0205466286
13.1033038326
13.1145932653
13.0972443038
13.1494007793
13.1020868468
13.1652872013
13.1689413403
13.1452791368
13.1460406622
13.1291737749
13.1388466416
13.0858269663
13.1063004851
13.0450309932
13.0351102619
13.0251243535
13.0177285673
13.0735682395
13.0709059497
13.1076185241
13.0628225311
13.071471552
13.0791700636
13.1023023217
13.1103291925
13.1182696331
13.1646879957
13.1751679229
13.1641909157
13.1241719308
13.1361588956
13.1234929066
13.1093406682
13.1270457136
13.087648472
13.0812023318
13.0795341788
13.0715744839
13.0575307109
13.0561264873
13.0969209141
13.0921693803
13.1286911092
13.0953172436
13.0653371635
13.093446324
13.0836388287
13.1133940736
13.0815259139
13.0829011597
13.0561679619
13.04231709
13.0238190789
13.0383826231
13.0088714664
13.0150821549
13.0361474519
13.070952922
13.0916614996
13.0431559599
13.0747985937
13.0809773442
13.0893427684
13.077062256
13.0645717709
13.0888812397
13.0924082365
13.1138252849
13.1014454533
13.1035402669
13.0815770524
13.0856301929
13.0930375647
13.0962046323
13.0939060267
13.0854828233
13.1065623274
13.0731716472
13.0724946541
13.0627244235
13.0974629499
13.1405477438
13.0900505146
13.0976784541
13.1168738128
13.1097159789
13.1473879779
13.1274904656
13.11439179
13.0690749259
13.0716720695
13.0387233666
13.0422054777
13.0448802265
13.0637864024
13.0224834119
13.0418920436
13.0703555451
13.0867914407
13.0842248753
13.0696829815
13.0904920554
13.0776615388
13.0873574717
13.1333153723
13.080959949
13.1065627136
13.0477111358
13.067315345
13.0262446189
13.0249991998
13.0011753469
13.033190125
13.0541646461
13.0213652727
13.0770335389
13.0869904203
13.0909136046
13.0524023301
13.0483585316
13.0089497344
13.0329005701
12.9801321814
13.0464639861
13.0580346707
13.0389221272
13.0508285722
13.0153390215
13.0325212739
13.0297137143
13.0188123116
13.0046189955
12.9798612857
12.9854733946
13.0118147263
13.051260664
13.0586739678
13.0818510436
13.058671981
13.0612470263
13.0643215902
13.0502351567
13.0302600462
13.0117990375
13.0237150415
13.052162304
13.0657676869
13.0360021631
13.0430029307
13.0737197015
13.0716787988
13.0849971981
13.0945039287
13.078398542
13.0491249882
13.0335610528
13.0141031165
12.9594680006
12.991082893
12.9834153437
12.9916310986
13.0261062385
13.0461194156
13.0245341802
13.0837575086
13.0846431283
13.0883771015
13.1136035225
13.0821095356
13.068440097
13.0644497055
13.0772417087
13.0819339084
13.0950559454
13.0639792082
13.0829212518
13.0894862506
13.0899622162
13.0500272676
13.0519277772
13.0104328703
13.0250789173
13.0884588387
13.0636510738
13.0325141129
13.0778829255
13.0972175779
13.0628294036
13.0819558123
13.0764095425
13.0905395996
13.0761180374
13.0438713733
13.0767705374
13.064901235
13.0485904407
13.0376711425
13.0913568797
13.0655388185
13.0729786472
13.0960667185
13.0819504407
13.0557375276
13.0300168886
13.0453046894
13.0103764224
13.0372617992
13.0210852554
12.9918961532
13.0319107321
13.0408073252
13.0081314996
13.0238815372
12.9915274927
13.0183602567
13.0429370697
13.0369676081
13.0533681549
13.0402502187
13.0349954876
13.0376379698
13.0250117863
12.9722213163
13.0203319552
13.0052925658
13.0344211388
13.0187174365
13.0311621569
12.971223068
13.0216359155
13.0400863279
13.0216230918
13.0660695462
13.0800368645
13.0923072758
13.0634077937
13.0722578734
13.0812327004
13.0581421437
13.0495347231
13.0474005899
13.0796257094
13.0846130593
13.011548648
13.0418553744
13.0519934471
13.0307111376
13.0497154202
13.0631396397
13.0691546418
13.0266460087
13.0653678026
13.0255682427
13.0286717219
13.0425881231
13.046949979
13.0312155929
13.0578199419
13.0134859927
13.0575210544
13.0382107916
13.0041214519
13.0400128637
12.9972906894
13.0094236289
13.0306237145
13.0228490944
13.0384052715
13.0415030914
13.0807699296
13.0661218552
13.1063102898
13.1390615389
13.1547306098
13.1729201352
13.1362565897
13.125402698
13.1311871198
13.1069709818
13.1388476961
13.1073717729
13.1015616335
13.0990881203
13.0690700366
13.0637302508
13.079219113
13.0280011479
13.0450844244
13.0454384673
13.0460070305
13.0555422119
13.0481031443
13.0427195453
13.0729632475
13.0467272641
13.0429622956
13.0964937862
13.0530242804
13.0901170794
13.1043052779
13.0852286224
13.080971432
13.0781659366
13.1029301127
13.0890203856
13.0866330165
13.0664563437
13.0484592595
13.0796188043
13.0823814144
13.0518569782
13.0642526045
13.0425021367
13.018011158
13.0634173813
13.0099503143
13.0393062327
13.0315094333
13.0126904349
13.0661892286
13.0657905327
13.0688733912
13.0571073101
13.0750654918
13.0692182549
13.0846131034
13.0968297703
13.0987751246
13.1077177248
13.1024994555
13.1057223041
13.1302389685
13.1248095422
13.1161230845
13.0956582957
13.0999833552
13.1097905147
13.0637023699
13.0848957501
13.0406367672
13.0362716825
12.9986095218
13.0730490002
13.0493419651
13.0371444132
13.0425870462
13.0361672792
13.0413601256
13.0338450075
13.0899725221
13.0982965935
13.0876130584
13.0905888451
13.0630086894
13.1137005495
13.0822856201
13.0370573537
13.041143686
13.0385769836
13.0050160932
12.9773942726
13.0551961934
13.010770244
13.0209892397
13.0190195416
13.0239487738
13.0368447634
13.032565926
13.0454213734
13.0560950533
13.0630216077
13.0522739664
13.0058372226
13.0380927432
12.9936345346
13.0355453938
13.0091550325
12.9744243617
13.0261787091
13.0820690067
13.0494383838
13.0620618347
13.099463444
13.0555331063
13.0738432261
13.0747706584
13.0928167807
13.07942501
13.0317984973
13.037345155
13.0008692133
13.007092093
13.0200383345
13.0175626128
13.0288332549
13.065495689
13.0610203685
13.0800897479
13.099391219
13.1078129701
13.1066792842
13.077584577
13.069446754
13.0993384356
13.0571103247
13.0680913843
13.0791659053
13.0420993344
13.0566414983
13.0470167894
13.059516817
13.0276515654
13.043164877
13.0630553692
13.0734067574
13.0456307636
13.0701783354
13.0925575189
13.0942201197
13.092936943
13.120955533
13.1345800752
13.1107770149
13.1098310412
13.0714820589
13.0955005964
13.0386603304
13.0819393841
13.0317018041
13.0615445576
13.0955546218
13.025778046
13.0317582715
13.0587927346
13.0725838309
13.0618185609
13.0314903137
13.0944367886
13.0533765251
13.0961810968
13.0494283372
13.0587249247
13.0721985612
13.0705640428
13.0566874838
13.0766473832
13.0780526049
13.0655836143
13.0466637848
13.0524095581
13.0670346041
13.1118412499
13.0970530513
13.0730003819
13.061422682
13.0456486022
13.1001240744
13.058099869
13.0647538867
13.0746509123
13.0888053004
13.068405412
13.0849966136
13.0927408697
13.0589147835
13.0801039246
13.0743152513
13.116793993
13.079210214
13.0740777728
13.0971923569
13.0842324141
13.0604605249
13.0623327358
13.0795455576
13.0612545384
13.0804649172
13.0802039343
13.0544574973
13.0455653146
13.0398652229
13.0527796511
13.073068059
13.0651443757
13.0675427474
13.0836379344
13.0822458891
13.1041860085
13.0742173147
13.0914430615
13.0750967541
13.0796421868
13.0789028343
13.0901370533
13.0768448374
13.0935673531
13.0915194284
13.0892770846
13.1005593797
13.0880323716
13.0932465419
13.1218652275
13.1208639358
13.0831094153
13.1162887626
13.1010362843
13.0867521115
13.1162418071
13.0903389492
13.0366742848
13.0946850259
13.099757694
13.1427655031
13.1318690724
13.1318974143
13.127106237
13.17515789
13.1396940063
13.1404858207
13.1377534126
13.1695123996
13.1450774349
13.1365198036
13.1683091971
13.1800879817
13.1975997558
13.1803613511
13.182900062
13.1998969535
13.2042912728
13.1859191355
13.2058283554
13.2222374592
13.2510868176
13.2450867935
13.2757749097
13.3462305255
13.3165851074
13.3194079078
13.2905854842
13.3277015159
13.306051448
13.2938842719
13.3065724259
13.2659390072
13.3034983047
13.2467821502
13.2812313998
13.290658721
13.3208287397
13.3150993059
13.3311302194
13.3158460354
13.352420775
13.3410980547
13.3122434435
13.2989171583
13.2977918897
13.2639944154
13.2507191216
13.245261739
13.2165640358
13.2548458412
13.2384165537
13.2778674796
13.2935201064
13.3119372929
13.295375858
13.3013620373
13.2481974716
13.2754359216
13.2937730314
13.2759049442
13.3163791258
13.3055284421
13.316501942
13.3180689409
13.3379973508
13.357332181
13.3499218543
13.2950882
13.2812097304
13.2523414204
13.2336142906
13.2131151925
13.2224172436
13.2684906735
13.2599420725
13.2763104268
13.3120114623
13.3108914154
13.31115832
13.3153106258
13.2879064527
13.2733570597
13.2715279926
13.3075256026
13.2590366406
13.2620405437
13.2735238141
13.3085936358
13.3147531155
13.3557116672
13.3261669096
13.3297763251
13.3546841214
13.28046444
13.3082082913
13.2475327501
13.2283944498
13.2135054773
13.2520148867
13.2163909475
13.2272659412
13.2576389754
13.247570125
13.2644656315
13.2996286729
13.2843198758
13.2515959979
13.2372987589
13.2488408982
13.2642934346
13.2536752575
13.2288856295
13.3033836672
13.278168796
13.3062323401
13.3145106047
13.3472396193
13.3258919302
13.3030094235
13.2891557618
13.2611255862
13.263983462
13.2607985427
13.2207340117
13.2552061401
13.2448922734
13.2474876776
13.2750387258
13.2740757955
13.2957334022
13.3065014278
13.2591964985
13.259169431
13.2261283548
13.2930581168
13.2855808175
13.3035045418
13.2755408064
13.3379633197
13.3328224652
13.3402983841
13.360489262
13.3394673007
13.3872582469
13.359839369
13.316591705
13.2945682348
13.2755083928
13.2758735585
13.3103927504
13.3572383314
13.362248139
13.4034108621
13.4079304032
13.3876959507
13.4307238142
13.3850406029
13.4047326262
13.4060723859
13.3982624866
13.4260229712
13.4484246065
13.4026685249
13.387096227
13.3974829068
13.4158103929
13.389876849
13.395346827
13.4060355251
13.3727035449
13.3951911878
13.3678855003
13.4213801189
13.4390150141
13.4073478746
13.4761021544
13.4623958954
13.508473502
13.5237248368
13.4801901587
13.4457053798
13.4215924415
13.393155489
13.3854754914
13.3767898461
13.3514375506
13.3401379854
13.3677839668
13.3631231505
13.3945061569
13.3677279289
13.3860145473
13.4350149534
13.4299926661
13.4225666328
13.4209106624
13.4333021739
13.4647981789
13.4957064767
13.4481910937
13.4706018257
13.4890101214
13.4523171629
13.4325406385
13.4556691453
13.4164375541
13.4042003001
13.4154938727
13.4373579557
13.4110847902
13.3835710581
13.4119609471
13.3827750944
13.4036326129
13.3810801301
13.3774365674
13.3870476651
13.399251257
13.4286827647
13.4433484581
13.4565261774
13.4978222687
13.5033128226
13.503239342
13.5197744816
13.5157166925
13.4971038844
13.4994966824
13.4899981469
13.4651880019
13.5124774791
13.4881206285
13.522782799
13.5229380845
13.5070119227
13.4754969609
13.4926526619
13.4640290198
13.4545595024
13.4443752171
13.4819785829
13.4870024753
13.5168778194
13.5627453535
13.5322835582
13.5556599555
13.5861279283
13.5891422953
13.5609085957
13.5276600776
13.5560539118
13.5413627876
13.5127111579
13.5171756215
13.5585184448
13.5162805293
13.5375269465
13.5590036821
13.549062368
13.5867581511
13.5234982908
13.5380725466
13.537789032
13.5268512612
13.5397664403
13.5284111009
13.5476112411
13.5804118433
13.6201651059
13.6445887122
13.677360818
13.6465495086
13.6443563608
13.604196684
13.5964207276
13.584823245
13.5877847145
13.6099605788
13.5899310869
13.5982726754
13.6260197308
13.6009535351
13.5856218531
13.570676468
13.5790311756
13.6042725337
13.5606522823
13.6122205086
13.618039444
13.613038856
13.6010249538
13.6242233996
13.5630123161
13.5908130968
13.5994551454
13.6099122135
13.608398328
13.6040632817
13.5658953701
13.5462778328
13.5437004243
13.5258727076
13.5135689525
13.557562506
13.6098724783
13.5823699241
13.5561642306
13.6193509323
13.5647573003
13.5840497609
13.5426659679
13.5789750887
13.563717781
13.5243043391
13.5313322815
13.5371883127
13.5386942166
13.5222105309
13.5616117146
13.5552066374
13.5519646328
13.5184397588
13.5408989989
13.5166575935
13.5178180132
13.4618342553
13.5402556391
13.5754762381
13.557952599
13.5906455269
13.5807647447
13.55911699
13.5620372027
13.5324769733
13.5366361978
13.5058915912
13.4990706909
13.5180570277
13.486304754
13.504204674
13.5207359025
13.5120601283
13.487756828
13.4738139576
13.4960486845
13.5161998349
13.4934580643
13.500447663
13.4646147343
13.4423779696
13.4113094978
13.398704498
13.4207446159
13.3469907169
13.3117105613
13.3419063308
13.2917209426
13.3007274201
13.3097677552
13.3378216384
13.300512541
13.3657920862
13.3993363259
13.3961343468
13.4187925848
13.41477041
13.4265012553
13.422776695
13.4150236212
13.460643803
13.4399530365
13.4824971205
13.4345324802
13.4728280558
13.423227042
13.4424758315
13.4459192937
13.45334998
13.4110133812
13.406737007
13.4080999203
13.4350914874
13.4294087098
13.4144888429
13.4160637667
13.4041691544
13.4277997548
13.4461166264
13.4131266196
13.4702401385
13.4199364502
13.4401586225
13.4219892524
13.4105480536
13.4182800451
13.4028351675
13.423321312
13.4411595902
13.4588153865
13.4405852944
13.4781333324
13.4514660232
13.468541339
13.4341016357
13.4617249485
13.4619031519
13.4514236291
13.4270965674
13.4600519029
13.4722345175
13.479123625
13.462508271
13.4226375709
13.4817566939
13.4315553883
13.4233864705
13.4284484429
13.4146386201
13.3799264987
13.3730193075
13.4111088211
13.3768201016
13.4012095609
13.4030131276
13.4091901925
13.4533285903
13.4400632931
13.4733207379
13.4617494514
13.4843666042
13.4937936278
13.4980445763
13.5279293739
13.540171129
13.5339720755
13.5173988587
13.5533362148
13.4850838437
13.4890253189
13.4542174126
13.4451383692
13.4603361346
13.5232295747
13.4804004147
13.5144370972
13.5424813452
13.5285065908
13.568914986
13.5639814027
13.5325386845
13.5446378331
13.532420733
13.5464781014
13.5455382132
13.5392993126
13.5289661404
13.5683896843
13.5275803023
13.5154679293
13.5040479302
13.5213983175
13.461242436
13.461735085
13.4274844117
13.4316792988
13.4414004633
13.43279284
13.4349531701
13.4416355017
13.5078925048
13.5235640897
13.5447194391
13.5266408319
13.5286280339
13.5299814938
13.5621120461
13.558121077
13.5845893662
13.5364071584
13.5064271237
13.5361045792
13.5392720405
13.5231414953
13.508819898
13.5540041595
13.5290286285
13.5152216919
13.5211544777
13.5018329618
13.4983349079
13.4768118813
13.4729216096
13.4722954174
13.5094786035
13.51406527
13.513365298
13.5157594229
13.5503256084
13.5865113521
13.583656189
13.5987404635
13.5394270482
13.4953365124
13.5297556195
13.5241613508
13.5166063827
13.5232736763
13.4853083502
13.4966713714
13.5176204375
13.5035469219
13.4994950331
13.4867820888
13.4786389077
13.5065587655
13.5052524805
13.5859047948
13.5505307299
13.5872528306
13.5507007973
13.5849304067
13.5800573648
13.5622761333
13.5270642123
13.5300924143
13.545736627
13.4756823003
13.4885769709
13.5015085562
13.5232785016
13.4890623437
13.5492493586
13.5355000624
13.572173861
13.5797861526
13.5752104729
13.5492159244
13.5646289228
13.5556827023
13.5525770778
13.5704354645
13.5410351835
13.5419116649
13.5314987338
13.5051138938
13.509936415
13.5200832005
13.4919684088
13.497110386
13.4817057469
13.4824938028
13.4627662002
13.4641875924
13.4939281003
13.5315206501
13.5555673945
13.5328956281
13.558142336
13.5179134313
13.4867081692
13.5587170063
13.5135643111
13.5336183905
13.5128068877
13.5396463766
13.5466480256
13.5042988742
13.5142746204
13.4873858984
13.5142647798
13.5040109448
13.5005870551
13.4828324685
13.4814678655
13.4917737734
13.4470134346
13.4202712323
13.4668067881
13.4626961711
13.4453901724
13.4219009244
13.4535293651
13.4388730927
13.4538703933
13.4175667921
13.4361539646
13.4304258193
13.4951004718
13.4659928928
13.4907841415
13.4916471098
13.4898390561
13.478312039
13.5376322104
13.5036289897
13.4927224362
13.4688173515
13.4908374442
13.4883250352
13.4998221762
13.4928863176
13.4718747416
13.4983395101
13.5169002535
13.4925788792
13.4979766874
13.4902402811
13.4268195974
13.4700569681
13.4580282075
13.4421942059
13.4580881264
13.460422066
13.4461266582
13.4649641836
13.4522185062
13.4728315372
13.4637054876
13.4678441952
13.4818201895
13.5033822527
13.5038407462
13.5698066142
13.5452159905
13.4931331709
13.4664397538
13.4837779343
13.5063764685
13.468981792
13.5286262833
13.4869322265
13.4657262699
13.4691239094
13.4385602412
13.4800687447
13.4404995399
13.4689536972
13.4746130089
13.4472334112
13.4427702513
13.4502244413
13.5008450686
13.4815230605
13.4964299953
13.5082370752
13.5147738358
13.499164875
13.5117649426
13.4904647899
13.4956959594
13.47311703
13.5156555889
13.4875927233
13.4827467882
13.4391240159
13.4835984747
13.4538360561
13.4522120593
13.4698097225
13.4441128546
13.4538208277
13.427374067
13.4545008106
13.4733217492
13.492240948
13.5155219932
13.5465203508
13.5654765568
13.5101481397
13.5531983434
13.5298963104
13.5671248187
13.5351830148
13.5555093377
13.6008847681
13.5792583679
13.5648400719
13.5652626477
13.5854000215
13.5283676192
13.5093660025
13.5177171929
13.5090523859
13.4901797803
13.462577149
13.4966264772
13.4736793082
13.4678819093
13.4576181157
13.4859271768
13.4815827695
13.5107204787
13.4999075989
13.5204691425
13.5345654548
13.5503279685
13.5504843191
13.540098974
13.5262609378
13.5256594285
13.5467314628
13.5350513397
13.5391603743
13.5725288014
13.5481454677
13.5397731099
13.5130340161
13.5353566867
13.5189032898
13.5173063431
13.5172499375
13.4701937547
13.5201155015
13.509848255
13.4983898594
13.5257212092
13.5193818061
13.521788938
13.5333753984
13.5547765861
13.5537545008
13.5234121862
13.5338517436
13.4897374416
13.5153301427
13.5151884336
13.577138547
13.5342343824
13.5694816079
13.5703074966
13.5664350853
13.5683087423
13.5623953972
13.546468177
13.5336607254
13.5490990878
13.5252869345
13.5500055789
13.5557545245
13.5485926347
13.5616582765
13.5604615955
13.5695953708
13.5632702596
13.5415239593
13.5242912734
13.5622565041
13.5277435563
13.5234748142
13.5712984046
13.5546286943
13.5488234274
13.526486452
13.5316290722
13.6065914929
13.586545573
13.5527539781
13.6198507227
13.6220263482
13.6384074939
13.6252027108
13.5926817275
13.6029051999
13.568497044
13.5761262582
13.5851996389
13.5861057282
13.5904715308
13.6104993207
13.6020208274
13.5871685657
13.5725689333
13.5484807157
13.5205981022
13.5392988585
13.5613907379
13.5468680031
13.6287444589
13.6161736962
13.5844620537
13.565364639
13.5942529755
13.5732704748
13.5802436848
13.6068783393
13.6058821823
13.5769801427
13.6022571195
13.6157815101
13.5645748939
13.5601863213
13.5392334107
13.5024907149
13.5229672336
13.4974681212
13.485049652
13.504131603
13.5174476429
13.489410166
13.4703586828
13.5021775183
13.5016866491
13.5202341968
13.5280909356
13.5621012957
13.5565675034
13.5871803103
13.5656918734
13.5787744176
13.5569921613
13.5869318075
13.5717033828
13.5447458121
13.5668844917
13.5372668656
13.5352830907
13.5406495681
13.5463668357
13.5622576335
13.5162590713
13.507176241
13.5148455358
13.4712532493
13.4935519404
13.5388526085
13.5238174277
13.4946756326
13.5073891431
13.5046928552
13.5164970289
13.4941969239
13.5056686545
13.4959393227
13.4944819582
13.5244529442
13.5174544882
13.4950743497
13.5193488607
13.4801645893
13.5035195072
13.4782576546
13.4622041264
13.4937147056
13.4643798611
13.4567332559
13.4648961581
13.4210509266
13.4177541264
13.4376842216
13.4626999992
13.4148570457
13.4644541485
13.467209319
13.4550572245
13.4722816663
13.4638288502
13.4504885006
13.4549046259
13.4710891325
13.4300839029
13.4059181096
13.4394847107
13.4565185292
13.4210427857
13.4949290477
13.453664384
13.4815427993
13.4611587846
13.4515602784
13.4670405258
13.4313244474
13.476010296
13.4614250113
13.4268110604
13.4551414338
13.4355770219
13.4719839748
13.4453941077
13.4912397276
13.4583570959
13.4542943621
13.4512219782
13.4394590955
13.4773447011
13.4358647685
13.4622882091
13.4400937171
13.4426469833
13.4248797988
13.4469745916
13.4474447
13.4543155149
13.4069198532
13.437879112
13.468297037
13.4390099112
13.4744386513
13.4635841703
13.486268295
13.5010634138
13.4564863037
13.5083666461
13.489035718
13.5151292329
13.5071596628
13.4985178973
13.4602561079
13.4937178169
13.4709504493
13.4706271277
13.4163851597
13.4278640002
13.4428681697
13.441426804
13.4500876214
13.4335603022
13.4680058629
13.4657544398
13.481582694
13.4789532186
13.5068180361
13.5384816576
13.5138624247
13.5416118172
13.5859683296
13.5695548477
13.603842959
13.5237779913
13.5705386585
13.5333982003
13.5193105968
13.5232820638
13.5042140059
13.5189996785
13.5092908093
13.4932092903
13.4810625498
13.5063842322
13.5317519059
13.5083112277
13.5110117994
13.4825079682
13.4726571208
13.4732094488
13.4586317545
13.4887572322
13.5125962991
13.5109465559
13.5311200827
13.5355907571
13.5234293885
13.5015611807
13.5464098479
13.5296713517
13.5160328703
13.5344770836
13.5594494074
13.5088337923
13.5210290346
13.5085060633
13.5222792544
13.4974172292
13.5206332956
13.4851932283
13.5000590762
13.4891007416
13.4702456303
13.4836581274
13.48889842
13.4643981147
13.4815873388
13.4994348144
13.5406580534
13.519552571
13.5042857724
13.4920525115
13.544024827
13.5301855355
13.5513683162
13.5634923645
13.5476148494
13.559255382
13.5174997705
13.4984782521
13.521906286
13.4746944204
13.5068247825
13.524557589
13.5142651774
13.5180507375
13.4873306648
13.5292856434
13.47179884
13.4519310884
13.4694860502
13.4497599476
13.452492184
13.4721845166
13.4795123079
13.4636156876
13.4647989869
13.4679745792
13.4675367477
13.4980707591
13.4654725399
13.4726038757
13.4910490971
13.4808171938
13.4848747526
13.4888640129
13.4931666283
13.5059939235
13.5217267603
13.5235920321
13.5493329406
13.5221720559
13.5225256068
13.5106365564
13.5232946659
13.5402917263
13.5381431858
13.5336245501
13.5135831427
13.5523613484
13.513121431
13.5328017593
13.4914929956
13.4698008995
13.4838234845
13.5029703187
13.489601203
13.4887472265
13.4882875921
13.4714354925
13.5072812176
13.4927365386
13.4973522858
13.4609800341
13.4753731786
13.4707189772
13.505816514
13.5354282045
13.5031058368
13.5051848139
13.5233718481
13.4989963418
13.5020065143
13.5122154202
13.4823137423
13.4875465122
13.529576135
13.5384010691
13.5206864444
13.5162333957
13.5181017846
13.5305433657
13.515321333
13.4894380329
13.5339092132
13.4643552875
13.4516324694
13.404898881
13.419657205
13.4239709149
13.4447155127
13.4287492643
13.4463967011
13.4824469404
13.4515041622
13.4691954293
13.4891947652
13.4666817177
13.4861538705
13.4694474985
13.5071514896
13.533181719
13.5177983536
13.4862829744
13.4642524493
13.4956264888
13.4920747564
13.4995065001
13.4855242018
13.4835082196
13.4938045523
13.477553625
13.5208437068
13.5057445912
13.5172995522
13.5011447667
13.4871168627
13.4656462343
13.4814684562
13.4899752768
13.4670389543
13.503805887
13.512415566
13.4654535191
13.4589319851
13.4106889072
13.3794194997
13.4217815168
13.3725642339
13.3418133886
13.3010065134
13.3111024502
13.2639731563
13.2946304538
13.3416965195
13.3080489745
13.3622764712
13.3410304114
13.3319203912
13.3976516219
13.3692068501
13.395718116
13.3908330229
13.4109923624
13.3982665357
13.3955558649
13.3966675776
13.3953947199
13.4086649914
13.3888573328
13.4169786092
