-5.3265234375
-5.7863671875
-5.4287109375
-5.4798046875
-5.5308984375
-5.5819921875
-5.4287109375
-5.5564453125
-5.4287109375
-5.5308984375
-5.5308984375
-5.5819921875
-5.7352734375
-5.4798046875
-5.4287109375
-5.6841796875
-5.5308984375
-5.3776171875
-5.4798046875
-5.4287109375
-5.4287109375
-5.3776171875
-5.3265234375
-5.5819921875
-5.3776171875
-5.5308984375
-5.2243359375
-5.7863671875
-5.441484375
-5.4798046875
-5.5308984375
-5.3776171875
-5.4798046875
-5.4798046875
-5.3265234375
-5.5819921875
-5.5308984375
-5.3776171875
-5.2498828125
-5.4287109375
-5.5819921875
-5.4798046875
-5.7863671875
-5.3776171875
-5.7352734375
-5.6330859375
-5.6841796875
-5.5819921875
-5.4287109375
-5.7097265625
-5.4287109375
-5.3265234375
-5.3265234375
-5.3265234375
-5.6330859375
-5.3265234375
-5.4798046875
-5.3776171875
-5.6841796875
-5.4031640625
-5.7352734375
-5.4798046875
-5.4798046875
-5.4798046875
-5.3776171875
-5.4798046875
-5.6330859375
-5.5819921875
-5.2243359375
-5.518125
-5.6841796875
-5.3265234375
-5.3776171875
-5.3776171875
-5.3265234375
-5.5308984375
-5.5819921875
-5.3776171875
-5.3776171875
-5.4798046875
-5.594765625
-5.5819921875
-5.6330859375
-5.4798046875
-5.6841796875
-5.5308984375
-5.4287109375
-5.5308984375
-5.6330859375
-5.5308984375
-5.4798046875
-5.3776171875
-5.7863671875
-5.3265234375
-5.5308984375
-5.5308984375
-5.5819921875
-5.7352734375
-5.4798046875
-5.3265234375
-5.3265234375
-5.4798046875
-5.4287109375
-5.5819921875
-5.1732421875
-5.6330859375
-5.5819921875
-5.3776171875
-5.3265234375
-5.4798046875
-5.3776171875
-5.3776171875
-5.4798046875
-5.3265234375
-5.1732421875
-5.5308984375
-5.5308984375
-5.2754296875
-5.441484375
-5.3776171875
-5.4798046875
-5.0199609375
-5.4287109375
-5.4287109375
-5.6330859375
-5.5308984375
-5.5819921875
-5.4798046875
-5.4798046875
-5.6841796875
-5.1732421875
-5.4798046875
-5.6330859375
-5.8374609375
-5.5819921875
-5.0710546875
-5.3265234375
-5.3776171875
-5.441484375
-5.4287109375
-5.3776171875
-5.2754296875
-5.2754296875
-5.3776171875
-5.3776171875
-5.4287109375
-5.8885546875
-5.3776171875
-5.3265234375
-5.4287109375
-5.2243359375
-5.5819921875
-5.4798046875
-5.5308984375
-5.5308984375
-5.4798046875
-5.3776171875
-5.4798046875
-5.3776171875
-5.3776171875
-5.3265234375
-5.3776171875
-5.5308984375
-5.3776171875
-5.5308984375
-5.5308984375
-5.6841796875
-5.4798046875
-5.3265234375
-5.4798046875
-5.3776171875
-5.6330859375
-5.9396484375
-5.3265234375
-5.6330859375
-5.5308984375
-5.4287109375
-5.5308984375
-5.6841796875
-5.5564453125
-5.2754296875
-5.3265234375
-5.4798046875
-5.2243359375
-5.6330859375
-5.5308984375
-5.6330859375
-5.4287109375
-5.5819921875
-5.594765625
-5.6330859375
-5.4287109375
-5.5819921875
-5.5819921875
-5.4287109375
-5.6330859375
-5.2754296875
-5.4287109375
-5.3265234375
-5.7097265625
-5.4798046875
-5.5819921875
-5.2754296875
-5.2754296875
-5.5819921875
-5.4798046875
-5.4798046875
-5.6841796875
-5.3265234375
-5.5819921875
-5.3776171875
-5.3265234375
-5.6330859375
-5.5819921875
-5.2243359375
-5.5308984375
-5.5308984375
-5.4287109375
-5.6841796875
-5.7863671875
-5.1732421875
-5.3776171875
-5.594765625
-5.4287109375
-5.5308984375
-5.5308984375
-5.3776171875
-5.5819921875
-5.7352734375
-5.5819921875
-5.6330859375
-5.3265234375
-5.4287109375
-5.4031640625
-5.4798046875
-5.5819921875
-5.5308984375
-5.4798046875
-5.3776171875
-5.5308984375
-5.4287109375
-5.6330859375
-5.4031640625
-5.3776171875
-5.6330859375
-5.7352734375
-5.3265234375
-5.4798046875
-5.6330859375
-5.4798046875
-5.4798046875
-5.441484375
-5.8374609375
-5.5308984375
-5.6330859375
-5.2754296875
-5.4798046875
-5.4287109375
-5.5308984375
-5.5308984375
-5.7863671875
-5.4287109375
-5.518125
-5.6330859375
-5.6330859375
-5.4287109375
-5.4798046875
-5.5819921875
-5.7863671875
-5.3265234375
-5.4287109375
-5.518125
-5.5819921875
-5.3265234375
-5.5308984375
-5.8885546875
-5.4287109375
-5.3776171875
-5.4798046875
-5.7352734375
-5.6330859375
-5.518125
-5.3265234375
-5.3776171875
-5.6330859375
-5.3776171875
-5.4798046875
-5.3265234375
-5.4798046875
-5.5819921875
-5.2754296875
-5.4798046875
-5.6841796875
-5.3776171875
-5.6330859375
-5.5819921875
-5.7097265625
-5.4798046875
-5.5308984375
-5.4287109375
-5.3776171875
-5.5308984375
-5.6330859375
-5.4287109375
-5.3265234375
-5.4287109375
-5.441484375
-5.6330859375
-5.4798046875
-5.6330859375
-5.8885546875
-5.8374609375
-5.1732421875
-5.7352734375
-5.2754296875
-5.7863671875
-5.5819921875
-5.6330859375
-5.3265234375
-5.5819921875
-5.8374609375
-5.3265234375
-5.6330859375
-5.4287109375
-5.3265234375
-5.3265234375
-5.3265234375
-5.594765625
-5.4798046875
-5.4798046875
-5.4798046875
-5.5819921875
-5.7863671875
-5.5819921875
-5.3776171875
-5.4031640625
-5.5308984375
-5.5819921875
-5.4287109375
-5.5308984375
-5.4287109375
-5.7352734375
-5.4798046875
-5.4798046875
-5.2754296875
-5.4287109375
-5.518125
-5.5819921875
-5.4798046875
-5.5819921875
-5.3265234375
-5.2243359375
-5.4798046875
-5.4287109375
-5.4287109375
-5.5819921875
-5.36484375
-5.6330859375
-5.4287109375
-5.3776171875
-5.5308984375
-5.5308984375
-5.3776171875
-5.3265234375
-5.6330859375
-5.1221484375
-5.5308984375
-5.1221484375
-5.4798046875
-5.3265234375
-5.2243359375
-5.5819921875
-5.3265234375
-5.7352734375
-5.4798046875
-5.4798046875
-5.4798046875
-5.2754296875
-5.7863671875
-5.5819921875
-5.3265234375
-5.594765625
-5.5819921875
-5.5819921875
-5.5308984375
-5.6841796875
-5.3776171875
-5.5308984375
-5.5819921875
-5.3776171875
-5.6841796875
-5.3265234375
-5.6330859375
-5.6330859375
-5.3776171875
-5.7863671875
-5.6330859375
-5.4798046875
-5.6330859375
-5.6330859375
-5.5308984375
-5.2243359375
-5.3776171875
-5.67140625
-5.6330859375
-5.5308984375
-5.5308984375
-5.7352734375
-5.5308984375
-5.5308984375
-5.748046875
-5.5564453125
-5.4798046875
-5.518125
-5.6330859375
-5.4798046875
-5.5308984375
-5.7352734375
-5.4798046875
-5.6841796875
-5.4287109375
-5.3265234375
-5.1732421875
-5.67140625
-5.4287109375
-5.2754296875
-5.5308984375
-5.5819921875
-5.4798046875
-5.3776171875
-5.7097265625
-5.3265234375
-5.1732421875
-5.518125
-5.3776171875
-5.3265234375
-5.6841796875
-5.4798046875
-5.5819921875
-5.6330859375
-5.36484375
-5.3265234375
-5.3265234375
-5.5564453125
-5.518125
-5.4798046875
-5.2754296875
-5.3776171875
-5.2754296875
-5.5308984375
-5.6330859375
-5.4287109375
-5.3776171875
-5.2243359375
-5.2243359375
-5.3265234375
-5.3776171875
-5.4798046875
-5.4798046875
-5.4798046875
-5.5819921875
-5.4287109375
-5.2754296875
-5.3265234375
-5.2243359375
-5.3776171875
-5.5308984375
-5.3776171875
-5.2243359375
-5.4798046875
-5.6330859375
-5.4798046875
-5.518125
-5.6330859375
-5.3776171875
-5.5819921875
-5.6330859375
-5.5819921875
-5.7352734375
-5.2754296875
-5.2754296875
-5.3265234375
-5.4287109375
-5.2498828125
-5.5819921875
-5.6330859375
-5.5308984375
-5.4798046875
-5.5819921875
-5.2754296875
-5.5308984375
-5.3265234375
-5.3265234375
-5.3776171875
-5.5819921875
-5.2754296875
-5.5308984375
-5.5819921875
-5.5819921875
-5.4287109375
-5.5308984375
-5.5819921875
-5.4031640625
-5.1221484375
-5.7863671875
-5.3776171875
-5.3265234375
-5.4798046875
-5.3776171875
-5.5819921875
-5.594765625
-5.4287109375
-5.4798046875
-5.4798046875
-5.5308984375
-5.3776171875
-5.6330859375
-5.2243359375
-5.2754296875
-5.441484375
-5.4287109375
-5.5308984375
-5.1221484375
-5.4287109375
-5.3776171875
-5.5308984375
-5.3776171875
-5.4798046875
-5.5308984375
-5.4798046875
-4.9433203125
-5.288203125
-5.3776171875
-5.2754296875
-5.5308984375
-5.1732421875
-5.5308984375
-5.3265234375
-5.2754296875
-5.3265234375
-5.3265234375
-5.4031640625
-5.4798046875
-5.1221484375
-5.2243359375
-5.4798046875
-5.6841796875
-5.3265234375
-5.4798046875
-5.2754296875
-5.3776171875
-5.6330859375
-5.3776171875
-5.4287109375
-5.4798046875
-5.4287109375
-5.2243359375
-5.3776171875
-5.3265234375
-5.2243359375
-5.4287109375
-5.1221484375
-5.3776171875
-5.2243359375
-4.9688671875
-5.2754296875
-5.36484375
-5.1732421875
-5.2243359375
-5.2243359375
-5.2754296875
-5.3265234375
-5.1221484375
-5.2754296875
-5.2243359375
-5.3265234375
-5.1732421875
-5.2115625
-5.4798046875
-5.2243359375
-5.3776171875
-5.0199609375
-5.2754296875
-5.3265234375
-5.3776171875
-5.4798046875
-5.5308984375
-5.4031640625
-5.4798046875
-5.2243359375
-4.8666796875
-5.2754296875
-5.2754296875
-5.2754296875
-5.2754296875
-5.3265234375
-4.9688671875
-5.4031640625
-5.5819921875
-5.0710546875
-5.3265234375
-5.3265234375
-5.3265234375
-5.2754296875
-5.3265234375
-5.1732421875
-5.5819921875
-5.1221484375
-5.2115625
-5.1221484375
-5.1732421875
-5.0199609375
-5.1221484375
-5.0710546875
-5.3776171875
-5.2243359375
-5.2754296875
-5.1221484375
-5.0966015625
-5.5308984375
-5.2754296875
-5.1732421875
-5.1732421875
-5.1221484375
-5.1221484375
-5.6330859375
-5.1221484375
-5.288203125
-5.1732421875
-5.2754296875
-5.2754296875
-5.3776171875
-5.4287109375
-5.1732421875
-5.1732421875
-5.3776171875
-5.2754296875
-5.3776171875
-5.0199609375
-5.1732421875
-5.2243359375
-5.1732421875
-5.1221484375
-5.3776171875
-5.1732421875
-5.4287109375
-5.0199609375
-5.1732421875
-4.981640625
-5.1732421875
-5.1732421875
-5.0710546875
-5.2754296875
-5.0710546875
-5.3265234375
-5.2243359375
-5.2754296875
-5.1732421875
-5.134921875
-5.2243359375
-5.0199609375
-5.1732421875
-5.0199609375
-5.1732421875
-5.2243359375
-5.0710546875
-5.0710546875
-4.9177734375
-5.1732421875
-5.1732421875
-5.0710546875
-4.8155859375
-4.9688671875
-5.1732421875
-5.2754296875
-5.1221484375
-5.3265234375
-5.2754296875
-5.05828125
-5.3776171875
-5.0710546875
-5.0710546875
-4.8155859375
-5.0199609375
-5.1732421875
-5.2243359375
-5.1221484375
-5.1221484375
-5.1732421875
-4.8666796875
-5.0199609375
-5.2243359375
-5.0199609375
-5.1732421875
-5.1732421875
-5.2754296875
-5.2754296875
-5.1732421875
-5.0710546875
-5.134921875
-5.1732421875
-5.1732421875
-4.8666796875
-5.0199609375
-4.9177734375
-5.1221484375
-4.9177734375
-4.9688671875
-5.0199609375
-5.05828125
-4.8155859375
-5.2243359375
-4.9177734375
-5.1221484375
-4.9177734375
-5.1732421875
-5.0199609375
-5.3265234375
-5.0199609375
-5.0199609375
-5.1221484375
-4.9688671875
-5.1732421875
-5.0199609375
-5.0710546875
-5.1221484375
-5.4287109375
-5.0710546875
-4.8666796875
-5.0710546875
-5.134921875
-4.8155859375
-4.7133984375
-5.1221484375
-5.0199609375
-5.2754296875
-4.8155859375
-5.2754296875
-4.8155859375
-5.1221484375
-4.8666796875
-4.8155859375
-5.2243359375
-4.9688671875
-4.9177734375
-4.9688671875
-4.8666796875
-5.0710546875
-5.1732421875
-5.0710546875
-4.8666796875
-5.0199609375
-5.0710546875
-5.3776171875
-5.1221484375
-4.9177734375
-4.9177734375
-4.9688671875
-4.9177734375
-5.2243359375
-5.0710546875
-4.7133984375
-4.9688671875
-4.8666796875
-5.1732421875
-4.905
-4.8155859375
-4.9688671875
-5.1221484375
-5.0199609375
-4.9688671875
-5.0710546875
-4.9177734375
-5.0710546875
-4.9177734375
-4.7644921875
-5.0966015625
-4.9688671875
-5.1221484375
-5.1221484375
-5.0199609375
-4.8666796875
-4.8666796875
-4.9688671875
-4.9177734375
-4.8155859375
-5.05828125
-4.9177734375
-4.9688671875
-4.6623046875
-5.2243359375
-4.9177734375
-5.0710546875
-4.8666796875
-4.8155859375
-4.7133984375
-4.7644921875
-4.8155859375
-4.8666796875
-5.0710546875
-4.6623046875
-4.6112109375
-4.8155859375
-4.9688671875
-4.9177734375
-4.8666796875
-4.7900390625
-4.8155859375
-4.9688671875
-4.9177734375
-4.7644921875
-4.9688671875
-4.8155859375
-4.8155859375
-4.6623046875
-4.7644921875
-4.8666796875
-4.6623046875
-4.8155859375
-4.8666796875
-4.8666796875
-4.9177734375
-4.8666796875
-5.1221484375
-4.7644921875
-5.0199609375
-4.8666796875
-4.5601171875
-4.7133984375
-5.0199609375
-4.7133984375
-4.8666796875
-4.9177734375
-4.6623046875
-4.8666796875
-4.828359375
-4.5090234375
-4.7644921875
-4.7644921875
-4.8666796875
-4.8155859375
-4.8666796875
-4.6112109375
-4.9688671875
-5.0199609375
-5.1221484375
-5.0966015625
-4.7133984375
-5.1221484375
-4.6623046875
-4.6112109375
-5.0710546875
-4.7644921875
-4.7644921875
-4.981640625
-4.8155859375
-4.9177734375
-4.7133984375
-4.8666796875
-4.6112109375
-5.0199609375
-4.9177734375
-4.7644921875
-4.9177734375
-4.7900390625
-5.0710546875
-4.6623046875
-4.8666796875
-4.9177734375
-4.7133984375
-4.9688671875
-4.8155859375
-4.8666796875
-4.7644921875
-4.6112109375
-4.675078125
-4.9177734375
-4.6112109375
-4.7644921875
-4.5601171875
-4.9688671875
-4.7133984375
-4.7133984375
-4.75171875
-4.7133984375
-4.7133984375
-4.7644921875
-4.6623046875
-4.8155859375
-4.3557421875
-4.5601171875
-4.7133984375
-4.675078125
-4.5601171875
-4.6623046875
-4.905
-4.6623046875
-4.7644921875
-4.5601171875
-4.6623046875
-4.8666796875
-4.6623046875
-4.5090234375
-4.8155859375
-4.8666796875
-4.75171875
-4.5090234375
-4.5601171875
-4.6112109375
-4.7133984375
-4.6112109375
-4.8155859375
-4.8155859375
-4.7133984375
-4.4068359375
-4.5601171875
-4.6623046875
-4.5090234375
-4.6623046875
-4.7644921875
-4.5601171875
-4.3046484375
-4.5601171875
-4.6623046875
-4.6623046875
-4.6623046875
-4.7133984375
-4.7133984375
-4.6623046875
-4.7133984375
-4.6112109375
-4.6623046875
-4.521796875
-4.4068359375
-4.5601171875
-4.7133984375
-4.5601171875
-4.5601171875
-4.3557421875
-4.5090234375
-4.3557421875
-4.5601171875
-4.75171875
-4.4579296875
-4.4068359375
-4.5601171875
-4.4579296875
-4.5090234375
-4.6112109375
-4.5090234375
-4.5090234375
-4.5601171875
-4.7900390625
-4.4834765625
-4.4579296875
-4.4579296875
-4.4579296875
-4.5090234375
-4.3046484375
-4.3557421875
-4.5601171875
-4.5601171875
-4.8666796875
-4.5601171875
-4.5601171875
-4.6112109375
-4.5601171875
-4.4579296875
-4.5601171875
-4.3557421875
-4.5601171875
-4.2024609375
-4.5984375
-4.3557421875
-4.6112109375
-4.7644921875
-4.6623046875
-4.7644921875
-4.6112109375
-4.6112109375
-4.6623046875
-4.4068359375
-4.5601171875
-4.5601171875
-4.5090234375
-4.4579296875
-4.4068359375
-4.6112109375
-4.6112109375
-4.291875
-4.8155859375
-4.6623046875
-4.6112109375
-4.3557421875
-4.4068359375
-4.5090234375
-4.6112109375
-4.3046484375
-4.521796875
-4.7133984375
-4.3046484375
-4.5090234375
-4.3557421875
-4.3557421875
-4.5601171875
-4.4579296875
-4.5601171875
-4.7644921875
-4.4579296875
-4.6112109375
-4.4068359375
-4.5601171875
-4.1513671875
-4.4834765625
-4.4579296875
-4.4579296875
-4.5090234375
-4.3046484375
-4.3046484375
-4.3557421875
-4.2024609375
-4.5601171875
-4.4834765625
-4.1002734375
-3.9469921875
-4.2024609375
-4.4068359375
-4.2024609375
-4.4068359375
-4.5090234375
-4.4068359375
-4.3557421875
-4.3557421875
-4.3301953125
-4.2024609375
-4.3557421875
-4.3557421875
-4.3557421875
-4.3046484375
-4.3557421875
-4.3046484375
-4.1513671875
-4.2535546875
-4.1002734375
-4.3557421875
-4.3557421875
-4.1513671875
-4.3557421875
-4.1002734375
-4.1002734375
-4.3046484375
-4.1002734375
-4.2535546875
-4.291875
-3.8958984375
-4.3046484375
-4.3046484375
-4.1513671875
-4.2535546875
-4.4579296875
-4.1513671875
-4.2535546875
-3.8958984375
-4.2535546875
-4.0491796875
-4.2535546875
-4.1002734375
-4.1513671875
-4.3046484375
-4.13859375
-4.2024609375
-4.3557421875
-4.1002734375
-4.1513671875
-4.1513671875
-3.9980859375
-4.0491796875
-4.0491796875
-4.2024609375
-3.7937109375
-4.0236328125
-4.1002734375
-4.1002734375
-3.9980859375
-4.1513671875
-4.0491796875
-4.2535546875
-4.3557421875
-4.1513671875
-4.2024609375
-4.0236328125
-4.0491796875
-3.9469921875
-3.9469921875
-3.8448046875
-3.9980859375
-3.9469921875
-3.9469921875
-3.9469921875
-3.9469921875
-3.8703515625
-3.7937109375
-3.8448046875
-3.8448046875
-3.7426171875
-3.7426171875
-3.9980859375
-3.8958984375
-3.6915234375
-3.6404296875
-3.83203125
-3.5893359375
-3.9469921875
-3.8448046875
-3.9469921875
-3.8958984375
-3.6915234375
-3.9469921875
-3.9980859375
-3.9469921875
-3.908671875
-3.9980859375
-4.0491796875
-3.9980859375
-3.8448046875
-3.6915234375
-3.7937109375
-3.7937109375
-3.9469921875
-3.6915234375
-3.7937109375
-3.908671875
-3.8448046875
-3.6915234375
-3.8958984375
-3.7426171875
-3.8958984375
-3.6915234375
-3.7937109375
-3.6404296875
-3.9469921875
-3.6404296875
-3.6915234375
-3.8448046875
-3.7937109375
-3.7426171875
-3.4360546875
-3.7937109375
-3.5382421875
-3.7937109375
-3.602109375
-3.5893359375
-3.4871484375
-3.5893359375
-3.6915234375
-3.8448046875
-3.9469921875
-3.5893359375
-3.8448046875
-3.8703515625
-3.6404296875
-3.8958984375
-3.6915234375
-3.8448046875
-3.5893359375
-3.4360546875
-3.7937109375
-3.8448046875
-3.8958984375
-3.4871484375
-3.5893359375
-3.6915234375
-3.4871484375
-3.7937109375
-3.8448046875
-3.2827734375
-3.4871484375
-3.6404296875
-3.4105078125
-3.67875
-3.5893359375
-3.8958984375
-3.7426171875
-3.7426171875
-3.6915234375
-3.7426171875
-3.6404296875
-3.6404296875
-3.5382421875
-3.5382421875
-3.4105078125
-3.5893359375
-3.8958984375
-3.5382421875
-3.4871484375
-3.3849609375
-3.5382421875
-3.6915234375
-3.7937109375
-3.5893359375
-3.5637890625
-3.2827734375
-3.5382421875
-3.3849609375
-3.4360546875
-3.4871484375
-3.3849609375
-3.3849609375
-3.5893359375
-3.2316796875
-3.3849609375
-3.1805859375
-3.2316796875
-3.2316796875
-3.0783984375
-3.3338671875
-3.1294921875
-3.0783984375
-3.1805859375
-3.0783984375
-2.9762109375
-3.0273046875
-2.8740234375
-3.1805859375
-2.9762109375
-3.0783984375
-2.8740234375
-3.3338671875
-3.1805859375
-3.1805859375
-3.0783984375
-3.1294921875
-3.2316796875
-3.1294921875
-3.0783984375
-3.2827734375
-3.1294921875
-3.0783984375
-3.2572265625
-3.0273046875
-3.0273046875
-3.1294921875
-2.8740234375
-3.1294921875
-2.7718359375
-3.0273046875
-2.9251171875
-3.1294921875
-2.8229296875
-3.065625
-3.0273046875
-3.0273046875
-2.8740234375
-2.9762109375
-2.8740234375
-2.8229296875
-3.0783984375
-3.21890625
-2.9762109375
-2.8740234375
-2.9762109375
-3.0273046875
-2.9251171875
-2.9251171875
-3.0783984375
-3.0273046875
-2.9762109375
-2.9251171875
-3.21890625
-2.9762109375
-2.9251171875
-3.1294921875
-2.7718359375
-3.0273046875
-2.8740234375
-2.9251171875
-2.8740234375
-2.9251171875
-2.7207421875
-2.8740234375
-3.0783984375
-2.4652734375
-2.8740234375
-2.7207421875
-2.7718359375
-2.7718359375
-2.8229296875
-2.6696484375
-2.91234375
-2.6696484375
-2.7207421875
-2.4652734375
-3.0783984375
-2.6185546875
-2.7207421875
-2.7207421875
-2.7207421875
-2.8229296875
-2.7207421875
-2.7973828125
-2.5674609375
-2.5674609375
-2.6185546875
-2.7207421875
-2.9762109375
-2.8229296875
-2.9251171875
-2.6696484375
-2.8740234375
-2.6696484375
-2.6696484375
-2.6696484375
-2.9762109375
-2.7207421875
-2.7718359375
-2.8740234375
-2.8740234375
-2.6696484375
-2.3119921875
-2.5674609375
-2.6696484375
-2.7718359375
-2.5674609375
-2.3630859375
-2.5674609375
-2.7718359375
-2.60578125
-2.7718359375
-2.5674609375
-2.7207421875
-2.6696484375
-2.5163671875
-2.4141796875
-2.6696484375
-2.7718359375
-2.5163671875
-2.7718359375
-2.60578125
-2.5674609375
-2.7207421875
-2.5674609375
-2.7207421875
-2.6696484375
-2.6185546875
-2.7207421875
-2.5163671875
-2.6696484375
-2.60578125
-2.6185546875
-2.5163671875
-2.5163671875
-2.3630859375
-2.6185546875
-2.3630859375
-2.3630859375
-2.5674609375
-2.6185546875
-2.3630859375
-2.375859375
-2.2608984375
-2.3630859375
-2.5674609375
-2.5163671875
-2.6185546875
-2.2098046875
-2.5674609375
-2.2608984375
-2.3630859375
-2.375859375
-2.3630859375
-2.4652734375
-2.4141796875
-2.4652734375
-2.2098046875
-2.3119921875
-2.1587109375
-2.3630859375
-2.6185546875
-2.2608984375
-2.5674609375
-2.5674609375
-2.2608984375
-2.2098046875
-2.1587109375
-2.2608984375
-2.0054296875
-2.3119921875
-2.3119921875
-2.1076171875
-2.375859375
-2.1587109375
-2.5163671875
-2.2098046875
-2.4652734375
-2.2608984375
-2.1587109375
-2.2608984375
-2.5674609375
-2.4141796875
-2.3375390625
-2.4652734375
-2.3630859375
-2.1076171875
-2.3630859375
-2.5163671875
-2.5674609375
-2.4652734375
-2.1076171875
-2.3119921875
-2.222578125
-2.1076171875
-2.2608984375
-2.2098046875
-2.3630859375
-2.3119921875
-2.4652734375
-2.4141796875
-2.4652734375
-2.2098046875
-2.1587109375
-2.0309765625
-2.1076171875
-2.3630859375
-2.3630859375
-2.1587109375
-2.0054296875
-1.8521484375
-1.9032421875
-2.1587109375
-1.9032421875
-1.916015625
-1.6988671875
-1.8010546875
-1.9543359375
-1.9543359375
-2.0054296875
-2.2608984375
-1.8521484375
-2.1076171875
-1.7244140625
-2.1076171875
-1.9543359375
-2.1587109375
-2.2098046875
-2.0054296875
-2.3119921875
-1.8521484375
-2.3119921875
-1.8521484375
-2.1587109375
-2.2608984375
-2.1459375
-2.2098046875
-1.8521484375
-2.1076171875
-2.0054296875
-2.0054296875
-1.9032421875
-2.0565234375
-1.8010546875
-1.8010546875
-1.99265625
-1.9543359375
-1.9543359375
-1.7499609375
-1.7499609375
-1.6477734375
-1.9032421875
-1.9032421875
-1.5455859375
-2.0054296875
-1.8010546875
-1.8010546875
-1.9543359375
-1.5455859375
-1.7499609375
-1.7499609375
-2.0565234375
-1.9032421875
-1.7499609375
-1.7499609375
-1.8010546875
-1.9543359375
-1.8521484375
-1.6988671875
-1.7499609375
-1.8010546875
-1.8521484375
-2.0054296875
-1.7499609375
-1.9543359375
-1.7499609375
-1.8521484375
-1.839375
-1.8010546875
-1.9032421875
-1.8521484375
-1.6477734375
-1.8521484375
-1.5966796875
-1.8010546875
-1.8010546875
-1.6477734375
-1.68609375
-1.5455859375
-1.4944921875
-1.6988671875
-1.5455859375
-1.9032421875
-2.1076171875
-1.3923046875
-1.8521484375
-1.6988671875
-1.7244140625
-1.6477734375
-1.4433984375
-1.8010546875
-1.7499609375
-1.5455859375
-1.4944921875
-1.3412109375
-1.6477734375
-1.6477734375
-1.8010546875
-1.6988671875
-1.6477734375
-1.6477734375
-1.5455859375
-1.7499609375
-1.3412109375
-1.5455859375
-1.6988671875
-1.839375
-1.6477734375
-1.8521484375
-1.9543359375
-1.5966796875
-1.3412109375
-1.8010546875
-1.7244140625
-1.4178515625
-1.4433984375
-1.7499609375
-1.6988671875
-1.5966796875
-1.3923046875
-1.5455859375
-1.5966796875
-1.5455859375
-1.4944921875
-1.6988671875
-1.4433984375
-1.4944921875
-1.4944921875
-1.5455859375
-1.4433984375
-1.2390234375
-1.7499609375
-1.5966796875
-1.2901171875
-1.4433984375
-1.6477734375
-1.3412109375
-1.5455859375
-1.6477734375
-1.4944921875
-1.3412109375
-1.4944921875
-1.6477734375
-1.2390234375
-1.6477734375
-1.5966796875
-1.3412109375
-1.3923046875
-1.4944921875
-1.7499609375
-1.5966796875
-1.456171875
-1.3923046875
-1.4433984375
-1.5455859375
-1.5455859375
-1.4433984375
-1.5966796875
-1.6477734375
-1.4433984375
-1.2901171875
-1.5455859375
-1.3412109375
-1.3412109375
-1.1368359375
-1.0857421875
-1.4944921875
-1.7499609375
-1.2901171875
-1.8010546875
-1.2390234375
-1.5455859375
-1.4433984375
-1.1368359375
-1.2390234375
-1.2901171875
-1.2901171875
-1.1368359375
-1.37953125
-1.4944921875
-1.2390234375
-0.9324609375
-0.9324609375
-1.0857421875
-1.2901171875
-0.8813671875
-0.9835546875
-1.2390234375
-1.37953125
-1.0857421875
-1.2901171875
-1.0346484375
-0.9835546875
-1.4433984375
-1.0346484375
-1.1879296875
-1.2901171875
-0.9835546875
-1.07296875
-1.0857421875
-1.1368359375
-1.1368359375
-1.1368359375
-1.1879296875
-1.0857421875
-1.0857421875
-1.2901171875
-1.4944921875
-1.2390234375
-1.149609375
-1.0346484375
-0.9835546875
-1.3412109375
-1.3923046875
-1.1879296875
-0.9324609375
-0.9835546875
-0.9835546875
-1.0857421875
-0.996328125
-1.0346484375
-0.8813671875
-1.1879296875
-0.9324609375
-1.0857421875
-1.1368359375
-1.1368359375
-1.2390234375
-1.0857421875
-0.76640625
-0.9835546875
-0.9835546875
-1.0857421875
-1.1368359375
-1.1879296875
-1.0346484375
-1.1368359375
-1.1879296875
-1.1879296875
-0.9196875
-1.0857421875
-1.0857421875
-1.2390234375
-1.2390234375
-1.0346484375
-1.1879296875
-0.9324609375
-1.0857421875
-1.0857421875
-0.7791796875
-0.8047265625
-0.9324609375
-0.9324609375
-0.8813671875
-0.7280859375
-0.8302734375
-0.9324609375
-0.9324609375
-0.9835546875
-0.8302734375
-0.843046875
-0.8302734375
-1.0346484375
-0.4726171875
-0.9835546875
-0.7791796875
-1.0346484375
-1.0346484375
-0.6769921875
-0.9324609375
-0.9580078125
-0.9835546875
-0.9324609375
-1.1368359375
-0.8813671875
-1.0346484375
-0.9835546875
-0.9835546875
-0.9835546875
-0.8813671875
-0.9580078125
-1.1879296875
-0.8813671875
-0.6258984375
-0.9835546875
-0.9835546875
-0.8813671875
-0.9835546875
-0.9196875
-0.8302734375
-0.8302734375
-0.9324609375
-0.8302734375
-0.6258984375
-0.9324609375
-1.0346484375
-0.8813671875
-0.5237109375
-0.8302734375
-0.996328125
-0.8813671875
-0.6769921875
-0.7791796875
-0.6769921875
-0.8302734375
-0.8302734375
-0.7280859375
-0.7791796875
-1.1368359375
-0.5748046875
-0.7280859375
-0.7280859375
-0.8302734375
-0.7280859375
-0.5237109375
-0.8302734375
-0.9835546875
-1.0346484375
-0.7791796875
-0.689765625
-0.8302734375
-0.9835546875
-0.8813671875
-0.7791796875
-0.6258984375
-1.0346484375
-0.9324609375
-1.0346484375
-0.5237109375
-0.7791796875
-0.9196875
-0.6769921875
-0.8302734375
-0.7791796875
-0.9835546875
-0.7280859375
-0.7791796875
-0.7791796875
-0.6258984375
-0.7791796875
-1.0346484375
-0.7791796875
-0.6769921875
-0.9324609375
-0.8813671875
-0.4726171875
-0.6769921875
-0.6769921875
-0.7280859375
-0.6769921875
-0.6514453125
-0.9324609375
-0.6769921875
-0.9324609375
-0.5237109375
-0.4726171875
-0.7791796875
-1.0857421875
-0.8047265625
-0.6258984375
-0.5237109375
-0.5748046875
-0.7791796875
-0.7791796875
-0.7791796875
-0.7280859375
-0.4215234375
-0.8813671875
-0.76640625
-0.7791796875
-0.9835546875
-0.8302734375
-0.7280859375
-0.9324609375
-0.8302734375
-0.9324609375
-0.9835546875
-0.9324609375
-0.8813671875
-0.7791796875
-0.2682421875
-0.7791796875
-0.9324609375
-0.6769921875
-0.6769921875
-0.4215234375
-0.7791796875
-0.5237109375
-0.4726171875
-0.613125
-0.8302734375
-0.7280859375
-0.6769921875
-0.4215234375
-0.6769921875
-0.6258984375
-0.9324609375
-0.7791796875
-0.5748046875
-0.8302734375
-0.4215234375
-0.7280859375
-0.5748046875
-0.6769921875
-0.4726171875
-0.6769921875
-0.4726171875
-0.8302734375
-0.8047265625
-0.4726171875
-0.1660546875
-0.2171484375
-0.3704296875
-0.3704296875
-0.0638671875
-0.0127734375
-0.2682421875
-0.2171484375
-0.0638671875
-0.1149609375
-0.0638671875
-0.2682421875
-0.3193359375
-0.2682421875
-0.2682421875
-0.4215234375
-0.4726171875
-0.5237109375
-0.5237109375
-0.229921875
-0.3193359375
-0.6258984375
-0.5237109375
-0.3193359375
-0.1149609375
-0.6258984375
-0.5237109375
-0.5748046875
-0.3704296875
-0.4726171875
-0.3065625
-0.6258984375
-0.2682421875
-0.1660546875
-0.1149609375
-0.6258984375
-0.4726171875
-0.4215234375
-0.2682421875
-0.4726171875
-0.383203125
-0.4726171875
-0.4726171875
-0.3704296875
-0.4215234375
-0.4215234375
-0.5237109375
-0.1660546875
-0.2682421875
-0.3704296875
-0.383203125
-0.7280859375
-0.2682421875
-0.4215234375
-0.5237109375
-0.3193359375
-0.5748046875
-0.0638671875
-0.5748046875
-0.4726171875
-0.2171484375
-0.229921875
-0.2171484375
-0.2682421875
-0.3704296875
-0.4726171875
-0.3193359375
-0.2171484375
-0.2171484375
-0.3704296875
-0.5237109375
-0.3704296875
-0.5748046875
-0.4215234375
-0.4215234375
-0.4215234375
-0.2682421875
-0.5748046875
-0.5237109375
-0.15328125
-0.4215234375
-0.3704296875
-0.3704296875
-0.4215234375
-0.2171484375
-0.1660546875
-0.3193359375
-0.3193359375
-0.4726171875
-0.3704296875
-0.15328125
-0.1660546875
-0.3704296875
-0.5748046875
-0.2682421875
-0.2682421875
-0.3704296875
-0.3704296875
-0.0638671875
-0.2682421875
-0.4215234375
-0.3704296875
-0.5237109375
-0.4215234375
-0.1660546875
-0.5748046875
-0.4215234375
-0.1660546875
-0.2682421875
-0.3193359375
-0.3193359375
-0.3193359375
-0.3704296875
-0.076640625
-0.2171484375
-0.4215234375
-0.5237109375
-0.2171484375
-0.1149609375
-0.2682421875
-0.3193359375
-0.3193359375
-0.3704296875
-0.0383203125
-0.2682421875
-0.2171484375
-0.1660546875
-0.2171484375
-0.4215234375
-0.3704296875
-0.1149609375
-0.0127734375
-0.1660546875
-0.2682421875
-0.5237109375
-0.4215234375
-0.2171484375
-0.1149609375
-0.3704296875
-0.3704296875
-0.2682421875
-0.4726171875
-0.2171484375
-0.5748046875
-0.0638671875
-0.0127734375
-0.2682421875
-0.5237109375
-0.4726171875
-0.2682421875
-0.229921875
-0.4726171875
-0.3704296875
-0.2171484375
-0.2171484375
-0.4726171875
-0.4215234375
-0.2682421875
-0.1660546875
0.1405078125
-0.3193359375
-0.0383203125
-0.4215234375
-0.5237109375
-0.1149609375
-0.0127734375
-0.3193359375
-0.2682421875
0.0383203125
-0.2171484375
-0.3704296875
-0.076640625
-0.3193359375
-0.2171484375
0.0383203125
-0.2171484375
-0.3193359375
0.15328125
0.2426953125
-0.1149609375
-0.1660546875
-0.0127734375
-0.4215234375
0.0894140625
-0.2682421875
0.0383203125
-0.1660546875
-0.3193359375
-0.15328125
-0.4726171875
-0.2682421875
-0.3193359375
-0.2171484375
-0.0638671875
-0.3704296875
-0.0638671875
-0.1660546875
0.2937890625
-0.1916015625
-0.3193359375
-0.2171484375
-0.3193359375
-0.0127734375
-0.0638671875
-0.3193359375
0.1916015625
0.0383203125
-0.3193359375
0.1149609375
-0.1660546875
0.0894140625
0.1405078125
-0.0638671875
0.0383203125
-0.2171484375
-0.1660546875
0.2682421875
0.0894140625
-0.2682421875
-0.0127734375
-0.1149609375
-0.2171484375
0.1405078125
-0.2171484375
-0.076640625
-0.0638671875
0.4470703125
0.1916015625
0.0383203125
-0.1660546875
-0.1149609375
0.3959765625
-0.1660546875
-0.0127734375
-0.0127734375
-0.0383203125
-0.0127734375
0.2426953125
-0.0638671875
-0.1149609375
-0.1660546875
-0.0127734375
-0.1660546875
-0.1149609375
-0.2171484375
-0.229921875
0.0894140625
-0.1149609375
-0.1149609375
-0.2171484375
-0.2171484375
-0.1660546875
0.0383203125
-0.1149609375
-0.1149609375
-0.0638671875
-0.1149609375
-0.0638671875
-0.0638671875
-0.0638671875
-0.2171484375
-0.1149609375
-0.1660546875
0.2426953125
-0.1660546875
-0.0383203125
-0.0127734375
0.0383203125
-0.1660546875
0.0894140625
0.2937890625
0.0894140625
0.0894140625
-0.1149609375
-0.1149609375
0.0383203125
0.229921875
0.0894140625
0.3959765625
0.1916015625
0.3448828125
-0.0127734375
0.0894140625
0.1916015625
0.3448828125
0.1405078125
0.2426953125
0.076640625
0.0383203125
0.2426953125
0.2426953125
0.2937890625
0.2937890625
-0.0127734375
0.3448828125
0.3448828125
0.1405078125
0.1916015625
0.3448828125
0.2937890625
0.3959765625
0.3959765625
-0.0127734375
0.0894140625
0.2937890625
0.1916015625
0.1405078125
0.1149609375
0.1916015625
0.0894140625
-0.0127734375
0.0894140625
-0.0638671875
0.0383203125
0.1916015625
0.2937890625
0.0894140625
0.1149609375
-0.0638671875
0.0894140625
-0.1149609375
0.2937890625
0.2426953125
0.1916015625
0.3448828125
0.3448828125
0.4470703125
0.0894140625
0.3448828125
0.4981640625
0.2937890625
0.5492578125
0.3448828125
0.3448828125
0.3959765625
0.2937890625
0.3959765625
0.2937890625
0.229921875
0.1916015625
0.2937890625
0.4470703125
0.1405078125
0.1405078125
0.3959765625
0.1405078125
0.4981640625
-0.0127734375
0.076640625
0.1916015625
-0.0127734375
0.3448828125
0.4981640625
0.1916015625
0.0383203125
-0.2682421875
0.1405078125
0.2426953125
0.1916015625
0.229921875
0.3959765625
0.3448828125
0.5492578125
0.8047265625
0.5492578125
0.3959765625
0.7025390625
0.4470703125
0.3448828125
0.3065625
0.2937890625
0.6003515625
0.2426953125
0.4981640625
0.4470703125
0.0894140625
0.2426953125
-0.0127734375
0.3448828125
0.3959765625
0.229921875
0.1405078125
0.3448828125
0.2426953125
0.3448828125
0.2937890625
0.1405078125
0.3959765625
0.2426953125
0.5492578125
0.2682421875
0.3959765625
0.1405078125
0.2937890625
0.3959765625
0.3448828125
0.6514453125
0.4981640625
0.4981640625
0.2426953125
0.2937890625
0.613125
0.3448828125
0.5492578125
0.5492578125
0.3448828125
0.3448828125
0.0894140625
0.2937890625
0.2937890625
0.3448828125
0.5748046875
0.3448828125
0.5492578125
0.2426953125
0.2937890625
0.3959765625
0.3959765625
0.4981640625
0.3448828125
0.4470703125
0.3065625
0.3448828125
0.4470703125
0.7536328125
0.2937890625
0.2426953125
0.6514453125
0.6003515625
0.4981640625
0.4470703125
0.4215234375
0.6003515625
0.3448828125
0.3448828125
0.3448828125
0.5492578125
0.3959765625
0.6003515625
0.3448828125
0.3448828125
0.4981640625
0.5492578125
0.3959765625
0.7536328125
0.3959765625
0.3959765625
0.2426953125
0.5492578125
0.4470703125
0.2426953125
0.6514453125
0.6514453125
0.7536328125
0.3959765625
0.6514453125
0.6003515625
0.5492578125
0.2937890625
0.6003515625
0.7025390625
0.8558203125
0.5748046875
0.5492578125
0.6003515625
0.6003515625
0.4470703125
0.8558203125
0.4470703125
0.8047265625
0.6003515625
0.7025390625
0.4981640625
0.3959765625
0.4981640625
0.4470703125
0.2937890625
0.3448828125
0.2937890625
0.3448828125
0.7025390625
0.7025390625
0.4215234375
0.4981640625
0.5492578125
0.4981640625
0.6514453125
0.6003515625
0.5492578125
0.6003515625
0.5492578125
0.8047265625
0.4470703125
0.383203125
0.8558203125
0.7536328125
0.6514453125
0.4470703125
0.4470703125
0.6003515625
0.4470703125
0.6003515625
0.3448828125
0.4981640625
0.3959765625
0.4470703125
0.6514453125
0.6003515625
0.6514453125
0.2937890625
0.6003515625
0.4981640625
0.6514453125
0.5492578125
0.7025390625
0.76640625
0.6514453125
0.5748046875
0.8047265625
0.5492578125
0.6514453125
0.4981640625
0.8558203125
0.4470703125
0.3448828125
0.8047265625
0.6003515625
0.6514453125
0.7536328125
0.4981640625
0.6514453125
0.4470703125
0.3959765625
0.5492578125
0.6514453125
0.4981640625
0.45984375
0.6003515625
0.4470703125
0.6003515625
0.6514453125
0.7025390625
0.6003515625
0.7536328125
0.3959765625
0.6003515625
0.5748046875
0.6003515625
0.7025390625
0.2426953125
0.5492578125
0.6514453125
0.7536328125
0.3448828125
0.6003515625
0.3448828125
0.3448828125
0.5748046875
0.4470703125
0.4470703125
0.6514453125
0.7025390625
0.4981640625
0.3959765625
0.5492578125
0.4470703125
0.3448828125
0.5748046875
0.3959765625
0.6514453125
0.6003515625
0.6514453125
0.7025390625
0.7536328125
0.6003515625
0.8558203125
0.4981640625
0.689765625
0.3959765625
0.9069140625
0.6514453125
0.6003515625
1.0091015625
0.8558203125
0.5492578125
0.7536328125
0.689765625
0.3959765625
0.8047265625
0.8558203125
0.7536328125
0.8047265625
0.4981640625
0.6003515625
0.7025390625
0.7536328125
0.6514453125
0.8558203125
0.5492578125
0.7536328125
0.6514453125
0.9069140625
0.8047265625
0.8047265625
0.9069140625
0.9069140625
0.8047265625
0.4981640625
0.8047265625
0.6514453125
0.9580078125
0.8558203125
0.7025390625
1.0091015625
0.7536328125
0.8558203125
0.3959765625
0.9196875
1.0601953125
0.8813671875
0.9580078125
0.76640625
0.6003515625
0.9069140625
0.7025390625
0.7025390625
0.8558203125
0.5492578125
0.7536328125
0.9580078125
0.8558203125
0.8047265625
0.7025390625
0.8558203125
0.8047265625
1.2134765625
0.9069140625
1.0346484375
0.8047265625
0.8047265625
0.9580078125
0.8558203125
0.8558203125
0.9580078125
0.8047265625
0.7536328125
0.9069140625
0.9196875
0.9580078125
0.9580078125
0.9069140625
0.9580078125
0.7025390625
0.7536328125
0.9069140625
0.9069140625
1.0601953125
0.6514453125
0.7025390625
1.1112890625
0.6514453125
0.9580078125
1.0601953125
0.6003515625
0.4981640625
0.7025390625
0.6003515625
0.76640625
1.0601953125
0.9069140625
0.8047265625
1.2645703125
1.0601953125
0.4470703125
1.0091015625
1.2134765625
1.0601953125
1.22625
0.8558203125
1.0091015625
0.6514453125
0.8047265625
1.1112890625
0.9580078125
1.0601953125
0.8558203125
0.8047265625
1.0346484375
0.7536328125
0.9069140625
0.7025390625
0.9069140625
0.8047265625
0.9580078125
0.8558203125
0.7025390625
0.7025390625
0.8047265625
0.6514453125
0.6003515625
0.8558203125
1.0091015625
0.6003515625
1.0091015625
0.9580078125
1.0091015625
1.1112890625
1.0346484375
1.1112890625
1.0091015625
0.8047265625
0.8047265625
0.7536328125
0.9069140625
0.8558203125
0.9580078125
0.6514453125
1.07296875
0.7536328125
0.6514453125
0.8047265625
0.9069140625
0.7536328125
0.6514453125
0.7536328125
0.9580078125
0.8558203125
0.8558203125
1.2134765625
0.8047265625
1.1623828125
1.0346484375
1.0091015625
1.1623828125
0.8047265625
0.8558203125
1.0091015625
0.7025390625
0.8047265625
0.9069140625
0.7025390625
0.9069140625
0.76640625
0.9069140625
0.8047265625
0.4470703125
0.9069140625
1.0091015625
0.7025390625
1.0091015625
1.3156640625
1.0601953125
0.689765625
0.9069140625
1.0091015625
0.9580078125
1.2134765625
1.0091015625
1.0601953125
1.0091015625
1.0091015625
0.7025390625
0.996328125
0.7536328125
1.0601953125
0.9069140625
0.9580078125
1.2645703125
1.1112890625
1.2134765625
1.0091015625
1.0091015625
0.689765625
1.0091015625
1.0091015625
1.2134765625
1.0601953125
0.9069140625
1.0601953125
0.7536328125
0.9069140625
1.1623828125
0.9580078125
0.8047265625
0.9069140625
0.7025390625
1.0091015625
0.8558203125
0.9580078125
0.8047265625
0.7025390625
0.9069140625
1.0601953125
0.9196875
0.9580078125
0.5492578125
1.0091015625
1.2645703125
0.996328125
0.7280859375
0.8558203125
1.2645703125
1.0601953125
0.7025390625
0.6514453125
1.0091015625
1.2645703125
0.9580078125
0.9580078125
1.1112890625
1.1879296875
1.07296875
0.7025390625
1.2645703125
1.1112890625
1.1623828125
0.8558203125
1.0091015625
0.9069140625
1.1112890625
1.1623828125
1.1112890625
1.0091015625
1.1112890625
1.0091015625
1.2134765625
1.2134765625
1.3156640625
1.3667578125
0.996328125
1.2645703125
1.2134765625
1.1879296875
1.4689453125
1.0091015625
0.8047265625
1.1623828125
1.1112890625
1.2645703125
1.3156640625
1.3156640625
1.0346484375
1.3156640625
1.1112890625
1.1112890625
0.9580078125
1.1623828125
0.8047265625
1.1623828125
1.07296875
0.8047265625
0.843046875
1.0601953125
1.0601953125
0.8558203125
1.2134765625
1.1623828125
1.0091015625
0.9580078125
0.9580078125
1.1623828125
1.1112890625
1.0091015625
1.2645703125
1.2134765625
1.0091015625
1.0091015625
1.2645703125
1.2645703125
1.0601953125
1.1112890625
0.9580078125
0.8558203125
0.9069140625
1.1623828125
1.1623828125
0.9580078125
0.9069140625
1.0091015625
1.3156640625
0.7536328125
0.9580078125
0.996328125
0.8047265625
1.0091015625
0.9580078125
0.8047265625
0.9580078125
1.2134765625
1.0091015625
1.1112890625
1.3667578125
1.1879296875
1.1623828125
0.9580078125
1.2645703125
1.0091015625
1.3667578125
1.3667578125
1.1623828125
1.0601953125
1.2645703125
1.0601953125
1.2645703125
1.149609375
0.8558203125
1.1112890625
0.9580078125
0.9580078125
0.8558203125
0.9580078125
1.0601953125
0.996328125
1.0346484375
1.0346484375
1.3156640625
1.0601953125
1.0091015625
1.0091015625
0.8047265625
1.0091015625
0.9069140625
1.0346484375
1.2645703125
1.0091015625
0.9069140625
0.8558203125
1.1623828125
1.4178515625
1.2134765625
1.0091015625
1.0601953125
0.843046875
0.8558203125
0.8558203125
0.9069140625
0.8558203125
0.6514453125
0.8047265625
1.0091015625
1.0601953125
1.07296875
1.1112890625
1.3156640625
0.9580078125
1.2134765625
1.1623828125
1.1112890625
1.1623828125
1.2134765625
0.8047265625
1.4689453125
1.2645703125
1.0091015625
0.8558203125
1.2645703125
1.0601953125
1.2645703125
0.9580078125
0.9580078125
1.0601953125
1.0091015625
1.22625
1.0601953125
1.0601953125
0.9069140625
0.8558203125
1.1112890625
1.0601953125
0.9580078125
1.0601953125
0.7536328125
1.1879296875
0.8558203125
1.0091015625
0.9069140625
1.1112890625
0.8047265625
0.9580078125
1.0601953125
1.1623828125
0.9069140625
0.9069140625
0.996328125
1.2645703125
1.0091015625
1.0091015625
1.2645703125
1.0601953125
0.7536328125
1.1112890625
1.0601953125
0.9069140625
0.9196875
0.8047265625
0.9069140625
0.9580078125
0.8558203125
1.0091015625
1.0601953125
1.0601953125
0.7536328125
0.8558203125
0.996328125
0.8047265625
0.9069140625
1.0091015625
1.3156640625
1.1623828125
1.0601953125
0.9069140625
1.0601953125
0.6514453125
0.9069140625
1.0346484375
1.0091015625
0.8047265625
1.0601953125
1.0601953125
1.1112890625
0.8558203125
1.0091015625
1.0601953125
0.9069140625
0.8047265625
1.0601953125
1.1112890625
0.9580078125
1.0091015625
1.0601953125
0.9069140625
0.8558203125
0.6514453125
0.8047265625
0.8558203125
1.0601953125
0.9196875
0.3959765625
0.9580078125
0.9580078125
0.8047265625
1.2645703125
0.7536328125
1.1112890625
0.9580078125
0.9069140625
0.996328125
1.1623828125
1.0601953125
0.7536328125
0.6514453125
0.9580078125
1.0091015625
1.2134765625
1.1112890625
1.1623828125
1.2134765625
0.9580078125
0.9069140625
1.0601953125
1.1623828125
