0.00857107161781
0.00762174655963
0.00667702079924
0.00573054449527
0.00510509185041
0.00563419099422
0.00597515487488
0.00639494768658
0.00618020994707
0.00607757137132
0.00509406348777
0.00435274970679
0.00551715622722
0.00572418370321
0.0067804193551
0.00826196038693
0.00909631296214
0.00834241512831
0.00737407716277
0.0068497927484
0.00577237325205
0.00641907073187
0.00705141043737
0.00811347477361
0.00886086363363
0.00854820882483
0.0078387408713
0.00709809127913
0.00656206690335
0.00507870501549
0.00485930466807
0.00624245536923
0.00730886649034
0.00816688552545
0.0074262777677
0.00635721448677
0.00622006803331
0.00547985276083
0.00654657247498
0.00633641340727
0.0068430072439
0.00674258473144
0.00740099883269
0.00716292546692
0.00781421417869
0.00750489885205
0.00634404064066
0.00551484370755
0.00551857581932
0.00562412936063
0.0056350548938
0.00553293891976
0.0054903303024
0.00561617324115
0.00666468643206
0.00667254726315
0.00667032060464
0.00774177951015
0.00647024001505
0.0074131732003
0.00657138756651
0.00656474464653
0.00729421199153
0.00687128743055
0.00720279041677
0.00698286111786
0.00668698029487
0.00581728506842
0.00592644136692
0.00612092231411
0.0058965012992
0.00653557387839
0.00621207751222
0.00628756291306
0.00641864985471
0.00689688490729
0.00722631143069
0.00763835884917
0.0075202272024
0.00793147606175
0.00761788322893
0.00751474620553
0.0067802337676
0.00551657657474
0.00658503691075
0.00597030896325
0.00701681768399
0.00767499141673
0.00757145035837
0.00758344130924
0.00654387015748
0.00717375661312
0.00674030998467
0.00675574569777
0.00739495339113
0.00642383307534
0.00632904128693
0.005783253004
0.00545017384114
0.00533855896744
0.00523214296191
0.00553361101152
0.00565851740146
0.00628983874905
0.00671986590683
0.00789486154647
0.00796428819257
0.00690046986421
0.00689493227581
0.00613867489678
0.00635850316106
0.00623462819738
0.00760068061292
0.00749637617819
0.00801903676515
0.00738684823152
0.00727112405663
0.00693837369707
0.00610526769907
0.00566803402581
0.00661393328071
0.00649769131402
0.00820292810343
0.00893121073263
0.00969396197822
0.00924960090231
0.00842480126318
0.00682088390186
0.00565293944849
0.00469442850762
0.00416378427736
0.00490074287471
0.00585864940478
0.00681294489349
0.00797243295839
0.00808037701726
0.00863205774529
0.00798676687653
0.00766285916663
0.00670268391597
0.00607231502135
0.00596673830214
0.00565447972904
0.00558045646806
0.00587573222845
0.00672362421553
0.00777293993106
0.00777314190915
0.00797533656841
0.00723159369163
0.00723498716195
0.00634273927466
0.00548533651489
0.00545117955486
0.00672286896975
0.00725502334935
0.00842962052581
0.00915966839492
0.00893065493103
0.00838868477456
0.00796525127521
0.00839213782575
0.00752214313963
0.00740479005603
0.00679167090746
0.00690762575227
0.00628636834452
0.00651010453142
0.00639692139339
0.00663064788619
0.00652875872183
0.00738889174783
0.00749706742628
0.00749614953854
0.00737993202302
0.00738345156147
0.00728636114361
0.00770483855407
0.00780501241384
0.00778867448952
0.00757975567498
0.00745563621595
0.00723322371926
0.00743846025286
0.00656448827732
0.00669583848467
0.00626709053495
0.00656240026106
0.0072043199665
0.00750402747228
0.00698505364403
0.00695156470202
0.00580161468427
0.00483593129412
0.00482630000227
0.00525563654194
0.0063119613117
0.00683884485219
0.00758531177642
0.00853133187862
0.00778323009829
0.00703486474582
0.00672883753065
0.00652193426718
0.00522402928969
0.00542612282623
0.00501248833801
0.00597463765548
0.00620395490249
0.00680635358983
0.00661891459506
0.00702342161346
0.00669795984986
0.00626684803952
0.00635159425205
0.00603195065635
0.00637397954377
0.00647467850412
0.00657953094141
0.00719811790466
0.00708064647263
0.00710473851262
0.00751863550947
0.0078326196893
0.00835985349491
0.00698391045151
0.00675463727573
0.00600338545693
0.00558453460346
0.00486988674926
0.00562959728929
0.00596432962874
0.00701440657647
0.00870762097867
0.00819077701042
0.00816411130274
0.00708575889872
0.00622648186854
0.00526166267986
0.00451887607645
0.00513937176152
0.00544681221825
0.0066167595878
0.00788475221323
0.00828000330384
0.00846997626756
0.00911641463449
0.00836271991623
0.00805541318657
0.007751312212
0.00764058349183
0.00794711801741
0.00829982139549
0.00777070581809
0.00725308437188
0.00714420857411
0.00546955579191
0.00420303329743
0.00333961938996
0.00210251511932
0.00241759705059
0.00358806675048
0.00435829036422
0.00633467438296
0.00685469292416
0.00704784314374
0.00682176347336
0.00691346996424
0.0072691644439
0.00830757413652
0.00893023192723
0.00925677687298
0.00935274827018
0.00828870381044
0.00849841504411
0.00734491615284
0.00700626054718
0.00721839762071
0.00743767874478
0.00753970321591
0.00850904065516
0.00850641621176
0.0078416201545
0.00740907766714
0.00763145666209
0.00698296956997
0.00636376887397
0.00647730708703
0.00710667428499
0.0074225814495
0.00806221426299
0.00784676232056
0.00785081051742
0.00815458480235
0.00890134819614
0.00856977016232
0.00956178121823
0.00935783968303
0.0091532668175
0.00745143314396
0.00710953414986
0.00647183084626
0.00543378706955
0.00607581349041
0.00638349733072
0.00701727608552
0.00681996168475
0.00651174668717
0.00586326633081
0.005845913795
0.00593241237167
0.0061259584768
0.00655134063758
0.00696414045678
0.00792172386436
0.00864451308091
0.00948845280275
0.00927287547048
0.0080888460697
0.00576037883419
0.00608246356106
0.00694264576531
0.00865556222631
0.00887397021618
0.00877603705867
0.00898065788541
0.00803921061667
0.00751703681864
0.00708861585566
0.00678054645366
0.00678138554738
0.00723311529108
0.00744600340396
0.00734582196403
0.00662279143409
0.00683439254043
0.0065235799402
0.00565100593207
0.0060866688164
0.00620067420766
0.00682269438823
0.00756622056487
0.00872022926618
0.0091491444712
0.00842030769944
0.00650034267652
0.00638418517533
0.00485212018615
0.00461815158304
0.00452037014016
0.00397341626648
0.00322201191921
0.0038663795789
0.00524999389589
0.00608434059769
0.00786207459936
0.00889699159427
0.0114467637369
0.0120479255456
0.0116435805657
0.0104705091363
0.00845041654779
0.00706555301039
0.00600123047479
0.00621663593043
0.0079382390646
0.00892347950896
0.0100259871267
0.0103587291185
0.00991884532033
0.00952249341016
0.00826079884372
0.00762949809158
0.00722567938024
0.00607063963386
0.0058608071677
0.00616873031225
0.00593591564973
0.00670509386291
0.0071308384075
0.00903078534283
0.00987231017472
0.00894835185656
0.00922145657956
0.00910374553686
0.00878025552979
0.0090102980349
0.00815836035462
0.00771699611094
0.00782504544988
0.00791470090982
0.00779037293032
0.00824340586926
0.00836706701285
0.00763911310817
0.0069138228249
0.00702056032495
0.00714128619983
0.00669499887398
0.00660417369167
0.00619312411817
0.00599208107989
0.00646977485799
0.00582677272748
0.00625890512721
0.0065824226581
0.00657881025537
0.00603904105416
0.00612999006781
0.00602799676163
0.00667975984654
0.00802932835698
0.00836949690872
0.00938308218307
0.0105334747002
0.0096680226065
0.00976929660275
0.0104118995082
0.0101843795675
0.0102891992952
0.0106283167006
0.00916501674793
0.00860948756886
0.0078733698858
0.00744857748776
0.00649354250459
0.00512544230951
0.00447639604659
0.00513096188941
0.00672837894629
0.0072629626448
0.00841722518459
0.00981203159142
0.00896087138432
0.0077816496973
0.00596514742842
0.00542660125466
0.00531340509653
0.00626567590482
0.00904284108418
0.0106276956333
0.0104171858406
0.00967011105699
0.00819318181753
0.00693008406283
0.00659255313215
0.00649217017811
0.00789664512897
0.00853371209974
0.008874393935
0.0100605166259
0.00975974824501
0.0093383508922
0.00817243286583
0.00775022837185
0.00607509395599
0.00681044174124
0.00660482953715
0.00725803060786
0.00768737832056
0.00926288013942
0.0095718132484
0.00967447915939
0.00870818541103
0.00701362625917
0.00711994803982
0.0079072848711
0.00674278874711
0.00662557653727
0.00662960799412
0.0074637387879
0.00814287039126
0.00992863490343
0.0117465986331
0.0122721761988
0.0114134209252
0.00979366215279
0.00851590686698
0.00757877924047
0.00811976549045
0.00802616363869
0.00931250069348
0.0103794784827
0.011885337905
0.0120029826491
0.0109325856034
0.00948290116038
0.00885553180664
0.00758912969949
0.00695224123104
0.00642877561657
0.00642690952129
0.00667420908525
0.007907279124
0.00846241233876
0.00952531786067
0.0104705613341
0.0102780476049
0.009204756456
0.00867126798357
0.00760324191421
0.00761411460149
0.007819703142
0.00803750172334
0.00919467045404
0.00951145980733
0.0108857020499
0.0115314162182
0.0111035004386
0.0108963863436
0.0097422345721
0.0092003877923
0.00834536955417
0.00899935671995
0.00988126228964
0.0107153755863
0.0109604596608
0.010857265879
0.0103552209151
0.00878065355312
0.00719326712696
0.00771403401604
0.00608048960399
0.00556571291219
0.0072524109788
0.0074612620328
0.00873248851016
0.00945993465379
0.00978853153643
0.0107882815819
0.00964733761822
0.00891746507025
0.00893660317484
0.0095808993798
0.0105434748769
0.00980989160019
0.00790003170351
0.007267566722
0.00643033112898
0.00550944935942
0.0065841283702
0.00850467112049
0.0105209324004
0.0109437084809
0.0102940929324
0.00891799475236
0.00962884444502
0.0100752513661
0.0107762155742
0.0113115547368
0.0115087736964
0.0119669480544
0.0116305754017
0.00881444076035
0.00839189822444
0.00980029389891
0.00863797566611
0.00853214154529
0.00609364919729
0.00611250937879
0.00515078798221
0.00484147485201
0.00514241576137
0.00459473094878
0.00427789779564
0.00416350344643
0.00533725092916
0.00715576496765
0.00883138155513
0.00863007283106
0.00914875507365
0.00872839597019
0.00842183539599
0.00706043172385
0.00663738832474
0.00623252346106
0.00633805391258
0.00656111056709
0.00698766073871
0.00808060968333
0.0101023436228
0.0117066574732
0.0128041264359
0.0122939817078
0.00964502086325
0.0104076265992
0.00900728558855
0.00621764877914
0.00622999209558
0.00864233517111
0.0101053450921
0.0112773642026
0.0107129090421
0.00977414626242
0.00849844848125
0.00679309747101
0.00849723885508
0.00945756932566
0.0106496561612
0.0120358366491
0.0121584096868
0.011981257993
0.0105102877164
0.00838476882274
0.00385854826907
0.00428313138025
0.00549930688529
0.00633966039737
0.00784024174577
0.00913582076259
0.00978099029357
0.00955315279656
0.00902830075958
0.0102020678048
0.00967856205809
0.00987917671954
0.0095834891257
0.00896622247812
0.00857453577998
0.00741956917332
0.0076470090818
0.00753889798673
0.00925256848096
0.00991011137386
0.0105567284317
0.00962023543127
0.0101567603731
0.0103578585371
0.0101386717914
0.0093680585374
0.00882320400654
0.00872043145889
0.00900824009451
0.00929677890264
0.00981821106204
0.0102298343406
0.0112767020496
0.0113502576427
0.0104208791301
0.00946332237547
0.00839989724119
0.00779013714657
0.00718148150786
0.00782273382933
0.00848527369562
0.0100005299147
0.0103242676247
0.00990005961028
0.00895302742118
0.00792430301259
0.00729132602459
0.00828894365049
0.0103090987039
0.0125443266548
0.0124561608578
0.0115902753847
0.0106267923854
0.00830875242797
0.00745998689577
0.00564364867452
0.00628289127925
0.00808539862159
0.0115974667415
0.0118042551058
0.0131653518137
0.00869008763378
0.00859557894946
0.00892353517983
0.00818144642453
0.00691640329485
0.00736917707321
0.00790039682907
0.00903808039773
0.00988360995956
0.0114764735223
0.0124362555002
0.01158145317
0.0115863772231
0.0106297158301
0.00870422544194
0.00796760401563
0.00752663958719
0.00894185915334
0.00968163572113
0.0111859298379
0.0110765685728
0.0106612516867
0.0104504503388
0.0083345351086
0.00804205615393
0.00846194962839
0.0100754735935
0.0106238421747
0.0109484632423
0.0100111195152
0.00853113156087
0.00707095180779
0.00571544145567
0.00569221600672
0.00624186561646
0.00814958296998
0.00962573575992
0.00972808085468
0.00941051755553
0.00909850695682
0.00803132169724
0.00654831890221
0.00663087108706
0.00729156523068
0.00877084507381
0.00984578724579
0.0113213232397
0.00951109159002
0.00845941681977
0.0046246924909
0.00283121032765
0.00369682465241
0.00455942961985
0.00794664234864
0.00880101695448
0.00933124519797
0.0100368420918
0.0101389856685
0.00927939977865
0.00727561259745
0.00697184091665
0.00569290333992
0.00579670451708
0.00539174603206
0.0062453286257
0.00605103215951
0.00575417083031
0.00406766770362
0.0034806759845
0.00317448192094
0.00393005843672
0.00489946103237
0.00630797205737
0.00694962811592
0.00673806233188
0.00659355819106
0.00502371018604
0.00491047352383
0.00458891098697
0.00575479823358
0.0067087595141
0.00742474230631
0.00803933976097
0.00718432792567
0.00758870050819
0.00888541411366
0.00877563080505
0.00972611289844
0.00900784916245
0.00856503722582
0.00815287835676
0.00720740432726
0.00613068382129
0.00612753492509
0.00622347515733
0.00707974598563
0.00805326029803
0.0085881757884
0.00805131750923
0.00751849897587
0.00730619736501
0.00797574165966
0.00764331790164
0.00947507045294
0.00904937027669
0.00811319221909
0.00737085730996
0.00718047460476
0.00685918990289
0.00665824193467
0.00594814447139
0.00719334486034
0.00710711250819
0.00781330824587
0.00824153473213
0.00952997950681
0.00804344812729
0.00740178851493
0.00614859043413
0.00570809163469
0.006128102101
0.00621998864818
0.00758896921146
0.00877147631849
0.00962855698422
0.00805612111019
0.00805721500139
0.00635470638626
0.00594188866306
0.00625388404924
0.00647079745246
0.00782024348286
0.00933435546847
0.0102794419847
0.0103749166667
0.00951237771803
0.00951527958951
0.00802487234895
0.00718349232503
0.00645365607956
0.00595168614996
0.00682648760872
0.00693939354179
0.00919929533931
0.00825215325361
0.00666216085251
0.00550892791842
0.00486266566423
0.00602257442054
0.00706750341082
0.00858137347873
0.00900153435052
0.00826281241261
0.0070908069654
0.00612881113009
0.00758904486654
0.00717123006066
0.00844983269863
0.008750623229
0.00909811263166
0.00748390443802
0.00697185163612
0.00557470340027
0.00633258351749
0.00674280228144
0.00707310072201
0.00717405496553
0.00621946580322
0.00537295888208
0.00547988276248
0.00517335220164
0.00633123146761
0.00761457080209
0.00824744435632
0.00941010930043
0.0089925914498
0.00963419563863
0.00867501247816
0.00729668725443
0.0070933389305
0.00814340997379
0.00952671608294
0.00994928711808
0.0102694454423
0.00974803684193
0.00879558101467
0.00753805799201
0.00794892716307
0.0079644239805
0.00879718761715
0.00925935677936
0.00724605790151
0.00638708419048
0.00626303920125
0.00731620958661
0.0085890843956
0.00975492928704
0.0112335505434
0.00982900236952
0.00877790706389
0.00612013453747
0.00579927889474
0.00633383313957
0.00803574361968
0.00900000586454
0.00932082974732
0.00922042081942
0.00796234422269
0.00670412444595
0.00585483025535
0.00605938687989
0.00721995729109
0.0085979079818
0.00997784678788
0.00953839465295
0.010071750217
0.00954425121128
0.00668548270716
0.00658554788504
0.00691717990223
0.00892029024251
0.0101922352377
0.00965241523024
0.00869866013743
0.00848190078082
0.00807511390334
0.00786180953232
0.00799143057914
0.00842665929655
0.00843341374589
0.00907209327056
0.0104803059002
0.0094047362581
0.00909935278904
0.00772526247545
0.00644631005804
0.00612166524804
0.00612583084366
0.00590479118492
0.00705803286794
0.00684371339119
0.00619184714466
0.00565412368409
0.00649456196408
0.0067980188861
0.00677453380404
0.0062474448112
0.00623170645725
0.00687428550654
0.00814723951646
0.00782366474147
0.0094381668278
0.0082622416417
0.00740919254664
0.0075266101831
0.00729230452278
0.00700484612656
0.0077453567006
0.00743740027264
0.00755122409346
0.00776011296863
0.00913831404929
0.0107378247682
0.0110448530103
0.00850003684197
0.00701813293586
0.00629733618462
0.00609832263667
0.00748038697853
0.00824336559827
0.00959147063396
0.0104674649837
0.0108084015291
0.00910645170887
0.00753100428509
0.00733546447189
0.00583808774033
0.00541417658139
0.00584629115189
0.00607134580816
0.00669228050033
0.00691018012563
0.00744704378773
0.00690871480459
0.00572812256015
0.00654881730109
0.00846674117495
0.010906087317
0.0112318878796
0.00985297868326
0.00970675480912
0.0076130392474
0.00740284929065
0.00305998160066
0.00261261204234
0.00349976747902
0.00512843250828
0.00588377199958
0.00694913186057
0.00695186275683
0.00620376173357
0.00514000950727
0.00417447807657
0.0046138427481
0.00545833770249
0.00778336630723
0.00843816838693
0.00948619524887
0.00949240025175
0.00840160917665
0.0076445173212
0.00699927752602
0.00664495485906
0.00644416919667
0.00779172362192
0.00791333774304
0.00843051309701
0.00874886427675
0.00830132697342
0.00893492355347
0.00969813504889
0.00853021678849
0.00974643794447
0.00974199764276
0.0102331283401
0.0105361152341
0.00886543973201
0.0070513072269
0.00600794066181
0.00528753467977
0.00585142469157
0.0073698302925
0.00757590391519
0.00854476171143
0.00577354815489
0.00397783596337
0.00322925227801
0.0023908916031
0.003047875977
0.00452689792881
0.00535953242919
0.00642816605147
0.00590144194129
0.00431227111512
0.00386930895629
0.00314337682625
0.00355952615837
0.00439456011305
0.00607710358695
0.0062806230787
0.00597182486556
0.00586857313085
0.00457885626908
0.00342348560173
0.00310658270993
0.00342779362029
0.00426842243798
0.00642860222755
0.00791795157751
0.00919723339319
0.00877252962254
0.00741445294201
0.00529784807393
0.00454383083269
0.00454799672541
0.00508276797228
0.00530023139576
0.0060496160558
0.00718845731145
0.00761137437105
0.00794099874093
0.00600892903601
0.00464130197131
0.0056916562333
0.00673223186128
0.00694329234809
0.00818860029765
0.00613842799804
0.00516624748539
0.0044295086563
0.0058088649251
0.00614121746925
0.00939856704091
0.0106799722482
0.0104675226474
0.0100566373142
0.00728000897287
0.00611270433138
0.00547134974491
0.00559239500066
0.00697625682806
0.00866670600043
0.00962554756516
0.00919731021229
0.00836473219893
0.00718782772365
0.00601419492172
0.00537218995865
0.00634239054041
0.00698377503573
0.00824688933784
0.00869614800245
0.00843940844141
0.00782487572769
0.00779982784703
0.00672848816487
0.00621372592853
0.00650719417263
0.00640059485487
0.00671761310576
0.00766832928254
0.0076636172033
0.00935041240134
0.0086139717884
0.00799147818034
0.00748042988039
0.00695126301108
0.00632837669463
0.00663448425302
0.0066304749363
0.00747784250109
0.00735770312823
0.00705651970618
0.00706580989277
0.00620263162268
0.00715723868898
0.00726575528488
0.00695186923844
0.00789892001384
0.00853286012403
0.00800324175305
0.00747658298333
0.00631515000743
0.00650344702836
0.00692777725073
0.00715222760549
0.00788429410235
0.00914770218255
0.00885079675639
0.00797886850754
0.00747122234729
0.00756928213741
0.00800155961727
0.00779098159996
0.00831558702316
0.00811908351399
0.00864621271783
0.0090751296296
0.00876837022874
0.00779801616483
0.00769601392192
0.00737046939955
0.00809958082915
0.00830058960382
0.00830131282225
0.00809256501344
0.00840912100988
0.00768096463286
0.00820160046062
0.00851545897923
0.00840663311678
0.00829880922691
0.007988236614
0.00754669146886
0.00787682651436
0.00797812852414
0.00850313634954
0.00798147602388
0.008308347685
0.00788452802897
0.00756766844201
0.00662159714839
0.00622006935533
0.00640265455194
0.00620169829475
0.00666519220538
0.00686636611238
0.00729304664131
0.00665694491117
0.00686820517884
0.00753431693523
0.0070096741851
0.00721590484376
0.00699416891662
0.00709992807716
0.00837908371943
0.00859116756186
0.00806774957645
0.00815398980184
0.00732730290272
0.00721833798709
0.00774548172516
0.00755855976513
0.00840572353126
0.00786493213841
0.00795578992507
0.00741931578941
0.00730956788188
0.00732371571755
0.00690452315451
0.00817190996027
0.00806428304597
0.00826782237158
0.00846106507879
0.00823663115761
0.00822156051525
0.00809121871382
0.00776341721315
0.00840879084067
0.00881358297232
0.00842921171567
0.0089781208025
0.00760350875809
0.0078206258812
0.00664513273879
0.00580475316877
0.00624310451064
0.0072151941199
0.00756665648775
0.00788018237787
0.00737248541141
0.00545001958835
0.00576822546963
0.00542950951671
0.00616609831218
0.00671127227217
0.00745158499973
0.00777424313453
0.00784590904754
0.00731511910789
0.00688295823466
0.00635530389973
0.0073836745939
0.00749805391864
0.00799670030517
0.00789750804563
0.00843403203783
0.0079058718677
0.00779505876079
0.00757637981123
0.0072740569914
0.00674427369787
0.00706489253924
0.00813155867213
0.00752333423674
0.00711285145002
0.00671045985787
0.00578811170377
0.00564581691698
0.00526215009907
0.00546386731254
0.00599081013603
0.00621715179884
0.00695487616238
0.00611033616135
0.00741729020304
0.00857570312591
0.00784143113527
0.00761637761725
0.00698086190344
0.00730944637028
0.0072866371007
0.0075164392373
0.00762360927152
0.00773070021864
0.00690442949888
0.00679639461541
0.00659525458201
0.00628011136313
0.00649748156363
0.0066226866554
0.00653835510332
0.00579956822733
0.00622684283843
0.00590945795829
0.00611852261859
0.00697095741643
0.00674895743147
0.00630209813785
0.00619910611503
0.00596714668271
0.00626715940698
0.00595456374161
0.00625565111821
0.00678104662375
0.00826048119256
0.00816091913114
0.00825866473551
0.00793663891121
0.00740088470753
0.00686597875743
0.00676651985763
0.00690089243762
0.00762431472627
0.00805963149805
0.00765352290618
0.00828835148094
0.00892398690379
0.00911505215646
0.00882715747965
0.00892988622745
0.00820868847885
0.007914302811
0.00747996100419
0.00769032704317
0.00811578886408
0.00931098261658
0.0101584469839
0.0105491766468
0.0103194540082
0.00981670820693
0.00991832380747
0.00823801228315
0.00729443947862
0.00748891080599
0.00749022946796
0.00801572150465
0.00854499972004
0.0089639546068
0.00853002137348
0.00768401559222
0.00735897462529
0.00714864428527
0.00661806846812
0.00703746925452
0.00808248070646
0.00818920761129
0.00839193179985
0.00773155760156
0.00783693608909
0.0076210390041
0.00762436935691
0.00783583091506
0.00847991838044
0.00902021093967
0.00922619063459
0.0084894304522
0.00849512478346
0.00786036173697
0.00742741741188
0.00698768024701
0.00775009527125
0.00818749022591
0.00893238328831
0.00851236771498
0.00935454105464
0.00831581718106
0.00746731059966
0.00662104540361
0.00621995524773
0.00641730622768
0.00675857483712
0.00758827888803
0.00874036462585
0.00926222124879
0.008829782978
0.00830363409632
0.00722918719484
0.00669736813519
0.00585635470548
0.00712328251673
0.00745216076167
0.00872937323071
0.00937013900412
0.0090410294367
0.00872622414593
0.00830486613322
0.00799851590006
0.00705388713479
0.00695762627893
0.00738083318693
0.00833911607058
0.00834100006985
0.00790060261146
0.00739290958401
0.00707512363253
0.00780351007592
0.00836142680971
0.0093037411857
0.00898981830281
0.00867766932921
0.00802818140277
0.00707671657167
0.00643908773786
0.00570815121158
0.00696625881118
0.00814045858316
0.00805452607513
0.00803953376281
0.00833141170696
0.00716049675067
0.00692850808778
0.00692714407275
0.00776989291229
0.0077832958486
0.00779480614199
0.00810680981714
0.00862563361177
0.00787450264428
0.0085253789231
0.00928532018532
0.00895466881389
0.00907307066328
0.00843728466807
0.00749893201026
0.00719339710273
0.00655921246668
0.00717385928339
0.00695258966355
0.00758565278007
0.00792766599098
0.00770906007586
0.0089648219862
0.00886515051309
0.00841898240657
0.00929006636658
0.00831947365023
0.00789732390148
0.00703889512489
0.00661841082418
0.00674181176087
0.0075744717454
0.00821451342949
0.00810148673243
0.00885883674656
0.00873484930786
0.00671874997836
0.00640297186681
0.00607543779372
0.00544968020176
0.00694830346227
0.00704982630381
0.00863802506627
0.00926247361609
0.010135791736
0.00917988690105
0.00793127513778
0.00792478743772
0.00719441693181
0.00624510610999
0.00646663756017
0.00668069767519
0.00624537408033
0.00614559281512
0.0071909755043
0.00836120548824
0.00911086583909
0.00855811007353
0.00750045180592
0.00717708609869
0.00664884298121
0.00726469859303
0.00747429076946
0.00833342466788
0.00874553666974
0.00905953720437
0.00946429613618
0.0081961148724
0.00785813610768
0.00734856157983
0.00754274241555
0.00840473903795
0.00808572014209
0.00829738542012
0.0085125693657
0.00902339308345
0.00839013760866
0.00915340751696
0.00883526255143
0.00863257656069
0.00822514332894
0.00746357509241
0.00714897495688
0.0075744823149
0.00726861194308
0.0070332843625
0.00609396173292
0.00632230767329
0.00661686990907
0.00725295278553
0.00724112080502
0.00777283140265
0.00893102860078
0.00806650085844
0.00774332501062
0.0077820240726
0.00806063647514
0.00786630669982
0.00926117200924
0.00926579255506
0.00905298962103
0.00980793045654
0.00950203248212
0.00909165811757
0.00804707295453
0.00773000340694
0.00731229426154
0.00762377256473
0.00828211564472
0.00849433873294
0.00879041380952
0.00974390120739
0.00985301343465
0.0100577264169
0.00972111886212
0.00888175523445
0.00836607038857
0.00856124426012
0.00835364807229
0.00856458991356
0.00853967975198
0.00841474304224
0.0071239469856
0.0072386976309
0.00659124082276
0.0073551806444
0.00841323729188
0.00833885368599
0.0074678501737
0.0075935546628
0.00696329566478
0.00708654784968
0.00818702065099
0.0089478902293
0.00875282163782
0.00832659723189
0.00887379983704
0.00761479089711
0.00750173390599
0.00696551342554
0.0064452160209
0.00771912652731
0.00792780793696
0.00846616250952
0.00792256825426
0.00855802169574
0.00831362370616
0.00722376679482
0.00709865930248
0.00531486307181
0.00592742546513
0.00625836561291
0.00742197740395
0.00934300379251
0.00954919375448
0.00944533763948
0.00769727754497
0.00635919522691
0.00594817162804
0.00649497046962
0.00768268992411
0.00855588934089
0.0088755907802
0.00857646190319
0.00753639241282
0.0050194387344
0.00470927721957
0.00441615924992
0.00483842074713
0.00656444071203
0.00709507021545
0.00666506240183
0.0063489893434
0.00580589084432
0.00504488068936
0.00512794189137
0.00510014830506
0.00583076504356
0.00641701889619
0.00789964704918
0.00820145215599
0.00838282226477
0.00804822406409
0.00760450776274
0.00748195032278
0.00780898545773
0.00771133434561
0.00847134288268
0.00869745423423
0.00883460658683
0.00768772444831
0.00705727743796
0.00646607336986
0.00604682530452
0.00660593246064
0.00585673035124
0.00641308496069
0.00641711566046
0.00538716955527
0.00505106767365
0.00557539431218
0.00577708783155
0.00554873466119
0.00563270413111
0.00743648864183
0.00837764337926
0.00803254430634
0.00780413578721
0.00738960234849
0.00726846566862
0.00682436658513
0.0072419858556
0.00723279122475
0.00744547138163
0.00700461261846
0.00713458105566
0.00629520770366
0.00723725699339
0.00800924761935
0.00789899069467
0.00843860940231
0.00791858798559
0.00665147004757
0.00642548413809
0.00686180511873
0.0068783754197
0.00711111463626
0.0072110377249
0.00698963646515
0.0079469280197
0.00729557676824
0.00676798402735
0.00590403352668
0.0065292873754
0.00674912264203
0.00728024741594
0.00766958592596
0.00841935981533
0.0095581239885
0.00923905629959
0.0086701818135
0.00837676041088
0.0077157576485
0.00794643821891
0.00813379108515
0.00771932714877
0.00785261852071
0.00827421768473
0.00849108607637
0.0079544057265
0.00680948879683
0.00585144464894
0.00573203928232
0.00595887920497
0.00681146199274
0.00721011359107
0.00775390895352
0.00861474914503
0.00871282960939
0.00847081849545
0.0075326328693
0.0075229637515
0.00775673064789
0.00829399749978
0.00848433499148
0.00776450489051
0.00785163377307
0.00796372321251
0.00743847260304
0.00689289303318
0.00753320192651
0.00849883806426
0.00880286187757
0.0087063347581
0.00890763886486
0.00849171055711
0.00805433948914
0.00668404217255
0.00721093169096
0.00668671234567
0.00721997283965
0.00775301068131
0.00794739694366
0.00826550745701
0.00753295031098
0.00753061905069
0.00732301642499
0.00764968890476
0.00873592966771
0.00841033050941
0.00840000541751
0.00711895355201
0.00817721494783
0.00828504345501
0.00809866295036
0.00798254992732
0.00832687187721
0.00769431663555
0.00767988474612
0.00799196837926
0.00756215474448
0.00775305861124
0.00733178862717
0.00776402453946
0.0077654783156
0.00860570951048
0.00753996053398
0.00753614672695
0.00772990059548
0.00732421143891
0.00796163183102
0.00805452220186
0.00869229815469
0.00848119321624
0.00891660119782
0.00880209062317
0.00911815529215
0.00816478597535
0.00784717765529
0.00773943720248
0.00732262046067
0.00807072022783
0.0092257334351
0.00924253122884
0.00839582635193
0.00785921153512
0.007315660668
0.00677303744348
0.00700255829654
0.00774522844684
0.0087031701114
0.00933918677652
0.00611090430361
0.00643052170635
0.00727734493169
0.00832691226276
0.00884881230436
0.00928670154933
0.00906403646094
0.0086453391684
0.00801442090129
0.00801466705512
0.00803482791581
0.00931056661277
0.00891268308689
0.00942696546189
0.00952511300849
0.00816829244544
0.0078547869887
0.00679162569314
0.00692126964647
0.00733686059059
0.00854455528728
0.00894406772186
0.00905989918999
0.00753979070027
0.00688856029609
0.00667730551662
0.00689132878664
0.008044544955
0.00911606409394
0.00983462430026
0.00972377788422
0.00886920812337
0.00779453528311
0.00702961367343
0.00747492863768
0.00800445463486
0.0088835595651
0.00994770870992
0.00921783809182
0.00899276613107
0.00771361173558
0.00655426386614
0.00698385916803
0.00720396042687
0.00815974212997
0.00893275475497
0.00914788126385
0.00860280562985
0.00871327675581
0.00794924475297
0.00719420097417
0.00666115215208
0.00762329068172
0.00740419854214
0.00868605851182
0.00846057873542
0.0085595445705
0.00804374444431
0.00823947150874
0.00749626595573
0.00792649210225
0.00834405575658
0.008765211406
0.00844229711713
0.00834073338631
0.00876748262545
0.00844994328699
0.00728664489411
0.00802341363205
0.00729539457499
0.00730616711571
0.00804206714417
0.00845623558639
0.00781091276509
0.00750004667119
0.0083559246866
0.00856550121703
0.0082545324472
0.00764164231005
0.00731798738446
0.00732411251264
0.00783795992935
0.00848573534794
0.00817466303983
0.00752353167045
0.00689366871631
0.00647435269782
0.00646555153244
0.00712291176088
0.00774917654943
0.00900387353178
0.00953174396734
0.00878399568233
0.00652477632778
0.00718130949309
0.00856073031476
0.0117473321583
0.0116426134786
0.0117503671042
0.00689878517912
0.00775375821306
0.00946218163251
0.00884048484177
0.00831648719914
0.00799278829041
0.00693418279999
0.00681575786081
0.00723780879788
0.00766566191991
0.00734026038975
0.00796954327975
0.0087008724006
0.0088988231342
0.00921459325869
0.00879835519392
0.00771064524968
0.00768883844718
0.00780948020671
0.00791613339881
0.00942881143812
0.0104617288033
0.0104782266476
0.00910988214983
0.00857110447031
0.00729270198507
0.00720550211176
0.00680210890173
0.00710862695867
0.00890856989366
0.0101981713963
0.011159744807
0.0103274490269
0.00821261673797
0.00682445749177
0.00575431698087
0.00482378339397
0.00663159170261
0.0082334214586
0.00981759202015
0.010346785275
0.0105573968728
0.00927641678568
0.00767410656481
0.00725543448504
0.00693810030661
0.00842917419979
0.00779382101015
0.00885730724876
0.00938404953432
0.00948051044243
0.00851740349021
0.00840269949379
0.00733567483253
0.00766426024904
0.00787755337227
0.00924847248746
0.0100079031833
0.0106435140717
0.0100856862632
0.00903242695258
0.00797966820806
0.00756259039298
0.0072560049824
0.00790595115029
0.00865062731994
0.00877351133572
0.0084410760328
0.00854094649466
0.00789607622997
0.00810213819394
0.00757134135243
0.00747905721297
0.00715082203585
0.00832938457163
0.00800089391874
0.00842766595057
0.00820088077316
0.00767242875
0.00797560808187
0.00798649473892
0.00766661444234
0.00831138233752
0.00779178864507
0.00821585743948
0.00687845150769
0.00708247802914
0.00711242415432
0.00739873228614
0.00816578105958
0.00762896744662
0.00731588268128
0.0075254586955
0.00743848310249
0.0066885479365
0.00731215151919
0.00815998220933
0.0081556551445
0.00836190878844
0.00834399363253
0.00865602828002
0.00759413214875
0.00748082544145
0.0068640611548
0.0071579725283
0.00790607911854
0.00800990387598
0.00854371786928
0.00843454567593
0.0079928391754
0.00886529233222
0.00760056396208
0.00793781583672
0.00858000808154
0.00785887858398
0.00795183872853
0.00732642004939
0.00636592099316
0.00561597090773
0.00742223981073
0.00712415436484
0.0076479674742
0.00786925288438
0.00786593983605
0.00712386088385
0.00657764082382
0.0062756769042
0.00667931287633
0.00730950963176
0.00845637791433
0.00813631794666
0.00824170741462
0.00781125261136
0.00769951022937
0.00737496865977
0.00727101930008
0.00735946895827
0.0082111052803
0.00813929618728
0.00810837954758
0.0081443483176
0.00878083593305
0.00770076746335
0.00689808544724
0.00687677230898
0.00733558810206
0.00711654783219
0.00754223918074
0.00830393840461
0.00723393759468
0.00681650027986
0.00618374469288
0.00637395785823
0.00701166230411
0.00722198579532
0.0076505665645
0.00817628962126
0.00794546825587
0.00764027309701
0.00803218978677
0.0073754280652
0.00768295589799
0.00831769853684
0.00896151965985
0.0092876111258
0.00928479106342
0.00834278462388
0.00835448208974
0.00700560382152
0.00678827051901
0.00659064195822
0.00650789714372
0.00630403885297
0.00599671299826
0.00664684180009
0.00623336858848
0.00589672592977
0.00536947671902
0.00602209813652
0.00633283441587
0.00729347393415
0.00758051690808
0.0077514103984
0.00731649216859
0.00710808592902
0.0074251815643
0.00740382497232
0.00848086398826
0.00876638284786
0.00887080899624
0.00876564150232
0.00885789891487
0.00950273377847
0.00877363362718
0.00824417028352
0.00783724310607
0.00700953806815
0.00701993716587
0.00650164483091
0.00691568886801
0.00606124816464
0.00629572800784
0.00734850254271
0.00684302636134
0.00736917619269
0.00661089201479
0.00694073819661
0.00628843536306
0.00596346145189
0.00627399556054
0.00723917134721
0.00776118500611
0.00849362407509
0.00773894737618
0.00770041871562
0.00749235736277
0.00738061797013
0.00737917892083
0.00803693598449
0.0080365956363
0.00813021577727
0.00770984841535
0.00740457832272
0.00740499719355
0.00687414330055
0.00688180419322
0.00689237090495
0.00698771868298
0.00743061628894
0.00774161931758
0.00698349785645
0.00634314622274
0.00658886026614
0.00721706659994
0.00794762283363
0.00771977110026
0.00846266852422
0.00856331301072
0.00780911590579
0.00779993281984
0.00768674976059
0.00822006125339
0.00853654451729
0.00928082836376
0.00874148102273
0.0089634394401
0.00771009029801
0.00834527732235
0.00866607591358
0.00792645448241
0.00780742785442
0.00769793003493
0.00665110916735
0.00717855796183
0.00784084849714
0.00889850021305
0.00847240637874
0.00773767096487
0.00762414149996
0.00748815166999
0.0076102741557
0.00750437613457
0.0080520857437
0.00804765244913
0.00902635984438
0.00892520514623
0.00888918663349
0.00857354360558
0.00728691268459
0.00739184046257
0.00814219835509
0.00847515800152
0.00867992708554
0.00835931498849
0.00803902351506
0.00823946841832
0.00727286733303
0.00782123946795
0.00697597624849
0.00653797528558
0.00643031017346
0.00742112909096
0.00771325614776
0.00879358704731
0.0093187341185
0.00857208456033
0.00793856657691
0.00720352488105
0.00719328553726
0.00729317140425
0.00763002182637
0.00742710421605
0.00825636342149
0.00880445033387
0.00930970818234
0.00836127935669
0.00814669615428
0.00719813963253
0.00698792793805
0.00762636880171
0.00877564137901
0.00995452434581
0.0104616711961
0.010979287561
0.00992766359694
0.00790237252067
0.00779059310964
0.00791317247139
0.00877629493755
0.00857281054977
0.00898452313399
0.00919127427591
0.00844345674195
0.00857535612439
0.00728103765378
0.00674813685214
0.00709233197203
0.00775323868896
0.0088076195191
0.00807223372864
0.0081597477877
0.00753015359602
0.00720582459973
0.00550810753615
0.0064621991217
0.00679478146488
0.00796588363736
0.00953159470354
0.00954158376667
0.00849134236491
0.00803825989304
0.00718573636253
0.00643219099557
0.00600687349696
0.00602626772056
0.00758775988604
0.0081345876916
0.0092878835506
0.00907666360775
0.00874426832322
0.00824047685929
0.00769728272569
0.00770978568305
0.00769871832646
0.0082302781334
0.00834109464058
0.00742339501079
0.00817163603691
0.00815344905042
0.00836490243343
0.00880017783022
0.00814607106924
0.00816213830525
0.00837274990308
0.00794668405657
0.00752424446395
0.00729798536731
0.00771541064675
0.0082467981219
0.00792327249464
0.00824301982122
0.00855887471363
0.00900323483987
0.00931734084718
0.0089878492547
0.00920571635365
0.0080212597143
0.00770013935716
0.00834354085227
0.00784552829493
0.00795036573398
0.00752313883526
0.00816670266193
0.00838508774529
0.00848878133613
0.00857199536369
0.00859437277738
0.00784319842174
0.00848049103418
0.00754172045521
0.00763406608421
0.00752485213069
0.00718373034318
0.00708316937251
0.00749952231068
0.00866366181045
0.00813105650297
0.00833639600559
0.00897813576855
0.00790758040915
0.00801524552127
0.00842642971845
0.00875742771386
0.00916966365686
0.00928719687553
0.00896544151642
0.00897011222069
0.00854966304968
0.00779029875775
0.00791223043438
0.0073983813897
0.00790862832977
0.00822984915706
0.00877143709586
0.00845547884923
0.00804497872297
0.00857082246493
0.00772555924548
0.00772859438004
0.00761363135404
0.00738668989774
0.0079115325075
0.00802538260006
0.00782537205154
0.00803079189736
0.00854354061297
0.00802854119007
0.00783622482165
0.00824236536606
0.00876231269339
0.00877556669011
0.00865559514103
0.0076176101576
0.00794155378479
0.00771549750661
0.00816549183596
0.00814915458993
0.0083549630913
0.0078330230313
0.00805170727647
0.00762644694317
0.00753741213954
0.00826264240848
0.00783089627447
0.00814835429355
0.00803262905516
0.00803513746118
0.0076366559929
0.00698102943702
0.00793258509273
0.00836101692231
0.00867782089314
0.00890308358419
0.00910564505598
0.00813071489791
0.00886586388701
0.00856384446509
0.00876469321926
0.00814939859958
0.00780808023888
0.00854344570979
0.0092878422544
0.00970529532904
0.0100290816138
0.00960930966898
0.0090574867846
0.00883392111294
0.00882378202021
0.00829298151106
0.00839222112829
0.00788279684836
0.00877621032641
0.00826335668939
0.00870830698529
0.00669930333355
0.00681576661769
0.00661220132224
0.00684492880129
0.00725630584723
0.00792099730271
0.00801924529374
0.00756602376868
0.00694349212035
0.0068062280498
0.00729754897289
0.00825182171718
0.00885818198717
0.00969627734814
0.00948532730148
0.0094594896066
0.00872969989617
0.00903901984013
0.00929831560281
0.00900397479831
0.00774718175958
0.0067789697001
0.00754667309557
0.0075448582922
0.00747016906544
0.00765889305357
0.00820790951242
0.00820115044576
0.00787888653349
0.0074597538227
0.00799950470821
0.00756262137885
0.00796502519419
0.0085975765756
0.00858576277046
0.00867531536589
0.00806483470926
0.00845338822276
0.00761199181831
0.00782645879074
0.00792066869445
0.00782133806001
0.0085780516368
0.00816041995055
0.00836074207666
0.00826861565145
0.00856786695947
0.0084480598339
0.00865457240215
0.00853955103804
0.00820926137212
0.0086706629516
0.00890650384699
0.00872735480401
0.00851319020105
0.00812012264738
0.00769096767815
0.00714255264077
0.00608852438201
0.00788446849501
0.0074668917418
0.00704785072652
0.00736391634517
0.00756692466627
0.00766025544855
0.00797900990138
0.00849176631096
0.00910880155729
0.00837979609487
0.00784355566673
0.00708170489057
0.00795390947348
0.00889818645016
0.0109050646012
0.0109132119109
0.010480821952
0.00888624672174
0.00751065039043
0.00604277279038
0.00582641345093
0.00743003301183
0.00891283681812
0.00976027222223
0.0104978756292
0.00984872343363
0.0085910620401
0.00773655003956
0.00648206196288
0.00617108857574
0.00715945353458
0.00798760257279
0.00850838965043
0.00926668276909
0.00924139424931
0.00850132468622
0.00797901213288
0.00745681861029
0.007767909015
0.00821758019134
0.00872691337528
0.00904382463935
0.00937075009603
0.0087219526784
0.00840589925721
0.00787351026945
0.00775956030173
0.00712351793413
0.00817054347127
0.00881386633924
0.00801484971373
0.007917003254
0.00781737036392
0.00834398055037
0.00846276605278
0.00867390362208
0.00889463015857
0.00900386508421
0.00877665202045
0.00835797974808
0.00827137963774
0.0080679402966
0.00807309664752
0.00766272266817
0.00776695089131
0.00753969979181
0.00742574520678
0.00774524029634
0.00814741635233
0.00836223337156
0.00898415493307
0.00942548068181
0.00931560344543
0.00941696539077
0.00887712009179
0.00793217626988
0.00834678243661
0.0087810394755
0.00836019683904
0.00931922845578
0.00901311426691
0.00901293269647
0.00847351895148
0.00818510109994
0.00774294396862
0.00775379760963
0.00783472697752
0.00708148527986
0.00685678067038
0.00812913776634
0.00811408154893
0.00927063147038
0.00939277958056
0.00909128374508
0.00856878859285
0.00762599291614
0.00646410721751
0.00637915948686
0.00637957335518
0.00753797320969
0.00819966196885
0.00811205890575
0.00777221673722
0.0078909689305
0.00745932008949
0.00689456652348
0.00668748715128
0.00752393708667
0.00848383366648
0.008495222325
0.00901754131621
0.0086933859033
0.00837427914567
0.00815380808495
0.00857421780203
0.00901435006031
0.00888827463108
0.00879011235764
0.00889190358123
0.00847670658826
0.00782345826515
0.00794048705346
0.00793219811289
0.00856004168222
0.00963943187562
0.00921892546052
0.00931850773699
0.0097494547169
0.00879842404794
0.00911211110564
0.00880415361418
0.00838056951675
0.00881139776302
0.00828100680276
0.008401091623
0.00850881485011
0.00860636136045
0.00806736159307
0.00827442094282
0.00710642318437
0.00709842848187
0.00699475644096
0.00795485575594
0.00848689178711
0.00902984834893
0.00902348687935
0.00868219574459
0.0080497223908
0.00728937888847
0.00770441710368
0.00781777211834
0.00802972258839
0.00822496536276
0.00832575920057
0.00898651879847
0.00867325783707
0.00921653521512
0.00923049020204
0.00815306620221
0.00827928318349
0.00784335260019
0.00837608079865
0.00796361736289
0.00838453514745
0.00869081033702
0.0088107936236
0.00848584945919
0.00806819044172
0.00805448505716
0.00678350027841
0.00815892794556
0.00835746931279
0.00869868344838
0.00837363987731
0.00802989856082
0.00781355008798
0.0072702789552
0.00663725903901
0.00735545425337
0.00843969834542
0.00971020027426
0.0103776738134
0.0102705481435
0.00782062296125
0.00693701439347
0.00747931990041
0.00778919477904
0.00874271806368
0.00927820339963
0.00916374438826
0.00834325806731
0.00801260386862
0.00812703035366
0.0100566619955
0.0109231579313
0.0116658629182
0.0105078163181
0.00945692616773
0.00817054409204
0.0064867239004
0.00732464109121
0.00829077508163
0.00934393788683
0.011033629582
0.0100934272625
0.00943455272734
0.00890547399117
0.00658971399737
0.00668821727157
0.00645986796144
0.00795013231508
0.00913670060855
0.0102866033739
0.0104004271947
0.00986530617242
0.0084846737637
0.00793687071248
0.00794115601713
0.00783070374485
0.00859268789339
0.00890562504922
0.00858050132755
0.00784874004918
0.00710408640083
0.00733006405186
0.00797914053007
0.00873182737183
0.00917266815222
0.00893455262389
0.00966945526656
0.00882530047254
0.00829537669047
0.00765059100512
0.00807944151293
0.00850516970271
0.00850298230552
0.0089169120953
0.00922209858879
0.00817143502975
0.00773504949624
0.00719796402219
0.00795732687876
0.00795178333818
0.00954145492305
0.00934775560715
0.00911945873121
0.00920670853984
0.00846174926609
0.00790935683401
0.00750638873556
0.00834960129996
0.00974077530812
0.00986315800074
0.0100943877462
0.00902425454412
0.00808296268337
0.00628353676977
0.0066151565895
0.00587916755701
0.00718409846427
0.00877698004488
0.00912285893254
0.00964365864507
0.00943530929944
0.00848140871155
0.00803204669271
0.00740124794683
0.00718714710462
0.00676692637605
0.0073855583602
0.00906009333272
0.00926229905119
0.0088181542685
0.00730335145048
0.00710190741964
0.00709563082248
0.00869445199157
0.00962830593557
0.0105770413363
0.00963174331024
0.00867760553579
0.00805349494912
0.00736903853329
0.00811885651961
0.00951993107257
0.00879304084379
0.00856126130089
0.00721210019516
0.00732646982131
0.00689867923898
0.00658096650975
0.00648039119744
0.00561964944121
0.00617355634206
0.00675694557135
0.00802492308952
0.0116253186332
0.0118146103313
0.00947646167603
0.00778927175643
0.00609647084213
0.00578334912652
0.00674975459283
0.00789649577882
0.00960707981152
0.0104466220468
0.0105420281324
0.00895718255051
0.00759359496024
0.00620870170256
0.00611867386311
0.0069850511533
0.00847366581872
0.00888675616009
0.00986068760152
0.00963212715345
0.00920407020224
0.00814193783408
0.00675966565406
0.00666365008113
0.0070865010432
0.00814027092016
0.00865462072353
0.00854717655247
0.0085288496419
0.00904761559292
0.00840855915021
0.00841827801073
0.00851946368124
0.00725498885247
0.00809535747257
0.00745432073949
0.00766918724339
0.00799569189937
0.0091541604641
0.00937090691443
0.00841820270107
0.00778414152047
0.0070421535067
0.00556764741563
0.00546200630564
0.00703728949852
0.00821461447261
0.00969991437363
0.0107498877786
0.0102190642841
0.00948765732371
0.00823636634129
0.00791546404567
0.0069685851469
0.00690081982201
0.00804935581063
0.00817125390674
0.00922348660102
0.00870456301452
0.0082734156105
0.00721202360769
0.00680581416046
0.0063699727738
0.00604553686948
0.00678617685115
0.0071851150069
0.0074986230718
0.0080296954903
0.00768703996864
0.00831855106182
0.00862095585283
0.00915329547452
0.00852605878435
0.00970224628648
0.00883526518979
0.00799235189169
0.00820741056125
0.0084186143419
0.00842063845786
0.00821416398215
0.00876447111517
0.00824836163886
0.00770780849608
0.00750445672361
0.00708682204801
0.00698398285555
0.00707980856908
0.00770963063394
0.0078284872364
0.00845360433818
0.00855133896614
0.0078000653831
0.00812500981888
0.00779414769471
0.008421002246
0.00906657486226
0.00937616019892
0.00946961126402
0.0093461012923
0.00924410317621
0.00933066152636
0.00882071798422
0.00871851281354
0.00788114162066
0.00777040942143
0.00797419538656
0.00884383875261
0.00882717981945
0.00893506087464
0.00862058113124
0.00788227423042
0.00852273940264
0.00801386241646
0.007707844733
0.00760305600821
0.00758908523095
0.00717251317709
0.00767245062299
0.00874069839048
0.00841619051522
0.00818888004462
0.00839556823592
0.00830939786302
0.0069143939028
0.00797722677548
0.00785606980178
0.0086945792542
0.00892416427895
0.00703733910092
0.00649052333074
0.00699948372423
0.0078602505842
0.00827803344233
0.0089127400018
0.00941811687699
0.00878739415009
0.00825842982334
0.00881327417441
0.00899639129467
0.00902466762186
0.00988497510212
0.0102995021817
0.00986878057615
0.010751216546
0.0111822561968
0.0102512659522
0.00916331219094
0.00730094692892
0.00677885406909
0.00741878634148
0.00883049666652
0.00902189466151
0.00796908606044
0.0083861873465
0.0088143770751
0.00954528539525
0.0101666381661
0.00930576303753
0.00897552002049
0.00875584070059
0.00779141853571
0.00778926692079
0.0079671135786
0.00881708423426
0.0095460023254
0.010820257119
0.0102815748814
0.00942049057977
0.00899422717988
0.00772788807641
0.00688789474639
0.00700477902383
0.00784645274707
0.00796587159297
0.00955381670023
0.0107160062077
0.0102991374909
0.00840450160491
0.0075543778523
0.00916284438751
0.00894764503679
0.0093690488532
0.00915851009721
0.00852037906934
0.00874439968667
0.00766615495708
0.00796605943843
0.00872853007879
0.0086095482791
0.00890430537679
0.00848132826781
0.00879000533655
0.00880465642978
0.00901188743304
0.00901777844278
0.00869753114508
0.00890982688253
0.00859036111085
0.00892228826752
0.00859950099647
0.00903098442924
0.00870705324836
0.00872411949813
0.00787190735261
0.00829731252441
0.00840663290028
0.00861995237856
0.00915531887636
0.00936503442946
0.00852127647066
0.0079983153613
0.00737673578074
0.00799169447693
0.0082126575217
0.00788295202103
0.00883859880255
0.00882969053653
0.008728517663
0.00775700186858
0.00775656172852
0.00774308198563
0.00795212029088
0.00754000761073
0.00783560475182
0.00898791814448
0.0092930798016
0.00859243205973
0.00878384371806
0.00868491125372
0.0082548064442
0.0075205330134
0.00910461535849
0.00900606290604
0.00904623865068
0.00913525133991
0.00819597356436
0.00746110787195
0.00776798850531
0.00842180447677
0.00854186362025
0.00852971891987
0.00844401621085
0.00875626438134
0.00833354603457
0.00844760041147
0.00884461685582
0.0092775042082
0.00989601670165
0.00926498720708
0.00937070941735
0.00872124765335
0.00850608006258
0.00851590352488
0.00817953584817
0.00810019517799
0.00850806382798
0.00903198537285
0.00977099799501
0.00903126030334
0.00860410037304
0.00775306400659
0.00890303018654
0.00878840796869
0.00900011144454
0.00908857871364
0.00944270565258
0.00965738864686
0.0089132311399
0.0078503247471
0.00796325415115
0.00765147430113
0.00796016446396
0.00850014419881
0.00883225792843
0.00839547960776
0.00883307335857
0.00904811575211
0.00894881147271
0.00904258845704
0.00852281876113
0.00809775491772
0.00798625956045
0.00831685830509
0.00883249878264
0.00925026055482
0.00902870639073
0.00903908641567
0.00830549099458
