-11.7358790557
-11.7551530045
-11.7248371897
-11.745165987
-11.7490570035
-11.7198845291
-11.6908248984
-11.6863717209
-11.7156177166
-11.6979123767
-11.6936102757
-11.6977832598
-11.6635863502
-11.727432788
-11.702478909
-11.6907905563
-11.7382206386
-11.721182414
-11.7294520067
-11.7377279796
-11.7381183283
-11.7846068679
-11.7595554403
-11.7258519291
-11.7512830386
-11.7759376775
-11.7719754299
-11.7380123227
-11.7295221865
-11.7418803742
-11.716846733
-11.7334944225
-11.737886105
-11.7164057102
-11.7041881097
-11.7216017311
-11.6966934427
-11.6797296024
-11.7091899076
-11.6884313057
-11.7060478467
-11.7276703615
-11.7317657678
-11.7274767044
-11.7059608024
-11.6845923275
-11.6929438842
-11.734580243
-11.6671388482
-11.7091298318
-11.7185265252
-11.7145563538
-11.7438138747
-11.7101535159
-11.6985406501
-11.7195470384
-11.7113849215
-11.6987048701
-11.706513953
-11.6847973274
-11.6711779694
-11.7171919355
-11.6535537979
-11.6830407401
-11.7293254802
-11.7035334189
-11.7496935714
-11.690250711
-11.6981673778
-11.6858403888
-11.731826792
-11.7021340712
-11.7403192918
-11.7201041739
-11.7157274415
-11.6735304624
-11.7112986462
-11.6774087729
-11.6907227402
-11.6878248094
-11.7174131574
-11.6936103904
-11.672522811
-11.6893517086
-11.6775707841
-11.7105942857
-11.6892138893
-11.7274498564
-11.6894655076
-11.7144905874
-11.6967211682
-11.7342281504
-11.7377642851
-11.7210148779
-11.7219986854
-11.705183203
-11.7178272234
-11.6797771231
-11.6788929708
-11.6748918215
-11.65831548
-11.6409885067
-11.6664046357
-11.6285667331
-11.6203360439
-11.633314339
-11.6287014894
-11.650006245
-11.6507575054
-11.6889893965
-11.694747438
-11.677866005
-11.7412648791
-11.7119931458
-11.7166927454
-11.7298657245
-11.7266309799
-11.752437591
-11.6727764449
-11.7226722925
-11.69215775
-11.6706296961
-11.6869169045
-11.6817804337
-11.6481291089
-11.6857451294
-11.7114295283
-11.6984963933
-11.6684795362
-11.6599569402
-11.654798853
-11.6800061806
-11.7143332467
-11.7194714466
-11.6904916201
-11.7131648277
-11.7050419214
-11.709597771
-11.7011096004
-11.6587312819
-11.6962807025
-11.6669068512
-11.6624111706
-11.6885115668
-11.6888561209
-11.6763865167
-11.6670743459
-11.661484619
-11.6773868326
-11.655629332
-11.6509764176
-11.6840236039
-11.646943283
-11.7016139806
-11.6553118562
-11.650924648
-11.6851657194
-11.6803142437
-11.6584363405
-11.6634476676
-11.685812203
-11.6852193386
-11.6855637575
-11.6904496132
-11.6824325499
-11.6870496217
-11.6747119285
-11.6496241581
-11.6537620028
-11.6752518925
-11.6750856952
-11.7212022226
-11.6907737495
-11.6529039961
-11.6788639857
-11.6742340343
-11.6990544399
-11.6861815944
-11.6903715744
-11.6859929275
-11.722931963
-11.6720656672
-11.6929304513
-11.7224192128
-11.6882787471
-11.6460712865
-11.6826951432
-11.669977118
-11.6859891555
-11.6859810523
-11.7244784995
-11.6989608656
-11.7288148542
-11.7258088719
-11.7681527268
-11.7642694535
-11.7394025353
-11.7432877289
-11.7135601502
-11.7552539298
-11.7419920841
-11.7290797809
-11.7248082744
-11.7381834287
-11.7637228271
-11.7679499425
-11.7679909754
-11.7383843828
-11.7512090857
-11.7087783042
-11.7421803204
-11.7723648871
-11.7389158817
-11.7771521558
-11.7606091765
-11.7654488856
-11.791009613
-11.7567424892
-11.7481547968
-11.7689907901
-11.7774859223
-11.7782672369
-11.7797319438
-11.778794435
-11.7908055086
-11.8107406145
-11.8317225805
-11.8406075416
-11.8457022939
-11.8594392278
-11.8978174797
-11.8689148406
-11.830887823
-11.867334742
-11.8924180665
-11.891701407
-11.8790380652
-11.8627357567
-11.9102268484
-11.898865494
-11.894981853
-11.8783097569
-11.8442538021
-11.8482185164
-11.8095736088
-11.7841383949
-11.7932558286
-11.8096920714
-11.8095344983
-11.8139501324
-11.8176585235
-11.81788452
-11.809046751
-11.8004915715
-11.8251632516
-11.8244008524
-11.8829010618
-11.8618713711
-11.9040468387
-11.8954403104
-11.8823684419
-11.9289715905
-11.9034075735
-11.9159841124
-11.94977236
-11.915060204
-11.9311778246
-11.926251999
-11.9085389894
-11.9042975125
-11.8792984204
-11.8755632862
-11.8673967352
-11.8678046547
-11.8630139612
-11.8374232179
-11.8288255353
-11.823735478
-11.8625304637
-11.8296804241
-11.8636226347
-11.8347205743
-11.851362896
-11.8678532279
-11.905997344
-11.8931911602
-11.9067222145
-11.9270612079
-11.9321047106
-11.885711293
-11.9234108682
-11.9232853243
-11.9283897962
-11.9323645556
-11.9320572074
-11.9367406388
-11.9246446492
-11.9078062548
-11.8659832838
-11.8657048872
-11.8703509804
-11.8617531095
-11.8536895797
-11.8204246512
-11.8548931507
-11.8465552809
-11.8468746456
-11.8133930037
-11.8264782892
-11.8516248016
-11.8176413432
-11.8259824771
-11.8387952165
-11.8552546959
-11.884467554
-11.88502793
-11.8888179329
-11.9267487732
-11.9430120564
-11.9894395756
-11.9645592826
-11.9591428645
-11.963031938
-11.9465741592
-11.938397464
-11.9797688962
-11.9761085947
-11.9847303203
-11.9721557243
-11.9417108418
-11.9119135973
-11.9162241192
-11.9033238442
-11.8738609772
-11.9298811655
-11.9082069498
-11.8835532976
-11.9009530527
-11.9135017874
-11.8836707941
-11.8758095759
-11.9184725445
-11.9147071121
-11.9401907756
-11.9445904427
-11.9495289988
-11.9200216839
-11.9535403836
-11.8984712614
-11.834915529
-11.8688424856
-11.8181973577
-11.7625117019
-11.7459165421
-11.7368180375
-11.7412956903
-11.7632231436
-11.7630865827
-11.7714670087
-11.7634376749
-11.7849985504
-11.8158325813
-11.8464519173
-11.8554845831
-11.8760140373
-11.9054453927
-11.9433693529
-11.9173086028
-11.9761697886
-11.9923163755
-12.039109983
-11.9960940588
-12.051045959
-12.0552385253
-12.0720064841
-12.04187394
-12.0251792712
-12.0290204091
-12.0248763746
-11.9911278613
-12.0037172023
-11.9948994451
-12.0071914526
-11.947775955
-11.9601501402
-11.8846538602
-11.9315858382
-11.9318441994
-11.9116883059
-11.8954416961
-11.9468289179
-11.9007167962
-11.9136193858
-11.8878078374
-11.9212134551
-11.9722398714
-11.9642534183
-11.973134623
-12.0197819205
-11.9992064568
-11.9401455684
-11.9393899542
-12.0059555814
-11.9424601279
-11.9417407213
-11.9657768298
-11.9703898677
-11.9788234539
-11.9363836198
-11.9272644069
-11.9565892731
-11.947528048
-11.9727128834
-11.9763032121
-11.9678947622
-11.9766235046
-11.9813446373
-11.9854698181
-11.9811707889
-11.9767030518
-11.9940610031
-12.0196863561
-12.0296641013
-12.0951709813
-12.0883878589
-12.0781298662
-12.1006551711
-12.1143002324
-12.082198816
-12.1337235807
-12.1273503316
-12.124594111
-12.0866221808
-12.1445592484
-12.1103287441
-12.1308981651
-12.1131187958
-12.0515783553
-12.025985526
-12.022916192
-11.9775182063
-11.9751846266
-11.8854257632
-11.8977543979
-11.8935815069
-11.8738511184
-11.9013008316
-11.8835168821
-11.906972286
-11.9692510554
-11.9466915762
-12.0491790897
-12.0483287792
-12.1112837452
-12.1687856235
-12.2338128724
-12.2177631826
-12.293195396
-12.3143665016
-12.3217543548
-12.3168031908
-12.3225288647
-12.3193233435
-12.2834904287
-12.2792522452
-12.1320647756
-12.0824467195
-12.0377318575
-12.0107420373
-11.9767873835
-11.9479796232
-11.9994922938
-11.9587434357
-11.9698009196
-11.9628994817
-12.0202475188
-12.0103346473
-12.0893322785
-12.1748843178
-12.2190197189
-12.1787024416
-12.2217712632
-12.2566616938
-12.2689552783
-12.2597921451
-12.2420039556
-12.2306589735
-12.2077221084
-12.2004875416
-12.1597640348
-12.0765504328
-12.0827965954
-11.9999122574
-12.0034225396
-12.021435321
-11.988052835
-12.0057578905
-11.9897017345
-12.0468462273
-12.0491176607
-12.0675025572
-12.1249398385
-12.1395714976
-12.133014911
-12.1431517927
-12.1329822588
-12.1437446256
-12.1745154266
-12.1787251183
-12.1530367385
-12.1607517811
-12.189539918
-12.1589522435
-12.1714967823
-12.1794769212
-12.1231834716
-12.1001245151
-12.1028410593
-12.1049908476
-12.0769316821
-12.0804692859
-12.054085394
-12.0962326955
-12.0372419053
-12.0580976251
-12.0927385932
-12.0796485214
-12.1224726872
-12.1271077751
-12.158606075
-12.1678292231
-12.2236937959
-12.2244910961
-12.254369922
-12.2671165744
-12.2499526823
-12.2248756446
-12.2502302031
-12.2203187309
-12.2362933585
-12.1975402972
-12.176405464
-12.1922994263
-12.1497769223
-12.1405177765
-12.1101016974
-12.0848219686
-12.1355527932
-12.1095802359
-12.0965187765
-12.0838241752
-12.05756002
-12.0578964259
-12.0919122108
-12.0970443103
-12.1222705993
-12.1227171665
-12.134818873
-12.1358166645
-12.1675017296
-12.2049601269
-12.2008753601
-12.1670851665
-12.2227421835
-12.2096216065
-12.2095966584
-12.2193099106
-12.2445312094
-12.2440392929
-12.2566526728
-12.2515610805
-12.1964138244
-12.2132301494
-12.1899560702
-12.1945034115
-12.1888479321
-12.1966305839
-12.1589570593
-12.1422254434
-12.1675609473
-12.1675488375
-12.1423337039
-12.1549717073
-12.1417895707
-12.1503126277
-12.1407606031
-12.1576842323
-12.2047940523
-12.2006430465
-12.2147854028
-12.2242282655
-12.2156204691
-12.2622542161
-12.2622926755
-12.2625235367
-12.2801593059
-12.3311157365
-12.2517954607
-12.2647367137
-12.230181822
-12.2598003477
-12.2541561826
-12.2241000815
-12.207375746
-12.2288176471
-12.1230639647
-12.1615490747
-12.1962115659
-12.2102637218
-12.224210126
-12.2456259707
-12.2707345337
-12.320505879
-12.2953065889
-12.3163068139
-12.2864170357
-12.3147423313
-12.3105133151
-12.3104097495
-12.3190229668
-12.3102216064
-12.3143899985
-12.2430099988
-12.22947703
-12.2162936957
-12.2169736731
-12.2384210881
-12.1874585933
-12.2085600615
-12.2629012992
-12.2591439043
-12.256171035
-12.3027656223
-12.2611175285
-12.2732635624
-12.3152942205
-12.2933286884
-12.3514889964
-12.3727557763
-12.3557737416
-12.3694950458
-12.370044234
-12.3870554086
-12.3450313834
-12.337170019
-12.3276927418
-12.3312288764
-12.3686395617
-12.3305300064
-12.3185939185
-12.3062861077
-12.3194285168
-12.3573369865
-12.2893419694
-12.3095717862
-12.2669959855
-12.2701693892
-12.2658272763
-12.2654573955
-12.2742944593
-12.2995187523
-12.2699730584
-12.2781959533
-12.3162348885
-12.3121876876
-12.3615317215
-12.3570304563
-12.4114996506
-12.4024581528
-12.4416306303
-12.4377047049
-12.4336239131
-12.4588049185
-12.4461048562
-12.4720824666
-12.4709251265
-12.4957911111
-12.5040675164
-12.4572752418
-12.499940835
-12.5132010623
-12.4703895869
-12.4447757383
-12.4357102223
-12.4637094279
-12.4314781943
-12.4219836966
-12.4000759354
-12.3699393044
-12.3274220141
-12.3743534134
-12.3374270505
-12.3848104907
-12.385802014
-12.3959001775
-12.3802720883
-12.3944258002
-12.395252724
-12.4232776474
-12.4647857887
-12.4555774955
-12.4407717625
-12.4484202082
-12.3862010437
-12.4398059847
-12.438881028
-12.4175499777
-12.4887376366
-12.4431316321
-12.4905728
-12.4956050844
-12.4727694457
-12.4688332161
-12.4604264651
-12.4585939723
-12.4188811915
-12.4203771864
-12.4057049268
-12.3571952904
-12.381237469
-12.320065137
-12.3404375593
-12.3571028557
-12.3530326673
-12.3526010707
-12.3112453869
-12.3369480157
-12.3768065278
-12.3452172259
-12.3979569986
-12.378573983
-12.3800229915
-12.4195983355
-12.4411050799
-12.4505339773
-12.4547754238
-12.4704946217
-12.466036454
-12.4392640347
-12.4625569507
-12.4299470004
-12.4019284146
-12.364828894
-12.3282493058
-12.3509210345
-12.3165464348
-12.3552250959
-12.306860256
-12.334091311
-12.3787067886
-12.3761991243
-12.3702664027
-12.401228855
-12.4078611167
-12.4435961986
-12.4534121807
-12.425403846
-12.4578603621
-12.4560754145
-12.4490493105
-12.4488625081
-12.4357885172
-12.4543894445
-12.418115191
-12.3999925073
-12.3954117499
-12.4587215534
-12.4759383311
-12.4683274935
-12.4868457674
-12.526378568
-12.5023163785
-12.5054908306
-12.5293072089
-12.5481631479
-12.5324915159
-12.5505059812
-12.5588814228
-12.5326885714
-12.5314131562
-12.4923832421
-12.4795811119
-12.4616614606
-12.4689770086
-12.4653986131
-12.4577990995
-12.4381296195
-12.4392964446
-12.4227648629
-12.4318761217
-12.4359745753
-12.423029719
-12.4638750516
-12.4169272418
-12.4370940307
-12.4608804629
-12.4470514405
-12.4325239276
-12.4271831316
-12.4356097142
-12.4353288106
-12.4563421664
-12.4925882833
-12.4913684734
-12.4903049716
-12.4989209537
-12.5677526454
-12.5457342188
-12.578944054
-12.5761319826
-12.6148445966
-12.5721761023
-12.6004575314
-12.5623534901
-12.5493521084
-12.5591827316
-12.5576104507
-12.566728871
-12.5298823378
-12.5342665919
-12.5248505771
-12.5408974824
-12.5568038634
-12.5558476835
-12.563287268
-12.5624138199
-12.5949037266
-12.5343333479
-12.5377255451
-12.5453187218
-12.5754979207
-12.5673471847
-12.5962943346
-12.5713513392
-12.6222945912
-12.6096562102
-12.6781566972
-12.6463869945
-12.6892711831
-12.6988986159
-12.7157295211
-12.7151895856
-12.6978850457
-12.7188654119
-12.71509541
-12.6867858678
-12.6960255411
-12.6934215669
-12.6685880002
-12.6691921083
-12.6399519187
-12.6613252887
-12.6406479064
-12.6320046959
-12.6182960693
-12.6091334627
-12.5740167445
-12.5860103032
-12.5729255415
-12.6229458217
-12.576192749
-12.5833553483
-12.5787901676
-12.5492476013
-12.5912738176
-12.5921476677
-12.6295243198
-12.6421747017
-12.6601164834
-12.706812409
-12.6767441325
-12.6896750294
-12.563548557
-12.534744914
-12.5180185002
-12.4925615267
-12.5048319579
-12.504273776
-12.5293954784
-12.514661006
-12.5504192167
-12.5362514904
-12.559271663
-12.568517376
-12.577152141
-12.5843163056
-12.6261534302
-12.5983900534
-12.6051635994
-12.5813233931
-12.5942461505
-12.5999443018
-12.594701273
-12.5908525803
-12.6202444024
-12.6069387295
-12.597501571
-12.5786109458
-12.6147160802
-12.6153560171
-12.59225652
-12.6080004826
-12.5944800472
-12.6142221648
-12.6376731856
-12.5931531507
-12.5767931645
-12.6119221161
-12.6212324095
-12.5585122062
-12.5678945635
-12.5719215075
-12.5881490725
-12.5242256052
-12.5175073389
-12.5109193626
-12.5026888656
-12.4786737694
-12.4802429501
-12.4870643415
-12.4437667195
-12.4927461206
-12.5001445182
-12.474192983
-12.4821505188
-12.4957581319
-12.5050162684
-12.5465603573
-12.5737210315
-12.6194781164
-12.6308417353
-12.6587510434
-12.6942907519
-12.7284899133
-12.6821813167
-12.7021788306
-12.6712244443
-12.6787362515
-12.6758164356
-12.5770773458
-12.6032129991
-12.5452033646
-12.5591878966
-12.5482071069
-12.5469953482
-12.5280179974
-12.5858231882
-12.6188029831
-12.6342570485
-12.7204492229
-12.7553393112
-12.7269514712
-12.7513372958
-12.7287757717
-12.7044237438
-12.6833251475
-12.6173242922
-12.6164331155
-12.5345574055
-12.6038253624
-12.5314525811
-12.5678276363
-12.5797811057
-12.5581821876
-12.5978305418
-12.6428079824
-12.660812535
-12.6742695698
-12.7029242095
-12.7550481743
-12.7916212354
-12.8054013266
-12.8371684546
-12.8392818638
-12.8514952439
-12.8675958881
-12.827893477
-12.8036914126
-12.7692332083
-12.7302510161
-12.668064755
-12.615247897
-12.6071635237
-12.5718878503
-12.5489407527
-12.4985112781
-12.4884097544
-12.5151152885
-12.5451194297
-12.5627533874
-12.5901175079
-12.6649746855
-12.6996831448
-12.7581570113
-12.7422301683
-12.819638865
-12.8354766588
-12.799020447
-12.836152045
-12.7761308919
-12.8056688296
-12.7354496724
-12.7040046838
-12.6552585801
-12.6176655777
-12.565099575
-12.5561144349
-12.5381552061
-12.4712875181
-12.4984843949
-12.5033920289
-12.4978573543
-12.5200385199
-12.5755651558
-12.6331670159
-12.624902732
-12.7114551786
-12.7360995094
-12.739180346
-12.7624506559
-12.7940374155
-12.7391319993
-12.7498322839
-12.754422551
-12.733898039
-12.7076942587
-12.6707999566
-12.6635608968
-12.6490240753
-12.6466742333
-12.7290938579
-12.7589733027
-12.7554471082
-12.752146518
-12.8063653325
-12.8160454127
-12.8189307679
-12.8033654996
-12.794114513
-12.7842984132
-12.7908136323
-12.7008228937
-12.7083363064
-12.6788059431
-12.6225829254
-12.5626837627
-12.5600767345
-12.5470984149
-12.588734248
-12.5448279131
-12.563955807
-12.5819906392
-12.5642097674
-12.5908381257
-12.6256737777
-12.6641200781
-12.6831300164
-12.7091221972
-12.7566724859
-12.8025909769
-12.759681545
-12.7655763762
-12.780283267
-12.7811998823
-12.7872702291
-12.7708457762
-12.7338727861
-12.7359865551
-12.7297118332
-12.7295516354
-12.7364040373
-12.7478592984
-12.786421943
-12.7801522359
-12.8347079408
-12.8742534474
-12.868900024
-12.8719802799
-12.8455442516
-12.879390691
-12.844034979
-12.7907951171
-12.7858361382
-12.7700764007
-12.7282076871
-12.6348381635
-12.59609451
-12.5799242206
-12.572756594
-12.6190524346
-12.6252677015
-12.6495622574
-12.6831312221
-12.7001370917
-12.7075183991
-12.7355465504
-12.7725900098
-12.8465477094
-12.8839395557
-12.8864304398
-12.8712733862
-12.8790673798
-12.8341463506
-12.8524047068
-12.819912354
-12.8296035632
-12.8246744747
-12.7858116228
-12.7980115673
-12.7603545659
-12.7815139677
-12.7724423816
-12.7253060255
-12.7164091959
-12.7200724496
-12.698755812
-12.7359446701
-12.7008518201
-12.6912971651
-12.7206776062
-12.7296382611
-12.721958095
-12.7568873322
-12.7240651526
-12.732777619
-12.7587214864
-12.7383939857
-12.7777981648
-12.7834036705
-12.7718777137
-12.7402705019
-12.7708689953
-12.8006236642
-12.8205819617
-12.7896251086
-12.8215091134
-12.7998076566
-12.8335711317
-12.8169444928
-12.8033909099
-12.8227028326
-12.8209494417
-12.8303924339
-12.7986563671
-12.8136078422
-12.7671769098
-12.7771710929
-12.7480290404
-12.7326008773
-12.7236866644
-12.7027800745
-12.7032426372
-12.713681475
-12.7102778173
-12.6997405395
-12.7131388353
-12.6577046743
-12.6948202279
-12.6757671391
-12.7072014168
-12.7449848694
-12.7432527368
-12.7326909689
-12.7649519879
-12.7756826158
-12.8024967704
-12.7994317616
-12.8128886287
-12.825735811
-12.8002835256
-12.7878216224
-12.7536830045
-12.7694220132
-12.742950363
-12.7116325032
-12.6632143529
-12.6786852368
-12.596963169
-12.6438748674
-12.6560067418
-12.6605251432
-12.6389677189
-12.6424431334
-12.6377206884
-12.6757022332
-12.6683570429
-12.6984409334
-12.7290713022
-12.7547625637
-12.7467866697
-12.7848151821
-12.7639730274
-12.7806610633
-12.7715939436
-12.7977189917
-12.7474474472
-12.7596717738
-12.7309036058
-12.7724854302
-12.7433642015
-12.7519873689
-12.7567799347
-12.7496483223
-12.7115306893
-12.7367624138
-12.7370031837
-12.7538029834
-12.7537396318
-12.7708458461
-12.7627802283
-12.7803574321
-12.8028067619
-12.7949284457
-12.8034672275
-12.8116106673
-12.7942616568
-12.8048327559
-12.7638419677
-12.7620939671
-12.7514712086
-12.7205971549
-12.753970188
-12.7239367851
-12.7179495871
-12.7331426951
-12.7389509126
-12.7472397365
-12.7070853082
-12.7165767696
-12.7185487657
-12.6859348903
-12.7248221243
-12.6832929325
-12.7226066698
-12.7497527411
-12.7569160093
-12.7752802505
-12.7378138589
-12.7531501591
-12.7723736262
-12.7573180157
-12.7428366779
-12.7203082022
-12.7109128475
-12.723114274
-12.6932166348
-12.721523065
-12.7164916663
-12.7157378214
-12.6763679461
-12.7106972121
-12.6996728796
-12.7262920833
-12.7231650529
-12.7465621073
-12.7807855736
-12.7896822424
-12.7728402484
-12.7757483636
-12.7698249104
-12.7684498498
-12.7328597566
-12.748886908
-12.693180445
-12.6924196268
-12.6970107149
-12.7013512624
-12.7229576394
-12.6941813651
-12.6786905391
-12.7319826963
-12.746648874
-12.7713734279
-12.7321037276
-12.7866530585
-12.7838192589
-12.8062721626
-12.8025432467
-12.8108051021
-12.8335652639
-12.8401817928
-12.7820844873
-12.7659233976
-12.7415796916
-12.7347192464
-12.7364170164
-12.7215441568
-12.7113968238
-12.6948998617
-12.6912166502
-12.695400568
-12.7438419706
-12.7433587025
-12.7459208129
-12.7637933367
-12.7770282658
-12.8032716962
-12.7739355991
-12.7119024575
-12.6981663081
-12.6761101931
-12.6879923685
-12.6835955703
-12.6671132111
-12.6887904741
-12.6825768763
-12.7101191782
-12.7481217931
-12.7258529838
-12.7933133822
-12.7914837983
-12.7755558295
-12.7937112546
-12.822705578
-12.7799901259
-12.7826448701
-12.7474688028
-12.7620739446
-12.7523806778
-12.7290136422
-12.7238116847
-12.7203673463
-12.6744724352
-12.6461542141
-12.6201154159
-12.5952555544
-12.5830842351
-12.6173250268
-12.6227834772
-12.6409447575
-12.6509815918
-12.7045017228
-12.7147446917
-12.7042601241
-12.7570487386
-12.7843045349
-12.788453735
-12.8093182622
-12.7919674039
-12.7707021041
-12.719623069
-12.7474884058
-12.7285703668
-12.6804108788
-12.6704861831
-12.7036305031
-12.6914993427
-12.6671785957
-12.6848444494
-12.6814438273
-12.7242038834
-12.7030302936
-12.7077583496
-12.7680281053
-12.7603616378
-12.7600448652
-12.7814502439
-12.7542296116
-12.7476435076
-12.7588488717
-12.7189116902
-12.7558817664
-12.7545281213
-12.7200309014
-12.7288751171
-12.7162923876
-12.7251694231
-12.717964816
-12.7262354484
-12.7397007532
-12.7367043559
-12.7631461364
-12.7262724758
-12.7653259375
-12.8077554753
-12.7914306589
-12.8253696281
-12.8419575134
-12.8216009493
-12.8421633871
-12.8462434756
-12.8211573736
-12.8498479217
-12.8017635852
-12.8420814009
-12.8155560539
-12.8258474342
-12.8168180747
-12.8455107109
-12.8497409137
-12.8350788808
-12.8575506253
-12.8674751042
-12.8606888021
-12.8679926504
-12.8559905304
-12.8831501258
-12.8904708406
-12.8886268266
-12.8999556082
-12.8481135167
-12.8603387036
-12.8892384954
-12.8890502836
-12.8625150396
-12.8509098074
-12.8649786769
-12.8461826253
-12.8328816758
-12.8715420954
-12.8437466893
-12.8112937159
-12.8430033398
-12.7881381719
-12.779368734
-12.8200312109
-12.7883799394
-12.7965082077
-12.8176438236
-12.7626148829
-12.7496186778
-12.7446072369
-12.738402179
-12.7155538118
-12.7005523611
-12.6754643563
-12.658692394
-12.6729291967
-12.6522244122
-12.642929772
-12.6666082486
-12.6623746209
-12.6801037213
-12.7171140781
-12.7153988033
-12.7662999208
-12.7487800897
-12.7458963468
-12.7764304462
-12.7717047254
-12.8044559425
-12.8075645088
-12.8233012489
-12.792639703
-12.7237877002
-12.7432563615
-12.7242253325
-12.7398670969
-12.679643078
-12.6653914174
-12.6851726035
-12.6754736344
-12.6849387481
-12.668831725
-12.6779527571
-12.6531792907
-12.7332796864
-12.674083666
-12.7033018015
-12.6735496769
-12.6651720412
-12.7046752164
-12.736744174
-12.7179407381
-12.7299827709
-12.7530932646
-12.7665889931
-12.7833788252
-12.7825691749
-12.7909941705
-12.7905611666
-12.8161706555
-12.8078998367
-12.8503955351
-12.8198818085
-12.7511636097
-12.7354667079
-12.7446082149
-12.7302379643
-12.7450230578
-12.7190610164
-12.7107963952
-12.7241607668
-12.672531345
-12.7052264957
-12.6501353363
-12.6930238639
-12.6950115732
-12.6939495081
-12.6876649392
-12.7494253896
-12.7247522806
-12.7215103213
-12.7345992485
-12.7224928892
-12.7179102849
-12.7310547831
-12.710032919
-12.7486570714
-12.6949010313
-12.7292210466
-12.7473068078
-12.6929398266
-12.7045586791
-12.6889197218
-12.706214612
-12.6512590122
-12.6550245897
-12.6330767106
-12.5603153978
-12.5968893152
-12.6350896418
-12.642213915
-12.6633706157
-12.6976475031
-12.7128441635
-12.7114098324
-12.7607295653
-12.7908730706
-12.7879258026
-12.7889626724
-12.7967583765
-12.7945166175
-12.7752372626
-12.7431925382
-12.7447246592
-12.7325856968
-12.6925490867
-12.6652943948
-12.6928212338
-12.6801296897
-12.6591737645
-12.6424799989
-12.6902538054
-12.6447016713
-12.6424518122
-12.678366935
-12.6772348972
-12.7312995213
-12.7425463215
-12.7409252133
-12.7255503832
-12.7393897607
-12.7528670937
-12.7644186558
-12.7722283046
-12.7218638557
-12.737201675
-12.7205804177
-12.7085985145
-12.6545750694
-12.6737856265
-12.6286368346
-12.6610909753
-12.6252176435
-12.6079547191
-12.5939389325
-12.6326147229
-12.6203635904
-12.62219247
-12.610346965
-12.6552867672
-12.6528393326
-12.6767773062
-12.7020503686
-12.7177816959
-12.74641478
-12.7485847889
-12.7538762692
-12.7293337345
-12.7705244441
-12.7953243416
-12.8377648594
-12.8033539815
-12.7895194433
-12.7866432525
-12.7244744392
-12.731793632
-12.6673257479
-12.6643515586
-12.6699685169
-12.6563496729
-12.664841392
-12.588336325
-12.6001068974
-12.6169416884
-12.6122877226
-12.612377359
-12.6055006075
-12.6033722904
-12.6281273712
-12.6384076764
-12.6409182497
-12.6217143512
-12.6781837793
-12.6879178005
-12.7054990609
-12.7243053546
-12.7377584821
-12.7316232046
-12.685416416
-12.7308659693
-12.6993208497
-12.7207536384
-12.6625546338
-12.6474104382
-12.6468346306
-12.6254047863
-12.645434108
-12.610333706
-12.6091562717
-12.6088426111
-12.6270164965
-12.6682337136
-12.6843515323
-12.7270119831
-12.7934477068
-12.801155582
-12.8035016107
-12.8423991066
-12.8616682143
-12.859138246
-12.823442304
-12.8490245429
-12.8143528922
-12.8243684102
-12.7533886967
-12.7319333481
-12.7215375963
-12.6828931791
-12.6510932889
-12.6715858873
-12.6428360304
-12.6939831258
-12.6825249449
-12.6829267541
-12.7106887941
-12.7345596008
-12.7425358391
-12.7852253936
-12.7851844754
-12.8109554842
-12.8366280285
-12.8320710539
-12.8354938161
-12.8370064243
-12.8844869049
-12.8804996033
-12.8203675011
-12.8053479747
-12.7806379344
-12.7281294437
-12.7097025453
-12.6769087025
-12.6290827419
-12.6199080434
-12.6257261824
-12.6332234388
-12.6584456233
-12.6121418001
-12.6502238876
-12.6469875503
-12.6872337864
-12.7277213694
-12.7637834181
-12.7883539179
-12.8298846768
-12.8529457275
-12.8932222297
-12.8849518316
-12.8507741099
-12.8202280755
-12.8567307812
-12.8183365436
-12.7863508966
-12.7625065612
-12.7061808097
-12.6876775997
-12.5826599601
-12.5723083608
-12.5672113704
-12.5595231913
-12.6426086424
-12.632135187
-12.6871436617
-12.7019283343
-12.7601163924
-12.7376591272
-12.7795224298
-12.807466594
-12.8169136397
-12.8074562212
-12.8309477297
-12.7892654616
-12.7151551681
-12.7035316
-12.7101801435
-12.6754465977
-12.6448658143
-12.6565892416
-12.6335852255
-12.5953385934
-12.6468230685
-12.7159545821
-12.6542237011
-12.668731048
-12.7390543212
-12.7236071567
-12.7232409861
-12.7615647351
-12.7398646022
-12.7777765635
-12.7483570166
-12.7518390083
-12.7622664787
-12.7600761216
-12.7016683803
-12.7322089019
-12.7279888884
-12.7288328209
-12.7214548795
-12.6811896327
-12.701481885
-12.6799138918
-12.6418944262
-12.6772168711
-12.6923258968
-12.7123286099
-12.7213987032
-12.7505238275
-12.7675661056
-12.7481363058
-12.8020381045
-12.7737131738
-12.8263497889
-12.8348548427
-12.834419429
-12.7996800622
-12.8149741966
-12.8091725956
-12.8242325372
-12.7872056767
-12.7813298873
-12.7406984936
-12.7293182553
-12.6708152488
-12.6802350593
-12.6582131863
-12.6747812844
-12.6591297809
-12.6687051912
-12.6742356524
-12.6664738343
-12.6972772031
-12.7198250002
-12.7895603306
-12.835361836
-12.8076740009
-12.8142697882
-12.8661354222
-12.8415329902
-12.8382284866
-12.8472480727
-12.8350725389
-12.8472628531
-12.8586882926
-12.8077862483
-12.8232010069
-12.7549474305
-12.7580346628
-12.7313116149
-12.7183089376
-12.7387660044
-12.7342280874
-12.7986269775
-12.7999616476
-12.7704057613
-12.8299773786
-12.8177204458
-12.8089866025
-12.8469142072
-12.8207112949
-12.8205869515
-12.8407829216
-12.8283932705
-12.8210533275
-12.7824882759
-12.8058701488
-12.7839392059
-12.7645794408
-12.7795957229
-12.783800746
-12.8320428941
-12.8126344841
-12.7748045356
-12.7854868351
-12.8474929858
-12.8696458205
-12.8803276662
-12.9207031487
-12.8881016801
-12.9410572118
-12.9424254512
-12.8806672939
-12.9210933262
-12.9413451919
-12.9381925602
-12.9385455294
-12.9532309373
-12.8770542062
-12.9118688764
-12.8860991406
-12.8680236971
-12.842576554
-12.8325072598
-12.8444223885
-12.8440306401
-12.7842890447
-12.8133099747
-12.7836205052
-12.7753798238
-12.8004575393
-12.7530748268
-12.744334675
-12.7354265969
-12.7644993612
-12.7401342899
-12.7409318531
-12.7587241842
-12.7471063812
-12.7895600227
-12.7814867694
-12.7981143372
-12.8311789953
-12.8272073782
-12.8609173792
-12.817269538
-12.8289305051
-12.8405794136
-12.8355031667
-12.8313392392
-12.8776822014
-12.8441203894
-12.8756632572
-12.8342560783
-12.8521485709
-12.8318113871
-12.8326290355
-12.8029793436
-12.7918340307
-12.8220122262
-12.8192802112
-12.8001083705
-12.793302548
-12.7638216759
-12.7788580621
-12.7977216385
-12.7257831665
-12.768666389
-12.7138157632
-12.7275772961
-12.7176697768
-12.7251973315
-12.7482247854
-12.7564422174
-12.7477748709
-12.7583223821
-12.7894067004
-12.8687136512
-12.8920035641
-12.8888192021
-12.8850636551
-12.8596093639
-12.8727337982
-12.851358297
-12.8178141794
-12.8257190737
-12.8283402939
-12.8402550509
-12.8024138587
-12.7607236678
-12.7564966348
-12.6715561132
-12.6915035583
-12.6173796174
-12.6250316715
-12.6725827281
-12.7158997109
-12.7030142435
-12.7290426954
-12.7468077051
-12.7751718219
-12.7901086609
-12.8142806556
-12.8770831543
-12.8977684134
-12.9569686923
-12.9990677472
-13.0386524202
-13.0223452756
-13.0136375571
-13.0332502912
-13.0518794041
-13.0026470568
-13.0096388874
-13.009322208
-12.9771946566
-12.9223206459
-12.8804220725
-12.8707836667
-12.7719786086
-12.7497031556
-12.7123962763
-12.6546546361
-12.6947843458
-12.6663929731
-12.6035859295
-12.5745039126
-12.6122150316
-12.6036973954
-12.6257187672
-12.6445215499
-12.6998045186
-12.752484901
-12.7697659062
-12.8048104262
-12.8256842973
-12.8791807276
-12.9003438604
-12.9414233318
-12.9489553226
-12.9648592065
-12.9846003179
-12.974139136
-12.9301893144
-12.9653726139
-12.9059218092
-12.9224183465
-12.8981115514
-12.8984523972
-12.8644691311
-12.8174307541
-12.8302068475
-12.8228701008
-12.7990132633
-12.7968279031
-12.768257992
-12.7728499029
-12.7514074516
-12.7378258793
-12.7242389468
-12.7165013168
-12.7212862776
-12.6836936929
-12.7387589578
-12.7630451802
-12.7492070307
-12.7819700221
-12.7812378957
-12.7982134846
-12.8456767005
-12.8727197624
-12.9157290869
-12.9339520427
-12.9209986379
-12.9766494495
-12.9602600281
-13.0118329873
-12.9993531456
-12.9992641888
-12.96085679
-12.9642108329
-12.9452987824
-12.8888727245
-12.8787368293
-12.8172026049
-12.8036707905
-12.7498293274
-12.7268166764
-12.7207636757
-12.7123427425
-12.7118362457
-12.6952405848
-12.6917194207
-12.7274927885
-12.7165337936
-12.7770158059
-12.8043414799
-12.7974566298
-12.8455120765
-12.8264775236
-12.841501444
-12.931665467
-12.8868493687
-12.9463057295
-12.9545781009
-12.9199121965
-12.9391136264
-12.9377882189
-12.919331998
-12.8966898312
-12.8912452197
-12.8779681896
-12.8470229077
-12.8405367148
-12.8208245639
-12.8239806057
-12.7324081776
-12.7185546808
-12.6921591167
-12.7006576679
-12.6846176654
-12.6772464001
-12.7209254722
-12.7225889314
-12.7416692731
-12.7506451713
-12.7656438347
-12.7888958267
-12.8020100767
-12.8627429629
-12.8420954903
-12.8674281352
-12.8170129083
-12.8072308279
-12.7887085731
-12.8335917048
-12.7984873924
-12.7881372751
-12.7870873522
-12.7984558681
-12.7633198961
-12.7572528537
-12.7444451674
-12.7346412038
-12.7339575731
-12.7422924888
-12.717745366
-12.7615370907
-12.7881633178
-12.76824163
-12.8116211727
-12.787329607
-12.7658601186
-12.758074648
-12.7659983783
-12.7951608419
-12.7730278571
-12.7502849307
-12.7452502463
-12.723499567
-12.744236676
-12.7393938912
-12.7694378404
-12.7819376645
-12.757308057
-12.757400834
-12.8079990903
-12.8036774434
-12.8329852381
-12.7899424269
-12.8018718887
-12.7984773483
-12.7559081434
-12.7760475028
-12.7743442603
-12.7553952069
-12.7388804683
-12.7583546611
-12.743846191
-12.6972600609
-12.6890958775
-12.732973803
-12.731068744
-12.755473686
-12.8080668241
-12.8278212672
-12.8179438725
-12.8455770486
-12.9015797192
-12.8812490192
-12.8603467869
-12.8626842024
-12.8975933159
-12.8835380254
-12.8782495327
-12.9020025555
-12.8567559455
-12.8658096824
-12.8075315993
-12.79165744
-12.7637924073
-12.7635365128
-12.7516523199
-12.7667720784
-12.7578236077
-12.7577804003
-12.7943182748
-12.8358490877
-12.8427102822
-12.8335885556
-12.8496381257
-12.8377974225
-12.8891159879
-12.837236311
-12.8218168367
-12.8140540928
-12.7829173155
-12.7308051622
-12.693485871
-12.6893580481
-12.6874399341
-12.6814972125
-12.7019017141
-12.7152891567
-12.7250146411
-12.7359434652
-12.7699758802
-12.8236161225
-12.8154858907
-12.8523507154
-12.8678211481
-12.8473113822
-12.8525014035
-12.8678861307
-12.8324459382
-12.8123241014
-12.7673364636
-12.773546098
-12.6942105505
-12.6952364993
-12.6615802579
-12.6590039752
-12.6355744011
-12.6140343307
-12.6236635182
-12.6150309874
-12.6394260725
-12.66509044
-12.7150707829
-12.7707374928
-12.8137543663
-12.8290816598
-12.8655410033
-12.8538861081
-12.8746767904
-12.8478289382
-12.8575666658
-12.8624784172
-12.813568939
-12.7756024315
-12.7298197669
-12.6941356179
-12.6511276852
-12.675650321
-12.6222323914
-12.660050029
-12.6362421383
-12.597130226
-12.6510621868
-12.6953223922
-12.6528102501
-12.6512735569
-12.7675068626
-12.7780109674
-12.7904423761
-12.8093541049
-12.8321784361
-12.8325869343
-12.8364799888
-12.8431352056
-12.8258776638
-12.7789446913
-12.7250230386
-12.7437519038
-12.6977497983
-12.6635485575
-12.6522455744
-12.6587734633
-12.686816338
-12.7363692213
-12.8000230818
-12.8211942775
-12.8484762046
-12.860861904
-12.8958053634
-12.9322240113
-12.9093275426
-12.9314031655
-12.9518582764
-12.9164987188
-12.8717359329
-12.8507368455
-12.7919997364
-12.747991677
-12.7338585636
-12.7141936334
-12.6859330871
-12.6433044253
-12.6821703646
-12.7009604697
-12.715642026
-12.6837259585
-12.770121293
-12.8068870274
-12.8417301244
-12.8815007105
-12.9148798234
-12.9033960627
-12.873409906
-12.8683050321
-12.8790758455
-12.8516025886
-12.8324619642
-12.8117793955
-12.7830195944
-12.7700664368
-12.7616284371
-12.6981918765
-12.6964509689
-12.7041701602
-12.7216233571
-12.7183055217
-12.7456977034
-12.7898389323
-12.8222054313
-12.8254480064
-12.8288408019
-12.8817526025
-12.8749554137
-12.9053852943
-12.9236536808
-12.8860916357
-12.8818116366
-12.8586863861
-12.8685882964
-12.7756741953
-12.7701106858
-12.7152546029
-12.6942416375
-12.6880055487
-12.6267642001
-12.6505478292
-12.6769370664
-12.6257591185
-12.6254104823
-12.6389770742
-12.6730291628
-12.6840516827
-12.7321343932
-12.7612779355
-12.7922882127
-12.8336202391
-12.8384839723
-12.8874214989
-12.8887595821
-12.8887721244
-12.8753015479
-12.8476481284
-12.8449232133
-12.8285992483
-12.789456415
-12.7679394538
-12.7539204865
-12.7460446459
-12.6593920095
-12.6458911976
-12.6536982845
-12.6287214777
-12.6203451613
-12.6751418236
-12.6342855445
-12.6705612112
-12.6940527755
-12.7354625984
-12.7767844836
-12.7784001277
-12.7741972053
-12.7693010091
-12.7716162698
-12.7399052599
-12.7305162824
-12.7212272934
-12.6957122253
-12.7206326882
-12.6735886766
-12.6675716363
-12.6531913955
-12.6441938161
-12.6472408501
-12.6265079918
-12.652419517
-12.6672124538
-12.6529939574
-12.7275528414
-12.7709740663
-12.7340823073
-12.739168723
-12.7876068497
-12.7729757564
-12.7968982867
-12.7822201248
-12.7951007361
-12.7972078976
-12.8155910886
-12.7702564201
-12.7505052458
-12.7143768571
-12.6955275089
-12.6694271529
-12.6853761204
-12.7199680828
-12.6897880454
-12.7030379677
-12.71968061
-12.7285156681
-12.7075451243
-12.7015110468
-12.7620003523
-12.7846531411
-12.798837317
-12.7994261072
-12.779980348
-12.8102938884
-12.8158746068
-12.8119480203
-12.8454496329
-12.827721275
-12.8172159903
-12.7948083801
-12.7630259254
-12.7916192722
-12.7394775335
-12.7561243826
-12.7225835261
-12.75215596
-12.7068112806
-12.746216416
-12.7588432963
-12.7131407222
-12.7634733939
-12.746394106
-12.7293046259
-12.75836408
-12.766363045
-12.7066935418
-12.7392130632
-12.7412865673
-12.7278854351
-12.7061791674
-12.7359293188
-12.6937224124
-12.7111880435
-12.6770161978
-12.6798236064
-12.6838148872
-12.7092980898
-12.7057712863
-12.6857149391
-12.6869990166
-12.7087748166
-12.7175371518
-12.739479001
-12.7665683813
-12.7598821237
-12.8082258121
-12.7922515218
-12.8004683752
-12.7782508089
-12.7774142322
-12.7761449214
-12.7447850311
-12.6909512681
-12.7114891109
-12.7278419757
-12.7153291788
-12.7282477757
-12.6732486793
-12.699270459
-12.7292947043
-12.7260654756
-12.7264179722
-12.7046302105
-12.7462666644
-12.7915418437
-12.6934252406
-12.7566124526
-12.7475023325
-12.7169897388
-12.7367943509
-12.7057893856
-12.7142483044
-12.7145509626
-12.6812714027
-12.7187963881
-12.7350780119
-12.7131901282
-12.725999325
-12.6923961958
-12.7238044042
-12.7669066419
-12.7683852797
-12.73455779
-12.7581568088
-12.7363996229
-12.7408448806
-12.7271948192
-12.7268264488
-12.738593408
-12.721341178
-12.7382356672
-12.7515841923
-12.7685239348
-12.7303107492
-12.7557022792
-12.760465355
-12.7191289671
-12.7449554213
-12.7412669478
-12.7327673796
-12.7195156477
-12.7312951491
-12.7355062023
-12.7208822706
-12.7124228075
-12.7204041351
-12.6777170285
-12.7123319617
-12.6867796837
-12.7205198751
-12.6646518245
-12.7052609909
-12.7038529751
-12.7016691018
-12.6825308383
-12.6966303179
-12.7330085842
-12.6851156833
-12.6982783995
-12.6784278712
-12.6963925531
-12.7021587421
-12.728020631
-12.7289620688
-12.734775296
-12.6939859003
-12.7409713583
-12.677138419
-12.6588543193
-12.6611089785
-12.638601974
-12.6409204457
-12.622894825
-12.6689768798
-12.6312792475
-12.6148274682
-12.5862901405
-12.6047191457
-12.6329843203
-12.6061627471
-12.6417246967
-12.677174291
-12.6692372457
-12.6793257063
-12.7017976361
-12.6978412721
-12.7064679594
-12.689563533
-12.7257467101
-12.7316664865
-12.7353250923
-12.7606450311
-12.7472839108
-12.6999458729
-12.7071270541
-12.6887549695
-12.7087446755
-12.6370936821
-12.6453454336
-12.6700271342
-12.640049733
-12.647321349
-12.6387352621
-12.6305621801
-12.6609867674
-12.667429854
-12.6324681874
-12.6579859792
-12.676372239
-12.673753865
-12.6708052426
-12.6926228416
-12.6757782741
-12.6938276955
-12.7068651404
-12.7510468746
-12.7571649815
-12.7409535973
-12.711452631
-12.6938903125
-12.7389605086
-12.703020873
-12.7366341102
-12.7265009023
-12.7644843066
-12.6711602725
-12.6787028664
-12.6306206494
-12.6373510715
-12.6486848688
-12.6527462499
-12.6269392483
-12.6351303983
-12.6203579824
-12.6554477449
-12.6311664951
-12.6571591163
-12.6327666959
-12.6156899718
-12.6166786763
-12.6642048956
-12.6574132228
-12.692093624
-12.6928489165
-12.6544829959
-12.6453532367
-12.691583516
-12.6567904505
-12.6744828402
-12.6703599112
-12.7040999487
-12.6892082228
-12.6862795886
-12.6955670368
-12.6667201708
-12.6965613053
-12.6696355488
-12.7058915077
-12.6572754369
-12.606041002
-12.6318149423
-12.6277425009
-12.6153709591
-12.6231755676
-12.6317436494
-12.6501524171
-12.6743693227
-12.7118839775
-12.6976709421
-12.7613645782
-12.7799531671
-12.7722949665
-12.7389479957
-12.7503751888
-12.7399658284
-12.7065140858
-12.6907973369
-12.6608148023
-12.6352310716
-12.6202820328
-12.62613042
-12.5904817861
-12.5847287828
-12.5961028029
-12.5996638828
-12.5835572391
-12.6648497973
-12.6841479626
-12.6970397695
-12.728898172
-12.7289340567
-12.708757259
-12.708183973
-12.6898203408
-12.6633787369
-12.6184277391
-12.6972916439
-12.6241062954
-12.6345919272
-12.6280675465
-12.6722119718
-12.5731594352
-12.5807460977
-12.5886450054
-12.5974450418
-12.60607571
-12.5854937987
-12.608980253
-12.6231837788
-12.6523871703
-12.618295064
-12.6216315421
-12.6216491147
-12.6006373586
-12.6096434159
-12.6093636551
-12.617786695
-12.6062729882
-12.613452241
-12.5904435583
-12.5854428099
-12.6102145776
-12.6261630311
-12.621638344
-12.6090976468
-12.6009168245
-12.6312401667
-12.5812238959
-12.5981060566
-12.5432060916
-12.5433523486
-12.5913179509
-12.6064219306
-12.605156527
-12.6243284765
-12.6550516606
-12.5771844616
-12.5979325172
-12.6054943697
-12.6067909591
-12.6263029277
-12.6289118988
-12.6584457801
-12.6010315855
-12.5992469077
-12.6048903393
-12.5847002215
-12.6150284607
-12.6197550388
-12.6364534326
-12.6021879791
-12.6230800142
-12.6404695908
-12.6401953007
-12.6158847765
-12.6893113059
-12.6736870838
-12.6313284692
-12.659787659
-12.6172613348
-12.6116337271
-12.6146954042
-12.5710449061
-12.6032639035
-12.5803869651
-12.5633399881
-12.5751226417
-12.6121049532
-12.5904273225
-12.5937540212
-12.6087062054
-12.5654005645
-12.5743214919
-12.5588970902
-12.5992350845
-12.6263571414
-12.612171966
-12.6566880356
-12.6977438898
-12.7170300689
-12.7027573353
-12.6997691089
-12.6825375528
-12.7124503187
-12.6873797414
-12.7177896023
-12.6750599926
-12.6396261888
-12.671136828
-12.5625561784
-12.5556619288
-12.5246595686
-12.47733208
-12.4330079188
-12.4612170762
-12.4350877175
-12.4481585482
-12.4532070715
-12.5025919382
-12.5033072402
-12.5812434841
-12.6119107792
-12.6484296295
-12.6562015104
-12.7145644516
-12.7037627749
-12.7217910203
-12.6912238726
-12.7408847633
-12.6880133768
-12.6538139357
-12.6322489782
-12.5732860414
-12.5354701692
-12.4750582984
-12.45377217
-12.4465825768
-12.4454953675
-12.4579382563
-12.4600265084
-12.4890491714
-12.5198891772
-12.5623784503
-12.5723845891
-12.5887310219
-12.6488854534
-12.6003242466
-12.6832490693
-12.7103520186
-12.6963350236
-12.6614642969
-12.6423260392
-12.6262282333
-12.4827892711
-12.5098047397
-12.5142161074
-12.5558635195
-12.5812071865
-12.6232413323
-12.6250403344
-12.661592956
-12.6803569556
-12.716659018
-12.7099625055
-12.6934022262
-12.641078439
-12.6177890098
-12.6310118763
-12.6036868212
-12.6242141715
-12.5994610563
-12.5922839416
-12.5591032444
-12.5640966802
-12.6205828405
-12.605415166
-12.6506501146
-12.664406307
-12.6839107236
-12.6675268809
-12.6816936577
-12.6703730519
-12.6834602932
-12.7002898096
-12.6988049554
-12.6631930439
-12.6813915184
-12.6653692122
-12.6039077235
-12.6152268218
-12.6107777814
-12.6054696848
-12.5998430108
-12.5762569149
-12.5673840468
-12.5780399675
-12.5951407159
-12.601190732
-12.6196684536
-12.6591248573
-12.6464509162
-12.6609851376
-12.6111232221
-12.5912870338
-12.6387500271
-12.5690999217
-12.5497237286
-12.5254714335
-12.5049484564
-12.4582749622
-12.4592506724
-12.4766992067
-12.4744633638
-12.4635989506
-12.4625258988
-12.4918305854
-12.6345360415
-12.6754610675
-12.7149545935
-12.6789543134
-12.6813209041
-12.7127743796
-12.7357248088
-12.7145582326
-12.6696181184
-12.6576862685
-12.6255915508
-12.6165843735
-12.5837033453
-12.5146093211
-12.5103828698
-12.4463101433
-12.463877307
-12.4560232809
-12.4803397593
-12.4978921102
-12.5060615751
-12.5497493536
-12.5828627799
-12.6183745605
-12.6728397257
-12.6850899793
-12.7318954002
-12.6921088764
-12.7275069493
-12.7453353644
-12.6917087236
-12.7006614647
-12.6656611199
-12.6484097012
-12.6252499105
-12.5604808228
-12.53988282
-12.4964143606
-12.480032207
-12.4633677884
-12.5074287423
-12.477081881
-12.4552523715
-12.5110915243
-12.4962813768
-12.5078467707
-12.5892140184
-12.5857373102
-12.6445263967
-12.6672349556
-12.7371178866
-12.7414141195
-12.7484260129
-12.7918717552
-12.6263172482
-12.6198282278
-12.5924110883
-12.5414466407
-12.5449328988
-12.5050880735
-12.5305779121
-12.4935693961
-12.5042810037
-12.5395144918
-12.5237716531
-12.5844784869
-12.5734237383
-12.5802355496
-12.570284556
-12.6025819737
-12.629647523
-12.6515983718
-12.6255141713
-12.6074839281
-12.6270208232
-12.5818044437
-12.5666219958
-12.5694120024
-12.5318583558
-12.5176357764
-12.4993724202
-12.4800789589
-12.4963206834
-12.4760237528
-12.4878443371
-12.5371163021
-12.5319184109
-12.5494415159
-12.5327699052
-12.5574510802
-12.583045873
-12.563340055
-12.5601279536
-12.5879352164
-12.5633911409
-12.5962133058
-12.5403770914
-12.568423288
-12.5329610034
-12.4978322715
-12.5006063042
-12.5255072497
-12.4948664856
-12.497611443
-12.4805363244
-12.5099927917
-12.5355256591
-12.5155030096
-12.5279727492
-12.5408185575
-12.5540812487
-12.5754309113
-12.5896745666
-12.5960349156
-12.5902334577
-12.5906260563
-12.6031453027
-12.5989534201
-12.5731418717
-12.6441393188
-12.5819183243
-12.5950286108
-12.5687571321
-12.5810843192
-12.5873664499
-12.5357255657
-12.5808195349
-12.5553318276
-12.5344267776
-12.5179019524
-12.5304883883
-12.5693594111
-12.5310951837
-12.5355074881
-12.5783009358
-12.553461045
-12.5828371364
-12.5367449432
-12.5914818397
-12.5658129243
-12.5233403331
-12.5862679264
-12.5983893368
-12.5649418133
-12.5524949681
-12.6038436198
-12.5486632849
-12.561294414
-12.5900608511
-12.5724330134
-12.5586603702
-12.5410351473
-12.556708941
-12.5599997922
-12.5373608364
-12.5360021636
-12.5093652685
-12.5264745458
-12.525172777
-12.5374906486
-12.4818248164
-12.5329674453
-12.5297010107
-12.5296633438
-12.4880391251
-12.5006028932
-12.5178041118
-12.539188954
-12.5316371751
-12.5530574313
-12.5274235601
-12.539602052
-12.5138185392
-12.4954614724
-12.4606512422
-12.4846662051
-12.4880843882
-12.4710747357
-12.4595466222
-12.4558037125
-12.4818501833
-12.4963943773
-12.5020310189
-12.4904877082
-12.5376489721
-12.5501921624
-12.6013912255
-12.5675227676
-12.5800136206
-12.5498846249
-12.5324431435
-12.5573070791
-12.5693744534
-12.5604232649
-12.5341297373
-12.5122078283
-12.5443724376
-12.5056240046
-12.4931886953
-12.5346575298
-12.5473832366
-12.5307701266
-12.5479595699
-12.5440073046
-12.5786562572
-12.6008544962
-12.5972424696
-12.5851117584
-12.6321223941
-12.6611026531
-12.6189081653
-12.5976269818
-12.5724891544
-12.5978354713
-12.6278624726
-12.6039818836
-12.6253130995
-12.6083753873
-12.5487489964
-12.5557081504
-12.5874107814
-12.5821443552
-12.5499217368
-12.575174242
-12.6262719109
-12.5976646869
-12.5980320404
-12.6139788884
-12.6049577684
-12.6175695957
-12.6051484312
-12.6142681167
-12.6118102506
-12.6164181001
-12.6290274362
-12.6206068649
-12.6115437067
-12.6119289702
-12.619671817
-12.6741118301
-12.6490896612
-12.6273881513
-12.6431198895
-12.6132395758
-12.6541279961
-12.6487309396
-12.6318635004
-12.6318981848
-12.6067199265
-12.6282395122
-12.6115993748
-12.620079403
-12.6024154637
-12.6055588056
-12.647269078
-12.6303410775
-12.6429144759
-12.6604216539
-12.6310798055
-12.6271828484
-12.6264196018
-12.6258264001
-12.603418426
-12.5948788115
-12.5907390524
-12.5995148026
-12.5829756807
-12.5753451794
-12.5628608918
-12.6019330707
-12.6188834683
-12.6157994167
-12.6512365276
-12.6395289547
-12.6334460657
-12.6334820035
-12.6347014456
-12.6136224393
-12.6511439468
-12.6513751041
-12.6336468296
-12.6626884022
-12.6443798173
-12.6283552406
-12.6048411153
-12.6199046456
-12.5680279915
-12.5707018129
-12.565652457
-12.5692872317
-12.5658043789
-12.5752665934
-12.5505975586
-12.6280660113
-12.5832348089
-12.609902221
-12.6068469455
-12.6218993556
-12.5874687122
-12.6022453504
-12.6003156406
-12.564564563
-12.5836800932
-12.5742380494
-12.5934619716
-12.6015121667
-12.5541246121
-12.6218839124
-12.6183471187
-12.6102211279
-12.6384456834
-12.6606615255
-12.6380663349
-12.6486777372
-12.6496827286
-12.6722167586
-12.6767573176
-12.6778072004
-12.6619401477
-12.641933894
-12.6675710017
-12.6284513276
-12.5604469048
-12.5543778438
-12.515779742
-12.5238358532
-12.5316701255
-12.4803576528
-12.5718724121
-12.5531170689
-12.6096340462
-12.5833205498
-12.6299171674
-12.6006510431
-12.6253908364
-12.6212388322
-12.6821553001
-12.654134537
-12.6689819404
-12.6805328247
-12.6858426455
-12.6340034642
-12.6585575182
-12.6525015879
-12.6217291265
-12.6324387991
-12.6318535916
-12.6220938073
-12.6299011356
-12.6346888348
-12.6264780742
-12.6148338833
-12.6326607635
-12.6330592714
-12.6293412392
-12.656950142
-12.6423852172
-12.6578842641
-12.694416148
-12.6615631748
-12.6880880363
-12.6586961916
-12.6875433528
-12.6439933328
-12.6600638749
-12.6632623101
-12.650807646
-12.7185879271
-12.6978045526
-12.7238018157
-12.7281515454
-12.752160552
-12.7594147836
-12.7506478085
-12.7206629386
-12.7204521698
-12.7164164185
-12.7110372447
-12.6765370178
-12.6699212372
-12.6612555648
-12.6153538079
-12.6205301023
-12.6660612339
-12.6462533206
-12.602999302
-12.5997770575
-12.6002914966
-12.6044991004
-12.614682937
-12.6189528928
-12.6070146756
-12.6036712399
-12.5859882343
-12.6200570383
-12.5942762354
-12.639510422
-12.6296735247
-12.6033910691
-12.6057511407
-12.6056002839
-12.6067802054
-12.5788439631
-12.6011818692
-12.614473613
-12.5970072795
-12.5981135032
-12.6156166375
-12.6341005144
-12.6309475021
-12.6145365026
-12.6529052537
-12.6187615799
-12.6345567903
-12.6379918682
-12.615431365
-12.6169144705
-12.5786340623
-12.611029207
-12.625871532
-12.6460906955
-12.6543090327
-12.642447595
-12.63917357
-12.6391847254
-12.6693797561
-12.6862255141
-12.6876040928
-12.6715334271
-12.6943222168
-12.6455708855
-12.6518368804
-12.6276230818
-12.640932261
-12.6234979853
-12.6487259427
-12.5930260509
-12.5884692549
-12.5840856481
-12.6133532544
-12.5828357293
-12.6196353832
-12.5589761966
-12.5325901736
-12.5697482381
-12.5831610611
-12.619938874
-12.6634943982
-12.665921051
-12.6856183037
-12.6822473051
-12.715365043
-12.7090541549
-12.7238222848
-12.7002657722
-12.7328291953
-12.6792199585
-12.7242083632
-12.6725956627
-12.6667726317
-12.6478299151
-12.6253214002
-12.6318897463
-12.6649103966
-12.6576086658
-12.6921894118
-12.6732475525
-12.6785341259
-12.6838186613
-12.7003305293
-12.6632166627
-12.7132458132
-12.7137846415
-12.688653492
-12.6426070248
-12.6464775449
-12.6245158967
-12.5987264257
-12.5762167928
-12.5835487385
-12.5395913384
-12.4677669733
-12.4969314504
-12.4665807591
-12.4669975948
-12.4298685408
-12.4263547807
-12.4318394914
-12.4215867382
-12.50862658
-12.4805172318
-12.5368078773
-12.5416320744
-12.5537007874
-12.5694354189
-12.6419920322
-12.6726682084
-12.6371570131
-12.6359458851
-12.6725814523
-12.6881439499
-12.6942723745
-12.6715417961
-12.7101497704
-12.6769919922
-12.6892611298
-12.6494601719
-12.6604627516
-12.638056949
-12.6149723293
-12.5789758575
-12.5133333698
-12.4866279574
-12.4664012605
-12.4424775838
-12.424641497
-12.3773271018
-12.3788242971
-12.3558006888
-12.3526474578
-12.3543041261
-12.2457111647
-12.2017376758
-12.0500526916
-12.0520089473
-12.0453517375
-12.0553993721
-12.0400607083
-12.0528577952
-12.0956573375
-12.1220675633
-12.1402580611
-12.1837966031
-12.2177824056
-12.2754459825
-12.312369819
-12.3625281295
-12.3584863758
-12.435356206
-12.471516117
-12.499779075
-12.5130117925
-12.4752576447
-12.4744930367
-12.4334067372
-12.4513467449
-12.4161010059
-12.3857180871
-12.3605989641
-12.3233699332
-12.2572948307
-12.257051189
-12.1801109681
-12.1608511956
-12.1553397469
-12.1331373818
-12.1324034371
-12.1510674196
-12.1350178691
-12.1671403301
-12.1978356579
-12.1941206729
-12.215465465
-12.2326011998
-12.2839862974
-12.3355097685
-12.3287628251
-12.3543876868
-12.4000948018
-12.3570380331
-12.4616934351
-12.4217449207
-12.4331061143
-12.4191253209
-12.4395967452
-12.4034385995
-12.4173393386
-12.4072312477
-12.3583214879
-12.3871160841
-12.3658756148
-12.392127986
-12.3870330414
-12.4006855409
-12.4095465161
-12.4302164171
-12.4339220552
-12.4382766269
-12.4562233458
-12.4354614653
-12.503400778
-12.5039029163
-12.5163010245
-12.5366087026
-12.5281152063
-12.5328438508
-12.5661808127
-12.5570756771
-12.5778017789
-12.6061454396
-12.600961447
-12.5837352047
-12.6045347993
-12.616928957
-12.6390977285
-12.614107537
-12.6189628356
-12.6153405727
-12.6193303528
-12.6312677442
-12.5971684938
-12.5535019511
-12.5279150878
-12.566409628
-12.5256106844
-12.4934448051
-12.4776893653
-12.4735730302
-12.4434732913
-12.4504384092
-12.4192274496
-12.3888413845
-12.3547699942
-12.4059192189
-12.384841624
-12.3680003608
-12.4173463229
-12.429161099
-12.4525755268
-12.3769592003
-12.4411788252
-12.4599858438
-12.4920765914
-12.4867183258
-12.5097854719
-12.5545812014
-12.5470352758
-12.5663889061
-12.5426620887
-12.5690663965
-12.5601451572
-12.5179236724
-12.530515074
-12.5297386261
-12.5161872333
-12.5286149936
-12.5077549025
-12.4738342984
-12.5074495619
-12.4820460281
-12.5115861258
-12.5699471692
-12.510113554
-12.525624032
-12.5669036298
-12.5570647494
-12.5256943147
-12.5377327148
-12.5114601562
-12.5532810548
-12.5228616686
-12.5259882881
-12.5330733282
-12.5488486611
-12.5326374937
-12.5128485516
-12.5492913209
-12.5332285043
-12.5343072985
-12.5315263386
-12.5211374745
-12.502206741
-12.5339191034
-12.5264139174
-12.5484259043
-12.5650824639
-12.5563067842
-12.5386525684
-12.5673004997
-12.5194786533
-12.5485316353
-12.5263590938
-12.5431559413
-12.5513067322
-12.5893723024
-12.5431770693
-12.5722069931
-12.5807452189
-12.6051122076
-12.6214912612
-12.6259790122
-12.6524884451
-12.7031101499
-12.6785392961
-12.699705328
-12.6989617166
-12.6853259217
-12.6839275607
-12.7296275426
-12.7002588394
-12.6761026196
-12.6769635254
-12.622485916
-12.6133317805
-12.6248232423
-12.6150592583
-12.5629501258
-12.5276175652
-12.5226427398
-12.4616385783
-12.4562623439
-12.4597710893
-12.4123646842
-12.4325114906
-12.4322072299
-12.4405329479
-12.4621649693
-12.5138295708
-12.4726518074
-12.4786538369
-12.491544966
-12.5514343308
-12.5477099324
-12.5735054313
-12.5941193014
-12.5988593837
-12.5577544454
-12.5314162607
-12.5175651767
-12.5167732325
-12.5026836588
-12.5065912308
-12.4514344454
-12.4689055504
-12.4363577923
-12.4337154972
-12.4658531995
-12.4924331278
-12.4950821295
-12.5523041069
-12.5161960261
-12.5298259873
-12.5592814161
-12.5732172014
-12.5791596593
-12.5705550356
-12.551153859
-12.5066500893
-12.4801734509
-12.4705305766
-12.4349324588
-12.4327169525
-12.3972921004
-12.4090286132
-12.4478595769
-12.4085757444
-12.3982653212
-12.3817840486
-12.4135077497
-12.4117122539
-12.4214425914
-12.4177359048
-12.4524017101
-12.6060621235
-12.6425544713
-12.5704790684
-12.5915329559
-12.528665869
-12.5421594948
-12.5182509015
-12.5247011046
-12.4604387579
-12.4847686995
-12.4496962761
-12.4609191275
-12.4161684307
-12.4507792897
-12.3998908929
-12.4157292783
-12.4146075789
-12.4293522299
-12.4199047536
-12.451536128
-12.386649525
-12.4262117226
-12.4194780168
-12.4770484793
-12.4880631649
-12.4786816706
-12.4954311004
-12.4831629494
-12.5182613683
-12.5198541938
-12.5722014049
-12.5490747773
-12.5385346258
-12.5795013045
-12.5817227858
-12.6220816196
-12.5721305325
-12.5864751897
-12.6118341421
-12.5988466895
-12.5928067567
-12.6073568473
-12.5763333933
-12.5532914365
-12.555171001
-12.5816355199
-12.5484930929
-12.5511154076
-12.5507784702
-12.5591715737
-12.5467268901
-12.5609497235
-12.5577337764
-12.5757149208
-12.5893487353
-12.6241318087
-12.5957730568
-12.6295739703
-12.6139609016
-12.6062827834
-12.6287964542
-12.6090096012
-12.5795373981
-12.5831348768
-12.5821526199
-12.5976955255
-12.5924914269
-12.5795722915
-12.5577990552
-12.5534270158
-12.5583007599
-12.5204365626
-12.523639373
-12.5317210698
-12.5599110706
-12.538502926
-12.5594473241
-12.5762737952
-12.5715911032
-12.5630881405
-12.5722474829
-12.5897947906
-12.6083236412
-12.6557993748
-12.6060227842
-12.656596523
-12.6361813533
-12.6698002183
-12.6737583614
-12.6653528941
-12.6484869369
-12.6822217977
-12.6864298584
-12.6564669139
-12.6566023293
-12.7064616506
-12.6682726374
-12.6929178746
-12.6916524094
-12.6908466195
-12.6692491587
-12.6607294962
-12.6773526171
-12.6602038291
-12.672969536
-12.6395986743
-12.7112087397
-12.6737327982
-12.6578335672
-12.6536508694
-12.6409057158
-12.6788907267
-12.6624151584
-12.7187939153
-12.7530229189
-12.7233793921
-12.7319656369
-12.7570472039
-12.7691495842
-12.7814822774
-12.798772292
-12.8071851592
-12.8029337872
-12.8167422289
-12.8127796213
-12.8130797549
-12.7956612551
-12.7694670306
-12.8024110173
-12.7470842097
-12.7377296291
-12.7246250879
-12.7204507552
-12.6914643731
-12.6954841444
-12.6694238534
-12.6602084387
-12.6509080708
-12.6672257255
-12.6712660865
-12.6884864832
-12.6688392001
-12.6954231811
-12.6850212736
-12.6731571161
-12.7578832557
-12.7838985172
-12.7831187926
-12.8330173403
-12.8449572828
-12.8450183814
-12.9302614357
-12.9344623886
-12.9645185544
-12.9470824839
-12.9848633031
-12.9831278046
-12.9905450587
-12.9816749259
-12.9656825403
-12.937371928
-12.9172610348
-12.921730705
-12.9302874351
-12.8958956404
-12.8815207615
-12.8255855853
-12.8285182515
-12.8280154238
-12.8373479428
-12.829598759
-12.7913574947
-12.7577787996
-12.7746493961
-12.740829375
-12.752835424
-12.7665334798
-12.7424668945
-12.7560158589
-12.7226116369
-12.7139109831
-12.7010172922
-12.6990575264
-12.7202234936
-12.7105741794
-12.6851972219
-12.6980649536
-12.7191509274
-12.723992242
-12.7055300345
-12.6953523756
-12.6391522151
-12.6555965945
-12.6600331841
-12.6469983313
-12.6393903075
-12.6049816198
-12.5837124097
-12.6089817962
-12.5875839793
-12.5700506977
-12.6123924232
-12.6422403948
-12.6466331836
-12.6886060454
-12.7337906868
-12.7284976618
-12.7524000399
-12.798246061
-12.8430072464
-12.8966069432
-12.87425215
-12.9073805274
-12.9104559216
-12.8895696564
-12.8637586739
-12.8518283745
-12.8059873681
-12.7806244917
-12.7681805231
-12.7604817771
-12.7259613912
-12.6753482603
-12.6165132487
-12.6117993433
-12.543267747
-12.5339606538
-12.5031520948
-12.447994927
-12.4890826075
-12.4260219143
-12.422217339
-12.3888387369
-12.3403984368
-12.3798867217
-12.3941428261
-12.4139567331
-12.4786821348
-12.4457972922
-12.5014176936
-12.5476070596
-12.6070063331
-12.620281178
-12.705180703
-12.7310479628
-12.8703292748
-12.8607637361
-12.843075752
-12.8419480757
-12.8375298896
-12.7996828598
-12.7799115188
-12.743412644
-12.7445200966
-12.7284764161
-12.6751710409
-12.6682159847
-12.6399314014
-12.6322010722
-12.6153806183
-12.5787701708
-12.5667492903
-12.5701042797
-12.523505784
-12.5259176368
-12.5423570202
-12.564592783
-12.5412534839
-12.5436570315
-12.5704775249
-12.5756371805
-12.5907843203
-12.5633586117
-12.6004546673
-12.5879273206
-12.592656426
-12.5730125963
-12.5502644511
-12.5865206062
-12.6027897436
-12.6093811027
-12.6182697496
-12.6256854883
-12.6001560096
-12.6113098865
-12.6260957322
-12.6366425411
-12.632817949
-12.6495317156
-12.6482342573
-12.7487064312
-12.7325438958
-12.7003595209
-12.7864973023
-12.7709692468
-12.7310823333
-12.7972467545
-12.7827187287
-12.8158313831
-12.8002119374
-12.8143530541
-12.8188796233
-12.804234964
-12.8321961846
-12.7844454549
-12.7847859407
-12.8052278867
-12.7915558932
-12.7888389479
-12.7759546155
-12.7677147843
-12.6912084698
-12.6772494399
-12.6464053756
-12.6059137167
-12.5774299957
-12.572792201
-12.5824125311
-12.5537805689
-12.5487339631
-12.5527086088
-12.5379315401
-12.544284489
-12.5339199896
-12.5648297946
-12.5927040967
-12.6415308157
-12.6482462406
-12.6952800147
-12.7198019137
-12.7785934836
-12.8060212431
-12.8461490776
-12.8007156092
-12.8726965108
-12.8981096474
-12.9151973749
-12.9022872999
-12.9099703495
-12.8833656584
-12.8729811383
-12.8821272982
-12.8590146801
-12.8279309396
-12.8214360844
-12.7925372743
-12.7556102426
-12.7109257886
-12.667394526
-12.6684373884
-12.6076030981
-12.6446486014
-12.6238138085
-12.6303742907
-12.6465845744
-12.7173993589
-12.6874625679
-12.7635205744
-12.7587490157
-12.7836556526
-12.8251183464
-12.8346620666
-12.8226869534
-12.8424888801
-12.8314575831
-12.8703483401
-12.8507816725
-12.8720572919
-12.8643321689
-12.8679223661
-12.8517212832
-12.8263727664
-12.8285011137
-12.8059489609
-12.7475533666
-12.7651273652
-12.7119438118
-12.7217376901
-12.6349791823
-12.6199069711
-12.5894599278
-12.5905763184
-12.5586610854
-12.5898525119
-12.5310798346
-12.4812211997
-12.5269894587
-12.5163367263
-12.5023250365
-12.5415557077
-12.5469325512
-12.5484362599
-12.5711899631
-12.6000420723
-12.637704317
-12.6636009265
-12.6680452711
-12.6939823762
-12.7190620415
-12.7395693517
-12.7264488032
-12.6848831066
-12.7319064179
-12.6996050868
-12.6747500546
-12.6630035123
-12.5818548414
-12.5720267017
-12.5103195598
-12.4536244894
-12.4652081377
-12.4448806871
-12.4473405294
-12.4377316734
-12.4390841298
-12.4191335325
-12.4693988619
-12.5006645708
-12.526403923
-12.5831359817
-12.5724891096
-12.6516844249
-12.6912849828
-12.6542306211
-12.674200423
-12.6617044192
-12.6380322481
-12.6291128498
-12.5931059495
-12.6088621729
-12.6004922628
-12.576004843
-12.4962769192
-12.4828991335
-12.441191928
-12.4169980884
-12.4181166641
-12.3993451605
-12.4268490658
-12.4145707206
-12.434902109
-12.409266851
-12.4337173757
-12.4718097007
-12.4588028276
-12.4885690539
-12.5184259663
-12.5525193938
-12.5655342455
-12.5817683072
-12.5575985241
-12.6013239431
-12.5602882754
-12.4603835531
-12.4818552267
-12.4356223768
-12.3963521723
-12.3183902417
-12.3301135081
-12.2572815781
-12.2446952108
-12.2494740997
-12.1788210371
-12.1841248154
-12.2052021858
-12.217986353
-12.2810756809
-12.2848794599
-12.2966755452
-12.3685828668
-12.4234323607
-12.4829835003
-12.524841903
-12.5628383712
-12.667395401
-12.6622533701
-12.6657076636
-12.6860452378
-12.7162359167
-12.7120950531
-12.6416375474
-12.6247088182
-12.5953176924
-12.5244293061
-12.4517754025
-12.3752612751
-12.2989342512
-12.2739945307
-12.2241523906
-12.1823960176
-12.1696733551
-12.1443039672
-12.1173712667
-12.132115445
-12.1474722719
-12.1664224748
-12.2123769135
-12.2210586235
-12.2749423593
-12.3443622323
-12.3806896313
-12.4729684992
-12.4782907378
-12.5664036558
-12.5891588371
-12.5898394088
-12.5959449617
-12.5847489327
-12.5564958001
-12.4257766673
-12.3967752381
-12.3295134144
-12.2530859467
-12.2349089895
-12.195291116
-12.1440235375
-12.0960478499
-12.0996757621
-12.0900770514
-12.1442463377
-12.1945849274
-12.1822325843
-12.2031079393
-12.3047793618
-12.3133670502
-12.3516625635
-12.4025078324
-12.4365314724
-12.4958075127
-12.5005743724
-12.5334472779
-12.5376042018
-12.5440889187
-12.5232412992
-12.5029141644
-12.523620271
-12.4916782442
-12.4628555966
-12.3991797204
-12.3728735024
-12.3515571894
-12.2995199952
-12.3205945008
-12.2483678635
-12.2447133349
-12.2842811671
-12.2555290729
-12.2858485067
-12.2560613476
-12.2681666574
-12.2450166628
-12.2696899897
-12.2721444653
-12.3224686935
-12.3524375982
-12.3570667513
-12.3919179211
-12.366650047
-12.3524225618
-12.3087351355
-12.2410978093
-12.2129957493
-12.1904173526
-12.0887702808
-12.058567288
-12.0198933932
-11.9250945521
-11.8687729269
-11.8811370161
-11.8768825196
-11.9188575548
-12.0094119061
-11.8834591784
-11.9612988075
-11.8419249118
-11.8195184884
-11.8475610613
-11.8416829829
-11.8742534638
-11.8658490479
-11.9537722064
-11.9212832843
-11.9194111766
-11.9407178769
-11.9228553258
-11.9713162224
-11.9978977133
-12.0004263821
-12.0256194206
-12.0083660922
-12.0256653525
-12.0470116842
-12.0595131384
-12.0382035005
-12.091462018
-12.1162758407
-12.163449795
-12.1729497547
-12.1904640885
-12.241586324
-12.233603888
-12.2967262125
-12.3297688235
-12.3701571104
-12.4361851363
-12.4185844379
-12.447978397
-12.4820670343
-12.4478842959
-12.4347132086
-12.4382304868
-12.4286014788
-12.4176586297
-12.362752686
-12.3791694074
-12.3547638112
-12.3352727263
-12.2732996014
-12.2283447187
-12.2285508916
-12.177849615
-12.1865416106
-12.1655461208
-12.1318923274
-12.1534169015
-12.1459121195
-12.1331705681
-12.1581568395
-12.1315270237
-12.1382976589
-12.173769263
-12.1511723396
-12.1329223828
-12.1535380683
-12.1867200098
-12.1988724855
-12.21439299
-12.2216642284
-12.2247674122
-12.2752531102
-12.2847102413
-12.2987940225
-12.3256356584
-12.324151785
-12.3095505035
-12.3615476466
-12.3158243074
-12.3161120637
-12.3501154477
-12.3415593177
-12.3288294565
-12.3077893518
-12.2575156564
-12.2954524303
-12.2325483062
-12.2217584824
-12.2148934217
-12.1748291536
-12.1894019561
-12.1930338719
-12.1897627059
-12.1788102105
-12.1717406668
-12.2106460119
-12.2119229278
-12.2419577077
-12.2634064654
-12.261040163
-12.3080323001
-12.3350056147
-12.3490255932
-12.3539829772
-12.4051095685
-12.413022624
-12.4116880834
-12.3681743532
-12.3830515744
-12.3773269725
-12.3811955614
-12.3732941624
-12.3658472848
-12.3500729366
-12.3560773279
-12.3074778135
-12.3389673199
-12.3103841829
-12.2909805975
-12.2920592337
-12.2638294407
-12.2938919188
-12.2600331166
-12.2642551466
-12.2290592736
-12.2325857465
-12.2163455147
-12.2216957673
-12.2143243284
-12.1580100982
-12.1887106311
-12.1911432922
-12.1774334366
-12.1800416036
-12.2389434505
-12.2480986658
-12.2540786464
-12.3043583725
-12.3266846181
-12.3353676748
-12.3489473426
-12.3701363032
-12.3432531625
-12.2787360079
-12.2923267536
-12.251710604
-12.2755980154
-12.2482793089
-12.2351248588
-12.212664001
-12.1960736774
-12.2134523173
-12.2055508478
-12.1597922073
-12.1770689127
-12.1862141663
-12.1831919048
-12.1973501215
-12.200913408
-12.2319037882
-12.2154951552
-12.2336166404
-12.2180308472
-12.2479247242
-12.2421564039
-12.2501244214
-12.252320069
-12.2394914557
-12.2771216485
-12.2846052181
-12.2414212469
-12.2658018391
-12.2563182671
-12.2679476355
-12.247885953
-12.2319170865
-12.257329519
-12.2124083183
-12.239939754
-12.2418443392
-12.2306434494
-12.21449112
-12.2102329639
-12.2226305446
-12.2104135286
-12.1483831193
-12.1911099906
-12.186613135
-12.2071084974
-12.1722310445
-12.1654637342
-12.2316147962
-12.1895964448
-12.1425909574
-12.2274802773
-12.2456372393
-12.2485258635
-12.2668544975
-12.2586947186
-12.3154369069
-12.3471978511
-12.3344309388
-12.2993648445
-12.2648475285
-12.2597476027
-12.2517430286
-12.2396050724
-12.2116108208
-12.2368032385
-12.2056806285
-12.1057942066
-12.1395689842
-12.1107689123
-12.0988687925
-12.0905712719
-12.0812826203
-12.0865468879
-12.0914670338
-12.0761598844
-12.0994726024
-12.1097109715
-12.1325783846
-12.1597429751
-12.1518926425
-12.1389531706
-12.176134204
-12.1781041846
-12.1332396367
-12.1657052456
-12.1857000596
-12.1646591752
-12.1774194329
-12.2119974436
-12.1945829365
-12.1644831994
-12.2389665163
-12.1801485075
-12.228943565
-12.2266334436
-12.2547617553
-12.2727154603
-12.2525194098
-12.2527827023
-12.2703431466
-12.2667494048
-12.2256442349
-12.2431648182
-12.2067296491
-12.1879225373
-12.164339931
-12.1672240131
-12.1620845901
-12.1397425568
-12.1436097149
-12.1429335126
-12.0997786865
-12.1113629899
-12.1521652937
-12.1355227809
-12.1187138844
-12.1242058157
-12.1555461678
-12.1786033982
-12.1846367371
-12.2067114037
-12.2152948052
-12.1934609272
-12.2144596684
-12.1718202189
-12.2009000114
-12.2225236463
-12.1886271803
-12.1801405965
-12.1568373618
-12.1385178785
-12.1287986298
-12.0783549396
-12.086212217
-12.0488364163
-12.0539244542
-12.0418483529
-12.0049193233
-12.027423415
-12.0333792331
-12.0518918752
-12.0486829545
-12.067182717
-12.0503822984
-12.0511146376
-12.0960584238
-12.0400011228
-12.0628211063
-12.0949798112
-12.1306101447
-12.0982361163
-12.1018960804
-12.0929796519
-12.1299627862
-12.1258769809
-12.1433139272
-12.145359067
-12.1577705179
-12.163975109
-12.1463321065
-12.1468655698
-12.1084523755
-12.1119099742
-12.0940443816
-12.0889962889
-12.0497160266
-12.052556614
-12.0207924989
-11.9801276811
-11.9893382997
-11.9834217238
-11.9771025559
-11.9497625047
-11.9586875592
-11.9602726609
-12.0925617255
-12.1114484228
-12.1344706472
-12.1549720932
-12.1757473115
-12.1036942079
-12.0813519608
-12.0604919531
-12.0492771097
-12.0333099105
-12.0769378988
-12.0264924578
-12.0486893366
-12.037941854
-12.0519667049
-12.0711131621
-12.0422400719
-12.0532752774
-12.0788810069
-12.0662724691
-12.0320683547
-12.0570925067
-12.0525567612
-12.0518443798
-11.9889111695
-11.9741498925
-11.9510876601
-11.9400922058
-11.9253437563
-11.9497047035
-11.9275396609
-11.9235258879
-11.9455390604
-11.9793467982
-11.9667938852
-11.9186440649
-11.9471292895
-11.9574199687
-11.9654214553
-11.9855463482
-11.9911621678
-11.9583408031
-11.9727205486
-12.0126171297
-12.0481009887
-12.0363935394
-12.002742447
-11.9945853605
-11.9639565394
-11.9593066977
-11.9246367232
-11.8682226003
-11.8413117182
-11.8095538222
-11.7818330761
-11.7839568236
-11.7533832263
-11.749395092
-11.7711388803
-11.8243419384
-11.8148651397
-11.8254724167
-11.8013552349
-11.8532141841
-11.87394053
-11.8871646284
-11.9304513157
-11.9483118249
-11.8331375279
-11.8384909483
-11.8222636373
-11.8020021059
-11.7895181253
-11.7718832074
-11.7709260694
-11.7996049972
-11.7864331627
-11.7817757307
-11.7316475842
-11.769346203
-11.8107365966
-11.7556704914
-11.7330583158
-11.7750155744
-11.75274218
-11.7910025922
-11.7914336649
-11.7826762268
-11.813658541
-11.7802849939
-11.8440612303
-11.8027138959
-11.8111769704
-11.7771190501
-11.8110644512
-11.763057104
-11.7747034261
-11.7524116952
-11.7344024015
-11.702878615
-11.672984325
-11.6551723076
-11.6511325527
-11.6303284936
-11.6349127593
-11.6058438102
-11.6444779185
-11.6019217766
-11.6145527821
-11.6270775426
-11.5938883616
-11.5990994562
-11.5989041533
-11.5728963575
-11.575294146
-11.594703781
-11.5972553903
-11.6219940007
-11.6011624855
-11.6410784027
-11.6626236771
-11.6340908081
-11.6431684339
-11.6474379456
-11.6175229249
-11.6656254785
-11.675973847
-11.6919769221
-11.6654627618
-11.6756155686
-11.6761029687
-11.6803077938
-11.7013497522
-11.7006295991
-11.6778823621
-11.6974090502
-11.6613742083
-11.5939460679
-11.617772354
-11.6384828663
-11.6073852476
-11.6070017504
-11.6073789362
-11.5879012939
-11.5899519477
-11.6088054182
-11.6183490433
-11.6273163225
-11.6277592999
-11.5899760425
-11.6412436308
-11.6456774163
-11.6378942103
-11.6625168729
-11.6275186723
-11.6676514441
-11.6736396436
-11.6416571261
-11.6392521564
-11.6197594534
-11.5636595962
-11.5840568441
-11.5757363605
-11.5896446408
-11.5817346326
-11.5908974058
-11.5702473293
-11.5548739694
-11.5521985954
-11.5748583576
-11.5771612093
-11.603487962
-11.5530370816
-11.6034892673
-11.5230294929
-11.5253802334
-11.5060569719
-11.4791993159
-11.4184985923
-11.4258884571
-11.4326580986
-11.3635015937
-11.2866813352
-11.3109780245
-11.251122784
-11.2543917559
-11.1951632805
-11.1791553054
-11.1540825154
-11.2070940772
-11.2069814777
-11.2636325307
-11.2605535626
-11.2567114418
-11.2562772648
-11.2675228419
-11.2779283469
-11.3304350596
-11.3160597688
-11.3447777258
-11.3029208895
-11.2986943115
-11.2858217249
-11.2553265557
-11.2337790972
-11.2453718442
-11.198065361
-11.2182471873
-11.1499946329
-11.1208063708
-11.0951004359
-11.0908493178
-11.1294319654
-11.1170124065
-11.1506657389
-11.1632696769
-11.1674516322
-11.2018690067
-11.2011881133
-11.2136704178
-11.2058737418
-11.244237691
-11.2491778496
-11.2457287592
-11.254924729
-11.2342282105
-11.2514149135
-11.2633219547
-11.2663549243
-11.2701871745
-11.2499642908
-11.2722636139
-11.2982299806
-11.282609656
-11.2692129353
-11.2473796115
-11.2025831505
-11.1794324164
-11.1786150405
-11.2129201686
-11.2218015871
-11.2193712857
-11.1949158776
-11.20249728
-11.1963586062
-11.1775984218
-11.1668964701
-11.2045171032
-11.2001545832
-11.2220534987
-11.1933159672
-11.2314396418
-11.2347850431
-11.2412268774
-11.2319428786
-11.2147034979
-11.211338989
-11.2726239608
-11.236221785
-11.2079570682
-11.1865124857
-11.2028332584
-11.2144365096
-11.1462416073
-11.1635355479
-11.1727209713
-11.1743904761
-11.1379096937
-11.1207693914
-11.1288399877
-11.1447007879
-11.0888636427
-11.1125060981
-11.0941497867
-11.0849277781
-11.1277314878
-11.1497362884
-11.1003713657
-11.1347440931
-11.1462315758
-11.1199435337
-11.1254570353
-11.1530777164
-11.0802651433
-11.127873908
-11.1125396783
-11.1195242471
-11.1083469186
-11.033327091
-11.0326785301
-11.0016979315
-10.9835167667
-10.9793298095
-10.9806797729
-10.9396467296
-10.9404147398
-10.9285341699
-10.922654383
-10.9033130134
-10.8898110569
-10.8580085854
-10.8785534564
-10.8909758361
-10.8741358783
-10.8498733575
-10.9002349504
-10.8493717979
-10.8815008598
-10.9022157737
-10.8768321273
-10.8556230077
-10.8704574383
-10.867408892
-10.8404924253
-10.8963098823
-10.8552484689
-10.8294623826
-10.8301943737
-10.8304566434
-10.792699311
-10.7849015709
-10.7345203946
-10.7171647236
-10.6997531972
-10.715973427
-10.6725055317
-10.6759161038
-10.6623419314
-10.6827920267
-10.7074182514
-10.7029045793
-10.6942640807
-10.7478113743
-10.7479471399
-10.7853655901
-10.7978485438
-10.8309101868
-10.8066276895
-10.8233224838
-10.8357271153
-10.8525490454
-10.8227019899
-10.7671822127
-10.7664014494
-10.7334489565
-10.6757620114
-10.650317225
-10.605937274
-10.568442225
-10.5728511741
-10.5210683072
-10.4902571235
-10.4679069431
-10.4845974829
-10.4825698872
-10.4859156709
-10.4559410443
-10.4849218006
-10.5220099266
-10.5348753799
-10.538985391
-10.5680358641
-10.5800508628
-10.6388332427
-10.6553807758
-10.6769821754
-10.6537195205
-10.6467695093
-10.6306253812
-10.6490629652
-10.6120116126
-10.5705397563
-10.5625897706
-10.5333386022
-10.5117056902
-10.4734869868
-10.482663847
-10.4405390956
-10.4318754309
-10.4403198302
-10.4144728285
-10.4335846464
-10.4321886187
-10.4301645539
-10.428103137
-10.4642777402
-10.4810741268
-10.5233640064
-10.5455187958
-10.5294758145
-10.5430999949
-10.5509874001
-10.5886678501
-10.5955949668
-10.5950358414
-10.6086608084
-10.605754287
-10.5873624829
-10.5929873923
-10.5663871479
-10.5546163744
-10.5218279916
-10.4875482589
-10.4667029884
-10.423736276
-10.4269405723
-10.3875373779
-10.3616478595
-10.3190249028
-10.3493369484
-10.3414037104
-10.3497678191
-10.3581919104
-10.3401956865
-10.3798762262
-10.3954333041
-10.4023493351
-10.4386677943
-10.4518061283
-10.4480581998
-10.5124194004
-10.4928272578
-10.5313153621
-10.4969630076
-10.5509173861
-10.5709932616
-10.4983035663
-10.5661374923
-10.5628634124
-10.5195456009
-10.4873505983
-10.5393863341
-10.4424690025
-10.43593308
-10.4265569801
-10.3656589343
-10.3575529299
-10.3035052486
-10.2967303541
-10.3150794235
-10.2730865627
-10.2292618104
-10.2465027015
-10.200556417
-10.2282411175
-10.242220168
-10.2600086967
-10.2599736751
-10.2503672544
-10.2491383989
-10.2898940263
-10.3194937809
-10.3328370314
-10.3341996262
-10.3054882462
-10.3312023521
-10.3393115431
-10.3555902981
-10.3532635506
-10.2972068439
-10.2668964215
-10.2748459787
-10.2961149327
-10.2666304876
-10.244921668
-10.2174866635
-10.2300850099
-10.1750988029
-10.144333922
-10.118012346
-10.1515857439
-10.1344434811
-10.1812383194
-10.1827076105
-10.1875629621
-10.2091870236
-10.20814882
-10.2282452036
-10.2225014784
-10.2012405471
-10.26407028
-10.2637189163
-10.1802741158
-10.2355830173
-10.2356655422
-10.2019307862
-10.1756409982
-10.149299381
-10.1610529232
-10.1529983872
-10.1398794442
-10.0973996688
-10.1315505023
-10.1137955378
-10.1212699685
-10.0986963455
-10.1359470311
-10.076343457
-10.0937311613
-10.0810566129
-10.09950848
-10.0791102454
-10.066483621
-10.0698219312
-9.99902421636
-9.9627191585
-9.99141214805
-9.97553511304
-9.9111082893
-9.89194385138
-9.87389946908
-9.8320614156
-9.84512144496
-9.76747158018
-9.75573380922
-9.78974514752
-9.77951961702
-9.76568969233
-9.80812298259
-9.78921957451
-9.76118842776
-9.72917227243
-9.67228433925
-9.68574935076
-9.68009720903
-9.69468420924
-9.69735592488
-9.67393583493
-9.65495326723
-9.65586346027
-9.68274263762
-9.66960821302
-9.6907402933
-9.74113639698
-9.74550868946
-9.79966105234
-9.79415430634
-9.84764837693
-9.87481483774
-9.85683930441
-9.89312743494
-9.9345592392
-9.9901595994
-9.98280363924
-10.0548093614
-10.0422599391
-10.072504865
-10.0877024219
-10.1290595475
-10.0774000942
-10.1273663099
-10.1012619749
-10.1269653579
-10.1312225577
-10.1011115349
-10.0788367292
-10.0532368784
-10.0019676297
-9.98022329117
-9.95850417241
-9.94060800983
-9.91561151971
-9.85697809669
-9.88652532842
-9.88822925857
-9.88483452991
-9.87457757503
-9.87237367422
-9.89619911691
-9.92774124216
-9.89845089651
-9.93136702313
-9.90856224178
-9.91049386906
-9.900174971
-9.96425834194
-9.96541908718
-10.0051075103
-10.0187826394
-10.0401495314
-10.0256140358
-10.0586044477
-10.0786658801
-9.99319491403
-10.0432662076
-10.0253771076
-10.028741845
-10.0102021832
-9.98823376758
-9.96650845517
-9.94055824204
-9.92814167547
-9.8901525385
-9.87929199933
-9.90115928176
-9.86964486257
-9.87101114319
-9.86426155856
-9.81921006794
-9.84535988864
-9.83394522599
-9.8257319339
-9.86526161478
-9.87463311878
-9.8711779887
-9.83734947104
-9.86190264525
-9.87645159125
-9.83552984222
-9.85865113243
-9.88207610467
-9.86636229122
-9.85560340307
-9.8543458135
-9.87813499866
-9.83974870529
-9.87796141823
-9.89087463563
-9.86736825859
-9.87252990705
-9.93500360277
-9.96298031208
-9.91699495229
-9.91769798774
-9.91756875707
-9.96205569654
-9.93824721546
-9.9464767718
-9.93766992589
-9.89434681726
-9.90843977171
-9.90647476061
-9.84867314281
-9.83599948907
-9.7618948175
-9.80090834091
-9.77760063863
-9.77724912589
-9.79479138051
-9.80546443558
-9.8216582686
-9.85454429012
-9.91915808688
-9.92742651748
-9.9828459746
-9.9953208055
-9.99655034858
-10.0189958886
-10.0743921463
-10.052179424
-10.0388949369
-10.0332288926
-9.99617217029
-9.95765320188
-9.94883475041
-9.90150816511
-9.89989955905
-9.8817888673
-9.89463653512
-9.87311218465
-9.85816380892
-9.87190737874
-9.93640490789
-9.93041995472
-9.96088958239
-10.0135541605
-9.99306546462
-10.0523816581
-10.0255107418
-10.0181511811
-10.0293590138
-9.97648571275
-9.9420894869
-9.91167090103
-9.9171423066
-9.84400687006
-9.78491806187
-9.68010875589
-9.66852087462
-9.67725663547
-9.68461313904
-9.67841306242
-9.74842397052
-9.77898552869
-9.80734931298
-9.89814373869
-9.93085075592
-9.97733686394
-10.0249401226
-10.0277326203
-10.0448755903
-10.0471545552
-10.0721098112
-10.0447662901
-10.0216406296
-10.0158494945
-9.95569191275
-9.97481252132
-9.85636163978
-9.77915446606
-9.77126399522
-9.7110450117
-9.73817306028
-9.71715844522
-9.78628660154
-9.78027695133
-9.79702120144
-9.81498145707
-9.84886959625
-9.91001917021
-9.91370127243
-9.95232476078
-9.92205544965
-9.93541620806
-9.93835574348
-9.91122596092
-9.87932138905
-9.86185830994
-9.83326091941
-9.79972859674
-9.77641379082
-9.75934845648
-9.73970727886
-9.68886058088
-9.71096978278
-9.71025153248
-9.70609159869
-9.76723732411
-9.82647552195
-9.85499659196
-9.9086994512
-9.94765737988
-9.94434822331
-10.0374620918
-10.0123508807
-10.001151617
-10.01842686
-10.0695067337
-10.024079197
-10.0560990487
-9.99754221998
-9.94396679955
-9.91725973358
-9.8877292575
-9.86596357625
-9.84545306975
-9.82435312675
-9.80752249334
-9.76669051608
-9.77187967746
-9.7495356669
-9.75857474008
-9.77384562218
-9.79715998477
-9.82460582588
-9.85333266874
-9.8828847495
-9.89461181732
-9.94726827944
-9.90153105141
-9.91458357006
-9.93434853796
-9.91610114304
-9.90026914944
-9.90151308358
-9.89751417824
-9.95458697013
-9.96322332286
-9.9650932089
-9.96061144263
-9.9430377
-9.94556476417
-9.9059045022
-9.81792624245
-9.83097018223
-9.84387975797
-9.85399854143
-9.89802232772
-9.91913997865
-9.91464741492
-9.92268991964
-9.97958587366
-9.95970055418
-9.96362386973
-9.97060110335
-10.0022734057
-9.97944856048
-9.97185808582
-9.91860236358
-9.93166823755
-9.96287597933
-9.9381651024
-9.94948750204
-9.96332399518
-9.92472268413
-9.9539663593
-10.0017247884
-9.99597931645
-9.99395767702
-10.083450024
-10.0926516528
-10.1061036041
-10.1428576771
-10.1591073538
-10.1782296612
-10.141450437
-10.1969169325
-10.1539051109
-10.152265422
-10.1713130849
-10.1350551203
-10.1273518333
-10.086589922
-10.0402718766
-10.0339998401
-9.99704975023
-10.0127605311
-9.99956610929
-9.99476482413
-9.99477444665
-9.97291264386
-9.95971957055
-9.97121012905
-9.97928501332
-9.98438372703
-10.0020507136
-10.0031632632
-9.96736377828
-10.0062641734
-10.0195221902
-10.0363239976
-10.0753962412
-10.008276466
-10.0214561987
-10.0114393047
-10.0269708332
-9.99966728381
-9.99299993573
-9.9790848027
-9.95292946611
-9.96477873638
-9.94293700919
-9.90415771205
-9.88642161385
-9.87247973891
-9.84535876181
-9.87917582881
-9.86193809381
-9.89182025134
-9.85462084699
-9.88006102078
-9.91929667721
-9.89002257035
-9.92494844737
-9.89586551623
-9.92934512202
-9.95093108018
-9.95495688142
-9.95570916094
-9.96460055801
-9.94821419371
-9.9780785403
-9.96855322728
-9.98508754735
-9.9584405669
-9.95319544714
-9.96188628433
-9.94573319679
-9.96663621068
-9.94106516358
-9.9148870111
-9.88378531824
-9.87823069448
-9.86048922852
-9.90688712231
-9.87841847382
-9.83720767185
-9.85795871188
-9.86287839681
-9.92219497276
-9.87633756585
-9.91027049533
-9.92787580058
-9.94973055438
-9.93389241028
-9.94669759761
-9.95149013502
-9.9688775519
-9.97262245945
-9.97768763343
-10.0115101231
-10.052952202
-10.0404909725
-10.0786967297
-10.0695694941
-10.0908796174
-10.0446724267
-10.0782696624
-10.0739390766
-10.0613622004
-10.065053573
-10.0641820678
-10.0517548314
-10.059422876
-10.0379129205
-10.0595810965
-10.0300692769
-10.0391317152
-10.0652067082
-10.0535157517
-10.0961787202
-10.0463771267
-10.0924285939
-10.0673915279
-10.0548806985
-10.1187952898
-10.1113695157
-10.1164598417
-10.1165078607
-10.1422466861
-10.1123634506
-10.13742622
-10.166173673
-10.1234797873
-10.1359000485
-10.1360046351
-10.1442775322
-10.1304501712
-10.0875995469
-10.1240517248
-10.1663128135
-10.1494034371
-10.1655330761
-10.131785212
-10.1186211492
-10.1182887165
-10.1048301792
-10.084367628
-10.0855017235
-10.1038054437
-10.09617424
-10.1050083418
-10.0754613524
-10.1165875198
-10.1035130759
-10.1114148827
-10.0830203587
-10.1294492952
-10.0757460044
-10.1013374656
-10.1261157986
-10.134523816
-10.1244881263
-10.0937302962
-10.0201758004
-10.0712497502
-10.0372230188
-10.0833407917
-10.0712452876
-10.0640037561
-10.0182526677
-10.0977386454
-10.0339116124
-10.0295082791
-10.0506186881
-10.0471175349
-10.061741332
-10.0584314076
-10.0715812981
-10.0288837992
-10.0413870463
-10.0157056701
-10.0145217333
-9.99369652858
-9.99387050923
-9.99356785404
-9.98887677737
-10.0013271535
-10.0052574669
-10.0339349186
-10.047023533
-10.0817862717
-10.0696463745
-10.0744715582
-10.112765872
-10.1421489916
-10.1251965158
-10.1119983247
-10.1123391421
-10.1218337615
-10.1058035324
-10.115482265
-10.0613581271
-10.0191179938
-10.001449647
-9.96659027581
-9.98402690046
-9.94186491275
-9.93805084243
-9.97235002399
-9.96386459367
-9.92563737806
-9.98015491596
-9.98850677961
-10.0131010928
-10.0374945243
-10.0245521915
-10.0410428599
-10.1239686555
-10.136256684
-10.1612832341
-10.1909029878
-10.1652758731
-10.0995876829
-10.0949220663
-10.0796990544
-10.0536567263
-10.0859247892
-10.1073635185
-10.0908756384
-10.087148831
-10.1011308758
-10.0920773077
-10.1127486916
-10.1377162988
-10.1329961341
-10.1116820072
-10.1115062846
-10.124510642
-10.1249051865
-10.1077541741
-10.1035706016
-10.1074105645
-10.1125396353
-10.1425737277
-10.1390745174
-10.0897702777
-10.0569388906
-10.0528553772
-10.0615055189
-10.0528055928
-10.0773597116
-10.0558788539
-10.0415993814
-10.0416470385
-10.0533259383
-10.0361085662
-10.0708401976
-10.0710119813
-10.062804215
-10.0581036532
-10.0991448674
-10.0858391719
-10.0726868127
-10.0893534881
-10.1286785368
-10.1168475817
-10.1226343072
-10.1027897538
-10.1445241642
-10.0979118277
-10.0755928182
-10.0664680247
-10.0713550388
-10.0682555096
-10.0693947816
-10.0287281012
-10.0366394677
-10.0276017891
-10.0068328695
-10.0234655079
-10.0117176563
-10.0507493701
-10.0596219009
-10.0629514056
-10.0377630924
-10.066466069
-10.0958194122
-10.0526313552
-10.0323197628
-10.1079992125
-10.091915166
-10.1008784131
-10.1010805785
-10.1219867329
-10.1601203331
-10.1219042179
-10.1088504056
-10.1170370509
-10.1258586291
-10.1184648843
-10.1407766262
-10.1498127149
-10.1327760311
-10.123744912
-10.1010660305
-10.1038303496
-10.1197703233
-10.1222693901
-10.0791716962
-10.0780265592
-10.0830459542
-10.0984839445
-10.0850073912
-10.0971179464
-10.0618777478
-10.0533281127
-10.0498149313
-10.0712587292
-10.0640210551
-10.0855785745
-10.1102362303
-10.0971089673
-10.1434688872
-10.09721222
-10.1186100369
-10.1322630622
-10.1736529605
-10.1227253305
-10.0964415764
-10.1371814594
-10.1324610388
-10.1314107236
-10.1153596911
-10.0862201621
-10.1125488576
-10.117896261
-10.1182620696
-10.1187908547
-10.1650668982
-10.1261906009
-10.1592576932
-10.1001873628
-10.1382096874
-10.1338810976
-10.1679380086
-10.1472754546
-10.1556664975
-10.155790222
-10.1771705065
-10.1607585624
-10.1393702119
-10.1722852872
-10.1635577452
-10.1455544284
-10.1198116298
-10.1499687042
-10.1299634372
-10.1265989813
-10.1186223722
-10.1280905086
-10.1231797341
-10.1610941101
-10.1390906326
-10.1093613552
-10.1096327883
-10.1309930619
-10.1475855824
-10.1770253401
-10.1470621396
-10.1600469069
-10.1817401674
-10.1780188035
-10.1360540459
-10.1829369249
-10.1700767453
-10.162056823
-10.1868226972
-10.1902018089
-10.2197938005
-10.1906945649
-10.1566716359
-10.1738027983
-10.1732192248
-10.1468866171
-10.141584309
-10.0850325983
-10.1519996444
-10.1134035934
-10.1427653006
-10.127996496
-10.1506112049
-10.11791243
-10.1595281404
-10.1504730373
-10.1360830426
-10.1233119964
-10.1571750042
-10.140612936
-10.1536698073
-10.2050156
-10.1797892295
-10.1757239194
-10.1625233245
-10.1667968818
-10.170498328
-10.2207722706
-10.1528583209
-10.1861103983
-10.1849451787
-10.1512224511
-10.172272895
-10.1588110151
-10.1456533843
-10.1150702273
-10.113821867
-10.1141757808
-10.0970103135
-10.0887946863
-10.1068866108
-10.0985690509
-10.0781064281
-10.1159353369
-10.1031687138
-10.1144578209
-10.1087495706
-10.0779367903
-10.0810900467
-10.0722120246
-10.0842123253
-10.0884958502
-10.1057868211
-10.0882279823
-10.1137148168
-10.0970812751
-10.143907061
-10.1206541314
-10.1381912703
-10.1056820766
-10.1260776257
-10.1251916011
-10.099066498
-10.0840556986
-10.1132915902
-10.0743623542
-10.0489548973
-9.98066299483
-9.96749886142
-9.99624758075
-9.96210708067
-9.97547085601
-9.96691872964
-9.96711082143
-9.96389259223
-9.95946839678
-9.98430143784
-9.96969929923
-9.98491743289
-9.98370221116
-9.97437728445
-10.0265508082
-10.0574323765
-10.0215277146
-10.0277774354
-10.0462668841
-10.0189288641
-10.0258707827
-10.0490165031
-10.0216332112
-10.0173785085
-10.0009871313
-9.99080873114
-9.97665597551
-9.91938454826
-9.91832077471
-9.86200074698
-9.92021504793
-9.87263353718
-9.8581222983
-9.8142387863
-9.79052837153
-9.81191124047
-9.84163643977
-9.85181792556
-9.85305681452
-9.86780406743
-9.87308432663
-9.88643309303
-9.89040785248
-9.91186562158
-9.92912814388
-9.9515300303
-9.95322051686
-9.93798783921
-9.9806277211
-9.9581235471
-9.98275047219
-10.0062133193
-9.98839847317
-9.98439375281
-9.95551250161
-9.98100862401
-9.95608107986
-9.93047278852
-9.90490436094
-9.90445276334
-9.8707819171
-9.8792613911
-9.90496081181
-9.88861832768
-9.88832843037
-9.91916510456
-9.92369537041
-9.9236979341
-9.96508357884
-9.96018738455
-9.98824262801
-9.96200224494
-9.92837711881
-9.99525421157
-9.99586905428
-9.99196288077
-9.9920028623
-10.0042151352
-9.98958663415
-9.97358182992
-9.98713456935
-10.0156259944
-10.0578551744
-10.0476091983
-10.0508781211
-10.0187062855
-10.0152479611
-10.0164847876
-10.0205085204
-9.99029134573
-10.0062972985
-9.94033547825
-9.9598197791
-9.91033935003
-9.90902094032
-9.86465866994
-9.9048034298
-9.90785065209
-9.88585444114
-9.9190588614
-9.89296708035
-9.92671700504
-9.94134314826
-9.94890473791
-9.96851072521
-9.97711282328
-10.0520423267
-10.0679818894
-10.0999989567
-10.0812855878
-10.0989749204
-10.0911175479
-10.1033073785
-10.1016851288
-10.066521697
-10.0518055975
-10.0150708861
-10.002359893
-9.96809606073
-9.91568413966
-9.8897433313
-9.8564979616
-9.80792082772
-9.84335415773
-9.81616277418
-9.80536918693
-9.81324228046
-9.87605056274
-9.91281070582
-9.87806563875
-9.89297954992
-9.91174307691
-9.92558739163
-9.97280716601
-9.99122635641
-9.99942506031
-9.94316411189
-9.92067745469
-9.91005994031
-9.90749598304
-9.90431800012
-9.86150641981
-9.78545839183
-9.7877311926
-9.76993096699
-9.69851063863
-9.72544869908
-9.71681520227
-9.6922837092
-9.69665037779
-9.74208965343
-9.75087262318
-9.75872391198
-9.82543954273
-9.84078143916
-9.85270644923
-9.92152609702
-9.89311920437
-9.915846863
-9.97075871114
-9.93261259916
-9.95695425926
-9.96369941956
-9.92218061034
-9.85631670741
-9.81246358295
-9.82925199083
-9.77067265108
-9.7972813212
-9.7217864261
-9.71199437898
-9.73205542894
-9.71769894058
-9.68626651073
-9.70591855158
-9.70780582884
-9.67097575315
-9.66798353799
-9.638502658
-9.70019854358
-9.67440682179
-9.67694126238
-9.69616055926
-9.7017785533
-9.74837997768
-9.77466906529
-9.81482138881
-9.86920406147
-9.85750025776
-9.90386773946
-9.92512530674
-9.93706842887
-9.91277644637
-9.94684453634
-9.96876200923
-9.91100844759
-9.877877375
-9.83925270674
-9.84116406712
-9.76601722367
-9.71821912708
-9.7006567056
-9.63993547891
-9.64931035781
-9.60950407229
-9.61914803813
-9.62996781116
-9.66353409044
-9.66225039746
-9.69408629204
-9.74094150328
-9.77805245894
-9.81694609944
-9.78405767399
-9.82501504606
-9.87735580962
-9.87539212645
-9.8931841429
-9.93785265035
-9.90312290889
-9.87434544499
-9.88086854769
-9.82557352526
-9.82867104498
-9.78611710298
-9.74694394884
-9.76996032777
-9.70953750549
-9.69550016025
-9.71271396122
-9.70155315395
-9.70416246052
-9.65952289297
-9.63987590518
-9.65672627401
-9.7072613553
-9.70323720278
-9.71820921833
-9.7463259508
-9.77829907825
-9.80602768528
-9.80217713585
-9.85699639532
-9.85563592776
-9.86662785535
-9.89013319572
-9.89457605537
-9.92770235346
-9.84323658463
-9.8750168033
-9.84809257084
-9.83699213958
-9.81778196312
-9.83389659129
-9.80110992773
-9.80693253802
-9.80085351619
-9.79451350963
-9.79132492544
-9.78784120959
-9.82662173674
-9.8093356855
-9.86178275303
-9.85891117183
-9.83145221951
-9.84128081834
-9.84521801584
-9.84003349753
-9.80354356843
-9.8428517929
-9.8255301747
-9.85247733309
-9.83712187421
-9.81128087782
-9.78319820493
-9.78448650867
-9.77840042921
-9.75497934585
-9.76807692945
-9.77706086216
-9.7567583626
-9.77034512614
-9.73281498975
-9.74156420395
-9.71717685531
-9.75614484786
-9.76572148119
-9.71123914159
-9.73264645343
-9.73222736872
-9.7403805752
-9.74543299598
-9.74548105521
-9.75371027419
-9.7153145261
-9.73119268209
-9.71640054083
-9.72281881471
-9.70173165033
-9.72245304628
-9.68407286318
-9.65502239003
-9.67115008423
-9.64133586337
-9.61094669982
-9.59386908805
-9.6189067386
-9.63165113616
-9.61838639128
-9.61043707935
-9.61130463395
-9.62821813756
-9.66321377058
-9.673064029
-9.63613214228
-9.68340403436
-9.65063527497
-9.67578446972
-9.68475843484
-9.69373213317
-9.70674346496
-9.68936027127
-9.65557363784
-9.66385898204
-9.63425007296
-9.62956033012
-9.60448365827
-9.58762661725
-9.55825234329
-9.51555183729
-9.46819725169
-9.43798640104
-9.41590879715
-9.41488324162
-9.37726546864
-9.40687931887
-9.34084767882
-9.36261831016
-9.35850013894
-9.44333582884
-9.47470589958
-9.62626649149
-9.6083173589
-9.59507455796
-9.61612911154
-9.63382051064
-9.63877401683
-9.61434936793
-9.62295485657
-9.60125433145
-9.57146449275
-9.54847179087
-9.51320308111
-9.55143777818
-9.48388079538
-9.44290327017
-9.45291465813
-9.45702492903
-9.43165297345
-9.43419292216
-9.47428711115
-9.52921770688
-9.55953920133
-9.59854604348
-9.63323418505
-9.68269321833
-9.67051148991
-9.67460314962
-9.69536928786
-9.72540386569
-9.72943159119
-9.72563406666
-9.72897442468
-9.69141254334
-9.70814783122
-9.69524701887
-9.65690246162
-9.68250821964
-9.64095231328
-9.63737157274
-9.55831997296
-9.55089908116
-9.53367052918
-9.49914245595
-9.45633035971
-9.4517043226
-9.41345994041
-9.42650445191
-9.41109396834
-9.42948029677
-9.38701687883
-9.41601633867
-9.43495698193
-9.45145858701
-9.5151859835
-9.55104949474
-9.56604578361
-9.58249294357
-9.59203392954
-9.58189549711
-9.58411326526
-9.57268643702
-9.64715133267
-9.69068674398
-9.62054758785
-9.60749288799
-9.59732079808
-9.45944913485
-9.44307752552
-9.52834220488
-9.52843348126
-9.54939277832
-9.54740801333
-9.54565950183
-9.57336741554
-9.57706493579
-9.57008771388
-9.61432241412
-9.62008473486
-9.62119248068
-9.59082602622
-9.59394872549
-9.58351141876
-9.58308691138
-9.57506541204
-9.61050475909
-9.60736177725
-9.55764625887
-9.56112535036
-9.45351377086
-9.45200535851
-9.44991677303
-9.41502542748
-9.41086898724
-9.42580113015
-9.42713225759
-9.43311040604
-9.4293016348
-9.46014849224
-9.425836082
-9.45554307111
-9.43014668146
-9.48051667968
-9.47677136607
-9.48588062886
-9.48209426371
-9.52478572291
-9.52877059037
-9.56967904791
-9.57251299259
-9.55885804708
-9.59177105772
-9.59638923393
-9.62172116084
-9.63419094063
-9.58762588555
-9.61201331569
-9.63590065842
-9.59673649806
-9.5790180274
-9.56253354683
-9.56871223251
-9.61546602509
-9.57925898654
-9.55526144814
-9.5473538742
-9.51855722718
-9.51512742194
-9.54481190518
-9.46075130572
-9.43583673438
-9.44575480984
-9.42940836234
-9.41286680027
-9.42539405195
-9.44127435199
-9.44450228709
-9.43150660767
-9.4387231498
-9.46733584559
-9.48347504424
-9.50001192217
-9.5375685063
-9.54093650664
-9.55808994749
-9.59115014292
-9.5775356114
-9.58539858134
-9.60622807397
-9.60538346979
-9.61848280985
-9.64543118034
-9.60411862043
-9.62624818426
-9.57639058904
-9.55151155336
-9.54793457504
-9.54387865305
-9.52766976594
-9.52341815257
-9.47047681672
-9.45787287874
-9.41169327937
-9.39932754762
-9.38183683783
-9.39472214216
-9.34220505976
-9.39591069561
-9.34427822647
-9.38641592804
-9.39488566297
-9.38608325309
-9.35681062818
-9.41233190406
-9.36612415914
-9.42561757192
-9.425844862
-9.40861598736
-9.43003987749
-9.45921043933
-9.44697378422
-9.48983457725
-9.5032727918
-9.48317455852
-9.50029366414
-9.49229217754
-9.4794555415
-9.49275680285
-9.52604968462
-9.49609268463
-9.479136112
-9.49600216246
-9.48748952629
-9.49604917032
-9.42842876145
-9.46592394673
-9.42710673856
-9.4213774966
-9.44215073173
-9.41714757718
-9.42171800699
-9.45598103399
-9.40231950682
-9.43945294194
-9.46909599795
-9.47756557492
-9.49346394292
-9.50176518553
-9.50594325499
-9.51879504997
-9.52722353519
-9.5406388799
-9.50392236977
-9.55454325175
-9.52953362503
-9.53722375983
-9.54071375952
-9.47198568634
-9.50960459615
-9.50466770444
-9.48438918894
-9.50598875636
-9.45203727699
-9.4354831727
-9.43950355127
-9.41281939733
-9.39165220214
-9.37560776358
-9.39219038702
-9.36322448957
-9.35474036272
-9.33451178651
-9.36368327426
-9.30045096701
-9.32492587203
-9.32484995275
-9.35752112344
-9.34518817629
-9.3614398637
-9.3574833507
-9.39604160443
-9.38846144449
-9.43101547971
-9.41491398419
-9.44413300736
-9.42690009878
-9.39679445658
-9.41305215915
-9.4346216
-9.41418492282
-9.39355446681
-9.39032175528
-9.37407311517
-9.3440960513
-9.33966599087
-9.33900799576
-9.30112815704
-9.3349486489
-9.31876655672
-9.31945738927
-9.2816441504
-9.29851901803
-9.2638892565
-9.32977417671
-9.27947219856
-9.31599263786
-9.32851144598
-9.33653781194
-9.39214979643
-9.34608575842
-9.39281371141
-9.40140880375
-9.36258850996
-9.42160787418
-9.40513238927
-9.46125339209
-9.47830338795
-9.47513571695
-9.4422946239
-9.42525744878
-9.45855322973
-9.444924731
-9.4768536007
-9.4514791118
-9.41356753002
-9.38514101694
-9.3995770613
-9.38228695347
-9.3281677341
-9.32777177624
-9.33098763007
-9.30494174077
-9.31718279967
-9.30322520177
-9.28261776372
-9.29049167034
-9.31276500581
-9.36435458143
-9.3318451454
-9.31978237092
-9.35371884886
-9.36570813246
-9.37417310961
-9.36555797792
-9.36963775451
-9.41157646154
-9.3949607063
-9.40755716282
-9.38247848921
-9.34919054463
-9.39499714921
-9.39865319315
-9.3804180874
-9.37534861967
-9.34093212404
-9.37944408484
-9.34658616165
-9.38081121289
-9.33194421206
-9.34086274143
-9.32409197487
-9.30223806147
-9.27944537514
-9.27362899379
-9.23941796486
-9.21363995624
-9.23551471902
-9.22420238019
-9.24264410307
-9.19770851816
-9.16400814747
-9.18505845803
-9.21326029586
-9.22091147014
-9.22048262371
-9.22450759627
-9.27044039585
-9.27899816171
-9.27851311948
-9.28654013284
-9.3121224895
-9.29879918117
-9.30743002597
-9.33338215165
-9.33770978523
-9.31303546002
-9.30881759735
-9.291233733
-9.29504614289
-9.27366780132
-9.27381164858
-9.2954395959
-9.27116076171
-9.28108154711
-9.32861717801
-9.2830302281
-9.2996688649
-9.2651233445
-9.23468277253
-9.25485728813
-9.28329901318
-9.29675258482
-9.32341372475
-9.29959112235
-9.33303732371
-9.31956032993
-9.31869187208
-9.33361511746
-9.33245318743
-9.32624346099
-9.35148226767
-9.35246653031
-9.35318544159
-9.34622184857
-9.35600744706
-9.3402598006
