47.7443220615
47.7453181744
47.7463209629
47.7473247051
47.7483212948
47.7493240833
47.750313282
47.7513129711
47.7523207664
47.7533209324
47.7543213367
47.7553434372
47.7563281059
47.7573292255
47.7583124638
47.7593147755
47.7603125572
47.7613072395
47.7623107433
47.7633135319
47.7643055916
47.7653176785
47.7663087845
47.7673232555
47.7683076859
47.7693023682
47.7702994347
47.7713012695
47.7722995281
47.7733044624
47.7745425701
47.775539875
47.7762947083
47.7772977352
47.7785804272
47.7795386314
47.7805371284
47.7815380096
47.7825388908
47.7835845947
47.7842886448
47.7855391502
47.7865374088
47.7875378132
47.7885932922
47.7895412445
47.7905786037
47.7915370464
47.7922899723
47.7935333252
47.7975308895
47.7985281944
47.7995281219
47.8005235195
47.8015248775
47.8025329113
47.8035233021
47.8045186996
47.8055231571
47.8063275814
47.8075158596
47.8085169792
47.8095180988
47.8105187416
47.8115196228
47.8125181198
47.8135154247
47.814517498
47.8155157566
47.8165154457
47.8175179958
47.8185138702
47.819514513
47.8205144405
47.8215138912
47.8225154877
47.8236296177
47.824514389
47.825514555
47.8263292313
47.8275072575
47.8285667896
47.8295788765
47.830552578
47.8315577507
47.8325076103
47.8375060558
47.838549614
47.8395035267
47.8405005932
47.8415007591
47.8425056934
47.8435015678
47.844499588
47.8455033302
47.8464972973
47.8475055695
47.8484976292
47.8495008945
47.8594985008
47.860380888
47.8614993095
47.8624925613
47.8634941578
47.8644931316
47.8654930592
47.8664875031
47.8674879074
47.8684871197
47.8694880009
47.8704884052
47.8714859486
47.8724844456
47.8734853268
47.8744885921
47.8754842281
47.8764853477
47.8774883747
47.878487587
47.8794834614
47.880480051
47.8834786415
47.8844935894
47.8854782581
47.8864784241
47.8874793053
47.8884747028
47.8894739151
47.8904774189
47.8914744854
47.8924739361
47.8934707642
47.8944754601
47.8954780102
47.8964722157
47.8974795341
47.8984708786
47.8994703293
47.9004709721
47.901466608
47.9024646282
47.9034676552
47.9045054913
47.9054634571
47.9064640999
47.9074673653
47.9084641933
47.9094629288
47.9104747772
47.9114642143
47.913462162
47.9144630432
47.9154613018
47.9164619446
47.9174590111
47.9184572697
47.9194631577
47.9204580784
47.9214601517
47.9224638939
47.9234662056
47.9245181084
47.9254615307
47.9264802933
47.927457571
47.9284534454
47.9294729233
47.9304630756
47.9314510822
47.9324579239
47.9364516735
47.9374520779
47.9384496212
47.9394514561
47.9404485226
47.9414489269
47.9424550533
47.9434492588
47.94444561
47.9454464912
47.9464418888
47.9474444389
47.948448658
47.9494509697
47.950445652
47.9514541626
47.952444315
47.9534420967
47.9544422626
47.9554388523
47.9564423561
47.9574420452
47.958442688
47.9594652653
47.9604430199
47.96144104
47.9634342194
47.9644362926
47.9654378891
47.9664361477
47.9674339294
47.968432188
47.9694330692
47.9704322815
47.9714379311
47.9724345207
47.973429203
47.9744336605
47.9754345417
47.9764332771
47.9774332047
47.9784369469
47.9794409275
47.9804325104
47.9814379215
47.9824254513
47.9834222794
47.9844241142
47.985421896
47.9864199162
47.9874310493
47.9884541035
47.9894199371
47.9904158115
47.991420269
47.9924173355
47.9934191704
47.994412899
47.9954156876
47.9964110851
47.9974513054
47.998415947
47.9994122982
48.0004138947
48.0014181137
48.0024220943
48.0034115314
48.0044107437
48.0054101944
48.0064170361
48.0074160099
48.0084152222
48.0094163418
48.0104162693
48.0114088058
48.0124101639
48.0134093761
48.01440835
48.0154452324
48.0164010525
48.0174062252
48.0184435844
48.0194447041
48.0203976631
48.0213997364
48.0224025249
48.0233986378
48.0244381428
48.0253984928
48.0263845921
48.0273890495
48.0283825397
48.0294132233
48.0304102898
48.0313949585
48.0323882103
48.0363888741
48.0373857021
48.038384676
48.0394511223
48.0404508114
48.0413980484
48.0423972607
48.0433824062
48.0444054604
48.0453891754
48.0463888645
48.0473797321
48.0483856201
48.0493798256
48.0503778458
48.0513811111
48.052375555
48.0533857346
48.0543766022
48.0553758144
48.0563805103
48.0583767891
48.0593807697
48.0603718758
48.0613689423
48.0623676777
48.0633702278
48.064371109
48.0656273365
48.0663707256
48.0673656464
48.0683679581
48.0693728924
48.070371151
48.0713710785
48.0723800659
48.0743713379
48.0753715038
48.0763671398
48.0774278641
48.0783660412
48.0793631077
48.0803620815
48.0813617706
48.0823783875
48.0833630562
48.0844316483
48.0853633881
48.0863633156
48.0873637199
48.0883572102
48.0893523693
48.0903542042
48.0913598537
48.0923576355
48.0933599472
48.0943579674
48.0953571796
48.0963516235
48.0974164009
48.0983536243
48.0993456841
48.1003620625
48.1013667583
48.1024172306
48.1033728123
48.1043474674
48.1053519249
48.1063430309
48.1073608398
48.1083474159
48.1093478203
48.110360384
48.1113462448
48.1123464108
48.1133472919
48.114346981
48.1153476238
48.1163454056
48.1173460484
48.118347168
48.1193444729
48.1203491688
48.1216423512
48.1223864555
48.1233410835
48.1243467331
48.1253843307
48.126345396
48.1273405552
48.1283359528
48.1303389072
48.1313374043
48.1323368549
48.1333374977
48.1343324184
48.1353418827
48.1363430023
48.1373414993
48.1383411884
48.139336586
48.1403319836
48.1413354874
48.1423287392
48.1433773041
48.1443390846
48.1453354359
48.146333456
48.147382021
48.1483263969
48.1493270397
48.1503198147
48.1513340473
48.152320385
48.1533260345
48.1543195248
48.155326128
48.1563205719
48.1573269367
48.1583199501
48.1593194008
48.1603152752
48.1613214016
48.1623206139
48.1633243561
48.1643137932
48.1653268337
48.1663172245
48.1673276424
48.1683151722
48.1693301201
48.170327425
48.1713190079
48.1723175049
48.1733169556
48.1743173599
48.1753253937
48.1763103008
48.1773104668
48.1783139706
48.1793103218
48.1803085804
48.1813066006
48.1825487614
48.1835482121
48.1846044064
48.1855461597
48.1865413189
48.1875932217
48.1883451939
48.1895422935
48.1905887127
48.191552639
48.1925444603
48.193543911
48.1945416927
48.1955368519
48.1965403557
48.19754076
48.1985404491
48.1995453835
48.2005448341
48.2015407085
48.2025501728
48.2035627365
48.2045464516
48.2055420876
48.2065410614
48.2075443268
48.208337307
48.2095384598
48.2105343342
48.2115368843
48.2125344276
48.2135329247
48.2145321369
48.2155320644
48.2165293694
48.2175290585
48.2185249329
48.2195320129
48.2205281258
48.2214837074
48.2226662636
48.2235856056
48.2245693207
48.2256627083
48.2266538143
48.2275848389
48.228676796
48.2295219898
48.2305486202
48.2315206528
48.2335164547
48.2345159054
48.2355160713
48.2365159988
48.2375156879
48.238517046
48.2395129204
48.2405123711
48.2415156364
48.2425141335
48.243509531
48.244509697
48.2455086708
48.2465097904
48.2475106716
48.2485105991
48.249509573
48.2505071163
48.2515089512
48.2525033951
48.2555131912
48.2565107346
48.2575030327
48.2585020065
48.2595014572
48.2605433464
48.2615091801
48.2625048161
48.2634961605
48.2645001411
48.2655000687
48.2665438652
48.2674996853
48.2684972286
48.269497633
48.2704980373
48.2715001106
48.2724962234
48.273499012
48.2744948864
48.2755022049
48.2764966488
48.2774956226
48.278498888
48.2794971466
48.2804970741
48.2814977169
48.2824997902
48.2834990025
48.2845129967
48.285494566
48.2864940166
48.2875165939
48.2884919643
48.2894916534
48.2904918194
48.291492939
48.2924878597
48.2934865952
48.294490099
48.2954845428
48.2964982986
48.2974908352
48.3004825115
48.3014895916
48.3025019169
48.3034775257
48.304472208
48.3054730892
48.3064763546
48.3074772358
48.3084733486
48.309473753
48.3104715347
48.3114771843
48.3124756813
48.3134834766
48.3144822121
48.3154702187
48.3164727688
48.3174726963
48.3184711933
48.3194708824
48.3204729557
48.3214726448
48.3224709034
48.323469162
48.3244655132
48.3254637718
48.3264682293
48.3274626732
48.3284628391
48.3294682503
48.3304622173
48.3314695358
48.3324644566
48.3354589939
48.3364629745
48.3374629021
48.3384625912
48.3394613266
48.3404576778
48.341460228
48.3424546719
48.3434689045
48.3444778919
48.3454523087
48.3464534283
48.3474521637
48.3484761715
48.3494546413
48.3504724503
48.3514528275
48.3524525166
48.3534548283
48.3544511795
48.355463028
48.3564596176
48.3574595451
48.3584480286
48.3594596386
48.3604547977
48.3614494801
48.3634490967
48.3644487858
48.3654506207
48.3664464951
48.3674526215
48.3684501648
48.3694474697
48.3704507351
48.3714497089
48.372449398
48.3734488487
48.374448061
48.3754615784
48.3764483929
48.3774459362
48.3784456253
48.3794453144
48.3804504871
48.3814463615
48.382474184
48.3834326267
48.3844366074
48.3854646683
48.386433363
48.3874702454
48.388453722
48.3894348145
48.3904373646
48.3914394379
48.3924322128
48.3934381008
48.3944265842
48.3954274654
48.3964231014
48.3974683285
48.3984560966
48.3994722366
48.4004266262
48.4014310837
48.4024693966
48.4034285545
48.4044451714
48.4055464268
48.406452179
48.4074168205
48.4084880352
48.4094617367
48.4104862213
48.4114849567
48.4125196934
48.4134483337
48.4144887924
48.4154863358
48.4164214134
48.417440176
48.4184861183
48.4194891453
48.4204609394
48.4214696884
48.4224560261
48.4234516621
48.4244515896
48.4254188538
48.4264135361
48.4274318218
48.4284112453
48.4294724464
48.4305388927
48.4314112663
48.4324626923
48.4354002476
48.4364039898
48.4373979568
48.4384157658
48.4394061565
48.4404006004
48.4413890839
48.4423952103
48.4433968067
48.4443955421
48.4453890324
48.4463868141
48.4473950863
48.4483864307
48.4503796101
48.4513964653
48.4523954391
48.4533846378
48.4543812275
48.455378294
48.4563820362
48.4573776722
48.4583749771
48.4593839645
48.4603719711
48.4613735676
48.462372303
48.4633719921
48.4643714428
48.4653706551
48.4664251804
48.4674210548
48.468385458
48.4694247246
48.4703695774
48.4713697433
48.4723713398
48.4733662605
48.4743635654
48.4753665924
48.4763598442
48.4773640633
48.4783592224
48.4793596268
48.4803757668
48.4813635349
48.4823672771
48.4833643436
48.4843597412
48.4853601456
48.4863598347
48.4873571396
48.4883539677
48.4923536777
48.4933519363
48.4943499565
48.4953513145
48.4963488579
48.4973487854
48.4983482361
48.499350071
48.5003504753
48.5013561249
48.5023479462
48.5033457279
48.5043509007
48.5053522587
48.5063531399
48.5073549747
48.5083556175
48.5093464851
48.5103578568
48.5113477707
48.5123546124
48.5133476257
48.5143508911
48.5153450966
48.5163478851
48.5173411369
48.5183506012
48.5193765163
48.5204160213
48.5215928555
48.5223493576
48.5233557224
48.5243484974
48.5253407955
48.5263433456
48.5273413658
48.5283460617
48.5293400288
48.5303368568
48.531337738
48.5323364735
48.5333406925
48.5343356133
48.5353369713
48.5363352299
48.5393419266
48.5403397083
48.5413310528
48.5423336029
48.5433299541
48.5443348885
48.5453338623
48.5463378429
48.5473394394
48.5483322144
48.5493454933
48.5503373146
48.5513374805
48.5523250103
48.5533390045
48.5543279648
48.5553247929
48.5563192368
48.557331562
48.5583190918
48.5595629215
48.5603268147
48.5613114834
48.5623621941
48.5633127689
48.5643100739
48.5653140545
48.5663092136
48.567306757
48.5683076382
48.5693089962
48.570306778
48.5713102818
48.5723116398
48.5733084679
48.5743050575
48.5753097534
48.5763132572
48.5773124695
48.5783207417
48.5793132782
48.5803124905
48.5813121796
48.5823059082
48.5835504532
48.584297657
48.5853180885
48.5863060951
48.587553978
48.5885560513
48.5895516872
48.5903048515
48.5915555954
48.5925564766
48.5935435295
48.5945401192
48.5955550671
48.596550703
48.5975568295
48.5985476971
48.5995357037
48.6005365849
48.6015360355
48.6025419235
48.6035318375
48.6045265198
48.6055345535
48.6062850952
48.6075325012
48.6085348129
48.6095328331
48.6105298996
48.6115701199
48.6125304699
48.6135263443
48.6145761013
48.6155254841
48.6165194511
48.6175251007
48.6185252666
48.6195442677
48.6205897331
48.6215465069
48.6225204468
48.6235208511
48.6245284081
48.6255731583
48.6265323162
48.6275289059
48.628524065
48.6295330524
48.630522728
48.6315267086
48.6325235367
48.6335141659
48.6345124245
48.6355135441
48.6365160942
48.6375191212
48.6385178566
48.6395106316
48.6405134201
48.6415143013
48.6425106525
48.6435120106
48.644541502
48.6455061436
48.6465277672
48.6475191116
48.6485462189
48.6495475769
48.6505346298
48.6515054703
48.6525037289
48.6535100937
48.6545007229
48.6555013657
48.6565015316
48.6574993134
48.658503294
48.6595003605
48.6605024338
48.6615042686
48.6625051498
48.6634926796
48.664494276
48.665510416
48.6665039062
48.6674971581
48.668492794
48.6695046425
48.6703283787
48.6715092659
48.6724925041
48.6734945774
48.6744933128
48.6754901409
48.6765260696
48.6774871349
48.6784920692
48.6794872284
48.6805381775
48.6814887524
48.6824884415
48.6834993362
48.6844959259
48.6854836941
48.6864864826
48.6874854565
48.6885275841
48.6894807816
48.6904857159
48.6914803982
48.6924760342
48.6934814453
48.6944742203
48.6954782009
48.6965010166
48.6974823475
48.6984782219
48.6994810104
48.7004787922
48.7014768124
48.7023684978
48.7035501003
48.7045142651
48.7054758072
48.7064735889
48.7074725628
48.7085244656
48.7094919682
48.7105150223
48.7114849091
48.7124683857
48.713467598
48.7144646645
48.7154707909
48.7164673805
48.7174761295
48.7184679508
48.7195065022
48.7205715179
48.7214665413
48.7224678993
48.7234742641
48.7244598866
48.7254648209
48.7264564037
48.7274572849
48.7284555435
48.7294573784
48.730453968
48.7314565182
48.7324564457
48.7335002422
48.7344579697
48.7364590168
48.7374975681
48.7384567261
48.7394664288
48.7404754162
48.7414655685
48.7424721718
48.743470192
48.7444732189
48.7454712391
48.7464568615
48.7474513054
48.7484555244
48.7494525909
48.7504563332
48.7514555454
48.7524514198
48.7534499168
48.7544531822
48.7554540634
48.756449461
48.7574458122
48.7584433556
48.7594470978
48.7604455948
48.7614431381
48.7624480724
48.7634387016
48.7644395828
48.765440464
48.7664420605
48.7674412727
48.7684390545
48.7694382668
48.7704439163
48.7714428902
48.7724437714
48.7734389305
48.7744362354
48.7754364014
48.7764348984
48.7774381638
48.7784307003
48.7794351578
48.780428648
48.7814323902
48.7824304104
48.7834384441
48.7844336033
48.7854392529
48.7864356041
48.7874352932
48.7884321213
48.7894346714
48.7904295921
48.7914319038
48.7924215794
48.7934236526
48.7944216728
48.7954301834
48.7964332104
48.7974274158
48.7984218597
48.7994270325
48.8004243374
48.8014318943
48.802431345
48.8034255505
48.8044228554
48.8054199219
48.8064408302
48.8074235916
48.8084225655
48.8094177246
48.8104188442
48.8114233017
48.8124155998
48.8134162426
48.8144240379
48.8154168129
48.8164124489
48.8174154758
48.8184101582
48.8194110394
48.8204102516
48.821408987
48.8224210739
48.8234131336
48.8244099617
48.8254115582
48.8264086246
48.8274128437
48.8284122944
48.8294110298
48.8304102421
48.8314166069
48.8324084282
48.8344070911
48.8354046345
48.8364052773
48.8374004364
48.8383989334
48.8394002914
48.8403954506
48.8413980007
48.8424055576
48.8433878422
48.8443872929
48.8453977108
48.8463873863
48.8473873138
48.848398447
48.8493874073
48.8503978252
48.8543896675
48.8553836346
48.8563876152
48.8573813438
48.8583796024
48.8623816967
48.8633778095
48.8643801212
48.8653817177
48.8663749695
48.8673796654
48.8683755398
48.8693695068
48.8703727722
48.8713698387
48.8723680973
48.8733670712
48.8743703365
48.8753743172
48.876377821
48.8773620129
48.8783671856
48.8793644905
48.8803801537
48.881367445
48.8823783398
48.8833701611
48.8843822479
48.8853669167
48.8863806725
48.8873603344
48.8883676529
48.8893625736
48.8903596401
48.8913631439
48.8923633099
48.8933594227
48.8943586349
48.895355463
48.8963530064
48.8973574638
48.9003536701
48.9013533592
48.9023520947
48.9033558369
48.9043529034
48.9054000378
48.9063518047
48.9073500633
48.9083490372
48.9093434811
48.9103441238
48.9113473892
48.9123482704
48.9133434296
48.914342165
48.915348053
48.9163389206
48.9173884392
48.9183895588
48.9193818569
48.9204437733
48.9213788509
48.9223444462
48.9233510494
48.9243688583
48.925350666
48.9263563156
48.9273574352
48.9283485413
48.9293441772
48.9303412437
48.9313414097
48.9323415756
48.9333386421
48.9343321323
48.9353330135
48.9363348484
48.9373323917
48.9383356571
48.9393336773
48.9403369427
48.9413380623
48.9423322678
48.9433383942
48.9443392754
48.9453392029
48.9463355541
48.9473416805
48.9483292103
48.949337244
48.9503266811
48.951325655
48.9523231983
48.9533240795
48.9543204308
48.9553227425
48.9563188553
48.9573225975
48.9583189487
48.9593238831
48.9603567123
48.9613194466
48.9623231888
48.9633150101
48.9643149376
48.9653167725
48.96631217
48.9673211575
48.9683170319
48.9693174362
48.970310688
48.9713146687
48.9723126888
48.9733159542
48.9803173542
48.9813101292
48.9823117256
48.9833118916
48.9843080044
48.9853053093
48.9863021374
48.9873087406
48.9882998466
48.989304781
48.9902977943
48.9915494919
48.992295742
48.9933063984
48.9955420494
48.9965867996
48.9975681305
48.9982972145
48.99953866
49.0005443096
49.0015506744
49.0025455952
49.003537178
49.0045330524
49.0055334568
49.0062921047
49.0075316429
49.0085330009
49.009531498
49.0105290413
49.0115303993
49.0125312805
49.0135314465
49.0145294666
49.015529871
49.0165259838
49.0175299644
49.018528223
49.0195260048
49.0203597546
49.0215277672
49.0225689411
49.0235655308
49.0243740082
49.0255336761
49.0265364647
49.0275447369
49.0285301208
49.0295348167
49.0305290222
49.0315330029
49.0326244831
49.0353300571
49.0365214348
49.0375227928
49.0385172367
49.0393579006
49.0405173302
49.0415160656
49.0425400734
49.0435152054
49.0445225239
49.0455605984
49.046517849
49.0475144386
49.0485603809
49.04951334
49.0505123138
49.0515146255
49.0525152683
49.0535111427
49.0545182228
49.0585050583
49.0595035553
49.0605020523
49.0615448952
49.0625133514
49.0634982586
49.0644993782
49.0654964447
49.0664944649
49.0674962997
49.0685024261
49.0695016384
49.0705051422
49.0715050697
49.0745024681
49.0754988194
49.0765013695
49.0775020123
49.0785002708
49.0795092583
49.0805020332
49.0815064907
49.0825181007
49.0835022926
49.0845043659
49.0855009556
49.0865008831
49.0875048637
49.0885131359
49.0895116329
49.0905008316
49.0954964161
49.0964934826
49.0975010395
49.0984985828
49.099489212
49.1004955769
49.1014983654
49.1024856567
49.1034858227
49.1044871807
49.1054840088
49.1064813137
49.1074886322
49.1085014343
49.1094784737
49.1104786396
49.1114788055
49.1124880314
49.1134777069
49.1144764423
49.1154754162
49.1164729595
49.1174731255
49.1184771061
49.1194756031
49.1204721928
49.1214733124
49.1225001812
49.1234984398
49.1245074272
49.1254751682
49.126475811
49.1274790764
49.1304812431
49.1314790249
49.1324720383
49.1334826946
49.1364803314
49.1374845505
49.1384718418
49.1394791603
49.1404721737
49.1414699554
49.1424832344
49.1434910297
49.1444857121
49.1454782486
49.1464715004
49.1474666595
49.1484720707
49.1494681835
49.1504924297
49.1514651775
49.152474165
49.1534667015
49.1544649601
49.1554660797
49.1564614773
49.157463789
49.1584620476
49.1594600677
49.16045928
49.1614713669
49.1624927521
49.1635253429
49.16451478
49.1654598713
49.1664559841
49.1674637794
49.1684622765
49.1694538593
49.1704483032
49.1714532375
49.1724555492
49.173460722
49.1744494438
49.1764526367
49.1774544716
49.1784515381
49.1794507504
49.1804516315
49.1814510822
49.1824483871
49.1834540367
49.1844470501
49.1854412556
49.1864449978
49.1874504089
49.1884667873
49.1894581318
49.190456152
49.1914610863
49.1924626827
49.1934411526
49.1944344044
49.1954340935
49.1964380741
49.1974346638
49.1984710693
49.199432373
49.2004346848
49.2014389038
49.2024481297
49.2034399509
49.2044420242
49.2054300308
49.2104799747
49.2114393711
49.2124388218
49.2134335041
49.2144358158
49.2154257298
49.2164242268
49.2174229622
49.2184329033
49.219424963
49.2204191685
49.2214195728
49.2224187851
49.223418951
49.224416256
49.2254171371
49.2264435291
49.227421999
49.2284662724
49.2294323444
49.230424881
49.231415987
49.2324147224
49.2334125042
49.2344100475
49.2354133129
49.2364110947
49.2374212742
49.2384097576
49.2394161224
49.2404212952
49.2414116859
49.2424182892
49.2434165478
49.2444171906
49.245413065
49.2464225292
49.2474064827
49.2484042645
49.2494287491
49.2504081726
49.2514061928
49.252402544
49.2534043789
49.2544374466
49.2554004192
49.2563891411
49.2573978901
49.2584276199
49.2594404221
49.260396719
49.2614011765
49.262387991
49.2633972168
49.2643847466
49.2653887272
49.2663829327
49.2673842907
49.2683885098
49.2693867683
49.2703888416
49.2713842392
49.272382021
49.2733821869
49.2743775845
49.2753784657
49.276373148
49.2773792744
49.2783813477
49.2793800831
49.2803730965
49.2813782692
49.2823758125
49.2833764553
49.2844212055
49.2853758335
49.2863771915
49.2873737812
49.2884221077
49.2894308567
49.2973823547
49.2983691692
49.2993721962
49.3003630638
49.301363945
49.302362442
49.3033616543
49.3043596745
49.3053636551
49.308359623
49.3093588352
49.3103585243
49.3113589287
49.3123583794
49.3133535385
49.3143522739
49.315353632
49.316352129
49.3173522949
49.3183457851
49.3193483353
49.3203475475
49.3213496208
49.3223574162
49.3233509064
49.3243436813
49.3253538609
49.3263514042
49.3273537159
49.3283522129
49.3293588161
49.3303563595
49.3313610554
49.3323523998
49.3333489895
49.3343472481
49.3353483677
49.3363413811
49.3373408318
49.3383412361
49.3393392563
49.3403394222
49.341345787
49.342338562
49.3433380127
49.3443360329
49.3453407288
49.3463397026
49.3473391533
49.3483397961
49.3493361473
49.350338459
49.3513422012
49.3523449898
49.3533372879
49.354336977
49.3553323746
49.3563365936
49.3573329449
49.3583338261
49.3593299389
49.3603329659
49.3613331318
49.3623304367
49.3633282185
49.3643233776
49.3653309345
49.3663282394
49.3673331738
49.3683261871
49.3693320751
49.3703353405
49.3713238239
49.3723249435
49.3733258247
49.3743236065
49.3753221035
49.3763206005
49.3773238659
49.3783230782
49.379322052
49.3803126812
49.3813183308
49.3823168278
49.38332057
49.3843178749
49.3853166103
49.3863141537
49.3873109818
49.3883090019
49.3893134594
49.3903129101
49.3913202286
49.3923156261
49.3933124542
49.3943121433
49.3953070641
49.3963088989
49.3973107338
49.3983097076
49.3993065357
49.4003121853
49.4015543461
49.4025490284
49.4035916328
49.404545784
49.4055476189
49.4065468311
49.4075455666
49.4085476398
49.4095466137
49.4105467796
49.4112973213
49.4125437737
49.4135491848
49.414547205
49.4155483246
49.4165532589
49.4175624847
49.4185636044
49.4195933342
49.4205474854
49.421541214
49.4225363731
49.4235336781
49.4245295525
49.425538063
49.426535368
49.4275317192
49.4285364151
49.4295413494
49.4305355549
49.4315392971
49.4325296879
49.4335267544
49.4345374107
49.4355316162
49.4365284443
49.4415194988
49.4425218105
49.443518877
49.4445238113
49.4455163479
49.4465317726
49.4475133419
49.4485125542
49.4495127201
49.4505579472
49.451539278
49.4525094032
49.4535098076
49.454505682
49.4555106163
49.4565062523
49.4575097561
49.4585502148
49.4595081806
49.4605021477
49.4615058899
49.4625029564
49.4635016918
49.4645559788
49.4655106068
49.4665596485
49.4675111771
49.4685177803
49.4695107937
49.4705235958
49.4715092182
49.4725093842
49.4735023975
49.4745023251
49.4774978161
49.4784989357
49.4794979095
49.4804964066
49.4814960957
49.482503891
49.4834961891
49.4844880104
49.4855010509
49.4864969254
49.4874894619
49.4884927273
49.4894900322
49.4904875755
49.4914939404
49.4934878349
49.4944918156
49.4954924583
49.4964873791
49.4974918365
49.4984841347
49.499484539
49.5004835129
49.501486063
49.5024909973
49.5034909248
49.5044908524
49.5054802895
49.5064849854
49.5074794292
49.5084798336
49.5094761848
49.510494709
49.5114831924
49.5124809742
49.5134773254
49.5144753456
49.5154733658
49.5164895058
49.5175116062
49.5194721222
49.5204753876
49.5214745998
49.5225322247
49.5235023499
49.5246248245
49.5254676342
49.5265467167
49.5275349617
49.5285108089
49.5294673443
49.5304634571
49.5314707756
49.5324647427
49.533465147
49.5344638824
49.5354635715
49.5364673138
49.5384638309
49.5394644737
49.5404603481
49.5414600372
49.5425195694
49.5434930325
49.5444905758
49.5454940796
49.5464837551
49.5474843979
49.548486948
49.5494892597
49.5504934788
49.5514566898
49.5524525642
49.5534565449
49.5544497967
49.5554666519
49.5565097332
49.5574572086
49.5584704876
49.5594506264
49.560464859
49.5614583492
49.5624525547
49.5634951591
49.564463377
49.5654480457
49.566450119
49.5674962997
49.5684616566
49.5704529285
49.5714468956
49.5724487305
49.5734484196
49.5744678974
49.5754666328
49.5764400959
49.5774424076
49.5784828663
49.5794842243
49.5804536343
49.5814430714
49.5824368
49.5834839344
49.5844843388
49.5854868889
49.5865194798
49.5874912739
49.5884847641
49.5894994736
49.5904791355
49.5914394855
49.5924339294
49.5944368839
49.5954425335
49.5964305401
49.5974316597
49.5984652042
49.6004321575
49.6014318466
49.6024391651
49.6034276485
49.6044242382
49.6054244041
49.6064281464
49.6074199677
49.6084241867
49.6094257832
49.6104261875
49.6114242077
49.6124243736
49.6134200096
49.6144206524
49.6154205799
49.6164205074
49.617423296
49.6184194088
49.6194162369
49.620418787
49.6214227676
49.6224296093
49.623431921
49.6244287491
49.6254160404
49.626429081
49.6274182796
49.6284196377
49.6294202805
49.6304171085
49.6314182281
49.6324214935
49.6334214211
49.6344220638
49.6354179382
49.63641119
49.6374089718
49.6384112835
49.6394052505
49.6404218674
49.641409874
49.6424102783
49.6434049606
49.6443984509
49.6453990936
49.6464021206
49.6474018097
49.648403883
49.6494071484
49.6504001617
49.6514024734
49.6523947716
49.6534001827
49.6563971043
49.6574196815
49.6584546566
49.6593959332
49.6604428291
49.6614015102
49.6623880863
49.6633841991
49.6643795967
49.6653823853
49.6663784981
49.6673777103
49.6684229374
49.6693797112
49.6703805923
49.6714258194
49.6723749638
49.6733789444
49.6743760109
49.675372839
49.6763744354
49.6773788929
49.6784324646
49.6793746948
49.6803750992
49.681381464
49.6823761463
49.6833834648
49.6844756603
49.6853761673
49.686372757
49.6873812675
49.6883752346
49.6893692017
49.690369606
49.6913723946
49.6923696995
49.6933643818
49.6943707466
49.6953661442
49.6964128017
49.697422266
49.6983633041
49.6993587017
49.7003595829
49.7013711929
49.7023634911
49.7033605576
49.7043638229
49.7053620815
49.706360817
49.7073705196
49.7083592415
49.7093536854
49.7103645802
49.7113554478
49.7123532295
49.713350296
49.7143507004
49.7153491974
49.7163510323
49.7173547745
49.7183506489
49.7193546295
49.7204723358
49.7214257717
49.7223556042
49.7233483791
49.7243535519
49.7253475189
49.7263612747
49.7275941372
49.7283973694
49.7293531895
49.730353117
49.7313456535
49.7323465347
49.734351635
49.7353463173
49.7363479137
49.7373576164
49.7383553982
49.7393651009
49.7403523922
49.7413434982
49.7423453331
49.7433440685
49.7443461418
49.7453451157
49.7463440895
49.7473361492
49.7483389378
49.7493371964
49.7503299713
49.7513332367
49.7523310184
49.7533333302
49.757332325
49.7583324909
49.759326458
49.7603230476
49.7613744736
49.7623262405
49.763364315
49.7643330097
49.7653238773
49.7663311958
49.7673294544
49.768327713
49.7693281174
49.7703261375
49.7713229656
49.7723300457
49.7733228207
49.774323225
49.7793211937
49.7803215981
49.7843227386
49.7855596542
49.7863638401
49.7873108387
49.7883107662
49.7893154621
49.7903087139
49.7913088799
49.7923078537
49.7933096886
49.7943131924
49.7953095436
49.7963116169
49.7973041534
49.7982990742
49.7993066311
49.8003048897
49.8013038635
49.8023059368
49.8033041954
49.8042972088
49.8053109646
49.8062956333
49.8075408936
49.8082969189
49.8095436096
49.8105466366
49.8115496635
49.8123180866
49.8135380745
49.8145370483
49.8155362606
49.8165369034
49.8175389767
49.8185386658
49.8193283081
49.8202910423
49.8215391636
49.8225357533
49.8235328197
49.8245286942
49.8255281448
49.8265268803
49.8275260925
49.8285672665
49.8295388222
49.8303239346
49.8315281868
49.8325238228
49.8335289955
49.8355236053
49.8365314007
49.8375191689
49.8385214806
49.8395457268
49.8405172825
49.8415179253
49.8425216675
49.8435177803
49.8445174694
49.8455200195
49.8465268612
49.8475189209
49.8485219479
49.8495225906
49.8505179882
49.8515198231
49.8525197506
49.853461504
49.8545179367
49.8555116653
49.8565132618
49.8575086594
49.8585057259
49.8595092297
49.8603191376
49.8615162373
49.8625061512
49.863506794
49.8646011353
49.8655490875
49.8665530682
49.8675382137
49.8685441017
49.8694999218
49.8705031872
49.8715054989
49.8725056648
49.8735017776
49.8744986057
49.875497818
49.8764979839
49.8775053024
49.8785004616
49.8794977665
49.8804972172
49.8814971447
49.882506609
49.8834955692
49.8844943047
49.8854942322
49.8864910603
49.8874900341
49.88849473
49.8894927502
49.8905003071
49.891512394
49.8925099373
49.8934957981
49.894493103
49.8954916
49.8964915276
49.8974988461
49.8984878063
49.8994903564
49.9004924297
49.9014949799
49.9024863243
49.9034917355
49.9044840336
49.9054853916
49.9064846039
49.9074802399
49.9084804058
49.9094846249
49.9104828835
49.9114844799
49.9124867916
49.9154787064
49.9164874554
49.9174854755
49.9184799194
49.9194815159
49.9204850197
49.9214892387
49.9224829674
49.9234828949
49.9245159626
49.9255108833
49.9264700413
49.9274725914
49.9284770489
49.9294688702
49.9304656982
49.9314720631
49.9324669838
49.9374659061
49.9384641647
49.9394638538
49.9404602051
49.9414608479
49.9424612522
49.9434609413
49.9444737434
49.9454739094
49.946470499
49.9474751949
49.9484586716
49.9494564533
49.9504609108
49.951457262
49.9524576664
49.9534704685
49.9544551373
49.9554591179
49.9564752579
49.9574565887
49.958455801
49.9594504833
49.9604508877
49.9614572525
49.9624547958
49.9634521008
49.9644629955
49.9654536247
49.9664516449
49.9674494267
49.968464613
49.9694824219
49.9704620838
49.9714486599
49.97245574
49.9734566212
49.9744486809
49.9754891396
49.9764449596
49.9774484634
49.9784493446
49.9794461727
49.980440855
49.9814455509
49.98244524
49.9834446907
49.9844446182
49.9854738712
49.9864375591
49.9874396324
49.9884428978
49.98944664
49.9904463291
49.991440773
49.9924438
49.9934387207
49.9944419861
49.9954400063
49.996473074
49.997433424
49.9984326363
49.999430418
50.0004322529
50.0014355183
50.0024411678
50.0034270287
50.0044820309
50.0054290295
50.0064649582
50.0074667931
50.0084683895
50.0094640255
50.0104498863
50.0114223957
50.0124225616
50.0144238472
50.0154237747
50.0164341927
50.0174303055
50.0184326172
50.019431591
50.0204310417
50.021433115
50.0224385262
50.0234479904
50.0244336128
50.0254347324
50.0264356136
50.0274295807
50.0284233093
50.0294380188
50.0334248543
50.0344228745
50.0354244709
50.0364272594
50.0374245644
50.038454771
50.0394191742
50.0404551029
50.0414209366
50.0424363613
50.0434212685
50.0444710255
50.0454158783
50.0464200974
50.0474309921
50.0484573841
50.0495095253
50.0504312515
50.0514163971
50.0524113178
50.0614049435
50.0624058247
50.0635056496
50.0644497871
50.0654041767
50.0664315224
50.0674569607
50.0684113503
50.0694131851
50.0704495907
50.0714120865
50.0724058151
50.0734710693
50.0744068623
50.0754151344
50.076407671
50.0774037838
50.0784950256
50.0794143677
50.0804562569
50.0815098286
50.0824050903
50.08339715
50.0843987465
50.0854001045
50.0863959789
50.0873978138
50.0883824825
50.0953862667
50.0965051651
50.0974009037
50.098400116
50.099398613
50.1003837585
50.1013867855
50.1024341583
50.1033887863
50.1044418812
50.1054463387
50.1064071655
50.1073842049
50.1083798409
50.1094157696
50.1104030609
50.1113815308
50.1123864651
50.1133790016
50.1143746376
50.1153709888
50.1163728237
50.1173725128
50.1183714867
50.1193733215
50.1203660965
50.1213691235
50.1223680973
50.1233627796
50.1243941784
50.1253576279
50.1263549328
50.1273527145
50.1283485889
50.1373534203
50.1383569241
50.1393544674
50.1403596401
50.1413676739
50.1423602104
50.1433627605
50.1443550587
50.1453690529
50.146365881
50.1473581791
50.1483695507
50.1493659019
50.150359869
50.1513631344
50.1523587704
50.1553525925
50.1563518047
50.1573545933
50.1583559513
50.1593587399
50.1603519917
50.1613519192
50.1623558998
50.1633536816
50.1713340282
50.1723351479
50.1733324528
50.174331665
50.1873409748
50.1883325577
50.1893312931
50.1903269291
50.1913249493
50.1923229694
50.1933188438
50.1943206787
50.1953339577
50.1963250637
50.1973240376
50.1983220577
50.1993193626
50.200319767
50.2013156414
50.2023181915
50.2033195496
50.204310894
50.2053141594
50.2063059807
50.2073068619
50.2083039284
50.2103049755
50.2113165855
50.2123064995
50.213306427
50.2143089771
50.2155506611
50.2165462971
50.2175424099
50.2185468674
50.2195470333
50.2205469608
50.221552372
50.2225453854
50.2235498428
50.2245464325
50.2255444527
50.2305483818
50.2315444946
50.2325487137
50.2335417271
50.2345376015
50.2355349064
50.2365393639
50.2435333729
50.2445287704
50.2455308437
50.2465331554
50.2495291233
50.2505273819
50.2515292168
50.2525305748
50.2535259724
50.2545249462
50.25552845
50.2565262318
50.2575244904
50.2585301399
50.2595243454
50.2605249882
50.2615196705
50.2625215054
50.2635200024
50.2645409107
50.2655231953
50.2665157318
50.2675197124
50.2685227394
50.2695186138
50.2705204487
50.2715234756
50.2725183964
50.2755131721
50.2765128613
50.2775568962
50.2786021233
50.2795081139
50.2805500031
50.2815077305
50.2825093269
50.2835402489
50.2845492363
50.2855494022
50.2865004539
50.2875037193
50.2885062695
50.2895083427
50.2905449867
50.2915563583
50.2925441265
50.293554306
50.2945184708
50.2955474854
50.2966022491
50.2975025177
50.2985031605
50.299551487
50.3005037308
50.3015196323
50.3025033474
50.3034951687
50.3045065403
50.3055047989
50.3065030575
50.3075008392
50.3085005283
50.3094995022
50.3105041981
50.3115000725
50.3124964237
50.3134899139
50.3144991398
50.3154942989
50.3164925575
50.3175003529
50.318502903
50.3194992542
50.3204841614
50.3215014935
50.3225047588
50.3235173225
50.3245432377
50.3255083561
50.3265216351
50.327501297
50.3286275864
50.329511404
50.3305034637
50.3314936161
50.3324918747
50.3334903717
50.3345282078
50.3354859352
50.3365850449
50.3375616074
50.3384904861
50.3394906521
50.3405013084
50.3414804935
50.3425281048
50.3435373306
50.3445076942
50.34547472
50.3464822769
50.3474674225
50.3484902382
50.3494799137
50.350467205
50.3514690399
50.3524730206
50.3534696102
50.3544683456
50.3554730415
50.3564674854
50.3574645519
50.358464241
50.3594651222
50.3604803085
50.3614711761
50.3624646664
50.3634643555
50.3644762039
50.3654725552
50.3664593697
50.3674669266
50.3684749603
50.369464159
50.3704633713
50.3714675903
50.3754639626
50.3764579296
50.377456665
50.378456831
50.3794574738
50.3804535866
50.3814623356
50.3824617863
50.3834576607
50.3844671249
50.385458231
50.3864886761
50.3874568939
50.3884534836
50.3894515038
50.3904490471
50.3914849758
50.3924810886
50.3934493065
50.3944439888
50.395442009
50.3964800835
50.397452116
50.3984465599
50.399459362
50.4004423618
50.4014465809
50.4024507999
50.4034481049
50.4044492245
50.4054455757
50.4064426422
50.4074437618
50.4084498882
50.409444809
50.4104495049
50.4114413261
50.4124426842
50.413441658
50.4144456387
50.4154438972
50.4174406528
50.4184408188
50.4194335938
50.4204349518
50.4214336872
50.4224328995
50.4234335423
50.4244463444
50.4264576435
50.4274480343
50.4294373989
50.4304270744
50.4314377308
50.4324324131
50.4334313869
50.4344279766
50.4354243279
50.4364292622
50.4374320507
50.4384374619
50.4394445419
50.4424312115
50.4434258938
50.4444270134
50.4454255104
50.4464633465
50.4474205971
50.4484174252
50.4494256973
50.4504206181
50.4514262676
50.4524097443
50.4534084797
50.4544095993
50.4554064274
50.4564204216
50.4574184418
50.458414793
50.4594125748
50.4604039192
50.4613995552
50.4624037743
50.4634003639
50.4644064903
50.4654140472
50.4663975239
50.4673986435
50.4683864117
50.4693830013
50.4703829288
50.4713842869
50.4733829498
50.4743804932
50.4753799438
50.4763822556
50.4773805141
50.4784247875
50.4793884754
50.4804039001
50.4813966751
50.4824004173
50.4834251404
50.4844019413
50.4854032993
50.4864063263
50.4876275063
50.488389492
50.4893951416
50.4903986454
50.4913880825
50.4923844337
50.4933869839
50.4973852634
50.4983832836
50.499380827
50.500382185
50.5013856888
50.5023801327
50.5033876896
50.5044066906
50.5093677044
50.5103669167
50.5113818645
50.5124206543
50.513358593
50.5143568516
50.5153675079
50.5163619518
50.5173647404
50.5183608532
50.5193576813
50.5203580856
50.5213563442
50.5223650932
50.5233504772
50.5243566036
50.5253517628
50.5263564587
50.5273523331
50.5283517838
50.5293486118
50.5303516388
50.5313491821
50.5323476791
50.5333468914
50.5343441963
50.5353457928
50.5363440514
50.53734231
50.5383434296
50.5393476486
50.5403432846
50.5413441658
50.5423555374
50.5433459282
50.5443453789
50.5453650951
50.5463447571
50.5473735332
50.5483617783
50.5494036674
50.5503807068
50.5514421463
50.5523514748
50.5533392429
50.5543413162
50.5553426743
50.5563387871
50.5573475361
50.55833745
50.5593500137
50.5605912209
50.5613391399
50.5623586178
50.5633456707
50.5643763542
50.5653316975
50.5663862228
50.5673315525
50.568334341
50.5693321228
50.5703275204
50.5713362694
50.5723330975
50.5733339787
50.5743312836
50.5753319263
50.5764012337
50.5773429871
50.5783257484
50.5793225765
50.5803303719
50.5813243389
50.5823261738
50.583332777
50.5843749046
50.5854051113
50.5863730907
50.5873234272
50.5883202553
50.5895593166
50.5903167725
50.5913257599
50.5923202038
50.5933167934
50.5943114758
50.5953092575
50.5963516235
50.5973656178
50.5983145237
50.5994119644
50.6003444195
50.6013109684
50.6023757458
50.6035802364
50.6043200493
50.6053581238
50.606307745
50.6073095798
50.6085469723
50.6093087196
50.6103525162
50.6113255024
50.6123144627
50.613307476
50.6143019199
50.6153051853
50.6162984371
50.6175458431
50.6182992458
50.6195394993
50.6203243732
50.6215379238
50.6225817204
50.6235773563
50.6245355606
50.6255362034
50.6262989044
50.6273500919
50.6285340786
50.6295478344
50.6305439472
50.6313738823
50.632361412
50.6342971325
50.6355400085
50.6365354061
50.6375341415
50.6385345459
50.6395404339
50.6405313015
50.6424684525
50.6435239315
50.6445226669
50.6455247402
50.6465332508
50.6475248337
50.6485288143
50.6495258808
50.6502866745
50.6515250206
50.6525194645
50.6535272598
50.6545307636
50.6555197239
50.6565234661
50.6575689316
50.6583125591
50.6595208645
50.6605141163
50.6615281105
50.6625437737
50.6635274887
50.6645703316
50.6655437946
50.6665234566
50.6675765514
50.6685681343
50.6695611477
50.6705648899
50.6715159416
50.6735088825
50.6745083332
50.6755046844
50.6765108109
50.6775062084
50.6785032749
50.6795039177
50.6805071831
50.681504488
50.6825070381
50.6835083961
50.6845042706
50.6854982376
50.6865367889
50.6874973774
50.6884982586
50.6895182133
50.6905012131
50.691495657
50.6924984455
50.6935009956
50.6944983006
50.6954967976
50.6964993477
50.6974978447
50.698495388
50.6994991302
50.7005164623
50.7014927864
50.7025473118
50.7035040855
50.7045354843
50.7054960728
50.7065563202
50.7074892521
50.708489418
50.7095015049
50.7105014324
50.7114949226
50.7125225067
50.7134888172
50.714507103
50.7154858112
50.7164905071
50.7175066471
50.7184855938
50.7195422649
50.7205600739
50.7214865685
50.7225058079
50.7234988213
50.7245259285
50.7254781723
50.7264869213
50.7274720669
50.7285416126
50.7294752598
50.7304902077
50.7314760685
50.7324755192
50.7334759235
50.7344796658
50.7354700565
50.7364709377
50.7374684811
50.7385139465
50.7394678593
50.7405064106
50.7414693832
50.7425076962
50.7434809208
50.7445411682
50.7455377579
50.7465298176
50.7475349903
50.7485032082
50.7495026588
50.7505521774
50.7514910698
50.7524626255
50.7534606457
50.7544589043
50.7554602623
50.7564616203
50.7574625015
50.7584929466
50.7594606876
50.7604656219
50.7614583969
50.7625632286
50.7635009289
50.7644679546
50.7654671669
50.7664604187
50.7674753666
50.7685055733
50.7694592476
50.770462513
50.771458149
50.7724545002
50.7734525204
50.7745056152
50.7754528522
50.776488781
50.7774813175
50.7784545422
50.7794575691
50.780456543
50.781457901
50.7825036049
50.7834949493
50.7845478058
50.7854702473
50.7864923477
50.7874555588
50.788544178
50.7894644737
50.7905199528
50.7914562225
50.7924442291
50.8014428616
50.8024446964
50.8034482002
50.8044462204
50.8054425716
50.8064424992
50.8074378967
50.8084349632
50.809438467
50.810438633
50.8114373684
50.8124346733
50.8154318333
50.8164291382
50.8174266815
50.8184280396
50.8194274902
50.8204269409
50.8214330673
50.8224275112
50.8234469891
50.8244349957
50.8254373074
50.8264260292
50.8274240494
50.8284332752
50.8294563293
50.8304219246
50.8314578533
50.8324193954
50.8334183693
50.8344311714
50.8354303837
50.8364174366
50.8374159336
50.8384168148
50.8394138813
50.8404130936
50.8414490223
50.8424632549
50.8434085846
50.8444199562
50.845426321
50.8464097977
50.8474111557
50.8484089375
50.8494114876
50.8504066467
50.8514072895
50.8524122238
50.8534088135
50.8544409275
