-11.2555836627
-11.2885554957
-11.3038641917
-11.3097336139
-11.2610420229
-11.2884853621
-11.3205260045
-11.3277876361
-11.3109118945
-11.3446433707
-11.3442368096
-11.3024515379
-11.3294143632
-11.3268109166
-11.3406167299
-11.3338755603
-11.3000504441
-11.2959571269
-11.2864469995
-11.2642036249
-11.2754911265
-11.3042359088
-11.3325516564
-11.3237123643
-11.2691055439
-11.3070158045
-11.3320949734
-11.3201006594
-11.2987121206
-11.2657552711
-11.2567370393
-11.2657836608
-11.2491237303
-11.2627997146
-11.2643737452
-11.2330708628
-11.1972883904
-11.1694132507
-11.1614326263
-11.178118423
-11.1386087943
-11.1542174269
-11.1190253161
-11.1259019971
-11.0832549956
-11.091741035
-11.1432236868
-11.1569124076
-11.1724869364
-11.1849608562
-11.1850269334
-11.1928586684
-11.214390714
-11.2246946679
-11.2638431614
-11.2863791705
-11.2954828487
-11.3087165353
-11.3126060698
-11.2958878819
-11.3039718835
-11.2868225698
-11.3034343215
-11.3282337168
-11.2980058437
-11.2714472199
-11.2386431671
-11.2050944515
-11.2092196078
-11.2212199085
-11.2032190073
-11.2024277369
-11.2063784917
-11.2026184703
-11.199025212
-11.2129471046
-11.21031871
-11.2665616837
-11.2553842748
-11.2634347671
-11.2547180127
-11.2598187224
-11.3198876063
-11.2995410324
-11.3119148821
-11.3065320136
-11.325733876
-11.295585712
-11.2982584309
-11.3179503483
-11.2756968646
-11.2547680315
-11.2547284502
-11.2219271779
-11.2348337466
-11.2271671192
-11.2065712023
-11.2454486325
-11.2043973977
-11.2433888162
-11.2234837546
-11.2192967345
-11.2100893672
-11.2217867958
-11.2275668011
-11.2082395606
-11.1896572046
-11.2179908849
-11.1873186709
-11.2246099058
-11.2110124634
-11.1855094078
-11.2191913428
-11.2150925647
-11.1854643842
-11.2453897192
-11.2204826085
-11.2263153455
-11.2618552638
-11.2421862162
-11.2181851824
-11.2401108535
-11.2322109475
-11.2105834023
-11.2377687765
-11.231934592
-11.2052280614
-11.2204227162
-11.249088427
-11.243910783
-11.2649159728
-11.2646390179
-11.2902803705
-11.3032687696
-11.2583895482
-11.2974377127
-11.2991571735
-11.3042254261
-11.2889095271
-11.3286674259
-11.2959925791
-11.3399143447
-11.2555215195
-11.276525293
-11.2717942848
-11.2880876053
-11.2494440708
-11.2399518651
-11.2256704781
-11.2168481907
-11.1978543147
-11.1470483771
-11.1706852234
-11.1751115256
-11.150096939
-11.1424787612
-11.1312372181
-11.1667144567
-11.1726501707
-11.1445724174
-11.171405503
-11.1805723327
-11.1904894765
-11.2127328108
-11.2309175799
-11.2448460624
-11.2450306325
-11.3051691117
-11.3261620015
-11.2919612462
-11.2907114755
-11.2767300917
-11.2919283362
-11.294744562
-11.2848876539
-11.2631940864
-11.2713012815
-11.2807003297
-11.2676579553
-11.2595487112
-11.2547095563
-11.2037036649
-11.229355404
-11.2329644636
-11.2209306821
-11.2452599361
-11.2307466837
-11.2547548889
-11.2939235766
-11.2728543066
-11.2840495166
-11.2986240728
-11.3084448941
-11.2682286128
-11.2892246833
-11.3701284424
-11.3021731645
-11.2892129374
-11.284346148
-11.2954618657
-11.2765916015
-11.2892010612
-11.2589723134
-11.2389524984
-11.2730897932
-11.2965076753
-11.2899673128
-11.2368792492
-11.246551949
-11.2679926349
-11.2342734265
-11.2494303379
-11.2131907285
-11.2494178712
-11.2335439649
-11.2316471318
-11.2298036738
-11.212721627
-11.245619667
-11.248833117
-11.22721867
-11.2360714439
-11.2365325493
-11.2386803612
-11.2577721407
-11.2863365859
-11.2634267119
-11.2606919213
-11.2812129613
-11.2553263969
-11.2752229484
-11.2665726772
-11.2405539732
-11.2496891228
-11.2769648524
-11.2358836037
-11.2363957724
-11.1764989565
-11.2084413993
-11.175718874
-11.1519244603
-11.15086185
-11.1330396883
-11.1296220368
-11.1539241831
-11.1859109198
-11.1865534058
-11.1407663167
-11.1488864141
-11.1814237935
-11.1562424891
-11.152785835
-11.1544705771
-11.1994059569
-11.1979025964
-11.225433531
-11.2267688356
-11.2402362413
-11.2265054725
-11.2245969368
-11.2349144511
-11.2066768923
-11.1956625912
-11.2321318925
-11.2186286138
-11.2020209363
-11.2158878709
-11.211766414
-11.2457400254
-11.237224644
-11.2531314271
-11.2398563301
-11.2228130849
-11.2663130911
-11.248465885
-11.2759136554
-11.2740998061
-11.2924740778
-11.2890663764
-11.3190352978
-11.2642422947
-11.281629184
-11.3066587166
-11.274218716
-11.3089878073
-11.2925877031
-11.2621869812
-11.2559234648
-11.2690799413
-11.2658283439
-11.228175757
-11.2162845507
-11.1844840298
-11.1377171869
-11.1720352062
-11.1603669156
-11.1624522538
-11.1509489834
-11.1644757409
-11.1366164575
-11.1716327272
-11.1523095991
-11.2171324543
-11.1770303976
-11.1796843385
-11.202526612
-11.1699509939
-11.2335228249
-11.2155264834
-11.2099845617
-11.19571245
-11.1966918117
-11.2147074971
-11.233753794
-11.214691021
-11.2145905203
-11.1849306587
-11.2359915425
-11.2035545361
-11.2381719321
-11.2505694725
-11.1912802975
-11.2415138437
-11.2438932082
-11.234132858
-11.217529645
-11.2438227116
-11.2914359753
-11.2764560918
-11.2564218446
-11.2942810821
-11.2684474436
-11.2801138198
-11.3274466105
-11.3582076212
-11.3124151988
-11.3073607419
-11.3314016238
-11.3442289415
-11.2879927774
-11.3053278873
-11.3353668463
-11.3447553786
-11.3621318057
-11.3063813978
-11.3354360138
-11.2928756545
-11.2958670772
-11.2409279722
-11.2458436536
-11.2413738656
-11.2333599201
-11.2287975337
-11.2114900927
-11.2190329553
-11.2105587001
-11.1979376848
-11.2356564096
-11.2055523847
-11.2305474732
-11.221322594
-11.1869661683
-11.2118525962
-11.2203455971
-11.2335029465
-11.2429041044
-11.2439763028
-11.2157747739
-11.2336317631
-11.2037197652
-11.1953317696
-11.2287872129
-11.2244517184
-11.2445034274
-11.2394126424
-11.2430987825
-11.2342558468
-11.3006231119
-11.2833321352
-11.2816727747
-11.2649376634
-11.2686420334
-11.293215757
-11.3272320676
-11.3360821591
-11.3411189502
-11.3206021833
-11.3247654086
-11.2919077806
-11.2916681004
-11.2990361703
-11.2118845803
-11.2153339925
-11.1964821932
-11.2124628075
-11.183788916
-11.1491758208
-11.1292956553
-11.1604523288
-11.1529119475
-11.1671849851
-11.1725342912
-11.1982637422
-11.1876155716
-11.2471058321
-11.234298136
-11.2432812302
-11.239265586
-11.2521733943
-11.2475044597
-11.2802769157
-11.2670337872
-11.2659620841
-11.2903845604
-11.272452515
-11.2884614767
-11.2749190777
-11.303550116
-11.2859023018
-11.2607607542
-11.2645125645
-11.2990892492
-11.2900202425
-11.2980071792
-11.2594791277
-11.3055870291
-11.2848925998
-11.2560965735
-11.2825116945
-11.282755447
-11.2870521026
-11.2729604643
-11.2794669555
-11.2900100728
-11.3052359106
-11.2955521633
-11.2912823829
-11.2881919524
-11.3260576874
-11.2965355637
-11.2978300277
-11.2776503316
-11.2579065663
-11.2799943135
-11.2176885018
-11.2177783806
-11.2130747068
-11.1869433082
-11.1739069087
-11.2119688774
-11.1707059823
-11.162659524
-11.1885145621
-11.1835148534
-11.1989086979
-11.1804019512
-11.1872491264
-11.2200115617
-11.2120175869
-11.221967834
-11.2613900408
-11.2537754478
-11.253993338
-11.2711491239
-11.2955705792
-11.2945818747
-11.2846131537
-11.2763748704
-11.2804200881
-11.277191385
-11.3371783199
-11.3168957625
-11.3296799698
-11.3209666404
-11.3212114727
-11.2996974431
-11.2949856818
-11.2826740921
-11.2786772915
-11.2794948538
-11.2457203075
-11.2625066716
-11.2583902549
-11.2627413125
-11.2457988573
-11.233450711
-11.2629664999
-11.2248042953
-11.215541966
-11.1897299742
-11.2423820954
-11.2254385603
-11.2345998212
-11.2263771676
-11.2264000374
-11.2017782262
-11.2161220624
-11.2383844798
-11.2263214867
-11.2231136458
-11.1814298751
-11.2069682897
-11.168885701
-11.1779433012
-11.1608585926
-11.1857060884
-11.1772154913
-11.2241089049
-11.1898986547
-11.2229497613
-11.2099194681
-11.2248008183
-11.2023854177
-11.2048660145
-11.2043356387
-11.2033950885
-11.1697007348
-11.2240381671
-11.2837600704
-11.170785908
-11.188764466
-11.1935546035
-11.1907081048
-11.2123043661
-11.1580035189
-11.1717491917
-11.1587652169
-11.1421656456
-11.1714689758
-11.2008001777
-11.153404774
-11.2062852366
-11.2052353795
-11.1868402456
-11.2196052428
-11.2240486183
-11.1918774133
-11.1714387
-11.213506469
-11.1958568894
-11.1741321517
-11.1869844303
-11.1884171883
-11.1597353083
-11.1989196031
-11.1906249807
-11.2144886278
-11.225309511
-11.194757029
-11.2140989332
-11.2362100976
-11.2626314238
-11.2514012038
-11.2931585792
-11.2468790519
-11.2452795906
-11.235213279
-11.28129436
-11.2393475635
-11.2531048055
-11.2251460709
-11.2475680142
-11.2648178461
-11.2354785899
-11.2475840215
-11.1872204502
-11.1908331515
-11.1995304609
-11.2042676009
-11.1337910337
-11.1771928823
-11.1946826113
-11.1378260395
-11.1510529193
-11.1386371453
-11.1010352177
-11.1338970267
-11.1079769628
-11.128659404
-11.0992646298
-11.107862383
-11.0694077595
-11.0910148084
-11.0816328415
-11.0840692777
-11.1307099696
-11.1357380386
-11.1202067817
-11.1597528454
-11.1519075962
-11.1943081824
-11.1878982845
-11.2638605767
-11.2133929495
-11.2302152934
-11.2265599938
-11.2520827474
-11.2402280416
-11.2147911623
-11.2057762545
-11.1915014859
-11.1935631804
-11.1922966452
-11.1949405763
-11.1897445956
-11.1936432994
-11.1599766567
-11.1253431398
-11.1802991956
-11.1844758488
-11.1554944982
-11.1422842504
-11.1734671931
-11.1698882964
-11.1694685968
-11.1407950455
-11.1502155248
-11.2105813647
-11.1984153316
-11.1860115632
-11.1815699815
-11.1773193471
-11.1888144122
-11.1546355705
-11.1416758975
-11.1247983317
-11.1364156188
-11.1054907097
-11.1224834143
-11.0545500481
-11.0799291349
-11.0788842405
-11.086976874
-11.0485132165
-11.0313730202
-11.0737677688
-11.0789576568
-11.0636775162
-11.074270714
-11.0884044553
-11.0688361673
-11.0944978454
-11.0737453765
-11.048177097
-11.0604509835
-11.0682237913
-11.0640397351
-11.0553144421
-11.0935944474
-11.0980362272
-11.0885481505
-11.1127228708
-11.1032182709
-11.0732355019
-11.1025145588
-11.0935323521
-11.144743525
-11.1326657397
-11.1247402675
-11.117020107
-11.1009371404
-11.0717767384
-11.1148145173
-11.0854422824
-11.0512611212
-11.0819663854
-11.0692881033
-11.1026979373
-11.0686448032
-11.0635443064
-11.0928221099
-11.1047167441
-11.0917374222
-11.1074841654
-11.1329608027
-11.1407627102
-11.1312345283
-11.1825924024
-11.1584038481
-11.205979692
-11.1985726321
-11.2156792789
-11.169393512
-11.2409700661
-11.2155414479
-11.2195591715
-11.2072962275
-11.2251854207
-11.1432112714
-11.1553840993
-11.106811582
-11.0878357622
-11.0303681945
-11.0245488511
-10.9989510091
-10.9752183384
-10.9721116062
-10.9651042263
-10.9901032957
-10.989929674
-10.9975829265
-10.9737513922
-10.9683536091
-10.9726612545
-11.0381111591
-11.0778656868
-11.0958465358
-11.0917085675
-11.1038481596
-11.0898365904
-11.1341554829
-11.1407843256
-11.1315346749
-11.1657216188
-11.1541974862
-11.2108735118
-11.1963597758
-11.2096606183
-11.1925423472
-11.171495947
-11.1739318977
-11.1761909812
-11.1783526379
-11.1238220095
-11.1495248668
-11.1128750281
-11.113706846
-11.1134206532
-11.090978999
-11.0649258696
-11.0801188003
-11.063265239
-11.0214116922
-11.0431215083
-11.0902793346
-11.0303725325
-11.0258937223
-11.0535770947
-11.019364165
-11.0518927734
-11.0061301118
-11.0876540011
-11.0506224975
-11.0332550365
-11.0422828239
-11.0388126183
-11.0734206831
-11.0354473111
-11.0397534617
-11.0301349442
-11.0276858609
-11.0295807432
-11.0078897258
-10.9764495017
-10.9634328003
-10.9929220874
-10.9889365679
-10.9558518401
-11.0076359644
-10.9751538931
-11.0308665998
-11.0614952022
-11.0504120504
-11.0632622398
-11.0757191528
-11.0962140864
-11.0573792947
-11.0681046773
-11.1088825803
-11.077616383
-11.0894579148
-11.0761757592
-11.0407712171
-11.0860469731
-11.0421335619
-11.0877656375
-11.0543357514
-11.101731315
-11.0779895819
-11.1016119902
-11.0983766571
-11.0955238599
-11.0785817705
-11.0880318086
-11.0789430059
-11.0920532925
-11.0801131078
-11.0635285169
-11.0428488914
-11.0765684657
-11.060261839
-11.0353674285
-11.0478820448
-11.0306343725
-11.0137999189
-11.0133829654
-11.0142625483
-11.0397848693
-11.0485911139
-11.0447365707
-11.023162075
-11.0218746011
-11.0242588911
-10.9818778274
-11.0274533698
-11.0442242698
-11.0226658059
-11.0518596642
-11.0724224796
-11.0375748944
-11.0798322464
-11.0540897146
-11.0371697516
-11.042232151
-11.0423866994
-11.0428567975
-11.0814970826
-11.0702552021
-11.0417168476
-11.0815722722
-11.0860963915
-11.062503184
-11.0250149603
-11.0888383802
-11.0675516944
-11.0668469181
-10.9875796113
-10.9477345977
-10.963454289
-10.9588931904
-10.9768799076
-10.9613282632
-10.979794286
-11.0024394698
-11.0041694426
-11.0220505698
-11.014500517
-11.0024482182
-11.0404921721
-11.0451667688
-11.0452748636
-11.0408618216
-11.0224350379
-11.0293059058
-10.9895535328
-11.0129042815
-11.0066950866
-10.9812149009
-10.9812168036
-11.0117064265
-11.0264873654
-11.0490069121
-11.0203950236
-11.0133744551
-11.0401790902
-11.0832778098
-11.0659903698
-11.0781333791
-11.0896671017
-11.075326248
-11.1001196851
-11.0877676304
-11.1261840101
-11.1104494129
-11.0731297736
-11.0804749108
-11.0546329278
-11.0734025826
-10.9964871334
-11.0254453307
-10.9971187396
-11.0355642359
-11.0210158441
-10.9803456152
-10.9993323453
-10.9914815802
-10.9830980667
-10.9866524861
-10.9559453348
-10.946269528
-10.9915791631
-11.0168546442
-11.0212517494
-11.0347869426
-11.0395471613
-11.0100543678
-11.0313564251
-11.0436987712
-11.0810974703
-11.0417764153
-11.0404529634
-11.0534930576
-11.0587967829
-11.0554773292
-11.0578832972
-11.0308912182
-11.0563825525
-11.0004238268
-11.0415087847
-11.0649116434
-11.0127647253
-10.9957401875
-11.0263599197
-11.0196087541
-11.0314256163
-11.0506712048
-11.0230608396
-11.0141077594
-11.0244848913
-11.0252010438
-11.022697794
-11.0338381049
-11.0126451407
-11.0441944923
-11.0038186388
-11.056829255
-11.0018888387
-11.0086174207
-11.0175351459
-11.0275416154
-10.981145953
-11.0015656402
-11.0115062325
-11.048624842
-11.0778959261
-11.0611267639
-11.0639301699
-11.08414053
-11.0733649904
-11.0636905398
-11.0886840111
-11.0775382619
-11.0918192585
-11.090747874
-11.0882616513
-11.0790204127
-11.076329771
-11.0476690896
-11.0728075704
-11.0152912402
-11.0268566127
-10.990092569
-11.0298250233
-11.0369452096
-11.0043706732
-11.0691094655
-10.9637393331
-10.9963148846
-10.982441123
-10.9768003425
-10.9850450559
-10.9905880173
-10.9888278364
-10.9867455827
-10.9929482828
-11.0488702862
-11.0023576371
-11.022287846
-11.0289977561
-11.0447712295
-11.0693062652
-11.039492006
-11.0618080937
-11.0501260878
-11.1066644765
-11.0819247078
-11.0761319652
-11.0671849568
-11.0952081484
-11.0903032154
-11.1030828533
-11.0808664512
-11.0999339495
-11.0896987963
-11.1080352833
-11.1032548272
-11.0916652266
-11.0640036548
-11.0664412111
-11.0827518827
-11.0680727115
-11.1287633526
-11.1183247336
-11.1156456984
-11.1234582337
-11.1360815538
-11.1548066635
-11.1695741784
-11.1587080437
-11.1889578117
-11.1627590814
-11.1136527781
-11.1493050822
-11.113137068
-11.0908583344
-11.1298299057
-11.0932704657
-11.1085147057
-11.108210238
-11.0964766302
-11.0926188112
-11.0630191803
-11.0910385144
-11.0979557194
-11.0374212039
-11.0290592892
-11.0504180809
-11.0613313272
-11.0411708643
-11.0479046239
-11.0768509107
-11.0673947908
-11.1081095491
-11.1021412075
-11.0846306693
-11.1012167422
-11.1531924071
-11.1468147071
-11.1608757773
-11.1446549687
-11.119468568
-11.1265965134
-11.1336664475
-11.1019434624
-11.114260524
-11.1275993287
-11.0915055693
-11.1401128463
-11.1142508611
-11.0832771199
-11.1095423578
-11.0407188928
-11.0257507053
-11.0272732951
-11.0343522102
-10.9732415595
-11.0020121716
-10.9942379261
-10.9561538975
-10.9733263626
-10.955078903
-10.974072017
-10.9385768449
-10.9536930068
-10.949515156
-11.0089618679
-10.9888725754
-11.0411221145
-10.9902663904
-11.0192963142
-10.9965526483
-11.0161604755
-11.003055703
-11.0206338002
-11.0125005644
-10.9966578077
-10.9775885674
-10.9521174461
-11.0057760192
-10.9489637934
-10.9420533246
-10.9702447397
-10.9912966785
-10.9801520227
-10.990024383
-11.0287290563
-11.0333271383
-11.0280370066
-11.0423893159
-11.0282746724
-11.0441271007
-11.0612416369
-11.0673251644
-11.1036733412
-11.0849266081
-11.0689262801
-11.0761603528
-11.0574772019
-11.0466406781
-11.075094405
-11.0119166155
-10.999802097
-10.9930964974
-10.9784856416
-10.9701697677
-10.9565637601
-10.9635936067
-10.9307737938
-10.9162537261
-10.9157866106
-10.9681463886
-10.9373053657
-10.9785655684
-10.9592495833
-11.0147232422
-10.9884255875
-10.9991193616
-10.9871843741
-10.998848777
-10.9812081657
-10.994576943
-10.983880866
-10.9719456832
-10.980454716
-10.9761613675
-10.9667477792
-10.9874745557
-10.9918071374
-10.9974485809
-10.990710849
-10.9761333937
-11.003479665
-10.9755296573
-10.9554497665
-10.9723362731
-10.9759049305
-10.9580453089
-10.977024334
-10.9837390019
-11.016035886
-11.023882931
-11.0236929115
-11.0363180372
-11.0820327573
-11.1021021037
-11.0981033543
-11.1232107483
-11.1487696837
-11.1241696292
-11.1430140548
-11.194667184
-11.1326557361
-11.1494214174
-11.1245875133
-11.1415821186
-11.090968517
-11.0702859963
-11.0494493694
-11.0409380974
-10.9072796235
-10.9151296442
-10.8728326707
-10.9026989415
-10.9103225803
-10.9053808279
-10.9371260571
-10.9290982356
-10.9498148326
-10.9798793861
-10.9896964421
-11.008034778
-11.041636082
-11.0621340197
-11.0696969353
-11.1011364847
-11.0532178403
-11.0399687134
-11.0452915876
-11.0625013028
-11.0518903526
-11.0668869828
-11.0428828603
-11.0225000426
-11.034960409
-10.9789210278
-10.9822340584
-10.968269906
-10.952030248
-10.961556582
-10.9799024119
-10.9940883267
-10.9341435811
-10.9715680355
-10.9386177306
-10.9819162511
-10.9545350415
-10.9840495309
-10.9893512731
-11.0300476976
-11.0444717803
-11.0427268358
-11.0855292772
-11.0933926778
-11.0546772431
-11.0712014926
-11.1098970782
-11.1115108382
-11.1289255953
-11.1130924295
-11.0897271829
-11.1067896533
-11.0833815603
-11.1117068598
-11.0361176597
-11.0620828201
-10.9758464134
-11.0233925504
-11.0213249799
-10.9816089998
-10.9874611158
-10.9620430841
-10.9522024384
-10.9496324297
-10.9865782357
-10.959907591
-10.9782608005
-10.9689400509
-11.0152820577
-11.0180286824
-11.0460369953
-11.0419952172
-11.0324938137
-11.0435825875
-11.0496543829
-11.0402394725
-11.0707180959
-11.0761850663
-11.0437277509
-11.0797894583
-11.0436003749
-11.0647350514
-11.0283988077
-11.0226707937
-11.0266871402
-11.0073111323
-11.0222647582
-11.0577143927
-11.0387005655
-11.0307773061
-11.0395861636
-11.004603163
-10.9693450299
-10.9772763955
-10.941942096
-10.9674177751
-10.961423631
-10.979984509
-10.9473383109
-10.9863453287
-10.9596267816
-10.9836632805
-10.9784297467
-10.9509964253
-10.9789690664
-10.9943310071
-11.0153931548
-11.0071656061
-11.0341084567
-11.0479872086
-11.0317455261
-11.0779791293
-11.064551665
-11.0972685686
-11.0713983734
-11.0505511747
-11.0771842261
-11.0758370481
-11.0868408224
-11.0214992205
-11.0481274366
-11.047696764
-10.9953253884
-10.9719405271
-10.9277725083
-10.9270957803
-10.9304216835
-10.8822183881
-10.8760649191
-10.9257753206
-10.9032070311
-10.9520926832
-10.9533415222
-10.9659815921
-10.9434924633
-10.9929467388
-10.9753198172
-10.9925552473
-11.0350775906
-10.9813778081
-11.0114369545
-11.0026355009
-10.9931312384
-10.9989973719
-11.0048094693
-10.9862958179
-10.9855744801
-11.0112779465
-11.0215000934
-11.0150102529
-11.025199729
-11.055973589
-11.0218587089
-11.0423004146
-10.9982521019
-10.9129329912
-10.9691790121
-10.9774982696
-10.9895108957
-10.955017247
-11.0004729507
-10.9324766096
-10.9456711345
-11.004850611
-11.0052070562
-10.9842538125
-11.0179987224
-11.0009028603
-11.0210763077
-10.9821186056
-11.0107998481
-11.0227642296
-10.9899022038
-11.0122046028
-11.01697516
-10.9507140643
-10.9051176439
-10.9249077454
-10.9362194928
-11.0075084005
-11.0323263071
-11.027041503
-11.0228080636
-11.0215430535
-11.0171088375
-11.0710878267
-11.0117296224
-11.0327530576
-10.9954363175
-11.0084762292
-10.9676146765
-10.967850719
-10.959676976
-10.9904752466
-10.9483138376
-10.9488867341
-10.9404078143
-10.8998160135
-10.9387459027
-10.9302919134
-10.8717615489
-10.9090265332
-10.8921836645
-10.9179747999
-10.9434550503
-10.9722972174
-10.9818574304
-10.9723750217
-10.9837557308
-11.0278674469
-10.9883699927
-10.9827564093
-11.0292020249
-11.0381546728
-10.9874916064
-10.9534344285
-10.9397983061
-10.9597589771
-10.9334417194
-10.9406279497
-10.906914972
-10.8827031713
-10.9059710224
-10.922092365
-10.9204435154
-10.8799510873
-10.8885460297
-10.8373240017
-10.8347960754
-10.794979015
-10.8183368185
-10.816235582
-10.7946359085
-10.8016634445
-10.7834691578
-10.7185420879
-10.7428991363
-10.7503241004
-10.7738846616
-10.7605820949
-10.7858819582
-10.7693333296
-10.7829178012
-10.7887534088
-10.7943228835
-10.8165145553
-10.8046764787
-10.8092173076
-10.8107005033
-10.8326633686
-10.7916480716
-10.8220524773
-10.7928633335
-10.7964185915
-10.7528041949
-10.7047978441
-10.7119280424
-10.6857776313
-10.7099240443
-10.7350905676
-10.7177691042
-10.7298769759
-10.7422471937
-10.7163311883
-10.7925565592
-10.8843730811
-10.8648324109
-10.9005886483
-10.8884627508
-10.9224184295
-10.9255575912
-10.895562122
-10.9029219827
-10.8779285508
-10.8661872303
-10.8376090648
-10.8549295719
-10.8893846377
-10.8638855612
-10.8291890751
-10.8670283821
-10.8496100676
-10.833259239
-10.8424510698
-10.8266618177
-10.8399467773
-10.8579870814
-10.862373248
-10.8497127122
-10.8158324574
-10.8331488903
-10.8458984016
-10.8172515217
-10.8374427497
-10.8386646908
-10.8604558185
-10.8527380315
-10.8349745588
-10.8012964058
-10.7676726056
-10.8188266439
-10.7645669248
-10.8028763426
-10.8026350283
-10.8242663888
-10.8244203214
-10.8104250566
-10.7765766096
-10.7969008375
-10.8174682008
-10.8516786737
-10.8142694586
-10.8366549229
-10.8297136083
-10.8230776344
-10.8028205087
-10.8109064934
-10.8321690529
-10.8187666181
-10.7764690257
-10.7851657045
-10.8067204317
-10.8038175235
-10.8139408518
-10.7972961852
-10.7967510525
-10.7952219691
-10.7725054756
-10.7691822067
-10.7598794103
-10.7702758931
-10.7749766128
-10.7742077111
-10.8072023737
-10.8268353315
-10.821779067
-10.8680483273
-10.9030667302
-10.9251752395
-10.9147407672
-10.9499434127
-10.9965990733
-11.0265003385
-10.9680112139
-10.9728217545
-11.0404052086
-10.9769256289
-11.0016938482
-10.9974027712
-11.008666228
-10.9867283823
-11.0070842187
-11.0060089141
-10.9893349171
-10.9842919098
-10.9710198454
-10.9832097045
-10.9450659887
-10.9572848828
-10.9574615921
-10.9272669391
-10.9110876126
-10.9424621636
-10.9058808385
-10.9182653816
-10.9136338952
-10.9049235179
-10.913050672
-10.8791630114
-10.9054785761
-10.8941930822
-10.9130724619
-10.9139003841
-10.9483940956
-10.8938796756
-10.8772591439
-10.8891017381
-10.90919423
-10.8625961363
-10.9033957547
-10.9153949108
-10.9235131357
-10.9318106033
-10.8899980894
-10.8991720925
-10.9026753769
-10.8942874519
-10.8812629513
-10.884251166
-10.8877947594
-10.8793132072
-10.854108308
-10.8845382631
-10.8817809115
-10.893820411
-10.890408552
-10.9121602523
-10.9034148307
-10.8940567075
-10.8318479943
-10.8101654037
-10.809157418
-10.834486787
-10.7967976934
-10.784872449
-10.8232117326
-10.7892356105
-10.8099979344
-10.7842742434
-10.7969325548
-10.8021307069
-10.790431808
-10.8090261248
-10.8355559764
-10.8442191272
-10.8438791198
-10.8009975234
-10.8333133612
-10.8105939842
-10.7845968565
-10.800234939
-10.808042892
-10.7865028462
-10.8716814946
-10.8846518473
-10.9137312377
-10.8932775253
-10.8768554674
-10.8597526662
-10.8850576531
-10.8681650647
-10.8512366091
-10.8085320535
-10.8340122373
-10.8246885414
-10.8172206417
-10.7969595654
-10.7895083067
-10.7868544255
-10.8178451225
-10.78813881
-10.8129857802
-10.8291804833
-10.7902813719
-10.7859433558
-10.7911825693
-10.8081563742
-10.7971257636
-10.8393933647
-10.8095464672
-10.7706901581
-10.7737194056
-10.7891668538
-10.7794663322
-10.7709137448
-10.8139451467
-10.807046861
-10.7963942032
-10.7977777838
-10.8062742645
-10.8398354291
-10.835962871
-10.8698384101
-10.8622432923
-10.8505619887
-10.8642956164
-10.8820060947
-10.8566134142
-10.910637388
-10.8634851178
-10.8671306557
-10.8998974192
-10.8946569522
-10.8473144194
-10.8843834663
-10.8872073677
-10.8146716149
-10.8896010438
-10.8058649171
-10.8485378759
-10.8574398192
-10.8242074154
-10.8500739974
-10.8458569026
-10.8454653808
-10.8279902605
-10.8239103585
-10.8374966552
-10.8337827197
-10.8483327121
-10.8494360121
-10.8160499531
-10.8033112413
-10.8150406857
-10.7902218856
-10.7858190477
-10.778852894
-10.7828427299
-10.7912726627
-10.7523928473
-10.7298032993
-10.7708960261
-10.7957729462
-10.821628721
-10.7795179879
-10.7718515605
-10.7677692869
-10.7919260021
-10.752596532
-10.7941651698
-10.8061538345
-10.7987330203
-10.8377886729
-10.8384710806
-10.8050299057
-10.8214617959
-10.8034356093
-10.8244183186
-10.8368322313
-10.8031933251
-10.8282659689
-10.806767569
-10.7980488187
-10.8191061252
-10.8030223514
-10.8202437574
-10.7832590479
-10.7710591132
-10.7708068623
-10.7922529022
-10.7788695583
-10.7771232065
-10.7767130322
-10.7896602748
-10.8119857448
-10.8387431954
-10.8074605955
-10.8677272813
-10.809740549
-10.8535142155
-10.8202291299
-10.820223614
-10.8149540777
-10.8063808401
-10.8053907242
-10.797012254
-10.7851576012
-10.8027369648
-10.8034488478
-10.7444154594
-10.7602186122
-10.7092388547
-10.7633759636
-10.7457053638
-10.7063686919
-10.6889906464
-10.7135062126
-10.6842144497
-10.7019455862
-10.7026166118
-10.7379692765
-10.74823166
-10.7538066203
-10.7412633368
-10.7459822333
-10.7631516109
-10.7758359934
-10.761027019
-10.7869624537
-10.806124973
-10.8155580995
-10.8073855833
-10.7637354745
-10.752144135
-10.7399707471
-10.7200203724
-10.7251856626
-10.7064883875
-10.714480945
-10.7190424458
-10.7458651075
-10.7260906221
-10.7310819157
-10.7230813334
-10.7276711907
-10.7701875914
-10.7718300169
-10.7656304963
-10.7814293698
-10.8382659492
-10.8564689628
-10.8272762608
-10.856247579
-10.8596702208
-10.8371257033
-10.8489101763
-10.8563507171
-10.8182558147
-10.8633167472
-10.7228359462
-10.7642208769
-10.7392296438
-10.7356845987
-10.7548996173
-10.7570313159
-10.7497536485
-10.7301617766
-10.7560908324
-10.7568046084
-10.7866466893
-10.7841172046
-10.777432739
-10.7864703646
-10.8204802904
-10.8117765392
-10.8272181732
-10.8007439631
-10.8083391456
-10.8365276203
-10.7849673082
-10.8086644716
-10.7607935893
-10.750738845
-10.7749810047
-10.7659727859
-10.7404911888
-10.7580683396
-10.7810618683
-10.7441947427
-10.7667902372
-10.7343698472
-10.7267701581
-10.7439021316
-10.7575562269
-10.783536757
-10.7765446175
-10.8069509602
-10.7784571567
-10.8002874332
-10.8208172002
-10.8038937064
-10.7824208332
-10.8028351929
-10.7644632307
-10.7721845946
-10.793196539
-10.7497926699
-10.741135601
-10.6934571478
-10.7235108792
-10.7236764046
-10.729261414
-10.7426486152
-10.6932444899
-10.694123452
-10.7111976447
-10.664897677
-10.7311076211
-10.7199982822
-10.7268338294
-10.7362763821
-10.736204278
-10.776863991
-10.73342282
-10.7481410585
-10.7587941301
-10.7402755591
-10.7479297375
-10.7346691599
-10.7005298575
-10.7211086528
-10.7297393436
-10.7427086047
-10.7392858394
-10.7697358584
-10.7371694282
-10.7290466455
-10.7458744632
-10.7505195069
-10.7253500826
-10.7475581294
-10.7481683095
-10.7376360875
-10.7218986196
-10.7213218156
-10.7376075665
-10.7040076856
-10.7201095157
-10.7229953425
-10.6968311584
-10.7040928361
-10.6613338844
-10.6911097391
-10.7398100915
-10.6867550585
-10.6957220483
-10.7071671858
-10.6908489348
-10.7255121959
-10.7381245185
-10.7310772904
-10.791765512
-10.754953007
-10.7551475271
-10.8027787538
-10.7907688229
-10.8009060647
-10.8231913422
-10.8447303023
-10.8097921244
-10.8220347073
-10.8416816117
-10.8359540704
-10.8219773493
-10.7818218813
-10.7852876224
-10.7661805524
-10.7562375749
-10.8032596828
-10.7781516043
-10.7830772131
-10.7729171093
-10.8111196857
-10.7876126064
-10.7671518442
-10.7599095359
-10.7311575115
-10.7999715757
-10.7501313648
-10.7512703584
-10.7220466539
-10.7138257666
-10.67982752
-10.670838291
-10.6833625904
-10.6668145562
-10.6792567712
-10.6367545448
-10.6441442459
-10.67285138
-10.6261517588
-10.6972468594
-10.7148591398
-10.7075850856
-10.7457504003
-10.7237328701
-10.7067624214
-10.7559846718
-10.7512741197
-10.7895295318
-10.7939637498
-10.7572557195
-10.7959115393
-10.7877673668
-10.7569342637
-10.7815644253
-10.7717723301
-10.7414441841
-10.7211063911
-10.7228032723
-10.7402444262
-10.6904578837
-10.702848438
-10.6685539377
-10.6588108482
-10.683360274
-10.6885554318
-10.6897056709
-10.6882118701
-10.7019810452
-10.6991966015
-10.6782139491
-10.6692777824
-10.6772592983
-10.6976074474
-10.6599297858
-10.6731111799
-10.64062884
-10.6164021333
-10.6558290645
-10.6346375804
-10.630686801
-10.5870882362
-10.5985156717
-10.560191704
-10.6065521781
-10.5906442621
-10.5449291762
-10.5495074365
-10.570683601
-10.5495120894
-10.5660637653
-10.5657117542
-10.6166320833
-10.6041372209
-10.6127709876
-10.6346221929
-10.6260906806
-10.642687907
-10.6723906082
-10.7273215109
-10.7531825504
-10.7031683402
-10.7334872709
-10.7326307766
-10.7406869182
-10.7016849534
-10.7467167175
-10.7335221623
-10.7498688638
-10.7715622174
-10.7092558517
-10.7391607987
-10.7264622889
-10.7014871809
-10.7217025714
-10.7046878944
-10.6964375298
-10.7013473883
-10.7110416515
-10.6534528356
-10.6584191566
-10.658832036
-10.6797167663
-10.6418468246
-10.6427302325
-10.6386774529
-10.6134717308
-10.6724298619
-10.6132933915
-10.5832979223
-10.5837119119
-10.6255374633
-10.6306989882
-10.6263055765
-10.6220424302
-10.6098091745
-10.660388593
-10.6604241649
-10.6762089526
-10.6464558187
-10.6453120115
-10.6792492546
-10.6740220046
-10.7092106887
-10.7088432421
-10.6716296713
-10.6882336541
-10.683443248
-10.6948323721
-10.6678563858
-10.6711344692
-10.7007974714
-10.6552824902
-10.6561569593
-10.6823344076
-10.6611239109
-10.6431703825
-10.6507168338
-10.6656113059
-10.6567184799
-10.661403004
-10.6626622942
-10.6812518394
-10.6910542622
-10.6748061076
-10.7173027651
-10.708391923
-10.7028284781
-10.6974361678
-10.6747884752
-10.7043459688
-10.6962403508
-10.697565315
-10.7248429473
-10.7636391981
-10.7307171535
-10.7265848513
-10.7428689722
-10.6740655082
-10.6873466204
-10.6628916311
-10.6343657757
-10.6221096511
-10.6224989886
-10.5843482219
-10.5836065114
-10.5917656624
-10.607119903
-10.5809014317
-10.60616006
-10.5675813746
-10.5592886952
-10.5973611397
-10.6063519398
-10.6198842594
-10.6121365057
-10.6378611158
-10.6550294439
-10.672220118
-10.6688384799
-10.6952060771
-10.6869242294
-10.6876381633
-10.6882153695
-10.688752907
-10.6847361054
-10.6932492123
-10.6724585929
-10.7016371472
-10.6498899473
-10.6789658521
-10.6573843888
-10.6620738197
-10.6887777885
-10.676777528
-10.6613802586
-10.6613688492
-10.6777945878
-10.6386891164
-10.6508073972
-10.6631995169
-10.6885123647
-10.6518034899
-10.6735641007
-10.6913941634
-10.7028958166
-10.7120387771
-10.6730125811
-10.6721895559
-10.6807518148
-10.7358533263
-10.7124865575
-10.7043199476
-10.7345786014
-10.6742323605
-10.6875537416
-10.680058279
-10.68526537
-10.6730110696
-10.6680486325
-10.6502766917
-10.6539145195
-10.6455116671
-10.6469236865
-10.6685666427
-10.6856588632
-10.6937714791
-10.6599936542
-10.6935318636
-10.6347678909
-10.659796786
-10.6601206153
-10.6403179461
-10.6828458338
-10.6537433626
-10.637823335
-10.642213105
-10.6382313781
-10.6250006035
-10.6542467454
-10.6255487286
-10.5965747534
-10.6174110969
-10.6177648871
-10.5873499831
-10.5915093853
-10.6033941226
-10.5850879415
-10.5894396425
-10.581702498
-10.5520758642
-10.5393238195
-10.5889966582
-10.6047949974
-10.5959686663
-10.5627347804
-10.5933629925
-10.6200889395
-10.554274664
-10.5842679391
-10.5931897884
-10.6269866906
-10.6566507971
-10.6440454302
-10.6363485947
-10.629205722
-10.6470588008
-10.6351108777
-10.6107610537
-10.6369919839
-10.6250346169
-10.6460571489
-10.6197638655
-10.6611459255
-10.6565411409
-10.6187949983
-10.6105212498
-10.6442691011
-10.623292862
-10.618484171
-10.599821238
-10.5819220428
-10.6232291398
-10.6102427974
-10.5979917277
-10.5986014223
-10.595236883
-10.5921821204
-10.5748976747
-10.6047349823
-10.6086344972
-10.5962549424
-10.6261218332
-10.6313328364
-10.6482147834
-10.6359693532
-10.6871283514
-10.6739402585
-10.7081673075
-10.6875032716
-10.7164236314
-10.7328032509
-10.7108997492
-10.7349820976
-10.7210981504
-10.7369756847
-10.7281993784
-10.7307634652
-10.7301481615
-10.7505607693
-10.717013629
-10.7128559068
-10.7134719273
-10.7177450923
-10.7014833441
-10.6856118495
-10.6432755692
-10.7231274841
-10.6822799976
-10.6963451647
-10.6665278446
-10.6571293319
-10.6604883669
-10.6764460182
-10.6844716545
-10.6578952775
-10.6734773986
-10.6554908335
-10.683736473
-10.6915312895
-10.6693249688
-10.6947783037
-10.7160699913
-10.6996549313
-10.7085780086
-10.7100941594
-10.7284416361
-10.7723364007
-10.7399964289
-10.7575084922
-10.7380653686
-10.7418227006
-10.7712299564
-10.6997196383
-10.7804075864
-10.7391677798
-10.7478286484
-10.7181720939
-10.7039054637
-10.6984060452
-10.6890920836
-10.7262195606
-10.7180582479
-10.7614065861
-10.7205807406
-10.7180902987
-10.7091972029
-10.7006600266
-10.6832335442
-10.7156578083
-10.668590668
-10.6902568364
-10.6489348806
-10.6758407176
-10.6808474928
-10.6225207629
-10.6608587284
-10.6131127062
-10.6114775377
-10.592822187
-10.5834342491
-10.5589096891
-10.5720735508
-10.5865502505
-10.5590965954
-10.5715142703
-10.5330092123
-10.5416031885
-10.515544556
-10.552671519
-10.5656638383
-10.5489554542
-10.5679899482
-10.5858925584
-10.5951129732
-10.6116329188
-10.6371208028
-10.6012453544
-10.5835858493
-10.6214740238
-10.6216641501
-10.6390682882
-10.6656847634
-10.657550181
-10.6442013861
-10.5954583797
-10.5989755931
-10.5976226757
-10.6135096647
-10.5933646432
-10.6148534531
-10.5861560022
-10.6203897528
-10.5813866837
-10.5545818201
-10.5878468301
-10.5874649092
-10.647577532
-10.6337570394
-10.6241430177
-10.6216369059
-10.6186207664
-10.6308998011
-10.6333127583
-10.6021924415
-10.6137794834
-10.5918775755
-10.6052697669
-10.6065958738
-10.6075083167
-10.58232207
-10.5735216659
-10.5682353896
-10.5766783885
-10.5594304347
-10.5775175828
-10.5569878462
-10.533678508
-10.6135725405
-10.5503492673
-10.5246980707
-10.5577711212
-10.5532673629
-10.5481467886
-10.5740039159
-10.5826811614
-10.5489537005
-10.5282217984
-10.5372828882
-10.5368723118
-10.5702858306
-10.5735963338
-10.5393929519
-10.5816234001
-10.5778985583
-10.5824720354
-10.5923526627
-10.6101181961
-10.5859275106
-10.633205256
-10.6508116411
-10.6127945508
-10.6256413556
-10.629049004
-10.6121971013
-10.6367460131
-10.648945988
-10.6101782581
-10.6508970072
-10.5749972938
-10.5699392109
-10.5527349754
-10.5659564424
-10.5362992043
-10.5359329003
-10.5231986647
-10.5267956177
-10.4922094763
-10.4833010077
-10.4579711934
-10.4663559779
-10.4663970942
-10.4914712857
-10.5131803593
-10.5257167931
-10.5387713194
-10.5384154627
-10.5468644216
-10.5349963124
-10.5650561081
-10.5441868193
-10.5515710995
-10.551024989
-10.5632609243
-10.6002557476
-10.575151094
-10.5803265901
-10.5766883904
-10.5530448953
-10.5482286523
-10.5603592056
-10.556364652
-10.5595894045
-10.542744999
-10.5608321471
-10.5233528111
-10.5285918382
-10.5504319697
-10.5467597752
-10.5633537374
-10.5202574462
-10.5204632307
-10.5371548767
-10.5488703214
-10.5447269608
-10.5448127399
-10.5529944254
-10.523562045
-10.5910550073
-10.5700017043
-10.5491024242
-10.4947159881
-10.5680622828
-10.5807312337
-10.5519226232
-10.5815125767
-10.5558561731
-10.5676955335
-10.5772816991
-10.5437147921
-10.5778680942
-10.5314167185
-10.5816590818
-10.5138638017
-10.5561178622
-10.5266598599
-10.547515001
-10.5436386982
-10.5434023212
-10.5604059968
-10.5049998439
-10.5346223103
-10.5299724413
-10.551304543
-10.5350825625
-10.5474346172
-10.5432922433
-10.5433722367
-10.5356902081
-10.53124492
-10.5523440881
-10.5655403952
-10.5197044437
-10.5453172811
-10.5372827157
-10.5203515747
-10.4653841153
-10.5041203189
-10.4587085355
-10.4809946329
-10.4524202572
-10.4658417633
-10.4144128483
-10.4306085381
-10.4292409245
-10.4582181059
-10.4204840749
-10.420939221
-10.4299348976
-10.4094300158
-10.4389948447
-10.4128835119
-10.3992750789
-10.4369015634
-10.4372214823
-10.42959277
-10.4517794592
-10.4440233003
-10.3759887743
-10.414424353
-10.4089109102
-10.4110659976
-10.4227910078
-10.4225716719
-10.3978300191
-10.4154268032
-10.3989377364
-10.4413482657
-10.4156490746
-10.4479722662
-10.4310101072
-10.4478921796
-10.4443969023
-10.4910036926
-10.4705359177
-10.5014304853
-10.4889532888
-10.5059899078
-10.5137709139
-10.4916333824
-10.4987119484
-10.5029885402
-10.4857333835
-10.460899089
-10.5294598156
-10.474578658
-10.4408271808
-10.486851609
-10.4445044871
-10.4613213034
-10.4495494776
-10.4588904361
-10.4639973766
-10.4608041788
-10.5033382688
-10.4846522795
-10.4803086543
-10.4886986154
-10.4385893234
-10.472131449
-10.430098795
-10.4165507869
-10.437398014
-10.4286120951
-10.4034081521
-10.4164125281
-10.4083234314
-10.4042913315
-10.3754097312
-10.4174843097
-10.4045922547
-10.4007947302
-10.401677277
-10.390455986
-10.4247829991
-10.4082213026
-10.4375821998
-10.4441830588
-10.4477648792
-10.4513812486
-10.4718752241
-10.4997785945
-10.4657247179
-10.4781600302
-10.4601203736
-10.4633045374
-10.4709835472
-10.4463983857
-10.4136936223
-10.424353934
-10.4040913326
-10.4110876679
-10.3335128594
-10.357283963
-10.3619258358
-10.3458062175
-10.3237354465
-10.2823812867
-10.2907172421
-10.3203652049
-10.3373878832
-10.3328089451
-10.3844133257
-10.3764901192
-10.3695896738
-10.4368215827
-10.474032112
-10.4484680647
-10.4180992064
-10.4645592139
-10.4721544268
-10.4243093683
-10.427648421
-10.452013656
-10.4393502191
-10.3975842825
-10.419209767
-10.4495759498
-10.4458805736
-10.4336430211
-10.4171483736
-10.4218312392
-10.4405091508
-10.420451413
-10.4182720944
-10.4188016376
-10.4314650727
-10.4398979694
-10.4395791588
-10.4011966924
-10.4350527218
-10.4570939192
-10.4282139862
-10.4335678372
-10.4001619234
-10.4380447849
-10.4111971093
-10.414429048
-10.4083478351
-10.4287301977
-10.4246344236
-10.4282245659
-10.3990081996
-10.4250740047
-10.3986555246
-10.368694675
-10.3638798189
-10.3430957991
-10.3568977294
-10.358673693
-10.3268953221
-10.3416641896
-10.309333648
-10.3516040433
-10.2841305564
-10.3092643382
-10.3386071772
-10.3003535492
-10.2924237056
-10.3473378488
-10.3505526345
-10.3451459625
-10.3429460819
-10.3834276341
-10.3946722245
-10.3934500697
-10.4254430765
-10.4559950328
-10.4330798312
-10.3929023819
-10.4238915743
-10.4381169949
-10.4293708035
-10.4033608519
-10.4016914463
-10.3958791636
-10.3451017068
-10.4045990986
-10.3881524172
-10.3763125615
-10.3640976464
-10.3631150943
-10.3323967219
-10.3650484761
-10.3512002108
-10.3548271266
-10.3466782325
-10.3567777575
-10.3577351397
-10.4014053869
-10.3974645997
-10.4227116018
-10.4435707768
-10.4022547921
-10.440283735
-10.4368617251
-10.46629494
-10.4538267775
-10.4489375086
-10.4608275204
-10.4639702305
-10.4551612534
-10.4131808946
-10.3799184346
-10.4010768783
-10.3588123098
-10.371487779
-10.3453164811
-10.3113158689
-10.3068815047
-10.2810945671
-10.248166115
-10.2551889883
-10.2543845568
-10.2736400758
-10.3106519176
-10.3112182705
-10.2909623197
-10.3338956719
-10.335265807
-10.3608189726
-10.4030739913
-10.3903825726
-10.410852871
-10.4151498886
-10.4198155219
-10.4201687579
-10.4255846119
-10.4307231836
-10.4390551354
-10.4299492975
-10.4457625111
-10.4191810919
-10.4146747473
-10.4350019391
-10.4139268716
-10.4006036319
-10.3879221388
-10.3884555491
-10.414091982
-10.3767672878
-10.4114705706
-10.3569821913
-10.3733874749
-10.373180237
-10.3261560608
-10.3300391761
-10.3592656562
-10.3819119904
-10.383019696
-10.3765778215
-10.3730311709
-10.3914829273
-10.4295338544
-10.4211494376
-10.3952969613
-10.4073032389
-10.3646723223
-10.402724394
-10.3693824437
-10.3359794065
-10.3425558195
-10.3181913525
-10.3396080887
-10.3242467344
-10.3224388945
-10.3453934283
-10.3046735444
-10.3519362544
-10.313008727
-10.2947016525
-10.327155852
-10.300194444
-10.3373665023
-10.3002712009
-10.3432580331
-10.3526525667
-10.3627700035
-10.3380546396
-10.375467458
-10.3916146922
-10.3695987961
-10.4021253153
-10.3899285515
-10.4024526038
-10.3903548479
-10.4116259862
-10.3933819514
-10.3797430132
-10.3359604764
-10.38150983
-10.372553209
-10.347655155
-10.3815855266
-10.3600104119
-10.4111415383
-10.3975915471
-10.4775645649
-10.4745828107
-10.4331062604
-10.4343110309
-10.4521570834
-10.4441075376
-10.481742696
-10.4426519048
-10.4784182923
-10.444204528
-10.4597794629
-10.4381710253
-10.4170393069
-10.4135783119
-10.426497611
-10.4612056399
-10.4144852408
-10.4319800532
-10.4149878802
-10.4195572184
-10.4199236137
-10.4243041614
-10.3923281701
-10.3599296103
-10.3558927674
-10.3732298202
-10.3440255911
-10.3563647966
-10.3852504878
-10.3839346712
-10.3772441159
-10.3904775759
-10.3163396392
-10.3646401556
-10.3382534204
-10.3384156562
-10.3682750656
-10.3605414941
-10.3863483798
-10.3619300668
-10.3711791948
-10.428039725
-10.4420040805
-10.4424620169
-10.4741369623
-10.4874397056
-10.4868115224
-10.4605133723
-10.4758510063
-10.4442937653
-10.4300761909
-10.466411398
-10.3623244299
-10.3590475725
-10.3472436242
-10.3637224938
-10.3802171814
-10.3547715868
-10.3441736429
-10.3226524133
-10.347210513
-10.3126034693
-10.3421366513
-10.3335590326
-10.2865329537
-10.3066731114
-10.3443408759
-10.3019491826
-10.2809434435
-10.2978013231
-10.2861578167
-10.3157815513
-10.3079121337
-10.282933538
-10.2998859717
-10.2965008027
-10.321814446
-10.3141962456
-10.326882268
-10.314731339
-10.3411706931
-10.3373810825
-10.3372700885
-10.328880653
-10.2989586993
-10.3735030138
-10.309748125
-10.3704056354
-10.3617609753
-10.3913279354
-10.4071500467
-10.3767825654
-10.4229187035
-10.4111869426
-10.4073068442
-10.4070965609
-10.3893349495
-10.3970659035
-10.4094335879
-10.4211045336
-10.391003556
-10.3906609162
-10.4302061738
-10.4054903851
-10.3971988757
-10.4140818496
-10.401750143
-10.3841127683
-10.3713291151
-10.3663366769
-10.3965774639
-10.346789563
-10.3778567068
-10.4036371193
-10.3738113977
-10.3486064681
-10.3520101543
-10.339737632
-10.3563733579
-10.3267838123
-10.3688728201
-10.3308545951
-10.317662939
-10.295347531
-10.2786438381
-10.28293374
-10.2833934438
-10.2628375732
-10.2804688132
-10.2808510842
-10.2942610063
-10.2829640098
-10.2615031247
-10.295057261
-10.2949592399
