10.2996924413
10.3534758641
10.1579190626
10.1705041993
10.2882803698
10.3977585835
10.0723637205
10.3133623481
10.2669438974
10.2555590224
10.2609668229
10.2885975427
10.3103956111
10.2709478622
10.2677702402
10.3749489094
10.3093194636
10.1737122011
10.1294003683
10.249193251
10.2178797725
10.2116183366
10.2766015983
10.2406569135
10.2167938802
10.4007709941
10.0699011943
10.3904749856
10.2559647063
10.2024108876
10.3520889768
10.1307050028
10.0471916518
10.4052879748
10.3583915136
10.150591959
10.2882803698
10.1635714598
10.1800851034
10.0621208394
10.5023681623
10.1801251719
10.1294164759
10.4126865671
10.2777446724
10.3435744606
10.3339161947
10.3738794584
10.3784710275
10.4565312978
10.281680955
10.201131418
10.2766015983
10.1366301173
10.4128745984
10.1751875423
10.0999934598
10.2885341089
10.4238998305
10.1993238936
10.2462636682
10.3004527965
10.3622341786
10.3736907203
10.1737122011
10.2940513872
10.2373423879
10.3312001546
9.93812019756
10.2689857967
10.5467682983
10.233261498
10.0683456043
10.2710114046
10.2280942872
10.2408481034
10.3207082712
10.2222221884
10.0258628754
10.1907617935
10.2742753673
10.422209217
10.6154182424
10.0810425648
10.4717494469
10.2077189728
10.2677702402
10.3949336558
10.1738405001
10.224009706
10.3170636391
10.3262083588
10.3014665161
10.1639567361
10.3277251089
10.1225845446
10.4113075673
10.5168994412
10.1853167183
10.2645518957
10.1036760226
10.2709478622
10.249193251
10.1557986026
9.97502425456
10.2316669583
10.3068502299
10.1254854559
10.320012649
10.1523519104
10.1544489884
10.1478911662
10.0897786277
10.1156834816
9.97502425456
10.1176188339
10.2504030518
10.0573199536
10.3290125917
10.2547953385
10.2940513872
9.89131816129
10.2978546844
10.2178797725
10.4128745984
10.3520889768
10.3685305486
10.1853167183
10.1681777652
10.1814072813
9.97502425456
10.1907617935
10.3535389
10.5190711973
10.2942415854
9.96605662967
9.97476254036
10.2653545896
10.2764190122
10.2437792351
10.2653545896
10.1372739428
10.2015792506
10.2167938802
10.1361794151
10.2677702402
10.2613484423
10.2830773383
10.1438868828
10.0896492597
10.0833081968
10.2641465512
10.3087496929
10.4170730793
10.3840033708
10.289414218
10.1205211685
10.1324442543
10.1635714598
10.2830773383
10.1522635183
10.2830773383
10.2077189728
10.0346469773
10.4378525748
10.4436659243
10.3290520825
10.3138764957
10.0748904241
10.0149859557
10.2452444864
10.3484317467
10.5184507414
10.2070795907
10.3645013124
10.3520889768
10.0529063073
10.3893443145
10.4613985232
10.2985438816
10.1532277543
10.0984425053
10.3517737492
10.0882907961
10.3910402751
10.293163749
10.327914687
10.0194163062
10.2832042728
10.1967320166
10.216155066
10.3784710275
10.2305825293
10.3258291365
10.2922126231
10.183971016
10.2733621975
10.1690923579
10.2070795907
10.3098733771
10.330757941
10.2460725793
10.1312847865
10.1200697489
10.3488101408
10.5348804784
10.3517737492
10.3136233801
10.0123789515
10.3794771274
10.082531466
10.2819983315
10.3190560921
10.3001359886
10.0614722049
10.3789112082
10.3464764902
10.3299366369
10.4565937125
10.4486016052
10.1928109505
10.3325898457
10.3785810744
10.5465826542
10.3520889768
10.2299445762
10.2020270636
10.3207082712
10.3781566013
10.1981880286
10.4014612154
10.1366301173
10.1860215391
10.2525278167
10.0149859557
10.2354934362
10.3411134063
9.96730079676
10.1361794151
10.2609668229
10.1098752016
10.216155066
10.2212564797
10.2116183366
10.327914687
10.3865799336
10.1467977838
10.3087496929
10.3910402751
10.2086140405
10.2819983315
10.3527982037
10.598004936
10.1449966618
10.4716871226
10.1312847865
10.2451170816
10.1633788162
10.224009706
10.2725363046
10.3955614838
10.2733621975
10.288843345
10.4441033573
10.3484317467
10.2978546844
10.3678381351
10.1981880286
10.4064796289
10.0025966339
10.3409240702
10.353152799
10.4341003079
10.1036760226
10.4007709941
10.3801058904
10.1477625391
10.0346469773
10.2229244647
10.1840991858
10.2262436635
10.2850605113
10.0661414403
10.3141928815
10.3059003672
10.2599491018
10.3568792545
10.127483378
10.3087496929
10.3258291365
10.2502120401
10.2451170816
10.3443946819
10.3951847915
10.3340425047
10.2731716128
10.4074046347
10.3811118319
10.2786971371
10.2978546844
10.0021398921
10.3464764902
10.2739974547
10.4064796289
10.1899932534
10.2437792351
10.284132434
10.2796495135
10.346918032
10.3816147661
10.6068074589
10.3874595891
10.1714667061
10.4467900439
10.1532277543
10.5275677622
10.1789711353
10.2444322534
10.0411487651
10.3426910726
10.6775776328
10.1522635183
10.4128745984
10.2978546844
10.4123731741
10.3310106368
10.0231935871
10.1849162303
10.0205235878
10.2657996206
10.3192537351
10.3738794584
10.3344845778
10.3312001546
10.1478911662
10.2076710206
10.3360001134
10.2885975427
10.3037470207
10.2128964924
10.4163838926
10.4467900439
10.2451170816
10.1112307653
10.2797764904
10.010162464
10.3053858216
10.4062287657
10.330757941
10.3977585835
10.2443526193
10.0501792634
10.1751875423
10.0108796166
10.2868212485
10.1456399564
10.2074552326
10.2739974547
10.3248178088
10.082531466
10.2609668229
10.3152052509
10.2222221884
10.2876459947
10.1971640419
10.1620302088
10.2666260555
10.1721724865
10.3999552191
10.2564499151
10.1170382671
10.1189733603
10.233261498
10.2408481034
10.4243380929
10.3005399169
10.1964599913
10.0880967149
10.5172717741
10.1930030379
10.0984425053
10.2343934704
10.2641465512
10.3738794584
10.2504030518
10.537482085
10.1419082798
10.2609668229
10.3258291365
10.16851473
10.4292203426
10.1036760226
10.301023026
10.2432695333
10.2653545896
10.4707054655
10.4441033573
10.2657996206
10.3910402751
10.4981416257
10.3411134063
10.1481484156
10.2279028589
10.3400246762
10.3961264967
10.3464764902
10.0853791863
10.4518491359
10.4497258647
10.5296753369
10.485350649
10.3174194625
10.2609032183
10.3932854266
10.4387904308
10.2763475645
10.374068193
10.5475727185
10.074760865
10.4188271671
10.2868212485
10.183546442
10.0427735543
10.3839562326
10.1205856554
10.018634622
10.3640605197
10.1789711353
10.218007517
10.2498936794
10.3332767262
9.99352313834
10.1441603179
10.2172330417
10.0504390138
10.195435831
10.4188271671
10.1660112962
10.4650162747
10.3535389
10.0637341363
10.1393982769
10.1225845446
10.2454355907
10.2391989731
10.3038737006
10.1688356385
10.4066050582
9.9852911187
10.3789112082
10.3535389
10.2922126231
10.1205211685
10.2294341851
10.3062169978
10.1319289517
10.3898468502
10.1426161171
10.2133438092
10.256259016
10.2406569135
10.3680269797
10.0391986709
10.3358343625
9.9873170862
10.2980448124
10.3789112082
10.5864829007
10.0556975147
10.1751875423
10.2796495135
10.3192537351
10.3833905575
10.4014612154
10.2066959423
10.5259558027
10.2114905122
10.3539801407
10.4044098266
10.158176058
10.1966520099
10.2185184788
10.229051375
10.3927909069
10.4970847256
10.3484317467
10.4081727973
10.3517737492
10.3027335254
10.299122138
10.3840033708
10.3148888961
10.4081100923
10.0990241411
10.3258291365
10.0665952782
10.3640605197
10.449101291
10.5400830494
10.0529063073
10.2128964924
10.4013984699
10.3975938172
10.2214560138
10.4799730049
10.2400195881
10.1848040908
10.0897786277
10.2830773383
10.3207082712
10.37008831
10.229051375
10.3900352948
10.4356639164
10.4436659243
10.4188271671
10.4815297703
10.2730445543
10.0768336112
10.3058845354
10.3585805304
10.2982983109
10.2653545896
10.1579190626
10.2498936794
10.2836485314
10.3694117353
10.4108687563
10.3360001134
10.3290125917
9.93457334949
10.0740887503
10.2066959423
10.3483056123
10.3694746743
10.2034343478
10.2982983109
10.195435831
10.2450533786
10.3802945118
10.3148888961
10.3286571677
10.3517737492
10.0465420534
10.1481484156
10.5152237801
10.3244385354
10.127483378
10.4380401528
10.2067598847
10.0346469773
10.2834184713
10.2020270636
10.3353055205
10.1801251719
10.0297027996
10.0399137494
10.2116183366
10.407044049
10.1317357064
10.3731244854
10.1776245939
10.2066959423
10.2786971371
10.0630288574
10.3809860945
10.2398443166
10.4341003079
10.2676431149
10.4377900481
10.1875591606
10.266562486
9.99215160603
10.1255499111
10.3113450598
10.266562486
9.92662118112
10.0665790701
10.218007517
10.1804457144
10.1635714598
9.89131816129
10.3758924511
10.3148888961
10.3275355273
10.5152237801
10.5981896794
10.3133623481
10.377024588
10.0124441348
9.9469817846
10.1966520099
10.1966520099
10.3710480262
10.3047604162
10.1467977838
10.0190254717
10.3247466961
10.5302951315
10.1465405003
10.2495116335
10.2619208448
10.320012649
10.1805098217
10.3148888961
10.3348003327
10.3258291365
10.1283855363
10.1930590627
10.3838776685
10.2150689903
10.1006396206
10.2710114046
10.1465405003
10.3574463775
10.0935295771
10.1875591606
10.0901667216
10.2666260555
10.3520889768
10.2067598847
10.1005103917
10.3348003327
10.1518135102
10.1181993675
10.4014612154
10.1892887074
10.3593208132
10.2150689903
10.2502120401
10.3047604162
10.1254854559
10.3680269797
10.2804113511
10.3587695438
10.3753263364
10.3863285898
10.2710114046
10.1375877929
10.0972791331
10.2575952349
10.3634307833
10.3039370399
10.3085597624
10.1878794692
10.2119378906
9.98927730867
10.1597821318
10.0233075347
10.3294311865
10.2804113511
10.0647798037
10.2178797725
10.195947924
10.3634937586
10.3013398066
10.3426910726
10.2855522791
10.1540874541
10.126774483
10.1550274164
10.2270094795
10.0935942364
10.3243121078
10.1656260978
10.1757006543
10.2016432251
10.1098752016
10.0957924068
10.5362045906
10.1757006543
10.0017483825
10.2234351808
10.2150689903
10.2354934362
10.4312226558
10.6749490313
10.3322108576
10.3018228782
10.2885341089
10.2075910996
10.0877085414
10.0062498178
10.3765843272
10.302480136
10.3167236186
10.2108513663
10.2769191316
10.4076868234
10.1460259135
9.93233949906
10.224009706
10.0621208394
10.1878794692
10.1054845093
10.2450533786
10.3227316326
10.3682787672
10.1905056199
10.2452922629
10.428281626
10.3901609227
10.2855522791
10.0006390222
10.1542561717
10.3479902695
10.1493059569
10.169477425
10.2147495343
10.2027787054
9.96651502509
10.6536518348
10.1151028037
10.3428803764
10.2336441505
10.3544843927
10.1651766812
10.3148888961
10.1383039785
10.2951925239
10.3039370399
10.1842914374
10.5005658768
10.2147495343
10.1803816067
10.1338612015
10.4546586847
10.1803816067
10.4196414646
10.1803816067
10.3774491074
10.199723816
10.1968440249
10.1968440249
10.1651766812
10.1966520099
10.2555590224
10.4247137317
10.1498203773
10.3775906101
10.0543912612
10.1103916283
10.3760182502
10.2286047452
10.1937713511
10.1790993681
10.3580764778
10.317672485
10.1308338465
10.0588123662
10.1424391624
10.2434606745
10.377967941
10.3464764902
10.3269667617
10.2209451988
10.3185580149
10.1455113007
10.3428803764
10.3013398066
10.1636998869
9.84442621213
10.1650482728
10.1402993751
10.2755219115
10.0770036222
9.91273891528
10.2185184788
10.2547953385
10.1211015356
10.1400419266
10.1413291035
10.1263233422
10.2456266915
10.2382986112
10.1868544462
10.2261399548
10.3122944211
10.452973046
10.2547953385
10.2388085604
10.0356875464
10.1460259135
10.3619192597
10.1263233422
10.1498203773
10.3924376642
10.0957277616
9.95334412802
10.1875591606
10.2624932154
10.4666376194
10.317672485
10.1348271883
10.2051612041
10.1195376928
10.1421013313
10.2444800336
9.98653288947
10.333789883
10.0682807828
10.0259930664
10.2393184843
10.3728728155
10.3144459832
10.3748860036
10.2042898178
10.2444800336
10.2234351808
10.2877728728
10.3847575529
10.3342951202
10.144867998
10.4691315056
10.0779993436
10.1308982678
10.2213283124
10.1733272943
10.3341688132
10.1964599913
10.0851203359
10.3275355273
10.2091893997
10.6581228774
10.2375973895
10.1763420079
10.1348271883
10.2028586641
10.124454116
10.1503347716
10.1417152247
9.92563493127
10.1649198628
10.1454469723
10.1402993751
10.2257091538
10.0369881061
9.97724854812
10.2153884363
10.1559271279
9.91273891528
10.2293703844
10.089907994
10.5710594926
10.3765843272
10.3589585538
10.3327793346
10.0471266938
10.5105056698
10.1733272943
10.004358157
10.3968170262
10.2708843194
9.89738658673
10.3290125917
10.1849322501
10.2432058188
10.1417152247
10.2187739502
10.0201979294
10.0825961959
10.2038820794
10.260330759
10.4489139117
10.2148613451
10.4062287657
10.2988686598
10.090360763
10.2828869336
10.1916583504
10.2340267888
10.1103916283
10.1793558287
10.3214670782
9.98104178723
9.95539298607
10.1151028037
10.0996057435
10.1308982678
10.0713917426
10.4412284622
10.1518777983
10.4731204883
10.377519859
10.3520889768
10.1492416525
10.0916542767
9.94855635149
10.1498203773
10.0420586795
10.0928829611
10.3220993748
9.98198169902
9.92865912036
10.0887436376
10.235828185
10.21845461
10.0759268372
10.2630655541
10.2584859507
10.4290326061
10.269041407
10.3171031756
10.1763420079
10.408235502
10.3019654196
10.3265875672
10.3085597624
10.2626839985
10.3320845251
10.3166603578
10.3844433171
10.3844433171
10.0920422984
10.0942408068
10.1976680482
10.1230358521
9.96802103304
10.3651309838
10.2654817433
10.1120052916
9.91760978967
10.1169253752
10.2746961921
10.2746961921
10.1394626437
10.1573407992
10.3320845251
10.2083583149
10.1916583504
10.1351491634
10.1180703629
10.1152560414
10.0306137523
10.1833942319
10.1867263111
10.0763802344
10.2684694014
10.1335391854
10.4638936581
10.0673084108
10.1503347716
10.257253243
10.1216173895
10.2191571452
10.0988948916
9.95642545073
9.91240971582
10.0320450823
10.0586177162
10.1442246545
10.1849162303
10.5226070979
10.0660685001
10.1575978092
10.1895449116
10.2128964924
10.1949237123
10.1009626854
10.1647272448
10.2316669583
10.1260655384
10.2685965165
10.2954064729
10.292593084
10.1718516833
10.2895490028
10.0207189777
10.0763802344
10.1087131451
10.3489993327
10.0943054616
10.285988505
10.0720397383
10.3027968718
10.260330759
10.0438132815
10.2259883788
10.2858695361
10.3312633265
10.0595909283
10.2365135888
10.2124491561
10.2176242788
10.3883391702
9.99038793068
10.2774906669
10.3261451561
10.23536591
10.2528142682
10.4190150876
10.40484891
10.2575316093
10.1280633461
10.1501418768
10.2458814869
10.139848836
10.1419726307
10.2742753673
10.3583915136
10.1116825795
10.1897370605
10.1280633461
10.3227316326
10.2741245014
10.2544134752
10.4562192189
10.400582744
10.2180713886
10.3261451561
10.1156834816
10.1722366459
9.95511436615
10.2616902977
10.08130152
10.0710677291
10.1548988797
9.9633713187
10.3532237166
10.2097008028
10.2842196927
10.2626204046
10.3344845778
9.84891671954
9.94396316785
10.1039989904
9.8314236741
10.0481010189
10.1556058115
9.96271625501
10.0895198901
10.139269542
10.062834289
10.135849424
10.1092296311
10.1280633461
10.1178768529
10.2036901968
10.2495753088
10.173904649
10.2495753088
10.0012263459
10.1434525884
10.1872388419
10.1280633461
10.2197957717
10.0778698244
10.1178768529
10.1033530445
10.0105536445
10.2340905604
10.1833301428
10.0792944436
10.2528142682
9.98038788334
10.1833301428
10.2035622731
10.1455756287
10.3205817979
10.391228698
10.2440977858
10.2859329863
10.1372739428
10.0986202309
10.0779993436
10.0900373586
10.0263836293
10.0531659872
10.1009626854
10.1157641287
10.1502061755
10.3065969418
9.96422283712
10.1755082403
10.2734892521
10.0109448097
9.96507428277
10.0519973749
9.90094675635
10.0871909534
10.025944245
10.0986363876
10.2382348657
9.93299656604
10.0828551111
9.89210990617
10.1714667061
10.2097008028
10.0731412353
10.0990241411
10.0608154198
10.0735299701
10.0373782411
9.89672715552
10.0127048641
10.2592493599
9.90213319511
10.0888730172
9.91254139691
10.1045803064
10.0748904241
10.0106188398
10.0595909283
10.070873316
10.0916542767
9.96861027857
10.2703124164
9.98038788334
10.1076800938
10.1364369616
10.0520541856
10.0708085108
10.0004432399
10.0915896049
10.1309626886
10.1111662188
10.1548988797
10.0471266938
10.0673084108
10.0990887653
10.0283606204
10.0531010679
9.98973463857
10.0673084108
10.0493350284
10.0439432399
10.0575146286
9.89402302804
9.94875315482
9.90773390304
10.1454469723
9.88857130495
9.86694099329
10.0932062743
9.92859338692
9.96861027857
9.93365358956
9.95485212851
10.114909237
9.88881055099
9.89732064559
10.068475246
9.85529270452
10.0182437571
9.9108294062
10.0916542767
10.1067760874
9.94626002481
9.9639608392
10.1778810917
9.97072145574
9.8816141383
9.76969250628
10.1069698099
10.1491773477
9.96586016804
10.2811731323
9.97613646333
10.1237450089
10.2860598856
10.0833729217
10.0847320478
10.0389386297
9.99313129117
10.1124570712
9.90523044855
10.1454469723
10.2301997622
10.1962679691
9.91674604223
10.0234540368
9.87216501741
9.99339252432
9.87018153641
10.2586131895
9.90635049324
10.1256304796
10.1424230755
10.1781375831
10.0917108641
10.1124570712
10.2146856419
10.2800304394
10.4042216423
10.2857426345
10.2207536366
10.0070324695
10.0951459358
9.57393639066
9.74092494787
9.69231233271
10.0295075847
9.99123714657
9.9520326375
10.0884201815
9.94626002481
10.147698225
10.0492051398
10.3051404139
10.1241962646
10.3661226387
10.1574050523
9.9703123478
9.82185982016
9.92813324061
9.81022453051
9.67295069012
9.92359637096
9.81747327342
9.90101267334
9.91056599676
9.79899170254
9.99110650267
9.8052337512
9.91273891528
10.114909237
10.1459615884
9.99084520974
10.0654282251
10.2271371099
10.0082715427
9.92688416453
9.85787504647
9.87295829824
9.83321586115
9.86462566789
9.88709445119
9.89323143627
10.0409537727
9.84906581565
9.79231246952
10.1089068305
10.0638070934
9.98339548659
10.14750528
9.88920653174
9.86224362325
9.97436995617
9.93634693179
9.6798976996
9.71119855113
9.8200655606
9.82704139643
9.58653930554
9.83553858056
9.80063998963
9.75090285056
9.92234672376
9.9469817846
9.81254437829
9.97522053571
9.95183589902
9.65769022581
9.71805106157
9.83859046354
9.69781549919
10.0509584943
9.88790303532
9.95983346294
9.88709445119
9.81348380218
9.89699093328
9.89619957891
9.93529595827
9.87130555791
9.93884254847
9.80902697506
10.0598504357
9.91496895374
9.76635179506
9.69680597782
9.77203032459
9.78704582266
9.84880075433
10.0327606706
9.95662209853
9.91886003366
9.73978587979
9.58659036472
10.0388086066
10.153741976
9.90760215805
9.96874121729
9.90490099954
9.95524548238
9.94940913784
9.93345648707
9.58592657419
9.95694164292
9.9703123478
9.84363063195
10.0618613906
10.0638070934
9.83520679708
10.0875791469
9.79491141567
9.78897947788
9.84097823351
9.88650034724
9.83638457776
9.80237122501
9.94927794469
9.97502425456
9.98411456183
9.86303770205
9.92096535162
9.85363700116
9.67733530577
9.90628461176
9.78084221168
9.78704582266
9.89098824889
9.99156374884
10.0023356412
9.95524548238
10.1422300302
9.84056373168
9.97613646333
9.66694391372
9.60680545128
9.38522615927
10.0033143289
9.82870157998
9.76354471429
9.86389788195
9.8771219773
9.85689019457
9.81541224908
10.0473215664
10.1486628947
9.92727862659
9.59960159071
9.77603671246
9.8631038724
9.80922657779
9.89329740467
9.89125217969
9.97167870273
9.91280475386
9.92563493127
9.96173357871
9.89237380704
9.89765034692
9.9816302641
9.94724422973
9.86436102467
10.1065823612
9.97661074995
9.82850237276
10.0957924068
9.94868755414
9.88168018425
9.89092226509
9.86184655987
9.81268571329
10.1219397848
9.97502425456
9.72120696521
9.7938952432
9.66552604013
9.9477690992
9.97522053571
9.91326561167
9.86475798684
9.85714676211
9.91280475386
9.53582238838
9.79411181338
9.67419038872
9.74487715126
9.98496431126
10.0350372033
9.97862212881
10.0669194356
9.91254139691
9.77924064099
9.80623211026
10.1005103917
9.83974296653
9.90641637428
9.94343809748
9.77590319265
9.86918964642
9.76548302295
9.73281456091
9.69000579574
10.0961156268
9.7819097798
9.95885050219
9.782193333
9.92727862659
9.93621556618
9.9185968375
9.93588714455
9.50669039276
9.58715199772
9.83786075156
10.1023840482
10.0153117836
10.0849423724
10.1200697489
9.95386867584
9.8815480919
9.81940093682
9.8379934305
9.96173357871
10.0965034771
9.79730983097
9.91899162913
9.82734855153
9.93976182825
9.52945523405
9.81361681068
9.83361408059
9.98509503552
9.92339906871
10.2249033475
9.77016011469
9.49996022258
9.69162211278
9.53506094999
9.64260866151
9.6230961511
9.74487715126
9.87097497664
9.82544735631
9.58395195116
9.54423693948
9.90733866281
9.80510062898
9.61809309152
9.6178047003
9.8235208794
9.90252864311
10.0336713457
9.9873170862
10.1121989139
9.77309885528
9.82630252457
9.85323959095
9.81049063409
9.91141382089
9.81488030157
10.0303534886
9.7465513303
9.91254139691
9.9826109818
10.151942086
9.83892213291
9.99443738864
9.97947234592
9.62946069223
9.63807281882
9.65262058067
9.89019641423
9.80769618639
9.85741159901
9.79890844837
10.0190254717
9.87930225171
9.51540506235
9.8394444895
9.57359554108
9.66620124397
9.83560493591
9.71442386405
9.34676159881
9.5701863776
9.51369020725
9.63549930239
9.88148204506
9.64978041602
9.69594780203
9.89204392985
9.49191897407
9.63353484047
9.67052143218
9.69391143393
9.65600063984
9.84648116339
9.68333563617
9.92333330042
9.6406625725
9.78317736563
9.79964106085
9.74695309048
9.66424302288
9.67389523679
9.63367033347
9.78297723142
9.92754159258
9.63353484047
9.69579635135
9.99095136082
10.0479061615
9.9316823886
9.90127633693
9.92168895149
9.84601717962
9.92024169897
9.80596589112
9.7922458208
9.67220848159
9.89940582157
9.62757126102
9.80430185769
9.98705569413
9.89217588205
9.83248575031
9.92300445243
9.51190642999
9.76401261713
9.60544664583
9.53844845661
9.77196353754
9.66991402234
9.6994978013
9.9890159679
9.79850881847
9.62757126102
9.83945278065
9.73643490718
9.67220848159
9.85286700433
9.83752904641
9.66539099371
9.62235009711
9.57373188237
9.83281762559
9.62472370455
9.69848845505
9.83752904641
9.65527402697
9.67929087816
9.70232341217
9.63001135353
9.63217980572
9.56111208549
9.76354471429
9.57256439721
9.60021344925
9.60401969319
9.61461485593
9.78771264347
9.75672415579
9.91958378711
9.60537870051
10.0067063721
9.82438451921
9.70298764764
9.93030231511
9.81142193979
9.87817914014
9.74052293905
9.66241949477
9.83971809379
9.65437835913
9.80396901711
9.91333144676
9.91879423528
9.8705782645
9.84661372616
9.64687176211
9.79850881847
9.91504300545
9.5904190283
9.58919402227
9.62793561966
9.95255725445
9.53308434857
9.74400646447
10.0132914802
9.92556917779
9.71885692162
9.54984252121
9.80862775742
9.40724431542
9.73471708665
9.73214397862
9.97705230687
9.94225658776
9.67969543002
9.64660114507
9.82039785562
9.44076288559
9.80390244764
9.79004615866
9.75525242974
9.74496923858
9.72496585375
9.51259253775
9.57897954639
9.62153615404
9.72664345999
9.9257006843
9.94829394098
10.0127700454
9.40571790593
9.51341580175
9.72369067944
9.72577114086
9.91412143364
9.63224756199
9.64179642864
9.81426520133
9.54040684462
9.56083904104
9.64118720908
9.21377540594
9.60700925552
9.6545135596
9.65262058067
9.71294572858
9.49068125419
10.0021154232
9.70743433166
10.0833081968
9.73100388268
9.75438266907
9.6394947305
9.7813760103
9.96317480412
9.62485932158
9.79710998545
9.54429677252
9.90121042169
9.74239883828
9.9503274414
9.88082155241
9.9703123478
9.81873626805
9.90121042169
9.86859446457
9.67767250162
9.84130982241
9.68867549926
9.68744607557
9.68919753611
9.78210993585
9.72536850564
9.61169556036
9.6266899645
9.46713383122
9.68919753611
9.74333665246
9.64393685327
9.58681161801
9.56459271893
9.66923907776
9.74179591007
9.59960159071
9.52822239015
9.52835938068
9.54731358085
9.6498480487
9.55229392881
9.73951784441
9.56793566427
9.53527484332
9.52034211922
9.59769778136
9.87573427933
9.67072389365
9.69168945347
9.72697894652
9.54575829165
9.59246035737
9.66485078913
9.59932964106
9.69115071482
9.65606822896
9.50414997014
9.57632199803
9.72382491619
9.70669475987
9.60619401261
9.37000207182
9.63380582455
9.506003859
9.73656896823
9.47058009102
9.74916247553
9.61475061554
9.71415512888
9.60021344925
9.58919402227
9.51069704456
9.61047326636
9.65606822896
9.52260408152
9.58858146057
9.72100555517
9.78811271416
9.57332285268
9.72066986248
9.44940022264
9.80715550191
9.78284380634
9.65140346959
9.64863058788
9.6589065447
9.69451734021
9.53109877786
9.68919753611
9.61203505889
9.42034737135
9.56450742443
9.72697894652
9.72268384474
9.43024922492
9.84740906533
9.48077367812
9.60170893932
9.495493703
9.56074518021
9.66093340256
9.50957329331
9.49405022449
9.46609970862
9.39988751697
9.31752880251
9.50092196735
9.46375527904
9.65998758848
9.49040618341
9.84324939366
9.46375527904
9.69296883776
9.95334412802
9.76381209008
9.40870111166
9.7829105191
9.73194279492
9.6720060512
9.70595513173
9.5566741466
9.32138046085
9.58320284978
9.4733361962
9.65951464672
9.49466888501
9.82604515166
9.77029371298
9.59395705597
9.80170540144
9.78729588579
9.57407272709
9.56793566427
9.83772807084
9.54273244269
9.57598123336
9.54430532007
9.5445788375
9.56698065623
9.62655437326
9.90918298235
9.73041701651
9.63610888155
9.52370059712
9.77142922473
9.58858146057
9.40023466515
9.68838920905
9.61305348253
9.37346663657
9.56977719637
9.64797106579
9.5052486146
9.39641532977
9.65741991192
9.54553608679
9.4850407087
9.49741799974
9.69296883776
9.42207921523
9.44691347925
9.59034247001
9.67706554063
9.46678913624
9.74179591007
9.73408853999
9.7379764978
9.66350014556
9.5493641244
9.59891320323
9.55134589804
9.45140295677
9.52822239015
9.6566765097
9.62017942923
9.36803418581
9.74099194773
9.83042787344
9.87394980965
9.74165354657
9.6705889198
9.63888536546
9.69768090241
9.79777612132
9.49033741447
9.60537870051
9.54833890767
9.79710998545
9.74936330389
9.70835871716
9.8290999823
9.36259858299
9.46175515948
9.57632199803
9.53493261168
9.42761897775
9.57086830744
9.75766059315
9.65336429523
9.51444478158
9.45518282427
9.69862304062
9.58320284978
9.75679104715
9.62784241295
9.69296883776
9.54444207976
9.54061206726
9.62017942923
9.69594780203
9.68980373715
9.48958092322
9.40023466515
9.17402295998
9.36029795466
9.39822102721
9.30252717586
9.63021466667
9.81906860806
9.84324939366
9.49198773155
9.5828623298
9.51334719914
9.51807961938
9.30918976033
9.40197021379
9.56793566427
9.3119235464
9.42512648755
9.51746248062
9.46403112443
9.45423368458
9.63577023122
9.65654133952
9.79457825598
9.78084221168
9.52657835011
9.79531119233
9.60286438576
9.58885371505
9.6851131099
9.42131724314
9.37346663657
9.54519422307
9.41487265081
9.35325312123
9.4939127389
9.69680597782
9.64917170054
9.74032192842
9.6076206423
9.42555060359
9.68953431915
9.60422355655
9.72791824724
9.43758235579
9.50806331156
9.35534619986
9.58381575526
9.37583364287
9.49198773155
9.56734732238
9.47836402225
9.51650240745
9.37931344934
9.7862455777
9.58722007221
9.58224936333
9.69848845505
9.41972382961
9.32872921081
9.56205061631
9.22913344881
9.47705566677
9.36204090683
9.4746450653
9.47195824385
9.28855532439
9.66228440492
9.71361763622
9.43446993044
9.80057339754
9.62297746456
9.67173613742
9.89573792631
9.54519422307
9.65809568246
9.34641246451
9.51972512714
9.3815398481
9.50991643755
9.50936740083
9.56036119449
9.37639049869
9.75672415579
9.24898315936
9.48263213714
9.79457825598
9.79404517691
9.60286438576
9.70745113945
9.57045915537
9.60313623531
9.48744866881
9.57720792942
9.45651145978
9.47471394814
9.64443593537
9.74554685739
9.68737870537
9.61943314903
9.65344880463
9.67072389365
9.53801225431
9.65627099346
9.6428793906
9.75130443146
9.63915619913
9.51794248089
9.53821752846
9.55926888412
9.64477428142
9.39363665593
9.57550414246
9.43903446974
9.67726786519
9.47147591317
9.28743104653
9.2081778689
9.39016215736
9.61760112482
9.57986523201
9.35799676072
9.47381843217
9.58253031116
9.60293234887
9.74943024576
9.55237079205
9.34592365458
9.41660550156
9.66579612733
9.36420171697
9.51622808304
9.63915619913
9.71153457121
9.50648443784
9.47574713064
9.60191285173
9.46906389123
9.51410180067
9.64626286309
9.42332594574
9.51725675881
9.52534513386
9.4443051492
9.48772382534
9.48958092322
9.47574713064
9.55387377104
9.49466888501
9.61081280807
9.67198918181
9.51444478158
9.53328972883
9.53459036777
9.54567282886
9.4949438323
9.53459036777
9.56752638678
9.69418073029
9.28173730003
9.3853478524
9.66572860624
9.42990318168
9.62106132212
9.84389583249
9.4277574301
9.62153615404
9.38286152242
9.59001071034
9.53903858091
9.4786394425
9.36467214985
9.64125490204
9.69680597782
9.6258763884
9.54546771503
9.43502332554
9.47705566677
9.6252661612
9.57189111112
9.60313623531
9.62549500094
9.58674354062
9.31710852527
9.42969554964
9.29543855918
9.50030371403
9.65930350452
9.60673751557
9.53150961953
9.62004374623
9.62519835579
9.54731358085
9.70508095308
9.67301816079
9.40183138169
9.55462517187
9.37743451422
9.35549444184
9.6076206423
9.42644205061
9.59388902929
9.80809544195
9.61183136121
9.78644564507
9.63224756199
9.83978442095
9.57243656172
9.23726215202
9.39933205321
9.62763904971
9.44228362983
9.54546771503
9.38578245784
9.39933205321
9.52095907133
9.58150012884
9.43502332554
9.52242417237
9.57598123336
9.27118409159
9.62085781555
9.23493029962
9.27793952783
9.19115178367
9.28672830375
9.48758624807
9.35987959784
9.37583364287
9.54546771503
9.43031843204
9.69216082523
9.41050445169
9.39641532977
9.62053558802
9.49515003755
9.64950988055
9.63021466667
9.19200383694
9.53944908063
9.45292198928
9.45271486286
9.59001071034
9.65417555487
9.6970751938
9.74594865897
9.59599763241
9.4980364409
9.62852025936
9.69040990027
9.68407699188
9.60367991132
9.67072389365
9.58211314323
9.39641532977
9.477752905
9.59640569563
9.43758235579
9.65769022581
9.41840732814
9.73569753843
9.63346709326
9.53089335038
9.48091135425
9.53150961953
9.36545615214
9.2930510757
9.26414194061
9.43709826816
9.42983397151
9.59103147264
9.50339457841
9.59742577777
9.62824912652
9.40321961047
9.36161391356
9.25039432646
9.09901903193
9.34487611863
9.11242205777
9.45678751646
9.63245082792
9.53684895064
9.3152871048
9.41057380402
9.24248901556
9.27050651722
9.19235883582
9.45271486286
9.17871701943
9.40023466515
9.56118034538
9.5384227982
9.40523217823
9.42221774898
9.14252487092
9.30400036845
9.45681339636
9.30911965269
9.5562643868
9.56425153637
9.34040531194
9.38362661719
9.54546771503
9.49370650679
9.57414089458
9.5542153242
9.58413921736
9.60986206107
9.43419322071
9.57611754069
9.51897097139
9.343409371
9.386755901
9.30645517121
9.55510330528
9.51176920249
9.70260929124
9.73516123516
9.56158989451
9.41826873834
9.29333198795
9.28546323271
9.14958929647
9.43778981432
9.39940148798
9.26759326321
9.4378503222
9.60388378189
9.5384227982
9.38703400907
9.39092665734
9.38946710336
9.43156407343
9.39266392589
9.3497636156
9.20278968336
9.15828745688
9.44344994382
9.43142567696
9.34801837432
9.51855958853
9.40807679804
9.43592252336
9.35967041242
9.53212584883
9.51897097139
9.39849879602
9.27644460783
9.38828539346
9.45678751646
9.51320999243
9.28630663255
9.38661684387
9.31647807387
9.35234597502
9.50050980294
9.43689079443
9.64127182521
9.64842766281
9.6970751938
9.60986206107
9.55100424227
9.27983860821
9.46023754531
9.36259858299
9.22120991106
9.31122265213
9.4821503494
9.47163095071
9.29368311631
9.45071240673
9.56895878141
9.57189111112
9.7052826936
9.46858141311
9.45306007104
9.52123325943
9.32390068476
9.61351173797
9.43419322071
9.4712691925
9.33159715162
9.34906555818
9.23097186881
9.19235883582
9.28103412613
9.27786918405
9.71079531169
9.43792811747
9.55713510538
9.41930811218
9.81953386517
9.39704041815
9.33481379245
9.51526788532
9.50373794573
9.17807706178
9.35443925662
9.57693534387
9.33050429033
9.33684110518
9.28630663255
9.42284112569
9.48848046465
9.3497636156
9.50977918134
9.61658318279
9.50799467033
9.4905437198
9.47319840998
9.54145001386
9.56738995706
9.63549930239
9.32523052833
9.54423693948
9.30722654693
9.17715259972
9.39849879602
9.29754465312
9.50119673369
9.38761627117
9.74641740656
9.4023866978
9.46968418412
9.26857911933
9.13474054804
9.41819944267
9.2335874508
9.40807679804
9.51320999243
9.22190880022
9.41618964646
9.26188732144
9.4483641591
9.58245368984
9.39704041815
9.48256331182
9.3844611949
9.39954035597
9.31157310586
9.26036338126
9.27055051706
9.33264617805
9.29164638709
9.33481379245
9.32523052833
9.44518618891
9.4712691925
9.35764804561
9.45851268819
9.5258161728
9.49611226948
9.589602375
9.4483641591
9.589602375
9.40224787185
9.50579788921
9.73616677955
9.55592290688
9.59164387787
9.36608330672
9.45269760212
9.17245773967
9.35178768746
9.50977918134
9.29017123546
9.48916826621
9.37659931109
9.45492397744
9.34103414843
9.39849879602
9.54452755358
9.38807684098
9.42090159603
9.59674573506
9.52123325943
9.44062462397
9.45499300395
9.45022899169
9.31227397375
9.47051117811
9.52427450418
9.38738163258
9.30624478492
9.35409040889
9.39092665734
9.35764804561
9.45678751646
9.42893419305
9.35485785673
9.03134424311
9.42858810154
9.14723509416
9.34459675588
9.34173280599
9.33180696634
9.4793279581
9.47609149977
9.40550973998
9.4456007674
9.21936954445
9.55592290688
9.41034840708
9.43280955033
9.57516334868
9.49961671871
9.38967562496
9.78964616699
9.33684110518
9.24552488967
9.20378248087
9.327749712
9.50799467033
9.48153087206
9.44020982695
9.4583056842
9.34773910547
9.4746450653
9.56609377767
9.52164452678
9.46534128024
9.4956311657
9.43861960283
9.41258479934
9.23416171926
9.50977918134
9.01586644254
9.34615060523
9.48916826621
9.58333905439
9.49329402911
9.69202614992
9.57161837416
9.27033931593
9.35604378868
9.32019011823
9.38209636524
9.53253664623
9.60136057892
9.56766281456
9.37012396267
9.35967041242
9.38397436693
9.29003073261
9.41494197096
9.36663203254
9.50641578521
9.50545459629
9.46720276871
9.50257044621
9.39419245645
9.3871035348
9.38160941455
9.30133442048
9.45492397744
9.38550431268
9.40550973998
9.40530156943
9.58102331275
9.39509556217
9.424295511
9.38905004626
9.40807679804
9.39822102721
9.38536523701
9.45071240673
9.68117021549
9.49075002064
9.57161837416
9.37395401025
9.42013952869
9.34173280599
9.01941276948
9.29410445284
9.32530051484
9.30722654693
9.43668331613
9.46858141311
9.51725675881
9.08818184298
9.54984252121
9.50620982434
9.59082732887
9.32117041144
9.44870952623
9.06236457359
9.31152053864
9.26710029582
9.32208059139
9.39919318214
9.1107746207
9.51396460484
9.54115930603
9.35953095288
9.45271486286
9.50351475838
9.33467396155
9.32767974386
9.16619418566
9.38974513113
9.48820533006
9.18305333465
9.63854681269
9.37764330338
9.25088818409
9.61067699283
9.67706554063
9.77062770073
9.66147382617
9.6035439952
9.30820820539
9.3056135975
9.19129379804
9.47312951613
9.54587793828
9.59497739844
9.60891121999
9.52897581371
9.31570746421
9.45658047471
9.44062462397
9.35485785673
9.4136941301
9.21505031851
9.36057684881
9.24319512178
9.55106403291
9.48903070989
9.44912395013
9.55899578702
9.40129338793
9.31227397375
9.59613365541
9.46299666277
9.54492072327
9.52596176194
9.20059096478
9.37374513892
9.2078234799
9.45471689487
9.42076304291
9.31178337177
9.48311390039
9.52150743964
9.40002637778
9.46616865364
9.49369791368
9.42831121919
9.35604378868
9.24968876982
9.11585922829
9.2597731174
9.44262921936
9.15436717815
9.35883362399
9.2073981951
9.37188249704
9.21257115984
9.46451383451
9.45947864693
9.44262921936
9.44877859815
9.37374513892
9.53068791848
9.39516502824
9.49624972322
9.27106089993
9.1459507284
9.49487509623
9.424295511
9.43509249765
9.46134128885
9.60021344925
9.55844956942
9.46299666277
9.57202747668
9.48805056335
9.41930811218
9.4300416005
9.77349952417
9.57134562942
9.02960973587
9.25321601503
9.19697257435
9.57986523201
9.42768820418
9.56020759589
9.70803939394
9.84999347412
9.4746450653
9.39974865411
9.4879301875
9.53568550506
9.20271876516
9.52596176194
9.22708247131
9.12554614881
9.33131739132
9.48036063776
9.30442123778
9.30294811183
9.43613001838
9.45851268819
9.37492868161
9.5566741466
9.52089052307
9.80475949504
9.44076288559
9.40550973998
9.56227243741
9.39016215736
9.42900340982
9.52685237648
9.42782665552
9.36907913251
9.39440087317
9.29802723246
9.35150853118
9.47650472621
9.25519068517
9.4786394425
9.38160941455
9.23860446671
9.23167885594
9.1936367183
9.43239440964
9.52943811231
9.20044909393
9.66113606496
9.55298567567
9.48786140061
9.62553737807
9.4583056842
9.13023832572
9.42540346346
9.24792464272
9.37492868161
9.28785266668
9.4786394425
9.37318812594
9.57509518847
9.23945214394
9.12258660252
9.12652053254
8.95047991057
8.93062444257
9.26139405033
9.22708247131
9.35311356601
9.44442608109
9.26463506541
9.36349602333
9.21427122624
9.39328926391
9.26942405541
9.42034737135
9.39016215736
9.31178337177
9.30526291932
9.48559115348
9.34557448898
9.0819140625
8.98548457372
9.2896794662
9.51492493408
9.52205577636
9.59864973324
9.46134128885
9.34752964836
9.5222613945
9.11807837896
9.46604799952
9.38160941455
9.33823899546
9.32208059139
9.34215197545
9.26343743106
9.28686885656
9.40002637778
9.31871948507
9.33991618762
9.51995650386
9.58408814512
9.2320323292
9.42969554964
9.44601532769
9.65431075818
9.33823899546
9.26540992279
9.42928027185
9.45802967183
9.2919273418
9.52897581371
9.4300416005
9.34780892347
9.43315548696
9.51183781649
9.42083231972
9.42831121919
9.31941981552
9.53068791848
9.50373794573
9.25330417893
9.35820598356
9.22460654634
9.13902631678
9.3785480027
9.23996424458
9.52280968781
9.32460062607
9.52774290778
9.52781140674
9.49260652649
9.56766281456
9.35541596108
9.35660182229
9.43509249765
9.23401152942
9.37752151027
9.17089225222
9.38526962129
9.3273298953
9.40002637778
9.4309412733
9.41542719775
9.37492868161
9.4136941301
9.53068791848
9.38738163258
9.54430532007
9.33404469657
9.54840725887
9.1666925796
9.2320323292
9.27167684185
9.22962844407
9.44338947182
9.31759884687
9.29897476993
9.54068047382
9.46444487744
9.43045684476
9.5238376527
9.5723683821
9.50071588738
9.59824176542
9.56745817217
9.22078524367
9.09959282763
9.36880049145
9.39699701058
9.27793952783
9.3835570657
9.39440087317
9.27688431519
9.46554813037
9.36092545482
9.58973848871
9.47442119262
9.35604378868
9.23583131238
9.46940850341
9.20271876516
9.2239697725
9.30673567887
9.21505031851
9.24714832018
9.28426828512
9.2919273418
9.46644442871
9.36592652201
9.32194056949
9.61115233778
9.3877987638
9.48077367812
9.21327955896
9.21335039588
9.44449518433
9.27758780362
9.45188631178
9.22477457655
9.46141026854
9.53068791848
9.29312130456
9.35039182272
9.20598043721
9.09995143156
9.25512016849
9.43557668819
9.18696137237
9.24171223642
9.38315713461
9.36308652239
9.4136941301
9.42782665552
9.43613001838
9.18376401066
9.45720158638
9.35639256358
9.25117037661
9.40072065107
9.36435853056
9.33977643311
9.40835427587
9.38640825432
9.08128524986
9.35081060402
9.35897309392
9.7740337238
9.2377567117
9.58844533043
9.44601532769
9.38640825432
9.39199511554
9.14759183043
9.59538550504
9.47120028461
9.54314278352
9.39037066353
9.37750411113
9.48208152059
9.28933696865
9.24997099894
9.28182519303
9.33823899546
9.374719832
9.24714832018
9.56411505993
9.45257677606
9.4981738668
9.45347430422
9.38925857712
9.54444207976
9.39016215736
9.47044226471
9.42526497652
9.40786868429
9.42187141077
9.42187141077
9.18923437497
9.38147028114
9.30015905601
9.27428094401
9.44062462397
9.415773773
9.44062462397
9.31570746421
9.42831121919
9.65910924963
9.32439064919
9.51771962663
9.28004959315
9.65126822555
9.44262921936
9.12158496762
9.37318812594
9.424503262
9.60857161109
9.42187141077
9.25187582026
9.55052590365
9.54698887106
9.54840725887
9.29059273125
9.40002637778
9.38147028114
9.32851932687
9.2919273418
9.48538474043
9.411197952
9.32551047123
9.60579485804
9.58272611841
9.59674573506
9.51657098732
9.3676161745
9.34417769609
9.33823899546
9.31654812613
9.3957901998
9.40224787185
9.35400319492
9.20938268947
9.18923437497
9.61739754504
9.42519573229
9.35604378868
9.43509249765
9.28089348496
9.46554813037
9.26463506541
9.39641532977
9.54145001386
9.56418329839
9.16320325281
9.39016215736
9.41376345893
9.51149474157
9.40925602233
9.54512584885
9.12315891595
9.58844533043
9.1957572563
9.37799127499
9.32942878986
9.35101998764
9.2239697725
9.4981738668
9.51951945422
9.48903070989
9.26540992279
9.56916339171
9.47170846853
9.49446266932
9.43758235579
9.43073366412
9.42803432871
9.43709826816
9.33117750802
9.28679858042
9.56964079873
9.3080679748
9.06322873442
9.22445620092
9.5059352029
9.37799127499
9.45354334132
9.47774429743
9.35911256178
9.60612607258
9.2822998008
9.21072906715
9.57386822171
9.72073700195
9.26083027975
9.60311924494
9.47815745181
9.2822998008
9.45354334132
9.36538646571
9.43280955033
9.38209636524
9.37799127499
9.40426064756
9.36106489359
9.43209169136
9.35967041242
9.47815745181
9.51492493408
9.28602550778
9.41376345893
9.49858613257
9.424503262
9.42782665552
9.40904793466
9.16464543158
9.26512816397
9.374719832
9.50717093689
9.36608330672
9.2629442425
9.37583364287
9.49611226948
9.57543598467
9.36531677875
9.46444487744
9.37916558383
9.52054777437
9.41861520903
9.41542719775
