30.2313764095
30.2403774261
30.2413637638
30.2423648834
30.2433567047
30.2443625927
30.2453577518
30.2463560104
30.2473502159
30.248354435
30.2493541241
30.2503578663
30.2513566017
30.2523653507
30.2533535957
30.2543447018
30.2553474903
30.2563397884
30.2573413849
30.2583341599
30.259345293
30.2603430748
30.2613401413
30.2623491287
30.2633492947
30.2643406391
30.2653331757
30.2663338184
30.2673535347
30.2683343887
30.2694001198
30.2703881264
30.2713360786
30.2723455429
30.2733435631
30.2743353844
30.2753317356
30.2763257027
30.2773368359
30.2783360481
30.2793273926
30.2803294659
30.2813463211
30.2823419571
30.2833347321
30.2843856812
30.28540802
30.2903268337
30.2913217545
30.2923159599
30.2933120728
30.2943120003
30.2954261303
30.296585083
30.2973172665
30.2983086109
30.2993056774
30.300308466
30.3013045788
30.3023085594
30.3035728931
30.3043656349
30.3055980206
30.3063189983
30.3075523376
30.3083031178
30.3095479012
30.3103072643
30.3115675449
30.3125584126
30.313552618
30.3145499229
30.3155493736
30.3165476322
30.3175518513
30.3185489178
30.3196177483
30.3205552101
30.3215510845
30.3223135471
30.3235611916
30.3245513439
30.3255653381
30.3265860081
30.327352047
30.3285651207
30.3355402946
30.336530447
30.3375308514
30.3385300636
30.3395376205
30.3405606747
30.3415296078
30.3425292969
30.3435316086
30.3455238342
30.3463363647
30.3475296497
30.348528862
30.3495311737
30.3505206108
30.3515200615
30.3525257111
30.3535203934
30.3542859554
30.3555216789
30.3563323021
30.3575263023
30.3585231304
30.3595209122
30.3605215549
30.3635220528
30.3645219803
30.3655261993
30.3665213585
30.3675220013
30.3685212135
30.36951828
30.3705234528
30.371522665
30.3725247383
30.3735144138
30.3745162487
30.3755326271
30.3765308857
30.3775238991
30.3785226345
30.3795249462
30.3805198669
30.3815121651
30.3825211525
30.383534193
30.3845250607
30.3855278492
30.3865275383
30.3875250816
30.3885183334
30.389519453
30.3905107975
30.3915159702
30.3925147057
30.3935112953
30.3945047855
30.3955044746
30.3965046406
30.3975086212
30.3985085487
30.3995089531
30.4005119801
30.4015014172
30.4025042057
30.4035534859
30.4045801163
30.4055333138
30.4065675735
30.407490015
30.4084897041
30.4095022678
30.4105267525
30.411482811
30.4124920368
30.4134850502
30.4144871235
30.4154858589
30.4164962769
30.4174849987
30.4184861183
30.4194815159
30.4204924107
30.4214849472
30.4224815369
30.4234771729
30.4244837761
30.4254803658
30.4264810085
30.4274811745
30.4285562038
30.4294929504
30.430485487
30.4314846992
30.4324920177
30.4334766865
30.434472084
30.4364755154
30.4374761581
30.4384891987
30.4394848347
30.4404718876
30.4414753914
30.4424712658
30.4434599876
30.4444615841
30.445463419
30.446475029
30.4474704266
30.4484667778
30.4494664669
30.4534733295
30.454458952
30.4554586411
30.4564790726
30.4574735165
30.458460331
30.4594576359
30.4604451656
30.4614508152
30.4624500275
30.4634506702
30.4644460678
30.4654846191
30.4664540291
30.4674534798
30.4684514999
30.4694561958
30.4704501629
30.4714686871
30.4724733829
30.4734575748
30.4744524956
30.4754521847
30.4764537811
30.4774470329
30.4784481525
30.4794406891
30.4804780483
30.4814665318
30.4824838638
30.4834568501
30.4844861031
30.485461235
30.4864692688
30.4874546528
30.4884669781
30.4894523621
30.4904725552
30.4914455414
30.4924390316
30.4934351444
30.4944307804
30.4954395294
30.4964387417
30.4974336624
30.49847579
30.4994344711
30.5004415512
30.5014402866
30.5024609566
30.5034766197
30.5044455528
30.5054681301
30.5064682961
30.5074677467
30.5084340572
30.5094637871
30.5104272366
30.5114212036
30.5124535561
30.5134353638
30.5144364834
30.515434742
30.5164685249
30.517421484
30.5184183121
30.5194172859
30.5204160213
30.5214598179
30.5224206448
30.5234229565
30.5244119167
30.5254249573
30.5264167786
30.5274221897
30.528414011
30.5294237137
30.5304205418
30.5314292908
30.532418251
30.5334250927
30.5344195366
30.5354311466
30.5364258289
30.5374333858
30.5384287834
30.5394206047
30.540419817
30.541418314
30.5444018841
30.5454273224
30.5464277267
30.5474507809
30.5484502316
30.5494437218
30.5504243374
30.5514192581
30.5524101257
30.5534152985
30.5544025898
30.5554101467
30.5564470291
30.5574243069
30.5584151745
30.5594134331
30.5604121685
30.5614225864
30.5624647141
30.5634040833
30.5644068718
30.5654563904
30.5664229393
30.5674111843
30.5685019493
30.5694978237
30.5703969002
30.5714416504
30.5724182129
30.5734078884
30.5743842125
30.5754845142
30.5763852596
30.5774559975
30.5784170628
30.579480648
30.580401659
30.5814003944
30.5824007988
30.5833878517
30.5843884945
30.5853893757
30.5863845348
30.5873885155
30.5883851051
30.5893816948
30.5903656483
30.5914001465
30.592366457
30.5933601856
30.5943567753
30.5953626633
30.5963647366
30.5973584652
30.5983688831
30.5993738174
30.6004149914
30.6014375687
30.6024365425
30.6033523083
30.6046237946
30.6053628922
30.606369257
30.6073887348
30.6086418629
30.6094124317
30.6104006767
30.6114401817
30.612404108
30.6133568287
30.6143484116
30.6153523922
30.6164600849
30.6173446178
30.6183485985
30.6193544865
30.6203589439
30.6213588715
30.6223604679
30.6233792305
30.6243741512
30.6253750324
30.6263692379
30.6273665428
30.6283545494
30.6293656826
30.6303474903
30.6313564777
30.6323411465
30.6343462467
30.6353523731
30.6363472939
30.6373507977
30.6383426189
30.639336586
30.6403331757
30.6413321495
30.6423382759
30.6433370113
30.6443474293
30.645339489
30.6463339329
30.6473293304
30.6483287811
30.6493272781
30.6503310204
30.6513295174
30.6523230076
30.6533286572
30.6543238163
30.6553208828
30.6563243866
30.6573240757
30.658321619
30.6593317986
30.6605660915
30.661380291
30.6623795033
30.6633219719
30.6645739079
30.6653773785
30.6663219929
30.6673183441
30.6683249474
30.6713247299
30.6723284721
30.6733250618
30.6743364334
30.6753311157
30.6763288975
30.6773352623
30.6783344746
30.6793162823
30.6803174019
30.6813118458
30.6823194027
30.6833188534
30.684607029
30.6853146553
30.6863174438
30.6873219013
30.6885690689
30.689368248
30.6903147697
30.6913068295
30.6923098564
30.6933162212
30.6943137646
30.6953117847
30.6965801716
30.6973090172
30.6983072758
30.6995427608
30.7005522251
30.70135355
30.7025446892
30.7055473328
30.706540823
30.7075424194
30.7085371017
30.709561348
30.7125537395
30.713542223
30.7145514488
30.7155437469
30.7165439129
30.7175340652
30.7183361053
30.719555378
30.7205543518
30.721560955
30.7225544453
30.7235488892
30.7245275974
30.7255337238
30.7265708447
30.7272918224
30.728525877
30.7295687199
30.7303831577
30.7315320969
30.7325251102
30.7335243225
30.7345249653
30.738524437
30.7395319939
30.7405161858
30.7415251732
30.7425396442
30.7433443069
30.7445151806
30.7455275059
30.7465281487
30.7475333214
30.7485208511
30.7495274544
30.7505652905
30.7545194626
30.7555274963
30.7565169334
30.7575273514
30.7585077286
30.7595095634
30.760535717
30.7615118027
30.7625112534
30.7635245323
30.764503479
30.7675251961
30.7685172558
30.7725126743
30.7735099792
30.7745089531
30.7755074501
30.7765030861
30.7775042057
30.778501749
30.7795045376
30.7805025578
30.7815108299
30.7825095654
30.7833108902
30.784522295
30.7855045795
30.7865202427
30.787519455
30.7885153294
30.7895174026
30.7905116081
30.7915139198
30.7925064564
30.7935006618
30.7945070267
30.7955107689
30.7965376377
30.797504425
30.7985234261
30.7994835377
30.8004882336
30.8014905453
30.8025112152
30.8034801483
30.8044757843
30.8055074215
30.8064825535
30.8074738979
30.8084695339
30.8094682693
30.8114936352
30.8124969006
30.8134765625
30.8144721985
30.8154695034
30.8164656162
30.8174672127
30.8184652328
30.8194658756
30.8204760551
30.8214633465
30.822480917
30.8234937191
30.8244903088
30.8254938126
30.8265488148
30.8274970055
30.8284857273
30.8294968605
30.830514431
30.8315095901
30.8324921131
30.8335068226
30.8345065117
30.8354592323
30.8374686241
30.838463068
30.8394620419
30.8404591084
30.8415226936
30.8444814682
30.8454735279
30.8464632034
30.8474640846
30.848457098
30.8494546413
30.8504705429
30.8514699936
30.8524706364
30.8534634113
30.8544800282
30.8564689159
30.8574671745
30.8584792614
30.8594830036
30.8604710102
30.8614690304
30.8624608517
30.8635165691
30.8644657135
30.8654742241
30.8664565086
30.8674581051
30.8685362339
30.8694856167
30.8704457283
30.8714456558
30.8724558353
30.8734474182
30.8744456768
30.8754451275
30.8764591217
30.8774585724
30.8784525394
30.8794569969
30.8804867268
30.8814485073
30.8824589252
30.8834502697
30.8844459057
30.8854498863
30.8864462376
30.8874492645
30.8884472847
30.8894410133
30.8904438019
30.8964567184
30.897452116
30.8984489441
30.9004409313
30.9014360905
30.9024453163
30.9054405689
30.9064440727
30.907438755
30.9084308147
30.9094331264
30.9104247093
30.9124429226
30.913438797
30.9144325256
30.9154179096
30.916418314
30.9174335003
30.9184191227
30.9194896221
30.9204375744
30.9214241505
30.9224908352
30.923476696
30.9244911671
30.9254937172
30.9265201092
30.927431345
30.9284183979
30.9294245243
30.930423975
30.9314687252
30.9324293137
30.9334263802
30.9344182014
30.9354255199
30.9364078045
30.9374353886
30.9384300709
30.9394319057
30.9404153824
30.9414384365
30.9424393177
30.9434378147
30.9444210529
30.9454250336
30.946418047
30.947419405
30.9484093189
30.9494175911
30.9504086971
30.9514119625
30.9524569511
30.9534215927
30.9544126987
30.955426693
30.9564034939
30.9574759007
30.9583990574
30.959457159
30.960439682
30.9614379406
30.9623978138
30.9634065628
30.9644315243
30.9654390812
30.9663889408
30.9674360752
30.9683823586
30.9693956375
30.9704632759
30.9714038372
30.9723846912
30.9734013081
30.9744007587
30.9754366875
30.9764015675
30.9774069786
30.9783782959
30.9793760777
30.9803712368
30.9813625813
30.9823720455
30.9833753109
30.9843747616
30.985376358
30.9863681793
30.9873709679
30.9883644581
30.9893677235
30.9903571606
30.991373539
30.992374897
30.9933679104
30.9963753223
30.997364521
30.9983663559
30.9993622303
31.0003614426
31.0013606548
31.0023698807
31.0033545494
31.0043625832
31.0053582191
31.0063636303
31.0143449306
31.0153505802
31.0163474083
31.0173437595
31.0183463097
31.0193533897
31.0203514099
31.0213608742
31.0223424435
31.0233387947
31.0243456364
31.0253441334
31.0263402462
31.0273404121
31.0283436775
31.029348135
31.0303471088
31.0313436985
31.0323605537
31.0333449841
31.0343332291
31.0353395939
31.0363361835
31.0373430252
31.0383384228
31.0393354893
31.0403325558
31.0413422585
31.0423395634
31.0433402061
31.0443265438
31.0453464985
31.0463495255
31.04733634
31.0483336449
31.0493371487
31.0503425598
31.051330328
31.0523295403
31.0533411503
31.0543284416
31.0553257465
31.0563259125
31.0573277473
31.0583262444
31.0593249798
31.0603277683
31.0613255501
31.0623216629
31.0633323193
31.0643303394
31.0653259754
31.0663220882
31.0673346519
31.068356514
31.069340229
31.070343256
31.0713331699
31.0723187923
31.0733296871
31.0743391514
31.0753190517
31.0763220787
31.0773217678
31.0783250332
31.0793297291
31.0803253651
31.0813264847
31.0823309422
31.0833246708
31.0843253136
31.085324049
31.0863246918
31.0873363018
31.0883266926
31.0893278122
31.0905685425
31.0915732384
31.0925621986
31.0935573578
31.0945556164
31.0955576897
31.0965547562
31.0975630283
31.0985546112
31.0995540619
31.1005585194
31.1015563011
31.1023128033
31.1035933495
31.1045899391
31.1055512428
31.1063525677
31.1075716019
31.108543396
31.1095466614
31.110558033
31.112555027
31.1135523319
31.1145515442
31.1155440807
31.1165373325
31.1175398827
31.1185469627
31.1195502281
31.1205439568
31.121543169
31.1225421429
31.1235275269
31.1245803833
31.1255290508
31.1265349388
31.1273314953
31.1285274029
31.1295342445
31.1305260658
31.131531477
31.1325278282
31.1335318089
31.1345252991
31.1355266571
31.1365253925
31.1375236511
31.1385223866
31.139523983
31.1405279636
31.1415207386
31.1425275803
31.1435220242
31.1445577145
31.1455180645
31.1465599537
31.1475219727
31.1485202312
31.1495244503
31.1505191326
31.1515140533
31.1525149345
31.1535131931
31.1545145512
31.1555197239
31.1565587521
31.1575200558
31.1585128307
31.1595239639
31.1605215073
31.161519289
31.1625156403
31.1635165215
31.1645073891
31.1655108929
31.1665365696
31.1675152779
31.1685111523
31.1695077419
31.1705050468
31.1715307236
31.1725172997
31.1735239029
31.1745054722
31.1755058765
31.176504612
31.1865031719
31.1875009537
31.1884963512
31.1894977093
31.1904993057
31.1914961338
31.1924936771
31.1934938431
31.1945068836
31.1954977512
31.1964893341
31.1974916458
31.1984980106
31.199488163
31.2005391121
31.2014870644
31.202485323
31.2034862041
31.2044775486
31.2055060863
31.2065289021
31.2074804306
31.2084908485
31.2094898224
31.2104794979
31.2114906311
31.2124845982
31.2134802341
31.2144796848
31.2154841423
31.2164740562
31.2174742222
31.2184760571
31.2194774151
31.2204709053
31.2214715481
31.2224702835
31.2234735489
31.2244663239
31.2254872322
31.2264759541
31.2274744511
31.2284913063
31.2294828892
31.2304973602
31.2314767838
31.2324793339
31.2334814072
31.2344675064
31.2354691029
31.2365016937
31.2374644279
31.2384655476
31.2394726276
31.2404680252
31.2414636612
31.2424783707
31.2434585094
31.2445077896
31.2455005646
31.2484674454
31.2494654655
31.2504618168
31.2514564991
31.2524607182
31.2544744015
31.2554571629
31.2564570904
31.2604651451
31.2614562511
31.2624526024
31.2634661198
31.2644660473
31.26547122
31.2664551735
31.2674553394
31.2684562206
31.270452261
31.2714569569
31.2724535465
31.2734549046
31.2744483948
31.2754464149
31.2764515877
31.2774498463
31.2784473896
31.2794435024
31.2804410458
31.2814426422
31.2824513912
31.2834370136
31.2844378948
31.2854344845
31.2864425182
31.2874400616
31.2884399891
31.289440155
31.2904467583
31.2914412022
31.2924439907
31.2934446335
31.2944512367
31.2954423428
31.2964398861
31.2974381447
31.2984380722
31.2994344234
31.3004412651
31.3014361858
31.3024413586
31.3034288883
31.3044466972
31.3054232597
31.3064799309
31.3084311485
31.309432745
31.3104257584
31.3114655018
31.312441349
31.3134236336
31.3144235611
31.3154313564
31.3164434433
31.3174908161
31.3184678555
31.3194899559
31.3204667568
31.3214919567
31.3224544525
31.3234188557
31.3244688511
31.3254909515
31.3265259266
31.3274490833
31.3284168243
31.3294143677
31.3304076195
31.3314092159
31.3324351311
31.3334181309
31.3344342709
31.3354175091
31.3364186287
31.3374361992
31.3394210339
31.340413332
31.3414242268
31.3424720764
31.343467474
31.3444154263
31.3454709053
31.3464787006
31.3474025726
31.3484175205
31.3494100571
31.3504099846
31.3514668941
31.3524608612
31.357407093
31.3584039211
31.3594081402
31.3604457378
31.3613994122
31.3624019623
31.3634757996
31.3643996716
31.3654799461
31.36647439
31.3674459457
31.3683857918
31.369399786
31.3703758717
31.3713848591
31.372436285
31.3734395504
31.3744330406
31.3754973412
31.3763754368
31.3774003983
31.3783843517
31.3794035912
31.3803834915
31.3814125061
31.3824646473
31.3834998608
31.3844568729
31.3855137825
31.3864428997
31.3874716759
31.3884263039
31.3894267082
31.3904354572
31.3914775848
31.3923742771
31.3933713436
31.3943703175
31.3953738213
31.3963699341
31.3973679543
31.3983633518
31.399367094
31.40036273
31.4013600349
31.4023673534
31.4033591747
31.4043626785
31.4053707123
31.406368494
31.4073605537
31.4083585739
31.4093675613
31.4103581905
31.4113564491
31.4153559208
31.4163563251
31.4173564911
31.4183485508
31.4193482399
31.4203476906
31.4213547707
31.4223532677
31.4233448505
31.4243495464
31.4254391193
31.42664814
31.4274363518
31.4283516407
31.4293673038
31.4303472042
31.4313504696
31.432356596
31.4334070683
31.4343831539
31.4353535175
31.4363670349
31.4373409748
31.4383430481
31.4393396378
31.4403336048
31.4413394928
31.4423408508
31.4433350563
31.4443361759
31.4453299046
31.4463407993
31.447334528
31.4483335018
31.452327013
31.4533390999
31.4543309212
31.4553246498
31.4563291073
31.4573264122
31.4583258629
31.4593234062
31.4603214264
31.4613206387
31.4623367786
31.4635615349
31.4643192291
31.4655628204
31.466324091
31.4673275948
31.4683172703
31.4693315029
31.4703292847
31.4713206291
31.4724266529
31.473357439
31.4743123055
31.4755985737
31.4764409065
31.4773192406
31.4783117771
31.4793496132
31.480309248
31.4813213348
31.482609272
31.4835734367
31.4843480587
31.4853105545
31.4863145351
31.4873023033
31.488304615
31.4903075695
31.4913043976
31.4923088551
31.5025413036
31.5035426617
31.5045361519
31.5055420399
31.5065383911
31.5075421333
31.5085361004
31.5092990398
31.5105307102
31.5115351677
31.5125305653
31.5135309696
31.5145335197
31.5155293941
31.5165290833
31.5172834396
31.5185275078
31.519528389
31.520524025
31.5215234756
31.5225265026
31.5235219002
31.5245213509
31.5252900124
31.5265200138
31.527520895
31.5285189152
31.5295238495
31.5305213928
31.5315237045
31.5325233936
31.5395331383
31.5405294895
31.5415201187
31.5425212383
31.5435268879
31.5445127487
31.5455136299
31.5465126038
31.547513485
31.5485136509
31.5495152473
31.5505070686
31.5515096188
31.552511692
31.5535075665
31.5545032024
31.5555078983
31.5565166473
31.5575072765
31.5585083961
31.5595092773
31.5605025291
31.5615115166
31.562507391
31.5635032654
31.5645205975
31.5655171871
31.5665080547
31.5675172806
31.5685012341
31.5695035458
31.5705108643
31.5715272427
31.5725052357
31.5755114555
31.5765268803
31.5775084496
31.5784993172
31.5795156956
31.5815103054
31.582498312
31.5835325718
31.5844943523
31.5854926109
31.5864982605
31.5875043869
31.5884943008
31.5895106792
31.5904932022
31.5915064812
31.592487812
31.5934884548
31.5944871902
31.5954842567
31.5964951515
31.5974850655
31.5984826088
31.5994882584
31.600486517
31.6014933586
31.6024990082
31.6033315659
31.6044826508
31.6053287983
31.6065266132
31.6074857712
31.6084878445
31.6094868183
31.610481739
31.6114778519
31.6124827862
31.613483429
31.6144840717
31.6164770126
31.6174776554
31.6184732914
31.6194756031
31.6204717159
31.6214721203
31.6224720478
31.6234695911
31.6244673729
31.6254682541
31.6264753342
31.6274678707
31.6284627914
31.6294987202
31.6304650307
31.6314721107
31.6324708462
31.6334643364
31.6344938278
31.6354649067
31.6364622116
31.6374678612
31.638471365
31.6394782066
31.6404781342
31.6414630413
31.642472744
31.6434943676
31.6444911957
31.645465374
31.6474893093
31.6484651566
31.6544795036
31.6555175781
31.6565082073
31.6574554443
31.6584522724
31.6594488621
31.6604580879
31.6614525318
31.6624531746
31.6634554863
31.6644532681
31.6654536724
31.6664571762
31.667453289
31.6684718132
31.66949296
31.6704928875
31.6715016365
31.6724665165
31.67350173
31.6744527817
31.675450325
31.6764535904
31.6774737835
31.6794497967
31.6804406643
31.6814453602
31.6824645996
31.6835579872
31.6844422817
31.685461998
31.6865451336
31.6875081062
31.6885004044
31.6895053387
31.6904411316
31.6914851665
31.69247365
31.6944303513
31.6954286098
31.6964251995
31.6974344254
31.6984386444
31.699444294
31.7004468441
31.7014336586
31.702432394
31.7034454346
31.7044429779
31.7054829597
31.7064614296
31.7074215412
31.7084255219
31.7094342709
31.7104306221
31.7124261856
31.7134244442
31.7144374847
31.7154386044
31.716439724
31.7174415588
31.7184355259
31.7194387913
31.7204344273
31.7214288712
31.7224369049
31.7234213352
31.724442482
31.7254309654
31.726429224
31.7274255753
31.7284338474
31.7294213772
31.7304198742
31.7314107418
31.7323811054
31.7364165783
31.7374119759
31.7384119034
31.739413023
31.7404067516
31.7414138317
31.7424249649
31.7434113026
31.7444050312
31.7454345226
31.7464096546
31.74741292
31.7484068871
31.7494394779
31.7504050732
31.7514088154
31.7574129105
31.758412838
31.7594029903
31.7604014874
31.761387825
31.7623949051
31.7633850574
31.7643861771
31.7653813362
31.7663760185
31.7674481869
31.7683796883
31.7694308758
31.7703802586
31.771386385
31.7723784447
31.7733876705
31.7743787766
31.7753868103
31.7763745785
31.7774403095
31.7783753872
31.7793822289
31.780374527
31.7814068794
31.7823770046
31.7833888531
31.7843775749
31.7854328156
31.7863976955
31.7874023914
31.7884061337
31.789409399
31.7914164066
31.7923877239
31.7933793068
31.7943761349
31.7953803539
31.796364069
31.7973837852
31.7984223366
31.79941535
31.8003671169
31.8014183044
31.8023602962
31.8033623695
31.8044002056
31.8053536415
31.8064012527
31.8074498177
31.8083593845
31.8093523979
31.8103544712
31.8113541603
31.8123602867
31.8133625984
31.8143603802
31.8153567314
31.8163533211
31.8173799515
31.8183679581
31.8193621635
31.8203618526
31.8213577271
31.8223664761
31.8233566284
31.8243534565
31.8254864216
31.826363802
31.8273644447
31.8283560276
31.8293550014
31.8303551674
31.8313531876
31.8323626518
31.8333513737
31.8343474865
31.835350275
31.8363502026
31.8373429775
31.8383460045
31.8393409252
31.8403427601
31.8415789604
31.8423402309
31.8433420658
31.8443360329
31.8453388214
31.8463432789
31.8473351002
31.8483419418
31.849337101
31.8503370285
31.8513460159
31.8523359299
31.8533365726
31.8543334007
31.8553376198
31.8563334942
31.8573408127
31.8583853245
31.8593986034
31.8603253365
31.861330986
31.8623292446
31.8633301258
31.8643240929
31.8653225899
31.8663229942
31.8673202991
31.868319273
31.8693380356
31.870316267
31.8713150024
31.87231493
31.8733148575
31.8753128052
31.8763127327
31.8773140907
31.8803162575
31.8813159466
31.8823335171
31.8833258152
31.8843188286
31.8853223324
31.8863403797
31.887565136
31.8883211613
31.889323473
31.8903090954
31.8913109303
31.8923099041
31.8963110447
31.8973047733
31.8983051777
31.8993172646
31.9003043175
31.9013104439
31.902585268
31.903301239
31.904299736
31.9055526257
31.9062957764
31.9075806141
31.9085402489
31.9092988968
31.9105365276
31.9115374088
31.9125368595
31.9135391712
31.9145340919
31.9155402184
31.9165408611
31.9172911644
31.9185364246
31.9195320606
31.920529604
31.9215297699
31.9225356579
31.923527956
31.9245283604
31.9252886772
31.9265375137
31.9275331497
31.9295346737
31.930529356
31.9313387871
31.93253088
31.9335312843
31.9345328808
31.935533762
31.9365236759
31.937525034
31.9385228157
31.9395208359
31.9405195713
31.9415237904
31.9425246716
31.9435276985
31.9445216656
31.9455251694
31.946526289
31.9475269318
31.948520422
31.9495282173
31.950511694
31.9515125751
31.9525127411
31.9535105228
31.9545090199
31.9555106163
31.9565112591
31.9575095177
31.9585103989
31.9595093727
31.9605441093
31.9615097046
31.9625141621
31.9635052681
31.9645113945
31.9655151367
31.9665052891
31.9675164223
31.9685275555
31.9695506096
31.9705305099
31.9715149403
31.9725065231
31.9735062122
31.974506855
31.9755036831
31.9765059948
31.9775059223
31.9784994125
31.97950387
31.9804971218
31.981505394
31.9824976921
31.983506918
31.984495163
31.9854998589
31.9864981174
31.9873554707
31.9884989262
31.9895036221
31.990493536
31.9915032387
31.9924898148
31.9935004711
31.9944908619
31.9954986572
31.9964921474
31.9974937439
31.9984874725
31.9995007515
32.0004899502
32.001486063
32.0024886131
32.0034837723
32.0044820309
32.0054943562
32.0064814091
32.0075030327
32.0084981918
32.0094976425
32.010484457
32.0114815235
32.0124828815
32.0134813786
32.0144846439
32.0156095028
32.0164813995
32.0174865723
32.0184977055
32.0194866657
32.0204837322
32.0214877129
32.0224776268
32.0234742165
32.0244774818
32.0254759789
32.0264742374
32.027477026
32.0284738541
32.0294873714
32.0304970741
32.0314848423
32.0334813595
32.0344696045
32.035472393
32.0364677906
32.0374696255
32.0384714603
32.0395073891
32.0404951572
32.0414786339
32.0424745083
32.0434758663
32.0445053577
32.04545784
32.0464615822
32.047457695
32.0484566689
32.0494570732
32.0504553318
32.0514535904
32.0524573326
32.0554573536
32.0564527512
32.0574548244
32.0584464073
32.0594511032
32.0604529381
32.0614528656
32.06244874
32.0634503365
32.0644466877
32.0654494762
32.0664572716
32.0674777031
32.0684714317
32.0694980621
32.0704574585
32.0714631081
32.072460413
32.0734596252
32.0744609833
32.0754697323
32.0764603615
32.0774643421
32.0784678459
32.0794622898
32.080452919
32.0815124512
32.0824935436
32.0834629536
32.0844576359
32.0854532719
32.0864539146
32.087485075
32.0884687901
32.0894527435
32.0904512405
32.0914533138
32.0924460888
32.0934453011
32.0944440365
32.0954456329
32.0964412689
32.0974445343
32.0984408855
32.0994436741
32.1004431248
32.1014354229
32.1024689674
32.1034371853
32.1044747829
32.1054339409
32.1064317226
32.1074330807
32.1084399223
32.1094443798
32.1104848385
32.1114494801
32.1124551296
32.1134383678
32.1144523621
32.115457058
32.1164610386
32.1174397469
32.1184473038
32.1194369793
32.1204349995
32.1214392185
32.1224360466
32.1234471798
32.124464035
32.1254329681
32.1264593601
32.1274344921
32.128464222
32.1294248104
32.1304306984
32.1314442158
32.1324293613
32.1334104538
32.134414196
32.1354236603
32.1364281178
32.1374187469
32.1384136677
32.1394422054
32.1404469013
32.141422987
32.1424233913
32.1434252262
32.1444289684
32.1454145908
32.1464169025
32.1474337578
32.1484055519
32.1494095325
32.1504263878
32.1514072418
32.1524648666
32.1534090042
32.1544060707
32.1554808617
32.1564471722
32.1574053764
32.1584000587
32.1594626904
32.1605172157
32.1615738869
32.1624956131
32.1634340286
32.1644532681
32.1654913425
32.1665115356
32.1674380302
32.1685023308
32.1793892384
32.1804418564
32.1814393997
32.1824333668
32.1864535809
32.1873989105
32.188388586
32.1893987656
32.190425396
32.1914236546
32.1923787594
32.1933822632
32.1943781376
32.1953837872
32.1963746548
32.197394371
32.1983773708
32.1993880272
32.2004420757
32.2014019489
32.2024319172
32.2033877373
32.2044398785
32.2054321766
32.2064287663
32.2074086666
32.2083976269
32.2094018459
32.2104337215
32.2113895416
32.2123782635
32.2133841515
32.2143716812
32.2153863907
32.2163772583
32.2173979282
32.2183730602
32.2193834782
32.2203602791
32.221421957
32.2223687172
32.2243676186
32.2253744602
32.2263629436
32.2273828983
32.2283580303
32.2293775082
32.230355978
32.2313656807
32.2323689461
32.2333643436
32.2343616486
32.2354426384
32.2364330292
32.2373669147
32.2383580208
32.2394254208
32.240676403
32.2415902615
32.2423505783
32.2434563637
32.2444083691
32.2454376221
32.2463884354
32.247351408
32.2483398914
32.2493424416
32.2503416538
32.2513387203
32.2523419857
32.2533426285
32.254338026
32.2553360462
32.2563374043
32.2573390007
32.2583434582
32.2593557835
32.2603459358
32.2613518238
32.262345314
32.2633457184
32.2643404007
32.2654035091
32.2663431168
32.2673432827
32.2683792114
32.2693378925
32.2703859806
32.2713468075
32.272349596
32.2733383179
32.274336338
32.2753522396
32.2763421535
32.27734828
32.2783296108
32.2793283463
32.2803211212
32.2813267708
32.2823321819
32.283343792
32.2843687534
32.2854104042
32.2863755226
32.2873396873
32.2883212566
32.2893214226
32.2903218269
32.2913224697
32.2923247814
32.2933256626
32.2943263054
32.295345068
32.2963290215
32.2973225117
32.2983255386
32.2993223667
32.3013210297
32.3023138046
32.3033196926
32.3043141365
32.3053123951
32.3063135147
32.3073101044
32.3083167076
32.3093729019
32.3105583191
32.3115653992
32.312564373
32.3133454323
32.3145506382
32.315549612
32.3163423538
32.3175935745
32.3185584545
32.3195447922
32.3205578327
32.3213591576
32.3225474358
32.3235387802
32.3245608807
32.3255403042
32.3265485764
32.327552557
32.3285498619
32.3295516968
32.3305497169
32.3315591812
32.3323121071
32.3335738182
32.3345603943
32.3355522156
32.3365447521
32.3375473022
32.3385970592
32.3393361568
32.3405354023
32.3415362835
32.3425331116
32.3435380459
32.3445267677
32.3455312252
32.3465445042
32.3475351334
32.3485281467
32.3495295048
32.3505263329
32.3515291214
32.3525476456
32.3535375595
32.354568243
32.3555366993
32.3565404415
32.3575353622
32.358537674
32.3595430851
32.3606004715
32.3615689278
32.3625314236
32.3635237217
32.3643155098
32.3656241894
32.3665266037
32.3675291538
32.3685209751
32.3695170879
32.3705568314
32.3715178967
32.3725178242
32.3735125065
32.374515295
32.3755145073
32.3765115738
32.3775119781
32.3785076141
32.3795442581
32.3805968761
32.3815085888
32.3825139999
32.3835566044
32.3845098019
32.385560751
32.3865096569
32.387513876
32.3885080814
32.389516592
32.3905055523
32.3915615082
32.3925333023
32.3935177326
32.3945252895
32.3955383301
32.3965499401
32.3975141048
32.3985207081
32.3996012211
32.4005813599
32.4015440941
32.4025328159
32.4035301208
32.4045579433
32.4054939747
32.4065010548
32.4075119495
32.408495903
32.4095044136
32.4104921818
32.4115352631
32.4124875069
32.4135022163
32.4144887924
32.4154999256
32.4164860249
32.4174985886
32.4184896946
32.4194977283
32.4204845428
32.4214863777
32.4225614071
32.4235768318
32.424485445
32.4254851341
32.4265084267
32.4274821281
32.4284899235
32.429505825
32.4304945469
32.4315476418
32.4324891567
32.4334840775
32.4344847202
32.4354860783
32.4364855289
32.4374845028
32.4384813309
32.4394807816
32.4404807091
32.4414753914
32.4424743652
32.4434762001
32.4444687366
32.445469141
32.446472168
32.4474718571
32.4484655857
32.4494612217
32.4504950047
32.4514758587
32.4524588585
32.453455925
32.454457283
32.4554572105
32.4564566612
32.4574553967
32.4584522247
32.4595301151
32.4605543613
32.4615085125
32.4625020027
32.4635095596
32.4645187855
32.4654910564
32.468539238
32.4695136547
32.4704525471
32.4714541435
32.4724490643
32.4734530449
32.4744510651
32.475467205
32.4764604568
32.4774577618
32.4784560204
32.4794516563
32.4804470539
32.481515646
32.4824581146
32.4834487438
32.4844503403
32.4854457378
32.4864487648
32.4874463081
32.4884521961
32.4894471169
32.490473032
32.4914848804
32.4924890995
32.4954423904
32.4964456558
32.4974455833
32.4984416962
32.4994463921
32.5004851818
32.5014631748
32.5024418831
32.5034372807
32.5044698715
32.50543046
32.5064628124
32.5074408054
32.508436203
32.5094377995
32.5104231834
32.5114860535
32.5124487877
32.51343894
32.5144262314
32.5154325962
32.5164251328
32.5174767971
32.5184361935
32.519464016
32.5204386711
32.5214343071
32.5224347115
32.5234341621
32.5244314671
32.5254285336
32.5264222622
32.5274252892
32.528421402
32.5294239521
32.5304253101
32.5314257145
32.5324766636
32.5334300995
32.534424305
32.5354213715
32.5364177227
32.5374147892
32.5384135246
32.5394122601
32.5404136181
32.5414192677
32.5424313545
32.5434174538
32.5444149971
32.5454051495
32.5464482307
32.5474019051
32.5484154224
32.5493996143
32.5504004955
32.5514013767
32.552416563
32.5533998013
32.5544016361
32.555403471
32.556401968
32.5574371815
32.5584027767
32.559407711
32.5604159832
32.5614099503
32.5624165535
32.5634117126
32.564399004
32.5653991699
32.5663981438
32.5674960613
32.5683887005
32.5694036484
32.5703952312
32.5714075565
32.572388649
32.5734064579
32.5744056702
32.5754053593
32.5763986111
32.5774002075
32.5784304142
32.5794372559
32.5804319382
32.5813868046
32.5824635029
32.5833880901
32.584384203
32.5853817463
32.5863859653
32.587382555
32.5883738995
32.5893797874
32.5903868675
32.591385603
32.5923826694
32.5933849812
32.5943779945
32.5953965187
32.5963714123
32.5973775387
32.5983707905
32.5995862484
32.6003649235
32.601385355
32.6023769379
32.6033887863
32.6044213772
32.6053769588
32.6063673496
32.6073722839
32.6083626747
32.6093645096
32.6103625298
32.6113696098
32.6123631001
32.6133718491
32.6143608093
32.6153717041
32.616361618
32.6173703671
32.6183600426
32.6193678379
32.6203577518
32.6213707924
32.6223628521
32.6233694553
32.6243617535
32.6254007816
32.6263608932
32.6273782253
32.6283524036
32.6293551922
32.6303572655
32.6313529015
32.6323575974
32.6333804131
32.6343548298
32.6353685856
32.6363582611
32.6373803616
32.6383583546
32.639346838
32.6403460503
32.641356945
32.6423406601
32.6433417797
32.644340992
32.6453337669
32.6463496685
32.6473455429
32.6483445168
32.6493415833
32.6503391266
32.6513357162
32.6523361206
32.6533396244
32.6543393135
32.6553380489
32.656337738
32.6573345661
32.6583349705
32.6593337059
32.6603338718
32.6613428593
32.6623692513
32.6633427143
32.664345026
32.6653997898
32.666428566
32.6673898697
32.6684105396
32.6696157455
32.6705899239
32.6716427803
32.6724867821
32.6734194756
32.6743695736
32.6753826141
32.6764416695
32.6773376465
32.6783702374
32.6793236732
32.6803610325
32.6813809872
32.6826629639
32.6833879948
32.6843247414
32.6853530407
32.6863539219
32.6873402596
32.6883423328
32.6893315315
32.6903276443
32.6913218498
32.6923134327
32.6933133602
32.6943132877
32.6953117847
32.6963093281
32.6973173618
32.6983101368
32.699311018
32.70033741
32.701375246
32.702341795
32.703363657
32.7043449879
32.705344677
32.7063159943
32.7073595524
32.7083041668
32.7095718384
32.7103459835
32.7115483284
32.712344408
32.7133090496
32.714550972
32.7153093815
32.7163114548
32.717553854
32.7185556889
32.7195484638
32.7205564976
32.7215662003
32.7223505974
32.7233896255
32.7245633602
32.7253501415
32.7265555859
32.7273330688
32.7285454273
32.7295453548
32.7305779457
32.7312879562
32.7325334549
32.7335307598
32.7345328331
32.7355306149
32.7365756035
32.7375695705
32.7385239601
32.7392854691
32.7405333519
32.7435233593
32.7445223331
32.7455224991
32.7465212345
32.7475206852
32.7485172749
32.7495174408
32.7505173683
32.7515161037
32.7525556087
32.7535159588
32.7545135021
32.7555155754
32.7565150261
32.7575166225
32.7585155964
32.7595150471
32.7605168819
32.761516571
32.7625229359
32.7635145187
32.7645111084
32.7655124664
32.7665090561
32.7675113678
32.7685222626
32.769536972
32.7705140114
32.7715175152
32.7725105286
32.7785160542
32.7795078754
32.7805104256
32.7813491821
32.782501936
32.7835068703
32.7846341133
32.7855429649
32.7864983082
32.7875022888
32.7884979248
32.7896513939
32.7905154228
32.7915384769
32.7926156521
32.7935390472
32.794511795
32.7954990864
32.7965185642
32.7975459099
32.7984967232
32.799497366
32.8004970551
32.8015017509
32.802511692
32.8035140038
32.80453825
32.8054981232
32.8064949512
32.8075156212
32.8085033894
32.8115010262
32.8125
32.8134980202
32.8144960403
32.815500021
32.8164870739
32.8174974918
32.8204879761
32.8214848042
32.8224873543
32.8234968185
32.8244822025
32.8254947662
32.8265066147
32.8274898529
32.8284847736
32.829480648
32.8304815292
32.8314816952
32.8324770927
32.8375077248
32.838470459
32.839468956
32.8405249119
32.8414702415
32.8424727917
32.8435134888
32.8444666862
32.8455116749
32.8464748859
32.8474657536
32.8484740257
32.8494868279
32.8505094051
32.8515021801
32.8524665833
32.8534636497
32.8544671535
32.8554618359
32.8564622402
32.8574624062
32.8584611416
32.8594594002
32.8604590893
32.8614571095
32.862457037
32.8634617329
32.8644590378
32.8654541969
32.8664569855
32.8674592972
32.8684859276
32.8694903851
32.8704588413
32.8714683056
32.8724653721
32.873459816
32.8744561672
32.8754611015
32.8764538765
32.8774585724
32.8784573078
32.8794536591
32.8804507256
32.8814606667
32.8824555874
32.8844487667
32.8854484558
32.8864498138
32.8874516487
32.8884496689
32.8894495964
32.8904500008
32.8914499283
32.8924527168
32.8934471607
32.8944444656
32.895452261
32.8964426517
32.8974452019
32.8984453678
32.8994486332
32.9034490585
32.9044511318
32.9054505825
32.9064397812
32.907320261
32.9084422588
32.9094376564
32.9104573727
32.9114427567
32.9124605656
32.9134535789
32.9144451618
32.915443182
32.9164588451
32.9174559116
32.9184370041
32.9194600582
32.9204390049
32.9214491844
32.9224386215
32.923428297
32.9245831966
32.9254653454
32.9264736176
32.9274733067
32.9284317493
32.9294381142
32.9304478168
32.9354200363
32.9364225864
32.937420845
32.9384260178
32.9394273758
32.9404332638
32.9414386749
32.9424276352
32.943441391
32.9444372654
32.9454274178
32.9464290142
32.9474260807
32.9484226704
32.9494299889
32.9504344463
32.9514386654
32.9524161816
32.9554047585
32.9564116001
32.957403183
32.9584093094
32.9594111443
32.9604048729
32.9614226818
32.9624168873
32.9634068012
32.9643957615
32.9653999805
32.9664123058
32.9674401283
32.9683992863
32.9693994522
32.970400095
32.9714157581
32.9723997116
32.9734041691
32.9773983955
32.9784026146
32.9794023037
32.9804093838
32.9814214706
32.9824018478
32.9834003448
32.9843802452
32.9853796959
32.986379385
32.9873857498
32.988380909
32.989377737
32.9903764725
32.9913730621
32.9923844337
32.9934015274
32.9983773232
32.9993755817
33.0003702641
33.0013682842
33.0023698807
33.0033671856
33.0043635368
33.0053648949
33.0063633919
33.0073673725
33.0083658695
33.0093672276
33.0103654861
33.0113697052
33.0123717785
33.0133695602
33.0143597126
33.015370369
33.0163629055
33.0173699856
33.0183570385
33.0313630104
33.0323529243
33.0333628654
33.034348011
33.0353581905
33.0363516808
33.0373618603
33.0383491516
33.0393633842
33.0403487682
33.0413663387
33.0423500538
33.0433568954
33.0443422794
33.0453419685
33.0463442802
33.0473423004
33.0483396053
33.0493400097
33.0503439903
33.0513432026
33.0533401966
33.0543425083
33.0553386211
33.0563406944
33.0573391914
33.0583388805
33.0593407154
33.0603411198
33.0613598824
33.0623438358
33.0633420944
33.0643393993
33.0653414726
33.066347599
33.0673570633
33.0683670044
33.070348978
33.0714008808
33.0723555088
33.0753426552
33.0763397217
33.0773460865
33.0783438683
33.0793373585
33.0803365707
33.0813367367
33.0843236446
33.0853323936
33.0863387585
33.0873365402
33.088332653
33.0893306732
33.0903310776
33.0913398266
33.0923337936
33.0933530331
33.0953266621
33.0963253975
33.0973255634
33.0983281136
33.0993287563
33.1003370285
33.1013216972
33.1023247242
33.1033141613
33.1043138504
33.1053235531
33.1063323021
33.1073229313
33.1083242893
33.1093165874
33.1103184223
33.1113188267
33.1123244762
33.1133160591
33.114310503
33.1153130531
33.1163191795
33.1173193455
33.1183240414
33.1195678711
33.1205797195
33.1225726604
33.1235575676
33.1245672703
33.1255609989
33.1263096333
33.1275863647
33.1285471916
33.1295480728
33.1305451393
33.1315455437
33.1325485706
33.1335430145
33.134462595
33.135550499
33.1365449429
33.1375510693
33.1385476589
33.1395442486
33.1405570507
33.1415476799
33.1422920227
33.1435425282
33.1445877552
33.1455404758
33.1465399265
33.1475412846
33.1495463848
33.1505391598
33.1515364647
33.1525416374
33.1535480022
33.1545445919
33.1555426121
33.1565492153
33.1575419903
33.1585421562
33.1595146656
33.1606030464
33.1615264416
33.1625525951
33.1635353565
33.1645374298
33.165566206
33.1665532589
33.1675276756
33.174519062
33.1755225658
33.1765286922
33.1775176525
33.1785259247
33.1795191765
33.1805202961
33.1815149784
33.1825165749
33.1835148335
33.1845121384
33.1855165958
33.1865141392
33.1875104904
33.1885201931
33.1895115376
33.1905150414
33.1915078163
33.1925222874
33.1935389042
33.1945257187
33.1955115795
33.1965150833
33.1975126266
33.1985192299
33.1995112896
33.2005019188
33.2014987469
33.2025063038
33.2035076618
33.204533577
33.2054998875
33.2065443993
33.2074940205
33.2085056305
33.2095096111
33.2105004787
33.2115006447
33.2125008106
33.2135033607
33.2144973278
33.2154972553
33.2164978981
33.2175018787
33.2184937
33.2195034027
33.2204935551
33.2214999199
33.2225008011
33.2235066891
33.2245006561
33.2255001068
33.2265233994
33.2275102139
33.2285132408
33.2295091152
33.2305045128
33.2314858437
33.2325000763
33.2334852219
33.2344861031
33.2355077267
33.2365062237
33.2394976616
33.2405064106
33.2414872646
33.2424838543
33.2434983253
33.2444777489
33.2455437183
33.2465407848
33.2474968433
33.2484836578
33.2494778633
33.2504837513
33.2514822483
33.2525069714
33.2534999847
33.254502058
33.255531311
33.256500721
33.2574975491
33.2585213184
33.2595067024
33.2604856491
33.2614831924
33.2624778748
33.2634699345
33.2644770145
33.2654702663
33.266561985
33.2674658298
33.2684669495
33.2694702148
33.2704639435
33.2714648247
33.2724626064
33.2734644413
33.2745044231
33.2755274773
33.2764573097
33.2774765491
33.2785520554
33.2794981003
33.2805800438
33.2815413475
33.2825586796
33.2835481167
33.2845396996
33.285513401
33.2865569592
33.2875101566
33.2884640694
33.289460659
33.2904615402
33.2914590836
33.2924516201
33.2974574566
33.2984650135
33.2994561195
33.3004567623
33.3014559746
33.30245924
33.3034541607
33.3044815063
33.3054878712
33.306448698
33.3074541092
33.3084859848
33.3094863892
33.310482502
33.3115320206
33.3124845028
33.3134515285
33.314478159
33.3154671192
33.3164844513
33.3174569607
33.318464756
33.3194489479
33.3204495907
33.3214468956
33.323438406
33.3244798183
33.3254904747
33.3264422417
33.3274395466
33.3284459114
33.3294351101
33.330435276
33.3314349651
33.3324360847
33.3334505558
33.3344492912
33.3354327679
33.3364338875
33.3374457359
33.3384284973
33.3394286633
33.3404319286
33.3414394855
33.3424406052
33.3434319496
33.3444669247
33.3454315662
33.3464276791
33.3474259377
33.3484201431
33.3494591713
33.3504474163
33.3514719009
33.3524260521
33.3534188271
33.354416132
33.3554372787
33.3564107418
33.3574140072
33.358412981
33.359411478
33.3604185581
33.3614802361
33.3624153137
33.3634712696
33.3644146919
33.3654780388
33.3664560318
33.367452383
33.3684134483
33.3694059849
33.3704054356
33.371409893
33.3724119663
33.3734233379
33.3744137287
33.3754103184
33.3764092922
33.3774118423
33.3784153461
33.3794140816
33.3804233074
33.3814282417
33.3824295998
33.3834173679
33.3844079971
33.385402441
33.3864121437
33.3874080181
33.3884167671
33.3894276619
33.3904156685
33.3914172649
33.3924875259
33.3934032917
33.3943977356
33.3953986168
33.3963856697
33.3973965645
33.3984086514
33.3994076252
33.4003965855
33.4014003277
33.4024045467
33.4033823013
33.404384613
33.4053838253
33.4063811302
33.4073808193
33.4083800316
33.4093768597
33.4103710651
33.4113698006
33.4123773575
33.4133777618
33.4143748283
33.4153721333
33.4164185524
33.4173796177
33.4183807373
33.419377327
33.4203748703
33.421377182
33.4224536419
33.4233748913
33.4243700504
33.4253759384
33.4263608456
33.4273831844
33.4283664227
33.4293780327
33.4303576946
33.4313669205
33.4323701859
33.4333722591
33.4343616962
33.4353721142
33.4363620281
33.4373772144
33.4383587837
33.4394104481
33.4404201508
33.4414227009
33.4423494339
33.4433579445
33.4443514347
33.4453573227
33.446359396
33.4473786354
33.4483556747
33.4493582249
33.4503626823
33.4513542652
33.4523434639
33.4533531666
33.4543473721
33.4553506374
33.4563391209
33.4573605061
33.4583425522
33.4593570232
33.4603412151
33.4613521099
33.4623434544
33.4633624554
33.4643857479
33.4653584957
33.4663505554
33.4673480988
33.4683408737
33.4693684578
33.4703509808
33.4713451862
33.4723463058
33.4733455181
33.4743435383
33.4753398895
33.4763410091
33.4773499966
33.4783456326
33.4793343544
33.4803338051
33.4813344479
33.4823362827
33.4833347797
33.484618187
33.4853315353
33.486322403
33.4873683453
33.4883711338
33.4893209934
33.4903194904
33.4913678169
33.4923670292
33.493324995
33.4943649769
33.4953699112
33.4965596199
33.4973182678
33.4983243942
33.4993231297
33.5003194809
33.5015792847
33.5025625229
33.5033266544
33.5043218136
33.5056393147
33.5063281059
33.5073301792
33.5083403587
33.5093457699
33.5103371143
33.5113244057
33.5123286247
33.5133259296
33.5143289566
33.5153329372
33.5163350105
33.5173444748
33.5183410645
33.5193421841
33.520617485
33.5213418007
33.5223348141
33.5235815048
33.5245652199
33.5254170895
33.5263242722
33.5275518894
33.5283181667
33.529323101
33.5303206444
33.531308651
33.5323131084
33.5335419178
33.534542799
33.535544157
33.5365402699
33.5373091698
33.5385434628
33.5395433903
33.5405414104
33.5475378036
33.5485413074
33.5495448112
33.5505392551
33.551543951
33.5525398254
33.5533030033
33.55453825
33.5555303097
33.5565321445
33.557529211
33.5585296154
33.5595350266
33.5605652332
33.5615532398
33.562574625
33.5635244846
33.5645229816
33.5655293465
33.5665256977
33.5675253868
33.5685284138
33.5695240498
33.5705707073
33.5715250969
33.5725235939
33.5745279789
33.5755224228
33.5765168667
33.5775194168
33.5785176754
33.5795185566
33.5805299282
33.5815353394
33.584574461
33.5853278637
33.5865828991
33.5875208378
33.5885212421
33.5895183086
33.5905137062
33.5915100574
33.592512846
33.5935232639
33.5965332985
33.5975208282
33.5985136032
33.5995035172
33.6005568504
33.6013016701
33.602547884
33.603518486
33.6045417786
33.6055762768
33.6065604687
33.607519865
33.6085197926
33.6095187664
33.6105260849
33.6115214825
33.6125113964
33.6135163307
33.614512682
33.6155166626
33.6165165901
33.6175098419
33.618516922
33.6195075512
33.6205053329
33.6215088367
33.6225106716
33.6235246658
33.6245148182
33.6255190372
33.6265079975
33.6275093555
33.6285002232
33.629506588
33.6304929256
33.63149786
33.6325919628
33.6334939003
33.6344890594
33.6354970932
33.6364905834
33.6374900341
33.6385011673
33.6395020485
33.6405351162
33.6414937973
33.6424930096
33.64351964
33.6444892883
33.6454901695
33.6464993954
33.6474945545
33.6484839916
33.6494925022
33.6504805088
33.651506424
33.6524801254
33.6534888744
33.6544783115
33.6564810276
33.657487154
33.6584730148
33.6594798565
33.6604719162
33.6614668369
33.6624851227
33.6634840965
33.6644940376
33.6654641628
33.6664705276
33.6674911976
33.6685051918
33.6694979668
33.6704952717
33.6714818478
33.6724824905
33.6754770279
33.6764645576
33.6774761677
33.6784675121
33.6794703007
33.6804661751
33.6814751625
33.6824986935
33.6834743023
33.6844980717
33.6854848862
33.6864831448
33.6874864101
33.6884775162
33.6894757748
33.6904895306
33.6914684772
33.6924698353
33.6934797764
33.694478035
33.6954655647
33.6964690685
33.6974844933
33.6984717846
33.6994669437
33.700466156
33.7014663219
33.7024743557
33.7034578323
33.7104706764
33.7114748955
33.7124755383
33.7154695988
33.7164592743
33.7174627781
33.7184627056
33.7194676399
33.7204582691
33.7214624882
33.722464323
33.7234518528
33.7244410515
33.7254452705
33.7264389992
33.7274448872
33.7284686565
33.7294378281
33.7304334641
33.7314450741
33.7324421406
33.733440876
33.734436512
33.7354400158
33.7364413738
33.7374379635
33.738437891
33.7394371033
33.7404294014
33.7414300442
33.7424302101
33.7435359955
33.7444517612
33.7454762459
33.7464888096
33.7474160194
33.7484135628
33.7494204044
33.7504241467
33.7514643669
33.7524163723
33.7564206123
33.7574176788
33.7584197521
33.7594149113
33.7604203224
33.7614240646
33.76243186
33.7744078636
33.7754089832
33.7764132023
33.7774806023
33.7784161568
33.7794103622
33.7804009914
33.7814044952
33.7823965549
33.7833967209
33.7844004631
33.785387516
33.7863886356
33.7874343395
33.7893886566
33.7903821468
33.7914409637
33.7924294472
33.7934141159
33.7944455147
33.7954077721
33.7973883152
33.7993862629
33.8003878593
33.8173811436
33.8183836937
33.8223791122
33.8233792782
33.8244001865
33.8253853321
33.8263802528
33.8273766041
33.828368187
33.8293642998
33.8303589821
33.831372261
33.8323588371
33.8333611488
33.8343601227
33.8353588581
33.8363573551
33.8373594284
33.8383581638
33.8393659592
33.8403561115
33.841356039
33.8423523903
33.8434033394
33.8444447517
33.845407486
33.8463521004
33.847356081
33.8483474255
33.8493571281
33.85034585
33.8513572216
33.8523528576
33.8533604145
33.8543515205
33.8553643227
33.8563504219
33.8573694229
33.8583755493
33.8593709469
33.8603739738
33.8613624573
33.8623590469
33.863363266
33.8643655777
33.8653626442
33.8663573265
33.8673624992
33.8683431149
33.8693525791
33.8703434467
33.8713612556
33.8723599911
33.8733594418
33.8743433952
33.8753557205
33.8763406277
33.8773488998
33.8783373833
33.8793473244
33.8803379536
33.8813450336
33.88433671
33.885335207
33.8863310814
33.8873286247
33.8883290291
33.8893275261
33.8903291225
33.8913292885
33.8923346996
33.8933324814
33.894329071
33.8953311443
33.8963327408
33.8973345757
33.898332119
33.8993296623
33.9003288746
33.9013178349
33.9023284912
33.9033195972
33.904330492
33.9053239822
33.9063301086
33.9073321819
33.9083189964
33.9093225002
33.9103319645
33.9113373756
33.9123456478
33.913330555
33.9143240452
33.9153227806
33.9163177013
33.9173190594
33.9183163643
33.9193189144
33.9203233719
33.9213166237
33.9223256111
33.9233133793
33.9243032932
33.9253075123
33.926346302
33.9273040295
33.9283025265
33.929302454
33.9303021431
33.9312996864
33.9323005676
33.9332997799
33.9342968464
33.9352967739
33.9362995625
33.9372968674
33.9382960796
33.9392929077
33.9402933121
33.9412908554
33.9422924519
33.9435920715
33.9445364475
33.9452912807
33.946536541
33.9475340843
33.9485337734
33.9495420456
33.9505674839
33.9515397549
33.952537775
33.9532959461
33.9545464516
33.9555330276
33.9565343857
33.9575378895
33.9585301876
33.9595353603
33.9605338573
33.9613041878
33.9625425339
33.9635369778
33.9645278454
33.9655315876
33.9665403366
33.9705381393
33.9715309143
33.9725260735
33.9735250473
33.974519968
33.975525856
33.9765310287
33.9775249958
33.9785275459
33.9795284271
33.9805250168
33.9815189838
33.9825191498
33.9835140705
33.9845142365
33.9855160713
33.9863250256
33.9875171185
33.9885110855
33.9895129204
33.9905045033
33.9915101528
33.9925117493
33.9935138226
33.9945068359
33.9955179691
33.9965074062
33.9975090027
33.9985063076
33.9995076656
34.0005104542
34.0015072823
34.002509594
34.0035004616
34.0044987202
34.0055062771
34.006503582
34.0075006485
34.0085053444
34.0095033646
34.0104954243
34.011497736
34.0124983788
34.0134963989
34.0145075321
34.0155115128
34.0165104866
34.0175099373
34.0185079575
34.0195057392
34.0205025673
34.0215046406
34.0225052834
34.0234913826
34.0244979858
34.0254924297
34.0264897346
34.0274944305
34.0284981728
34.0294995308
34.0354850292
34.0364868641
34.0374839306
34.0384867191
34.0394876003
34.0404894352
34.0414841175
34.0424921513
34.0434846878
34.0444791317
34.0454916954
34.0484800339
34.0494842529
34.0504820347
34.0514786243
34.0524866581
34.0534770489
34.0544700623
34.0554778576
34.0564789772
34.0574686527
34.058475256
34.0594770908
34.0604727268
34.0615055561
34.0625455379
34.0635480881
34.0645291805
34.065474987
34.0665051937
34.0674660206
34.0684757233
34.0694766045
34.0704753399
34.0714697838
34.0724747181
34.0844755173
34.0854907036
34.0864827633
34.087495327
34.0884871483
34.0894825459
34.0904865265
34.0914773941
34.0924692154
34.0934615135
34.0944623947
34.0954670906
34.0964598656
34.0974576473
34.098459959
34.0994644165
34.1004698277
34.1014811993
34.1024677753
34.1034703255
34.1044650078
34.105455637
34.1064548492
34.107462883
34.1084599495
34.1094615459
34.1104626656
34.1114532948
34.1124577522
34.1134498119
34.1144492626
34.1154508591
34.1164495945
34.1174514294
34.1184556484
34.1194443703
34.1204564571
34.1214594841
34.1224589348
34.1234560013
34.1244449615
34.1254456043
34.1264464855
34.1274471283
34.1284742355
34.1294465065
34.1314473152
34.1344401836
34.1354410648
34.1364438534
34.1374459267
34.1384398937
34.1394445896
34.1404409409
34.1414451599
34.1424446106
34.1434412003
34.1444525719
34.1454372406
34.146458149
34.1474497318
34.14844203
34.1494557858
34.1504268646
34.1514344215
34.152428627
34.153434515
34.1544313431
34.1554379463
34.1564335823
34.1574413776
34.1584825516
34.159430027
34.1604332924
34.1614766121
34.1624803543
34.1634712219
34.1644763947
34.1654229164
34.1664271355
34.1674165726
34.1684179306
34.1694600582
34.1704132557
34.1714279652
34.1724107265
34.1734125614
34.1744174957
34.1754114628
34.1764268875
34.1774151325
34.17841959
34.1794207096
34.1804120541
34.1814219952
34.1824185848
34.1834151745
34.1844141483
34.1854138374
34.1864192486
34.1874125004
34.1884074211
34.1894135475
34.1904368401
34.1914434433
34.1924130917
34.1934065819
34.1944053173
34.1954038143
34.1964001656
34.19840765
34.1994068623
34.2003977299
34.2014586926
34.2024111748
34.2034795284
34.2044730186
34.2054598331
34.206455946
34.2074813843
34.2084407806
34.2093865871
34.2103888988
34.2113962173
34.2133789062
34.2143769264
34.2153842449
34.2163760662
34.2173850536
34.218380928
34.2193832397
34.2203769684
34.2213857174
34.2223722935
34.2233729362
34.2246246338
34.2253770828
34.2263767719
34.227380991
34.2283802032
34.2293856144
34.2303757668
34.2313971519
34.2323896885
34.2333743572
34.2343766689
34.2353835106
34.2363760471
34.2374060154
34.2383825779
34.239385128
34.2403883934
34.2414107323
34.2423987389
34.2433886528
34.2444326878
34.245413065
34.246404171
34.2473864555
34.2483739853
34.2493813038
34.2503716946
34.2513997555
34.2523710728
34.2533802986
34.2543671131
34.2553770542
34.2563662529
34.2573702335
34.2584106922
34.2594664097
34.2603981495
34.2614371777
34.2623724937
34.2633678913
34.2643637657
34.2653725147
34.2663679123
34.2673814297
34.2683718204
34.2693867683
34.2703638077
34.2713830471
34.2723765373
34.2734036446
34.274381876
34.2753868103
34.2763776779
34.2774028778
34.2793748379
34.2803664207
34.2813727856
34.2823667526
34.2833747864
34.2843563557
34.2853674889
34.2863593102
34.2873752117
34.2883682251
34.2893636227
34.2903552055
34.2913575172
34.2923491001
34.2933557034
34.2943401337
34.2953579426
34.2963521481
34.2973585129
34.2983512878
34.2993600368
34.300350666
34.3013517857
34.3023386002
34.3034367561
34.3043355942
34.3053348064
34.3063268661
34.3073282242
34.3083238602
34.3093307018
34.3103485107
34.3113310337
34.3123395443
34.3133285046
34.3143286705
34.3163261414
34.3173277378
34.3183197975
34.3193645477
34.3203172684
34.3213641644
34.3223180771
34.3235611916
34.324313879
34.3253133297
34.3263165951
34.3273236752
34.3283264637
34.3293159008
34.3303229809
34.3313217163
34.3323247433
34.3333158493
34.3343136311
34.3353247643
34.3405702114
34.341309309
34.3423099518
34.3435535431
34.3443088531
34.3453073502
34.3465588093
34.3475465775
34.348541975
34.3495604992
34.3506104946
34.3523616791
34.3535523415
34.3545897007
34.3552982807
34.3565571308
34.3575439453
34.3585410118
34.3595392704
34.3605372906
34.3615379333
34.362537384
34.3635356426
34.3645322323
34.3655383587
34.3665361404
34.3675386906
34.3685376644
34.3695428371
34.3705415726
34.3715496063
34.3725397587
34.3735339642
34.3745415211
34.3755381107
34.3765554428
34.3775560856
34.3785674572
34.3795611858
34.3805658817
34.3815448284
34.3825454712
34.3835406303
34.3845324516
34.3885524273
34.3895335197
34.3905301094
34.3915309906
34.3925259113
34.3935234547
34.3945217133
34.3955254555
34.3965198994
34.3975186348
34.3985157013
34.3995218277
34.4005241394
34.4015228748
34.4025187492
34.4035112858
34.4045100212
34.4055104256
34.4065527916
34.4075114727
34.4085178375
34.4095125198
34.410556078
34.4115173817
34.4125146866
34.4135077
34.4145174026
34.4155204296
34.4165124893
34.4175114632
34.4183826447
34.4195291996
34.4205203056
34.4215064049
34.4225034714
34.4235048294
34.4245064259
34.4255115986
34.4265105724
34.4275109768
34.4285140038
34.429513216
34.4304962158
34.4315052032
34.4325017929
34.4335024357
34.4345016479
34.4365081787
34.4375064373
34.4385104179
34.4395132065
34.4405243397
34.4415245056
34.4425215721
34.4435060024
34.4444992542
34.445486784
34.4464941025
34.447488308
34.4485259056
34.4494841099
34.4505257607
34.4514768124
34.4524774551
34.4544739723
34.4554736614
34.4564728737
34.457472086
34.4584863186
34.4594767094
34.4604701996
34.4614715576
34.4624683857
34.4634711742
34.4644675255
34.4654688835
34.4664669037
34.4674742222
34.4684641361
34.4694652557
34.4704654217
34.4714717865
34.4724683762
34.4734721184
34.4744706154
34.4754781723
34.4764704704
34.4774696827
34.4784834385
34.4794707298
34.4804627895
34.4814677238
34.4824709892
34.4844777584
34.4854810238
34.4864721298
34.4874823093
34.4884667397
34.4894669056
34.4904716015
34.4914841652
34.4924690723
34.4934687614
34.4944548607
34.4954707623
34.4964599609
34.4974853992
34.4984631538
34.4994616508
34.500474453
34.5014533997
34.5024554729
34.5034470558
34.5044453144
34.5054662228
34.5064537525
34.5074839592
34.5084457397
34.5094544888
34.5104641914
34.5114839077
34.5124435425
34.5134541988
34.5144460201
34.5154514313
34.5164644718
34.5174634457
34.5184597969
34.5194787979
34.5204651356
34.5214540958
34.5224480629
34.5234518051
34.5244526863
34.5254502296
34.5264377594
34.5274381638
34.5284383297
34.5294361115
34.5304317474
34.5314328671
34.5324630737
34.5344347954
34.5354306698
34.5364265442
34.5374338627
34.5384376049
34.5394341946
34.5404336452
34.5414385796
34.5424392223
34.5434410572
34.5444350243
34.5454359055
34.546434164
34.5474388599
34.5484733582
34.549441576
34.5524497032
34.5534424782
34.5544426441
34.5564365387
34.557444334
34.5584306717
34.5594353676
34.5604400635
34.5614886284
34.5624346733
34.5634231567
34.5644278526
34.5654242039
34.5664265156
34.5674235821
34.5684378147
34.5694162846
34.5704340935
34.5714201927
34.5724596977
34.5734124184
34.5744092464
34.5754151344
34.5764071941
34.5774097443
34.5784523487
34.5794079304
34.5804035664
34.5814042091
34.5824434757
34.5834014416
34.5844438076
34.5854034424
34.5863983631
34.5873937607
34.5883963108
34.5893974304
34.5904073715
34.5914077759
34.5924096107
34.5934045315
34.5944049358
34.5954024792
34.5964031219
34.5974030495
34.5984575748
34.5994057655
34.6004087925
34.6014659405
34.6024799347
34.6034481525
34.6044402122
34.6053965092
34.6064150333
34.608407259
34.6094064713
34.610401392
34.6114127636
34.6123993397
34.613389492
34.6164023876
34.617405653
34.6183891296
34.6194047928
34.6204035282
34.621411562
34.6223995686
34.6234045029
34.624379158
34.6254041195
34.626404047
34.627399683
34.6283817291
34.629386425
34.6303801537
34.6313998699
34.632437706
34.6333868504
34.6343798637
34.6353785992
34.6363794804
34.6373734474
34.6383721828
34.6393725872
34.6403698921
34.6413817406
34.6423726082
34.6433699131
34.6443676949
34.6453711987
34.6463675499
34.6473567486
34.6483576298
34.6493537426
34.6503534317
34.651352644
34.6523544788
34.6533541679
34.6543505192
34.6553542614
34.6563498974
34.6573526859
34.6583538055
34.6593558788
34.6603569984
34.6613543034
34.6623556614
34.6633555889
34.6643607616
34.665350914
34.6663515568
34.6673529148
34.6683547497
34.669359684
34.6703543663
34.6713559628
34.6723861694
34.6733541489
34.6743509769
34.6753516197
34.6763496399
34.6773602962
34.6793627739
34.6803586483
34.6813621521
34.6823558807
34.6833515167
34.6843423843
34.685353756
34.6863389015
34.6873733997
34.6883430481
34.6893496513
34.6903324127
34.6915812492
34.6923346519
34.6933460236
34.6945734024
34.6953763962
34.69632864
34.6973366737
34.6983261108
34.6993348598
34.7003269196
34.7013590336
34.7023279667
34.7033646107
34.7043304443
34.7053802013
34.7063243389
34.7073435783
34.7083311081
34.7093398571
34.7104363441
34.7113409042
34.7123711109
34.7133302689
34.7143239975
34.7153258324
34.7163250446
34.7173287868
34.7183248997
34.7193238735
34.7203176022
34.72134161
34.7223188877
34.7233116627
34.724312067
34.725561142
34.7263190746
34.7273197174
34.7283146381
34.7293183804
34.7303168774
34.731310606
34.7323157787
34.7333147526
34.7343122959
34.7353153229
34.7363204956
34.737565279
34.7383165359
34.7393200397
34.7403209209
34.7413136959
34.7423083782
34.7433104515
34.7445576191
34.7453062534
34.7463159561
34.7472970486
34.7482967377
34.7492947578
34.7505426407
34.7515404224
34.7525413036
34.7535514832
34.7545413971
34.755543232
34.7565476894
34.7575509548
34.758548975
34.7592968941
34.7605404854
34.7615420818
34.7625420094
34.7635393143
34.7645328045
34.7655377388
34.7665398121
34.767292738
34.7685289383
34.76953578
34.7705271244
34.7715804577
34.7725589275
34.7735295296
34.7745287418
34.7755300999
34.7765672207
34.7775259018
34.7785243988
34.7795240879
34.7805290222
34.7815234661
34.7825202942
34.7835218906
34.784558773
34.7855205536
34.7865145206
34.7875163555
34.7885141373
34.7895162106
34.7905147076
34.7915561199
34.7925155163
34.7935144901
34.7943315506
34.7955188751
34.7965121269
34.7975261211
34.7985193729
34.7995209694
34.8005135059
34.8015151024
34.8025517464
34.8035128117
34.8045713902
34.8055112362
34.8065116405
34.8075113297
34.8085253239
34.8095173836
34.8105130196
34.8115265369
34.8125069141
34.8135106564
34.8185079098
34.8195085526
34.8205010891
34.8215010166
34.8225030899
34.8235132694
34.8245100975
34.8255109787
34.826508522
34.8274981976
34.8285372257
34.8294856548
34.8304953575
34.8314986229
34.832493782
34.8334944248
34.8344926834
34.8355021477
34.8364903927
34.8374931812
34.8384907246
34.8394885063
34.8404872417
34.8414857388
34.8425421715
34.8434913158
34.8445823193
34.8455035686
34.8464891911
34.8475034237
34.8484857082
34.8495008945
34.8505048752
34.8514835835
34.8524823189
34.8534834385
34.8544814587
34.8574795723
34.8584787846
34.8594779968
34.860478878
34.8614931107
34.8624799252
34.8634827137
34.8644831181
34.865478754
34.8664741516
34.8674757481
34.8684768677
34.869474411
34.8704712391
34.8714773655
34.8724758625
34.8734750748
34.8744773865
34.8754835129
34.8765127659
34.8774719238
34.8784663677
34.87946558
34.8804931641
34.8814892769
34.8824698925
34.8834900856
34.8844819069
34.8854901791
34.8865077496
34.8874881268
34.8884756565
34.8894760609
34.8904852867
34.8914895058
34.8924753666
34.896474123
34.8974790573
34.8984715939
34.8994777203
34.9004707336
34.9014670849
34.9024653435
34.9034662247
34.9044594765
34.9054558277
34.9064602852
34.90746665
34.9085218906
34.909460783
34.9105143547
34.9114596844
34.9124507904
34.9134535789
34.914488554
34.915460825
34.9164516926
34.9174611568
34.9184515476
34.9194588661
34.9204463959
34.9214487076
34.9224996567
34.9234752655
34.92445755
34.9254510403
34.9264917374
34.9274432659
34.9284427166
34.9294424057
34.9305119514
34.931438446
34.9324398041
34.9374449253
34.938447237
34.9394416809
34.9404380322
34.9414339066
34.9424302578
34.9434301853
34.944439888
34.9454321861
34.9464328289
34.9474282265
34.9484314919
34.9494297504
34.9504241943
34.9514279366
34.9524300098
34.954423666
34.9554269314
34.9564454556
34.9574220181
34.9584217072
34.9594237804
34.9604616165
34.9614262581
34.9624304771
34.9634242058
34.9644229412
34.9654202461
34.9664170742
34.9674184322
34.968436718
34.9694149494
34.9704236984
34.971429348
34.9734270573
34.974417448
34.9754192829
34.9764223099
34.9774198532
34.9784185886
34.9794142246
34.9804131985
34.9814274311
34.9824075699
34.9834136963
34.9864034653
34.9874074459
34.9884064198
34.9894387722
34.9904339314
34.991410017
34.9923963547
34.9933981895
34.9944393635
34.9954454899
34.9964010715
34.9974002838
34.9983975887
34.9994492531
35.0004355907
35.001386404
35.0023958683
35.0034451485
35.0044317245
35.0053892136
35.0064353943
35.0073988438
35.0094125271
35.0104310513
35.0115120411
35.0163822174
35.0173838139
35.020383358
35.0213842392
35.0223755836
35.0293750763
35.0303690434
35.0313704014
35.0323724747
35.0333669186
35.0343658924
35.0353646278
35.0363683701
35.0373702049
35.0383660793
35.0393660069
35.0403666496
35.0413649082
35.0423703194
35.0433642864
35.0443613529
35.0453670025
35.0463631153
35.0473704338
35.0483613014
35.0493593216
35.0503642559
35.0513687134
35.0523619652
35.0543587208
35.0553581715
35.0563578606
35.0573611259
35.058368206
35.0593700409
35.0603630543
35.061368227
35.062374115
35.0633628368
35.0643498898
35.0653648376
35.0663511753
35.067350626
35.0683641434
35.0693600178
35.0703549385
35.0714054108
35.0724081993
35.0733587742
35.0743758678
35.0753509998
35.0763480663
35.0774054527
35.0783526897
35.0793976784
35.0803611279
35.0814259052
35.0823662281
35.0833590031
35.084359169
35.0853791237
35.0864014626
35.0873734951
35.0883588791
35.089370966
35.0903646946
35.0913741589
35.1013615131
35.1023492813
35.1033575535
35.1043419838
35.1053543091
35.1063423157
35.1073517799
35.1083440781
35.1093480587
35.1103439331
35.1113770008
35.1123404503
35.1133537292
35.1143374443
35.1153562069
35.1163387299
35.1173524857
35.118339777
35.1193547249
35.1203737259
35.1213498116
35.1223518848
35.1234035492
35.1249756813
35.1263723373
35.1274204254
35.1283276081
35.1293275356
35.1303277016
35.1313276291
35.1323273182
35.1353297234
35.1363236904
35.1373245716
35.1383197308
35.1393511295
35.1403195858
35.1413226128
35.1423232555
35.1433181763
35.1443202496
35.145314455
35.1463317871
35.1476082802
35.1483047009
35.1493084431
35.1503040791
35.1513037682
35.1523106098
35.1533079147
35.154307127
35.1555492878
35.1565723419
35.1575493813
35.1585667133
35.1595535278
35.1605453491
35.1613585949
35.1623692513
35.1635599136
35.1643617153
35.165542841
35.1664004326
35.167378664
35.1685464382
35.1695456505
35.1705524921
35.1713323593
35.1745405197
35.1755409241
35.17654109
35.1775393486
35.1785438061
35.1795384884
35.1805408001
35.181542635
35.1825764179
35.183357954
35.1845495701
35.1855931282
35.1865587234
35.1875462532
35.1885433197
35.1895399094
35.190549612
35.1915502548
35.1925458908
35.1935431957
35.1945540905
35.1955301762
35.1965258121
35.1975274086
35.1985282898
35.1995377541
35.2005410194
35.2015297413
35.2025330067
35.2035322189
35.2045242786
35.205527544
35.2065255642
35.2075219154
35.2085225582
35.2095265388
35.2105271816
35.2115261555
35.2155270576
35.2165169716
35.217530489
35.2185454369
35.2195625305
35.2205319405
35.2215387821
35.2225184441
35.2235131264
35.2245159149
35.2255125046
35.2265181541
35.2315163612
35.2325093746
35.233506918
35.2375056744
35.2385065556
35.2395050526
35.2404968739
35.241499424
35.2425029278
35.243543148
35.2444975376
35.2455003262
35.246502161
35.2475116253
35.2485258579
35.2495179176
35.250541687
35.2515137196
35.2525677681
35.2535071373
35.2545039654
35.2555046082
35.2565052509
35.2574961185
35.2584912777
35.2594916821
35.260499239
35.2615017891
35.2625248432
35.2634904385
35.2644994259
35.2654929161
35.2664878368
35.2674865723
35.2685124874
35.2694852352
35.2704796791
35.2714827061
35.272485733
35.2734782696
35.2744841576
35.2754824162
35.2764854431
35.277482748
35.2784979343
35.2794854641
35.280523777
35.2814757824
35.282535553
35.2835071087
35.2845563889
35.2854759693
35.2864995003
35.2874999046
35.288482666
35.2894864082
35.2904987335
35.291482687
35.2924780846
35.2934987545
35.2944693565
35.2954752445
35.2964692116
35.2974746227
35.2984850407
35.2994942665
35.3004739285
35.3014731407
35.3024983406
35.3035018444
35.3044950962
35.305460453
35.3064785004
35.307489872
35.3084897995
35.3094751835
35.3104805946
35.3114802837
35.3124799728
35.3134968281
35.3144779205
35.3154788017
35.3164741993
35.3174724579
35.3184645176
35.3194713593
35.3204615116
35.3214840889
35.3224794865
35.3234825134
35.3244743347
35.3254659176
35.3264601231
35.3274717331
35.3284754753
35.3294548988
35.3304579258
35.3314738274
35.3324556351
35.3334658146
35.3344693184
35.3354842663
35.3364605904
35.3374605179
35.3384599686
35.3394575119
35.3404507637
35.3414547443
35.3424448967
35.3434510231
35.344461441
35.3454477787
35.3464679718
35.3474638462
35.3484530449
35.3494582176
35.3504507542
35.3514459133
35.3524515629
35.3534517288
35.3544547558
35.355451107
35.3564484119
35.3574483395
35.3584458828
35.3594503403
35.3604550362
35.361481905
35.362467289
35.3634881973
35.3644616604
35.3654470444
35.3664450645
35.3674459457
35.3684546947
35.369436264
35.3704385757
35.3714551926
35.372446537
35.3734383583
35.37444067
35.3754355907
35.3764252663
35.3774387836
35.3784275055
35.3794407845
35.380423069
35.3814218044
35.3824179173
35.3834238052
35.3844556808
35.3854193687
35.3864161968
35.3874707222
35.3884730339
35.3894929886
35.3904173374
35.3914673328
35.3924195766
35.393414259
35.3944129944
35.3954126835
35.3964152336
35.3974137306
35.3984155655
35.399415493
35.4004206657
35.4014236927
35.4024193287
35.4034247398
35.404440403
35.4054334164
35.4064290524
35.4074342251
35.4084253311
35.4094254971
35.4104168415
35.4114091396
35.412416935
35.4164075851
35.4174003601
35.418400526
35.4193971157
35.4203870296
35.4214019775
35.4223895073
35.423387289
35.4243869781
35.4253857136
35.4263865948
35.4274270535
35.4284002781
35.4294006824
35.4304080009
35.4314074516
35.4323866367
35.4333870411
35.4343793392
35.4353778362
35.4363777637
35.4373733997
35.4383764267
35.4393723011
35.4403731823
35.4413676262
35.4423804283
35.4433672428
35.4443657398
35.4453721046
35.4463715553
35.4473679066
35.4483664036
35.4493758678
35.4503753185
35.451397419
35.4523682594
35.4533638954
35.4543681145
35.4553771019
35.4564011097
35.4573616982
35.4583728313
35.4593822956
35.4603750706
35.4613807201
35.462372303
35.4633681774
35.4643671513
35.4653558731
35.466360569
35.4673714638
35.4683668613
35.4693613052
35.4703569412
35.4713578224
35.4723484516
35.4733514786
35.4743518829
35.4753587246
35.4763510227
35.4773657322
35.4783632755
35.4793624878
35.4803655148
35.4813864231
35.4823634624
35.4835934639
35.4843556881
35.4854121208
35.4863469601
35.4873616695
35.4883565903
35.4893507957
35.4903600216
35.491348505
35.4923524857
35.496355772
35.4973483086
35.4983580112
35.4993591309
35.5003437996
35.5013465881
35.5033612251
35.5043532848
35.5053505898
35.5063357353
35.5073409081
35.5083451271
35.5095844269
35.5103375912
35.51141119
35.5123727322
35.5133748055
35.5143284798
35.5153357983
35.5163242817
35.5173335075
35.5183262825
35.5193378925
35.520321846
35.5213732719
35.5223324299
35.5233311653
35.5243244171
35.5253362656
35.5263290405
35.5273520947
35.5283272266
35.5293400288
35.5303258896
35.5313327312
35.5323243141
35.5333349705
35.5343251228
35.5353269577
35.5363211632
35.5373365879
35.5383262634
35.5393471718
35.54058218
35.5413417816
35.542334795
35.5433487892
35.5453391075
35.5463216305
35.5473394394
35.5483188629
35.5493187904
35.5505692959
35.5513091087
35.5523312092
35.5533385277
35.5543017387
35.5555691719
35.5565702915
35.5575633049
35.558311224
35.5595519543
35.5603013039
35.5615656376
35.562574625
35.5635795593
35.5645878315
35.5655610561
35.56630826
35.5675506592
35.5685441494
35.5695364475
35.5705361366
35.5715329647
35.5725338459
35.5735325813
35.5742890835
35.5755319595
35.5765352249
35.5775296688
35.5785303116
35.5795269012
35.5805287361
35.5815293789
35.5835273266
35.5845303535
35.5855424404
35.5865559578
35.5875332355
35.5885372162
35.5895397663
35.5905377865
35.5915358067
35.5925319195
35.5935263634
35.5945293903
35.5955276489
35.5965280533
35.5975215435
35.5985295773
35.5995254517
35.6005253792
35.6015207767
35.6025211811
35.6035161018
35.6045129299
35.6055142879
35.6065151691
35.6075234413
35.6085190773
35.6095190048
35.6105208397
35.6115174294
35.6125121117
35.6155080795
35.6165108681
35.617513895
35.6185135841
35.6195082664
35.6205077171
35.6215074062
35.6225061417
35.6235034466
35.6245052814
35.6255061626
35.6265137196
35.627559185
35.6285073757
35.6295068264
35.6305172443
35.6315028667
35.6325063705
35.6345112324
35.6355054379
35.6364996433
35.637503624
35.638502121
35.6395065784
35.641500473
35.642510891
35.6435043812
35.644544363
35.6455039978
35.6465024948
35.6475088596
35.6485080719
35.6495034695
35.650498867
35.6514980793
35.6524977684
35.6534967422
35.6544938087
35.6554956436
35.6564977169
35.657501936
35.6584994793
35.6595008373
35.6604886055
35.6614923477
35.66249156
35.663506031
35.6644937992
35.6654882431
35.6664879322
35.6674849987
35.6684856415
35.669490099
35.6704871655
35.6714847088
35.6724815369
35.6734757423
35.674478054
35.67547369
35.6764748096
35.6774754524
35.6784887314
35.6794736385
35.6804804802
35.6814875603
35.6824860573
35.6834743023
35.684473753
35.6854705811
35.6864767075
35.6874694824
35.6884715557
35.689470768
35.6904652119
35.6914687157
35.6924705505
35.6934719086
35.6944692135
35.6954760551
35.6964757442
35.6974737644
35.6984744072
35.6994738579
35.7004833221
35.7014818192
35.7025363445
35.7034773827
35.7044665813
35.705473423
35.7064712048
35.707477808
35.7084672451
35.7094688416
35.7105112076
35.7114636898
35.7124612331
35.7144520283
35.715457201
35.7164692879
35.717448473
35.7184503078
35.7194607258
35.7204489708
35.7214486599
35.7224681377
35.7234575748
35.7245185375
35.7254528999
35.7264499664
35.7274639606
35.7284572124
35.7294697762
35.7304606438
35.7314538956
35.7324755192
35.7334663868
35.7344546318
35.7354562283
35.7364501953
35.7374503613
35.7384445667
35.740447998
35.741451025
35.7424509525
35.7434601784
35.7444393635
35.745445013
35.7464454174
35.7474389076
35.7484395504
35.7494339943
35.7504341602
35.7514324188
35.7524347305
35.7534325123
35.7544314861
35.7554328442
35.7564306259
35.7574369907
35.7584359646
35.7594363689
35.7604391575
35.7614471912
35.7624652386
35.7634422779
35.7644364834
35.7654354572
35.7674322128
35.7684342861
35.7694296837
35.7704362869
35.7714381218
35.7724263668
35.7744247913
35.7754278183
35.7764289379
35.7774283886
35.7784335613
35.7794244289
35.780425787
35.7814261913
35.7824451923
35.7834355831
35.7844223976
35.7854332924
35.7864265442
35.7874336243
35.7884273529
35.7894644737
35.7904257774
35.7914221287
35.7924170494
35.7944135666
35.7954185009
35.796472311
35.7974183559
35.798412323
35.7994101048
35.800406456
35.8014130592
35.8024449348
35.8034000397
35.8044421673
35.8054029942
35.806401968
35.8074040413
35.808416605
35.8094027042
35.8104023933
35.8114106655
35.8124089241
35.8134021759
35.8143997192
35.8154008389
35.8164041042
35.8174099922
35.8203978539
35.8214025497
35.8223819733
35.823381424
35.8243787289
35.8253860474
35.8263895512
35.8274054527
35.8283977509
35.8295001984
35.830398798
35.8314249516
35.8323824406
35.8403847218
35.841378212
35.8433842659
35.8443875313
35.8453812599
35.8463821411
35.8474018574
35.8603672981
35.8613977432
35.8623659611
35.8633680344
35.8643698692
35.8653690815
35.8673601151
35.8683612347
35.8693561554
35.8703591824
35.8713653088
35.8723590374
35.8733534813
35.8743526936
35.8753511906
35.8763518333
35.8773541451
35.8783583641
35.8793575764
35.8803629875
35.8813734055
35.8823642731
35.8833603859
35.8843607903
35.8853461742
35.8863670826
35.8873577118
35.8883574009
35.8893618584
35.8903603554
35.891368866
35.8923544884
35.8933541775
35.8943560123
35.8953769207
35.8963456154
35.8973476887
35.8983464241
35.8993556499
35.9003450871
35.9013478756
35.9023425579
35.903339386
35.9043388367
35.9053399563
35.9063379765
35.9073369503
35.9083390236
35.9093358517
35.9103331566
35.9113311768
35.912334919
35.9133317471
35.9143407345
35.9153330326
35.9163424969
35.9173414707
35.9203379154
35.9213476181
35.9223294258
35.9233338833
35.9243352413
35.9253411293
35.9263286591
35.9273431301
35.9283268452
35.9293394089
35.930321455
35.9313313961
35.9323270321
35.9333310127
35.9343206882
35.9353256226
35.9363162518
35.9373290539
35.9383180141
35.9393835068
35.9413311481
35.9423222542
35.9433252811
35.944340229
35.9453244209
35.946315527
35.9473354816
35.9483337402
35.9493355751
35.9503326416
35.9513423443
35.9523134232
35.9533441067
35.9543190002
35.9553580284
35.9563217163
35.9573206902
35.9583098888
35.9593119621
35.9603075981
35.9613003731
35.9623069763
35.9633023739
35.9643034935
35.9652962685
35.9662957191
35.9675476551
35.9683012962
35.9695427418
35.9705688953
35.9715473652
35.9725418091
35.9735929966
35.9742972851
35.9755623341
35.9765658379
35.9775364399
35.9785370827
35.9795362949
35.9805583954
35.9815373421
35.9835453033
35.9843342304
35.9855382442
35.9865365028
35.9875361919
35.98853755
35.9895396233
35.9905445576
35.991543293
35.9925382137
35.9935274124
35.9945328236
35.9955306053
35.9965381622
35.9975328445
35.9985294342
35.999527216
36.0003244877
36.0015227795
36.002563715
36.0035178661
36.0045599937
36.0055553913
36.0065202713
36.0075187683
36.0085179806
36.0095729828
36.0105185509
36.0115170479
36.0125191212
36.0135130882
36.014513731
36.0155129433
36.016561985
36.0175216198
36.0185124874
36.0195116997
36.0205111504
36.0215158463
36.0225105286
36.0235157013
36.024513483
36.0255188942
36.0265200138
36.0275156498
36.0295088291
36.0305197239
36.0315108299
36.0325114727
36.0335221291
36.0345299244
36.0355331898
36.0365259647
36.0375163555
36.0385015011
36.0394983292
36.0404946804
36.0414972305
36.0425114632
36.0434963703
36.0444984436
36.0454990864
36.046500206
36.0474965572
36.0485429764
36.0534937382
36.0544970036
36.0554976463
36.0564916134
36.0574944019
36.0584914684
36.0594878197
36.0604889393
36.0614874363
36.0624914169
36.0634973049
36.064494133
36.0654873848
36.0665361881
36.0674865246
36.0684986115
36.0695056915
36.0704960823
36.0714895725
36.0724890232
36.0735082626
36.0744864941
36.0754847527
36.0764858723
36.077488184
36.0784893036
36.0794861317
36.0804843903
36.0815019608
36.0825009346
36.0834906101
36.0844936371
36.0854818821
36.086502552
36.0874819756
36.0884816647
36.0894784927
36.0904746056
36.0914797783
36.0924866199
36.0934786797
36.094479084
36.09547925
36.0964839458
36.0974807739
36.0984840393
36.0994827747
36.1025080681
36.1034698486
36.1045019627
36.1054699421
36.1074733734
36.1084740162
36.1095149517
36.110470295
36.1164841652
36.1174991131
36.1184837818
36.1194787025
36.1204862595
36.1215007305
36.123516798
36.1245100498
36.1255187988
36.1264770031
36.1274869442
36.1285033226
36.1294763088
36.1304810047
36.1314752102
36.1324746609
36.1334760189
36.1344754696
36.1354832649
36.1364820004
36.1374769211
36.1384749413
36.1394808292
36.1404705048
36.141469717
36.142468214
36.1434822083
36.1444616318
36.145471096
36.1464772224
36.1474692822
36.1484589577
36.1494672298
36.1504583359
36.1514651775
36.1525144577
36.1534645557
36.1544935703
36.1554694176
36.1564667225
36.1574516296
36.1584599018
36.1594777107
36.1604580879
36.1614565849
36.1624679565
36.1634554863
36.1644458771
36.1654515266
36.1664471626
36.1674425602
36.1684427261
36.1694383621
36.1704366207
36.1714377403
36.172467947
36.1744351387
36.175432682
36.1764400005
36.1774344444
36.1814305782
36.1824300289
36.1834256649
36.1844277382
36.1854393482
36.1874501705
36.1884436607
36.1894536018
36.1904394627
36.1914458275
36.1924493313
36.1934547424
36.1944408417
36.1954481602
36.1964552402
36.1974439621
36.1984417439
36.1994497776
36.2004451752
36.2014434338
36.2024626732
36.2034432888
36.204438448
36.2054376602
36.2064387798
36.2074306011
36.2084319592
36.2094328403
36.2104310989
36.2114272118
36.2174253464
36.2184343338
36.2204215527
36.2214210033
36.2254173756
36.2264153957
36.2274210453
36.2284181118
36.2294139862
36.2304112911
36.2314174175
36.2324149609
36.2334113121
36.2344040871
36.2354025841
36.2364141941
36.2374141216
36.2384083271
36.239408493
36.2403886318
36.2413892746
36.2424020767
36.2434110641
36.2444040775
36.2453858852
36.2463958263
36.2474045753
36.2484045029
36.2493884563
36.2503812313
36.2513799667
36.2523825169
36.2533767223
36.2543766499
36.2553787231
36.2563755512
36.2573766708
36.2583723068
36.2593722343
36.2603731155
36.2613823414
36.2623958588
36.2633843422
36.2643761635
36.2653813362
36.2663867474
36.2673864365
36.2683887482
36.2693865299
36.270377636
36.2713885307
36.2723798752
36.2733819485
36.2743768692
36.2753741741
36.276373148
36.2773799896
36.2783794403
36.2793784142
36.2803845406
36.2813837528
36.282378912
36.2833762169
36.2843773365
36.2853827477
36.2863805294
36.2873725891
36.2883682251
36.2893714905
36.2903666496
36.2913961411
36.2923645973
36.29337883
36.2943618298
36.2953674793
36.296361208
36.2973661423
36.2983677387
36.2993586063
36.3003563881
36.3013563156
36.3023562431
36.3033571243
36.3043558598
36.3063640594
36.3073654175
36.3083586693
36.3093640804
36.3103737831
36.3113770485
36.3123655319
36.31336236
36.3143525124
36.3153581619
36.3163526058
36.3173551559
36.3183515072
36.3193542957
36.3203477859
36.3213765621
36.3223590851
36.3233551979
36.324347496
36.3253591061
36.3263485432
36.3273620605
36.3283524513
36.329362154
36.3343510628
36.3353419304
36.3363380432
36.3373470306
36.3383316994
36.3393397331
36.3403251171
36.3413403034
36.3423275948
36.3433449268
36.3443243504
36.3453359604
36.3463277817
36.3473341465
36.348323822
36.3493306637
36.3503220081
36.3513278961
36.3523249626
36.35333848
36.3543207645
36.3553321362
36.3563170433
36.3573246002
36.3583166599
36.3593251705
36.3603153229
36.3613257408
36.3623185158
36.3633368015
36.3643114567
36.3653094769
36.3663096428
36.367307663
36.3683137894
36.3693673611
36.3703527451
36.3713083267
36.3723104
36.3733308315
36.3745558262
36.3755578995
36.3765547276
36.3775575161
36.3785676956
36.3795669079
36.3805720806
36.3845524788
36.3853082657
36.3865504265
36.3875494003
36.3885548115
36.3895659447
36.3905744553
36.391561985
36.3925564289
36.3935472965
36.3945379257
36.3955364227
36.3965392113
36.397548914
36.3985388279
36.3995347023
36.4005339146
36.4012887478
36.4025366306
36.4035277367
36.4045259953
36.4055256844
36.4065234661
36.4075257778
36.4085299969
36.4095253944
36.4105341434
36.4115331173
36.4125335217
36.4135279655
36.4145274162
36.4155426025
36.4165322781
36.4175407887
36.4185361862
36.4195327759
36.4205384254
36.4215385914
36.4225268364
36.4235296249
36.4245398045
36.4255299568
36.4265360832
36.4275419712
36.4285292625
36.4295313358
36.4305181503
36.4315168858
36.4325523376
36.4335131645
36.4345126152
36.4355163574
36.436519146
36.4375114441
36.4385118484
36.4395129681
36.4405128956
36.4415111542
36.4425077438
36.4435093403
36.4445178509
36.4454965591
36.446495533
36.4474987984
36.4484961033
36.4494962692
36.4504947662
36.4514873028
36.4525001049
36.4535005093
36.4544999599
36.4555010796
36.456499815
36.4575035572
36.4585106373
36.4595115185
36.4605033398
36.4615044594
36.4625031948
36.4634957314
36.464492321
36.4655001163
36.4664943218
36.4674971104
36.4684944153
36.4695003033
36.4704897404
36.4714920521
36.4724869728
36.4734933376
36.4744861126
36.475487709
36.4764883518
36.4774830341
36.4784812927
36.4794886112
36.4804809093
36.4814841747
36.4824836254
36.4834780693
36.4844791889
36.4854810238
36.4864816666
36.4874887466
36.4884796143
36.4894824028
36.4904778004
36.4914829731
36.494494915
36.4954741001
36.4964768887
36.4974858761
36.4984922409
36.4994869232
36.500484705
36.5014922619
36.5024676323
36.503467083
36.5044710636
36.5054678917
36.5064725876
36.5074944496
36.5085287094
36.5094721317
36.5105166435
36.5115129948
36.5124640465
36.5134601593
36.5144586563
36.5154595375
36.5164577961
36.5174610615
36.5184752941
36.519472599
36.5204746723
36.5214571953
36.5224647522
36.523471117
36.5244543552
36.5254569054
36.5264680386
36.5274791718
36.5284748077
36.5294606686
36.5304665565
36.5314683914
36.5324559212
36.5334587097
36.5344581604
36.5354626179
36.5364644527
36.537471056
36.5404617786
36.5414540768
36.5424511433
36.5434598923
36.5444505215
36.5494437218
36.5504488945
36.5514483452
36.5524463654
36.5544409752
36.5554511547
36.5564439297
36.5574598312
36.5584418774
36.5594558716
36.5604543686
36.5614609718
36.562486887
36.5634462833
36.5644335747
36.5654397011
36.5664360523
36.5674510002
36.5684378147
36.5694322586
36.5704314709
36.5714290142
36.5724291801
36.573425293
36.5744285583
36.5754272938
36.576426506
36.5774259567
36.5784230232
36.5794262886
36.5804233551
36.5814318657
36.5834298134
36.5844361782
36.5854313374
36.5864343643
36.5874304771
36.5884287357
36.5894303322
36.5904188156
36.5914216042
36.592423439
36.5934329033
36.5944314003
36.5954301357
36.5964369774
36.597442627
36.5984447002
36.5994367599
36.6004424095
36.6014516354
36.6024534702
36.6034317017
36.6044430733
36.6054542065
36.6064298153
36.6074171066
36.6084618568
36.6094686985
36.610468626
36.6114749908
36.6124529839
36.6134212017
36.6144516468
36.6154117584
36.6164150238
36.617410183
36.6184108257
36.6194136143
36.620414257
36.6214327812
36.6224122047
36.6234109402
36.6244089603
36.6254062653
36.6264183521
36.6274197102
36.6284048557
36.6294047832
36.6304764748
36.6314196587
36.6324076653
36.6334018707
36.6344006062
36.635402441
36.6364021301
36.6374020576
36.6384043694
36.6394505501
36.640412569
36.6414086819
36.6424167156
36.6434028149
36.6444141865
36.645421505
36.6464533806
36.6474022865
36.6484034061
36.6493999958
36.6504070759
36.6513967514
36.6524026394
36.6553816795
36.6574006081
36.6584060192
36.6594083309
36.6603965759
36.6615254879
36.6623647213
36.6634969711
36.6643702984
36.665368557
36.6683695316
36.669372797
36.6703686714
36.6713833809
36.6723742485
36.6733763218
36.6743848324
36.6753983498
36.6763989925
36.6773831844
36.6783864498
36.6793761253
36.6803708076
36.6816124916
36.6823744774
36.6833701134
36.6844186783
36.6853759289
36.6864361763
36.6874437332
36.6883642673
36.6893839836
36.6904294491
36.6914288998
36.6923851967
36.6933615208
36.6943674088
36.6953799725
36.6963613033
36.6973690987
36.6983587742
36.6993715763
36.7003676891
36.7013697624
36.7024235725
36.7034032345
36.7044663429
36.7053649426
36.7063615322
36.7073500156
36.7083604336
36.7093582153
36.7103540897
36.7113735676
36.7123749256
36.7133755684
36.7143671513
36.7153522968
36.7163486481
36.7173495293
36.7183418274
36.7193343639
36.7203366756
36.7213392258
36.7223420143
36.7233433723
36.7243654728
36.7253715992
36.7303404808
36.7313473225
36.7363340855
36.7373330593
36.7383391857
36.7393257618
36.7403280735
36.7413256168
36.7423284054
36.7433264256
36.7443261147
36.7453262806
36.7463195324
36.7473216057
36.7483224869
36.7493264675
36.7503182888
36.751322031
36.7523150444
36.7533204556
36.7563118935
36.757319212
36.7583150864
36.7593281269
36.7603461742
36.7613196373
36.7623250484
36.7633280754
36.7643275261
36.7655713558
36.766556263
36.7673635483
36.7685534954
36.7693285942
36.7703201771
36.7715528011
36.7723071575
36.7733178139
36.7743053436
36.7753133774
36.776301384
36.777315855
36.7783041
36.7795555592
36.7803006172
36.7813155651
36.7823076248
36.7835447788
36.7845416069
36.7855401039
36.7865457535
36.7875549793
36.7882974148
36.7895486355
36.7905426025
36.7915377617
36.7925360203
36.7935395241
36.7962882519
36.7975945473
36.79834342
36.7995319366
36.8005287647
36.8015286922
36.802529335
36.8035252094
36.8045248985
36.8055300713
36.8165268898
36.8175218105
36.8205151558
36.8215165138
36.8225169182
36.8235132694
36.8245129585
36.8255150318
36.8265171051
36.8275160789
36.828517437
36.8295116425
36.8305137157
36.8315114975
36.8325128555
36.8335111141
36.8345103264
36.8355128765
36.8365135193
36.8375115395
36.8385150433
36.8395190239
36.8495028019
36.8504989147
36.8514974117
36.8535015583
36.8545002937
36.8554968834
36.8565013409
36.8575017452
36.8585181236
36.8594968319
36.8604950905
36.8614971638
36.8624939919
36.8634958267
36.864495039
36.8654932976
36.8664898872
36.8674917221
36.8684928417
36.8694901466
36.8704974651
36.8715322018
36.8724913597
36.8734924793
36.8745319843
36.8754882812
36.876488924
36.8774917126
36.8785476685
36.879488945
36.8804879189
36.8814883232
36.8824894428
36.8834929466
36.8844878674
36.8854837418
36.8864824772
36.8874850273
36.8884823322
36.8894827366
36.8904800415
36.8914825916
36.8924806118
36.8934776783
36.8944764137
36.895478487
36.8964788914
36.8974809647
36.8984758854
36.8994717598
36.9004716873
36.9014713764
36.9024865627
36.9034671783
36.9044818878
36.9054706097
36.9064826965
36.907469511
36.9084675312
36.9094698429
36.9104828835
36.9114644527
36.9124658108
36.9134793282
36.9145104885
36.915481329
36.9174933434
36.9184622765
36.9194610119
36.920463562
36.921459198
36.9224641323
36.9234604836
36.9244577885
36.9254603386
36.9264647961
36.92745924
36.9284579754
36.9294567108
36.9304599762
36.9314620495
36.9324579239
36.9334561825
36.9344587326
36.9354596138
36.9364619255
36.9374577999
36.9384624958
36.9394643307
36.9404613972
36.9414613247
36.9424667358
36.9434638023
36.9444532394
36.9454517365
36.946457386
36.9474515915
36.9484570026
36.9494526386
36.9504516125
36.9514501095
36.9524469376
36.9534525871
36.9544506073
36.9554491043
36.956444025
36.9574494362
36.9584481716
36.9594519138
36.9604432583
36.9614839554
36.9624881744
36.9634501934
36.9644370079
36.9654529095
36.9664382935
36.967445612
36.9684388638
36.9694392681
36.9704453945
36.9714412689
36.9724383354
36.9734363556
36.9744353294
36.975440979
36.9764392376
36.9774410725
36.9784376621
36.9794356823
36.9804363251
36.9814267159
36.982446909
36.9834346771
36.9844481945
36.985440731
36.9884245396
36.9894235134
36.9904212952
36.9914197922
36.9924249649
36.9934222698
36.9944217205
36.995424509
36.9964249134
36.9974579811
36.9984202385
36.9994196892
37.000415802
37.001414299
37.0024168491
37.0034120083
37.0044128895
37.0054109097
37.0064249039
37.007455349
37.0084145069
37.0094149113
37.0104198456
37.0114135742
37.0124137402
37.0134072304
37.0144100189
37.0154159069
37.016409874
37.0174090862
37.0184161663
37.0194180012
37.0204253197
37.0214262009
37.0224075317
37.0234091282
37.0244088173
37.0254087448
37.0263996124
37.0274002552
37.0284085274
37.0294008255
37.0304458141
37.0313973427
37.032397747
37.0334057808
37.0344057083
37.0353989601
37.036397934
37.0373997688
37.0384016037
37.0393965244
37.0403954983
37.0413877964
37.0423893929
37.0433862209
37.0444302559
37.0453865528
37.046381712
37.0474498272
37.0484330654
37.049441576
37.0503952503
37.0513861179
37.0523908138
37.0533792973
37.0543797016
37.0554265976
37.0564618111
37.0574512482
37.0584042072
37.0593729019
37.0604140759
37.0613715649
37.0623810291
37.0633752346
37.0643815994
37.0654284954
37.0664310455
37.0674295425
37.0683746338
37.0694274902
37.0704338551
37.0714285374
37.0723769665
37.073374033
37.0743677616
37.0753808022
37.0764195919
37.0774419308
37.0784299374
37.0794184208
37.0804393291
37.0813763142
37.0823881626
37.083429575
37.0843820572
37.0854551792
37.0863718987
37.0873651505
37.0883648396
37.0893633366
37.090362072
37.091360569
37.0923559666
37.0933663845
37.0943613052
37.0953605175
37.0963580608
37.0973570347
37.0983560085
37.0993559361
37.1004157066
37.1013786793
37.1023595333
37.103364706
37.1043584347
37.1053671837
37.1063787937
37.1073615551
37.108345747
37.1093592644
37.1104261875
37.1113655567
37.112446785
37.1134142876
37.1144249439
37.1153590679
37.1163489819
37.1173596382
37.1183505058
37.1193721294
37.1204469204
37.1213521957
37.1223571301
37.1253638268
37.126363039
37.1273548603
37.1283507347
37.1293468475
37.1303503513
37.1313407421
37.1323459148
37.1333448887
37.1343398094
37.135338068
37.1363348961
37.1373324394
37.1383361816
37.139333725
37.1403365135
