-6.50946918575
-6.47937763247
-6.5164899827
-6.51325975561
-6.54329924026
-6.51876367306
-6.54107882991
-6.5543836397
-6.55521742495
-6.51777224181
-6.5167796043
-6.52033701801
-6.48920166184
-6.5300286293
-6.55436377984
-6.55831462791
-6.52498010605
-6.48691317746
-6.51777823738
-6.51816004747
-6.51901798939
-6.54535068849
-6.49047914359
-6.52054908046
-6.53291037617
-6.50355748615
-6.50292633899
-6.48152693408
-6.49853464173
-6.47729149689
-6.4897576635
-6.48561491008
-6.46432204745
-6.50191887802
-6.48956373577
-6.49444763689
-6.48198732354
-6.49925719088
-6.52907650688
-6.54681658411
-6.5427348116
-6.50925874843
-6.52548597612
-6.52421974297
-6.52316952093
-6.52214036113
-6.50844020256
-6.48674435761
-6.49170578356
-6.51363468845
-6.51071461556
-6.48753895191
-6.4880625486
-6.49718962046
-6.518327097
-6.50946417888
-6.51634841191
-6.53147807234
-6.49280891785
-6.50475561492
-6.51740012084
-6.50515708867
-6.54410368351
-6.5743800179
-6.57099962139
-6.60807896742
-6.60731555707
-6.58155220325
-6.58553448436
-6.61519949413
-6.58570759212
-6.59023014914
-6.59734996373
-6.57609440025
-6.58447829131
-6.57899289694
-6.61271728206
-6.57861947344
-6.60913000066
-6.61029291544
-6.58560850676
-6.5856121426
-6.56065907357
-6.57232474749
-6.59279958498
-6.60128065281
-6.57545965162
-6.55926645897
-6.57699994045
-6.58141553439
-6.56872405098
-6.56931469093
-6.59482801824
-6.55693462217
-6.55227000399
-6.58141144744
-6.56355041446
-6.52131933966
-6.56343463233
-6.56363179584
-6.55994184043
-6.5706879009
-6.54197525275
-6.49175644873
-6.51722616851
-6.52935405105
-6.51138240165
-6.45430750223
-6.46956011247
-6.45080859031
-6.45441777356
-6.47226829061
-6.44749257238
-6.46150752627
-6.43722816057
-6.45961094521
-6.49923828725
-6.47066048675
-6.48355864219
-6.47062524826
-6.48627133094
-6.43899142589
-6.44678942306
-6.4624770526
-6.43728523112
-6.45843655524
-6.42830851586
-6.43336138988
-6.43027822984
-6.40583713135
-6.45329523743
-6.46256157033
-6.4411547498
-6.42870636961
-6.44186753723
-6.45481331943
-6.47130633678
-6.45824416525
-6.45420760393
-6.43704978194
-6.46644145005
-6.44493914168
-6.43695078585
-6.47389289901
-6.47029681216
-6.48650048054
-6.45735100146
-6.52001177637
-6.51591886318
-6.50791135954
-6.50358982638
-6.45669533289
-6.53247915529
-6.53644541628
-6.49334999984
-6.50528020413
-6.49650291891
-6.52198307422
-6.50504052577
-6.4885159401
-6.50952765598
-6.50580548485
-6.50699844392
-6.50753156991
-6.48267153185
-6.49534493449
-6.4785791885
-6.46998250233
-6.43950498331
-6.41412500888
-6.44314885088
-6.44730479392
-6.41381907787
-6.44787733555
-6.43134378646
-6.45683636042
-6.44925586123
-6.45795717416
-6.43639802656
-6.44878481866
-6.448453456
-6.40541560653
-6.46479944255
-6.46450815651
-6.47361788426
-6.45217314287
-6.46443954208
-6.45144420004
-6.45203805107
-6.45583453594
-6.46382499263
-6.48479853069
-6.50594304528
-6.42518648852
-6.41290737047
-6.44979763576
-6.43629363139
-6.41102769824
-6.43195382143
-6.37326083078
-6.41565036255
-6.42041353342
-6.43788769741
-6.43006483447
-6.41791153011
-6.43824415625
-6.42550271089
-6.43386252867
-6.47154274223
-6.45462027632
-6.46326384676
-6.42999678891
-6.48565203466
-6.51210765106
-6.4795539484
-6.5100576661
-6.47270046086
-6.4894609725
-6.47652171036
-6.50546011951
-6.48342663789
-6.49486459114
-6.48509661642
-6.4722834044
-6.50165465955
-6.52809478153
-6.51194618305
-6.50545045491
-6.51099143205
-6.51127312994
-6.52409675295
-6.51534957676
-6.54776136523
-6.51344152656
-6.53293462304
-6.54484620521
-6.55356618344
-6.58239577394
-6.56572902993
-6.58358719409
-6.60976660985
-6.59788114485
-6.6151945667
-6.61965382592
-6.59853006468
-6.57960695577
-6.60859689614
-6.59818915994
-6.57640456726
-6.55081917612
-6.57653762106
-6.55990990813
-6.58203497895
-6.55774123887
-6.58375701914
-6.54557573735
-6.57494804199
-6.50749576351
-6.53211690287
-6.52284609374
-6.50987402946
-6.50985211589
-6.51796867061
-6.50145709983
-6.55684428148
-6.51865041727
-6.5064586437
-6.52334780232
-6.53721825099
-6.52897392797
-6.54689355476
-6.49601946557
-6.5212206701
-6.52491765184
-6.48172664074
-6.52284384476
-6.53523720224
-6.51312962066
-6.50479675858
-6.47983136413
-6.45425149872
-6.44660373759
-6.42190344332
-6.44334527381
-6.42291993542
-6.41781441219
-6.43528855165
-6.40982893288
-6.38786662168
-6.34891555248
-6.37329555419
-6.38493635062
-6.3545748158
-6.42205833619
-6.37605692406
-6.40181035236
-6.43158055776
-6.43738025801
-6.4517556626
-6.48651071401
-6.44482952968
-6.47896891553
-6.53269452205
-6.5320522214
-6.50987013193
-6.48780760548
-6.49127625748
-6.48250644089
-6.47339036857
-6.48253813093
-6.45768912278
-6.44169608791
-6.46770174263
-6.48548897093
-6.50302821956
-6.50343154112
-6.49183418144
-6.50483474222
-6.49759995553
-6.48028503307
-6.48449294569
-6.46216458751
-6.49053124163
-6.46438991751
-6.50200380863
-6.49755436796
-6.53201595891
-6.50289751077
-6.49203019833
-6.52192190381
-6.56167376287
-6.5622459975
-6.5625437155
-6.54892678596
-6.54930228767
-6.56067687369
-6.51268617715
-6.51477771293
-6.48146078636
-6.52424634467
-6.52410104393
-6.51206219066
-6.47859426405
-6.52903087306
-6.50718944303
-6.46446669892
-6.46747724096
-6.48389929887
-6.47048356566
-6.49617104039
-6.5084726094
-6.48830061354
-6.45863246324
-6.48073900516
-6.51545917413
-6.45695627935
-6.45248395222
-6.48189226517
-6.48102322861
-6.45956142557
-6.44531106952
-6.40215143843
-6.42699196678
-6.4441487374
-6.45704402215
-6.39801564661
-6.42482235991
-6.41698050523
-6.39671934556
-6.43510699049
-6.42613535866
-6.40468875174
-6.41705855574
-6.43327533223
-6.46725915259
-6.4581114206
-6.4699709096
-6.4643513944
-6.53180283437
-6.52818941903
-6.52510237316
-6.55115269662
-6.53144221591
-6.54390176922
-6.56979387797
-6.5618896859
-6.55335547541
-6.55392568375
-6.59572273359
-6.57386984119
-6.58530742671
-6.54711292797
-6.53024150274
-6.53815170415
-6.47565180481
-6.50045207993
-6.48312451031
-6.45791908352
-6.45896837286
-6.4639131177
-6.46965258234
-6.4707589296
-6.45589222437
-6.43997985484
-6.44893502426
-6.44023852494
-6.48184880285
-6.43149087608
-6.46045921176
-6.48053615037
-6.49203966492
-6.49119344426
-6.49004572862
-6.51070828849
-6.51874057359
-6.51903790121
-6.53627025562
-6.56614963568
-6.57860226359
-6.55789728797
-6.56266932903
-6.53338196594
-6.57558794458
-6.56337559127
-6.5334175418
-6.50830437802
-6.52047032766
-6.47863392103
-6.47821216659
-6.42301540948
-6.43015831072
-6.39073884227
-6.40365818166
-6.46176569426
-6.40753275834
-6.41715553836
-6.42610698272
-6.44332349362
-6.45208926534
-6.46497428533
-6.44775530771
-6.40862554618
-6.45832255132
-6.44513237906
-6.45398735289
-6.44987197591
-6.45118237848
-6.44740022479
-6.47327423523
-6.49541892763
-6.48638511917
-6.44045370832
-6.42801658655
-6.44828998826
-6.46553636497
-6.46463452134
-6.46890963117
-6.48140035072
-6.50310204892
-6.51941589031
-6.52819561867
-6.48194072949
-6.50771238953
-6.51114700649
-6.54426906265
-6.5069152951
-6.51524674579
-6.49939093395
-6.51260576689
-6.53464397003
-6.52634601887
-6.50980805828
-6.48797908709
-6.46144331744
-6.46767686323
-6.48306192777
-6.4569479801
-6.4572997372
-6.50146676944
-6.49023851099
-6.49213606979
-6.46800408303
-6.47664532018
-6.4758795118
-6.47855127259
-6.47262473182
-6.49178743362
-6.461204772
-6.48173911938
-6.52917159565
-6.51460668256
-6.53856948358
-6.55780019658
-6.55546226706
-6.52105503089
-6.50417870285
-6.54376817009
-6.5076266104
-6.50461070645
-6.4899529547
-6.46813056755
-6.4870773867
-6.47646270277
-6.4973046465
-6.4948480415
-6.48880280074
-6.48045781135
-6.44543834731
-6.4518313367
-6.43245551129
-6.42218158308
-6.46248186635
-6.41961734146
-6.43699204253
-6.40866888007
-6.43605982588
-6.42834342184
-6.48476563809
-6.46887814793
-6.47313226027
-6.44734880237
-6.46313764662
-6.48235349108
-6.46921355059
-6.47247141223
-6.50203094391
-6.51194544055
-6.48844792088
-6.49718529515
-6.49010484318
-6.45186979703
-6.46853337016
-6.47171440045
-6.44893985264
-6.46450939713
-6.46410885116
-6.44663614064
-6.45918062758
-6.45071817204
-6.47205943127
-6.45600796825
-6.46438395821
-6.43543569812
-6.46437390911
-6.50212800582
-6.4935168777
-6.48486749228
-6.50251038291
-6.52102671971
-6.50094497921
-6.51023846707
-6.50141387379
-6.49601542073
-6.50375378042
-6.45294724845
-6.46976624898
-6.48710441884
-6.51291039938
-6.48928590504
-6.46935417395
-6.46576962794
-6.4678284527
-6.47353010724
-6.46018282279
-6.49008678318
-6.48785485066
-6.47386900233
-6.46309499843
-6.45837030447
-6.45510886001
-6.48209622538
-6.46723146306
-6.48556248912
-6.50459435662
-6.45476638496
-6.48451067322
-6.4454739064
-6.456400361
-6.47541143614
-6.51141903294
-6.50583206895
-6.48543447193
-6.51217789837
-6.50469661797
-6.50783732631
-6.54669371769
-6.52132579605
-6.52434494148
-6.51798246321
-6.52480116931
-6.54487610027
-6.54443766381
-6.53170053091
-6.56644769688
-6.54978835864
-6.54725321182
-6.50149366625
-6.53137268138
-6.49308739175
-6.46772700854
-6.49634369899
-6.500686827
-6.48067577143
-6.48923727498
-6.47660988262
-6.48441475989
-6.48746241276
-6.4816406125
-6.43828636801
-6.47566003566
-6.47543335465
-6.49769518944
-6.4940710023
-6.52886061444
-6.55116455026
-6.54826648021
-6.55730465997
-6.55301796607
-6.58584701992
-6.60203975161
-6.60003206188
-6.6070251322
-6.57612564497
-6.61308400488
-6.57307380326
-6.53859187089
-6.53490009616
-6.56596508424
-6.56703965807
-6.55977136202
-6.54442223523
-6.56712049695
-6.54628424478
-6.55848012285
-6.54886930052
-6.53919051886
-6.51658608362
-6.52027237282
-6.51184191432
-6.52808662143
-6.51150517106
-6.49493851471
-6.47018169312
-6.51294902953
-6.50129966007
-6.52385416374
-6.50815635563
-6.52150715816
-6.54333230919
-6.50623500014
-6.48386706836
-6.50818708752
-6.47682854577
-6.50503806905
-6.49482560723
-6.50681631976
-6.47361329126
-6.52562362577
-6.53133151813
-6.54651396908
-6.57006400361
-6.55414156234
-6.572256492
-6.56350808783
-6.59664039124
-6.55621382469
-6.55023979058
-6.51014589897
-6.54283315846
-6.53384977991
-6.50802468005
-6.51197977583
-6.50840365964
-6.50897722999
-6.52702193968
-6.47795981847
-6.49931117982
-6.53845727223
-6.5766445937
-6.5092138384
-6.55422027391
-6.50556567205
-6.52012729447
-6.47748899931
-6.43884665544
-6.39004089368
-6.41722822174
-6.44315110254
-6.4383454394
-6.43876349532
-6.48333882378
-6.51510811356
-6.55675915374
-6.56506045614
-6.59094187235
-6.59327893959
-6.56545581459
-6.54925771708
-6.52741584671
-6.49853145806
-6.51184097958
-6.4982785982
-6.49473171908
-6.48791383584
-6.51695834586
-6.56012937552
-6.5121429493
-6.54517041312
-6.53784352325
-6.56269149363
-6.54531107461
-6.57764846595
-6.57083224323
-6.56052964963
-6.54178952911
-6.56143918755
-6.52398015683
-6.54665918736
-6.56857419354
-6.50983374391
-6.5723137245
-6.54572259554
-6.53121084759
-6.49886695944
-6.52229489559
-6.5552895582
-6.53466204455
-6.51465266317
-6.55069833684
-6.52781902111
-6.53953423237
-6.57170690265
-6.55177202332
-6.54339444459
-6.52603846075
-6.52108388756
-6.5621200585
-6.54765971237
-6.5246497732
-6.50641039125
-6.53744421992
-6.57349164337
-6.54610770031
-6.63155543849
-6.62052281444
-6.63089793283
-6.66995990278
-6.68597930987
-6.68661935759
-6.69631770781
-6.69689166854
-6.74010881359
-6.71468870556
-6.72334929447
-6.72755915
-6.71399917836
-6.69210544139
-6.70294652198
-6.67165270697
-6.69381476015
-6.6408748308
-6.68959207408
-6.68435533903
-6.69611887335
-6.70033742549
-6.7009535922
-6.68566784246
-6.72927034604
-6.71029283329
-6.72065252198
-6.7346251022
-6.75265794931
-6.75305541761
-6.75940250353
-6.78371526783
-6.76112296781
-6.78904566957
-6.77512133877
-6.77817716445
-6.7770193733
-6.74186736944
-6.74179731326
-6.74209371309
-6.77674569822
-6.75540724495
-6.75702110806
-6.7325009596
-6.74168577582
-6.7555161311
-6.7746271535
-6.75016749574
-6.7299999644
-6.76389438072
-6.78097938467
-6.77597409722
-6.77523037208
-6.79886281185
-6.75383065928
-6.7847459057
-6.74414674535
-6.76851508071
-6.7559667266
-6.83770649651
-6.81904219806
-6.87197607204
-6.89566052947
-6.91106852461
-6.92495408209
-6.91930588492
-6.90398374234
-6.89824325669
-6.89374516438
-6.92731792472
-6.91949865742
-6.91103271228
-6.91525814963
-6.93561656344
-6.9144042082
-6.96126451269
-6.95864835145
-6.92664003266
-6.94909780297
-6.99206304726
-6.95064590079
-6.9807912058
-6.97141421629
-6.96637422586
-6.97783607298
-6.99680863761
-6.97913089097
-6.97071745093
-7.01790363444
-6.98512803704
-7.02064055044
-7.00496627315
-7.00076138329
-7.00496226958
-6.99617440769
-6.99144338969
-6.99363968177
-6.99374195368
-6.95818062294
-6.99028715121
-6.97998118466
-6.97115642874
-6.9541118369
-6.97105404799
-6.91621043369
-6.97156744746
-6.92463325679
-6.93354826619
-6.95438129368
-6.92140672531
-6.90880240789
-6.93891549718
-6.93935430538
-6.89787018039
-6.96019745046
-6.94758994649
-6.94736787624
-6.99368967714
-6.96833617007
-7.00723064326
-7.06378518743
-7.08923374781
-7.11635634217
-7.11649554435
-7.08318506729
-7.09953578912
-7.11123725174
-7.0639278811
-7.11839341905
-7.06716483735
-7.08774723303
-7.05423418074
-7.06633395018
-7.02385274582
-7.04799178345
-7.0595569274
-7.04323452469
-7.04425515566
-7.03632645085
-7.0158061905
-7.00239640377
-6.99305131995
-7.03495310071
-7.02902858623
-7.06682753032
-7.04280258699
-7.03849539674
-7.01404392745
-7.04331861301
-7.03087917358
-7.0693587981
-7.00549130976
-7.05620139573
-7.03021715927
-7.07679993511
-7.05560667071
-7.05152899498
-7.03520409331
-7.018884119
-6.98098282766
-6.99447855429
-6.97820139314
-6.95318420269
-7.0224226743
-7.02745695656
-7.04160611072
-7.08587519807
-7.09674965062
-7.11069779677
-7.10684918441
-7.14035847448
-7.13893084991
-7.15371396026
-7.15588224896
-7.11573455168
-7.13170006198
-7.10996386778
-7.15171227198
-7.14775964478
-7.15283342308
-7.14910830958
-7.12519708772
-7.12512950012
-7.11282646087
-7.10387732131
-7.11621253421
-7.07266184226
-7.10613001416
-7.07522752093
-7.03941756612
-7.05743872234
-7.0542097604
-7.08121509068
-7.07774189076
-7.10290168484
-7.12297692469
-7.15284333194
-7.09288649334
-7.13118090033
-7.1772564143
-7.15180302355
-7.16344086195
-7.14238848679
-7.13785076402
-7.16307254641
-7.20929462439
-7.15497423906
-7.14729374543
-7.14796045861
-7.15261635564
-7.15727426032
-7.11167685733
-7.11110060742
-7.07247028986
-7.09744422108
-7.10500311953
-7.03254293687
-7.09517295536
-7.05371549983
-7.04983090254
-7.05776741826
-7.06286348676
-7.09672568533
-7.12543411499
-7.13813629283
-7.17520783285
-7.18690823827
-7.19913797309
-7.17682558388
-7.20562419646
-7.20541428977
-7.24291757729
-7.23012609943
-7.32279775526
-7.28423475266
-7.30033230934
-7.25215341665
-7.23924285428
-7.22535551073
-7.23792737412
-7.22449591608
-7.19529082387
-7.19536456193
-7.15797257727
-7.15042415851
-7.19623815716
-7.16661759343
-7.15407366065
-7.1287406254
-7.13760428601
-7.13344443262
-7.15434315859
-7.16672467894
-7.18818007267
-7.18363867787
-7.17584486087
-7.1634858328
-7.19338061407
-7.21579292904
-7.2295331467
-7.23860837445
-7.26022759782
-7.23862804794
-7.26714186232
-7.25846704413
-7.22715321825
-7.22631526454
-7.24055428384
-7.18702319751
-7.18834630026
-7.23076752207
-7.16747809125
-7.20996139647
-7.20030762871
-7.25455367274
-7.25408176712
-7.19796209721
-7.18444417359
-7.1749899436
-7.14971199391
-7.19954948316
-7.1832241107
-7.21787071823
-7.19435723146
-7.1991241891
-7.25512254724
-7.26473982308
-7.2264490823
-7.26314398774
-7.30060187106
-7.25707213359
-7.28178234354
-7.28633622172
-7.29035453568
-7.2868749587
-7.32551154729
-7.31369757836
-7.27911056411
-7.29172276904
-7.27829465849
-7.27705164238
-7.24725906828
-7.25823958051
-7.22741481214
-7.20168176431
-7.201908971
-7.18132066905
-7.20316644001
-7.19976039711
-7.18766550012
-7.16327973837
-7.25164359205
-7.19176176949
-7.22890630508
-7.2242527717
-7.21579530637
-7.2210025151
-7.24722791959
-7.25714764779
-7.26128512665
-7.28687079231
-7.30333589075
-7.28962782013
-7.24979337548
-7.2828306118
-7.27761793437
-7.27293771099
-7.28226424325
-7.3216301896
-7.31453533588
-7.32823739716
-7.2868895184
-7.33002446313
-7.27939594575
-7.26607674987
-7.30720200122
-7.25125595117
-7.2621022131
-7.2524322369
-7.22629290871
-7.22280216653
-7.26143423868
-7.22925908315
-7.23060814324
-7.22337853508
-7.27056280417
-7.2994329951
-7.23884444346
-7.28787960392
-7.28214986081
-7.28113243508
-7.31121763396
-7.31224645528
-7.27983012079
-7.30327276753
-7.31182816081
-7.32013285677
-7.29006234229
-7.27602354566
-7.29164392608
-7.28640736764
-7.26483497854
-7.27843814279
-7.26593318225
-7.26309187199
-7.2180201939
-7.26445216593
-7.23490100912
-7.26472429245
-7.2640686699
-7.30210721276
-7.27168422702
-7.26731576058
-7.30074297791
-7.33078560496
-7.33528600311
-7.39477795847
-7.39442504602
-7.43627234633
-7.45152041935
-7.49281500058
-7.49977246656
-7.53224343926
-7.58220281695
-7.57818284351
-7.59975741574
-7.60400999309
-7.61260268553
-7.5565331266
-7.55175857675
-7.54252576603
-7.5661196366
-7.49774139213
-7.52262875173
-7.50554892535
-7.4646514447
-7.43913880686
-7.41919065167
-7.41926096184
-7.40743832478
-7.42054770811
-7.42487678157
-7.40755815271
-7.38672000554
-7.37015739296
-7.41221108472
-7.37024445291
-7.40029438876
-7.36660419264
-7.38009008697
-7.35480760803
-7.36339968155
-7.36414256519
-7.35169788157
-7.39462208201
-7.39117088889
-7.3833369785
-7.42174536204
-7.4348618668
-7.39287980641
-7.44024670272
-7.4653629138
-7.44038888748
-7.44070283146
-7.47836030557
-7.4620791771
-7.44468868444
-7.38926312681
-7.40510647792
-7.43329731434
-7.41506676633
-7.39344507436
-7.39773126712
-7.4068142303
-7.37452597805
-7.3755714825
-7.38969259813
-7.3739841907
-7.38366124625
-7.35793477663
-7.36544755292
-7.36029672059
-7.36651173747
-7.38247564411
-7.38176485261
-7.34412601422
-7.3735949228
-7.4043316376
-7.40451749857
-7.44363270628
-7.40979819023
-7.41325971097
-7.43484179314
-7.42975492427
-7.43828392775
-7.44238928412
-7.44678055474
-7.44783220191
-7.48201368881
-7.48362655544
-7.4505298396
-7.45545675672
-7.45110168085
-7.43338482557
-7.39884135301
-7.43591320587
-7.37992501457
-7.36177127646
-7.36122460989
-7.36929813578
-7.41142828533
-7.37459769372
-7.40552431325
-7.38189431661
-7.39136042862
-7.38314458456
-7.40837047145
-7.39943485493
-7.40293258324
-7.42746968543
-7.44860652441
-7.43189336691
-7.41107719805
-7.42001866199
-7.4156988276
-7.39026964241
-7.42337234493
-7.40971950612
-7.43373351276
-7.40292806766
-7.39412128648
-7.40147745549
-7.42282617164
-7.40588750317
-7.40752955105
-7.41264030864
-7.43110413452
-7.46629488209
-7.48872333888
-7.47656538355
-7.45538934271
-7.47197002324
-7.42071752033
-7.41952928278
-7.41371756599
-7.38693136659
-7.39472873203
-7.40694167971
-7.35985609089
-7.38131038023
-7.35544773707
-7.35577418119
-7.34821555538
-7.38721457887
-7.38820860511
-7.36029653116
-7.386354744
-7.38166517965
-7.3994101235
-7.39961537642
-7.40760540253
-7.40282278669
-7.40271274898
-7.39692001809
-7.42539894608
-7.40739931305
-7.40176584235
-7.40180397419
-7.40944982558
-7.42714523808
-7.41098717315
-7.37370879919
-7.39111149672
-7.39595415797
-7.3962993565
-7.42973101382
-7.42038548582
-7.42786146319
-7.41855237998
-7.42656750038
-7.42640028607
-7.42168074028
-7.40921960407
-7.46119614189
-7.42697109065
-7.41856273404
-7.3679138988
-7.39229581305
-7.39962201344
-7.40327873212
-7.41139881775
-7.38602172683
-7.39129739204
-7.39276948719
-7.39409453285
-7.40414682029
-7.40517159597
-7.35044134712
-7.36161614121
-7.34723430466
-7.31033365101
-7.26991953159
-7.2895653327
-7.26707591063
-7.33411313367
-7.29377669583
-7.32948333903
-7.37086260176
-7.382213749
-7.40563431949
-7.41162729743
-7.43336227835
-7.45010967205
-7.44513868644
-7.4429182565
-7.42955917419
-7.46407164814
-7.47466131818
-7.39296942998
-7.41284055961
-7.40808664724
-7.42023039594
-7.4242838248
-7.38603947297
-7.41194255861
-7.43437144786
-7.41447575758
-7.41186292798
-7.43460868305
-7.36805228017
-7.36874397687
-7.38186537675
-7.3898480931
-7.41086794954
-7.43167121616
-7.42221254429
-7.37086957224
-7.40069296238
-7.36570412024
-7.35669123479
-7.38545336128
-7.38420840414
-7.37890065663
-7.38169969039
-7.38486745649
-7.37649823889
-7.42765679476
-7.38646887546
-7.42634777897
-7.43696670287
-7.46014366991
-7.47915354157
-7.45525741884
-7.44981068782
-7.4350162691
-7.39628118557
-7.35641604735
-7.41467547399
-7.37690650175
-7.36769250617
-7.35206681682
-7.33507353358
-7.35618410822
-7.36011012881
-7.37773898353
-7.37057237486
-7.35364923119
-7.37602168634
-7.38085687896
-7.40624187209
-7.36368542318
-7.37542377983
-7.37141341999
-7.38823333547
-7.39674854328
-7.37499638782
-7.36261483711
-7.39123162266
-7.3655102463
-7.37343753972
-7.38147062314
-7.38120436083
-7.39828118011
-7.42429602675
-7.41671392203
-7.40435129248
-7.40063390949
-7.4053319723
-7.40493342414
-7.40495286912
-7.39599873936
-7.40434711341
-7.42896916885
-7.38685551208
-7.37061482609
-7.37878456554
-7.37835862812
-7.42055216946
-7.33528819993
-7.31725501546
-7.34147625924
-7.3448690891
-7.34864299941
-7.34875069212
-7.37093331898
-7.31771574416
-7.32270904544
-7.3412367514
-7.38066575608
-7.37761777678
-7.37419945845
-7.37832432052
-7.3990828822
-7.38600993195
-7.39761184825
-7.39671489862
-7.37033510828
-7.3916064349
-7.36173652128
-7.36637059796
-7.36184689167
-7.37447605524
-7.37746610093
-7.32122126865
-7.38740282696
-7.33803362241
-7.38059391693
-7.32566046411
-7.32349641336
-7.35562247
-7.30214844558
-7.32588056018
-7.37246576253
-7.38125966412
-7.36217761783
-7.33459635237
-7.32749349151
-7.35315470871
-7.31362554179
-7.35310440356
-7.29254126492
-7.29870261346
-7.31068832407
-7.29401942617
-7.33849534745
-7.33732103312
-7.34411942812
-7.32954591163
-7.34268446527
-7.33700515676
-7.3612844519
-7.35971917184
-7.34494786429
-7.38201835294
-7.35680817917
-7.37805137702
-7.38335298391
-7.3727138246
-7.41210865971
-7.42618483397
-7.42302598013
-7.42262969662
-7.40956518992
-7.38674675212
-7.34512989224
-7.32167535144
-7.28799378724
-7.29833029136
-7.28323111075
-7.30403467453
-7.30253434964
-7.31737792308
-7.35201352029
-7.33868548851
-7.39601706022
-7.36762288342
-7.38814667356
-7.3855758362
-7.3576335042
-7.3292743708
-7.33881569115
-7.32500352742
-7.31199329814
-7.31642752592
-7.31263065066
-7.32636522373
-7.31403495896
-7.30133047236
-7.31000820144
-7.34383383163
-7.3148994908
-7.32813269188
-7.34898436791
-7.34973272724
-7.34515020632
-7.35881311877
-7.35043616083
-7.36821122937
-7.40690137554
-7.33510551392
-7.34706876262
-7.35380498217
-7.33913876233
-7.31599458269
-7.31871843664
-7.27234208868
-7.31891000274
-7.32934732813
-7.28901492235
-7.32018459208
-7.34595454165
-7.316445067
-7.29500298065
-7.31057033318
-7.29285528738
-7.30479297896
-7.33899653738
-7.30583974576
-7.33755007196
-7.33033140049
-7.35681510546
-7.30645477763
-7.36950951842
-7.32953119214
-7.30359257667
-7.30265214821
-7.3065072269
-7.27731481221
-7.31572119983
-7.24976752989
-7.29571394967
-7.2952354483
-7.28908725693
-7.32212588011
-7.26766999504
-7.31009719369
-7.29378670847
-7.30351113962
-7.28323103911
-7.28892417766
-7.28094223113
-7.3109112575
-7.3062550259
-7.29675997398
-7.27028280003
-7.29486251028
-7.29826512832
-7.27642616689
-7.29764398312
-7.27563737492
-7.30114157503
-7.28369612039
-7.27538876752
-7.26241629531
-7.25845758634
-7.26329395204
-7.27173982158
-7.28856061294
-7.30972309055
-7.24739141669
-7.26014997373
-7.27299551032
-7.27249906457
-7.28062813115
-7.28879782853
-7.32313942001
-7.28924387192
-7.27306480839
-7.25953032914
-7.26319562084
-7.27194914864
-7.25090665879
-7.23800517358
-7.19993257515
-7.20217820618
-7.17141619408
-7.18762450643
-7.10709357931
-7.14085742026
-7.06917301358
-7.06889717878
-7.11531298258
-7.11183213743
-7.1695150317
-7.19951712306
-7.21211575988
-7.22745708255
-7.26823160382
-7.29175100858
-7.3208966322
-7.36437201093
-7.34187981911
-7.30774345602
-7.29856562483
-7.29727761433
-7.25908545872
-7.19812047459
-7.18396959713
-7.16139271397
-7.1612014607
-7.12104040622
-7.15163397416
-7.10279105361
-7.12510587121
-7.13448029892
-7.16810748572
-7.17631218911
-7.21931217261
-7.21532649118
-7.25348363494
-7.24127435931
-7.22439984075
-7.26131504826
-7.23949473932
-7.24314453471
-7.25246117978
-7.23922745301
-7.26905478199
-7.22274914932
-7.22256544224
-7.24331885576
-7.22186595328
-7.20932806208
-7.1796518871
-7.2392328336
-7.2357677114
-7.22355408008
-7.21597298465
-7.22516281956
-7.21745122043
-7.22172531326
-7.17904686894
-7.20820224148
-7.17292845017
-7.19000915526
-7.17376563294
-7.20238454972
-7.17218654738
-7.15106669649
-7.18754322807
-7.22983751916
-7.21653067324
-7.22470699091
-7.24190626654
-7.23360301234
-7.20462666368
-7.22947224697
-7.24217128241
-7.2550225517
-7.24236654509
-7.24610929688
-7.22092584839
-7.21731794706
-7.20099766387
-7.2478939482
-7.2115139313
-7.20265671831
-7.15637537459
-7.17232592709
-7.18458341591
-7.15454846052
-7.14969942032
-7.18318399178
-7.22599069571
-7.18403700823
-7.22640212935
-7.21807492545
-7.23388470246
-7.20421448568
-7.19979983817
-7.22992593464
-7.27240863961
-7.20999779331
-7.16897898803
-7.19521299403
-7.20010907245
-7.1746895186
-7.20015062915
-7.18294972532
-7.16932965338
-7.15529574394
-7.13336841422
-7.14485754268
-7.11988521512
-7.07911923162
-7.08336674821
-7.13889291919
-7.1267635262
-7.08491691252
-7.14428668415
-7.11618911113
-7.16401412835
-7.13538522132
-7.12805701328
-7.12831509696
-7.0876832951
-7.04057915473
-7.03174579542
-7.07774271455
-7.05150060818
-7.0556857972
-7.06714823866
-7.0760006635
-7.11949650232
-7.10827923357
-7.11496295084
-7.13378631414
-7.11965096148
-7.17484170738
-7.16282495412
-7.18297734123
-7.17371991872
-7.14177924531
-7.16997803887
-7.14510387365
-7.10219829721
-7.1270784167
-7.07266405396
-7.05999097587
-7.07753353561
-7.05323820864
-7.04880732234
-7.06173959433
-7.01909068035
-7.04760682801
-7.00904973169
-7.07316960628
-7.06936552919
-7.10560920873
-7.11130829563
-7.14246460327
-7.15572185103
-7.17295574042
-7.17282218359
-7.20080083585
-7.17854618724
-7.16471337508
-7.20173921655
-7.14214628199
-7.14962640218
-7.08670168543
-7.10341302173
-7.07454767289
-7.07914494574
-7.05445627763
-7.06266952952
-7.08791825588
-7.06166729215
-7.02814064814
-7.09138954326
-7.09189116753
-7.07523101926
-7.10483308445
-7.13471496748
-7.12623943419
-7.15585489695
-7.14742985129
-7.16117055839
-7.1541396074
-7.20531299749
-7.19363129175
-7.19026119643
-7.19013205111
-7.15588447723
-7.11689195439
-7.14940737709
-7.12320007092
-7.1553447212
-7.12065279286
-7.09024136667
-7.08639131839
-7.04394353017
-7.10085780915
-7.10122004479
-7.09459967022
-7.10310909342
-7.12434477946
-7.0805520583
-7.08741668256
-7.10730525141
-7.10311700246
-7.14137790009
-7.12572330912
-7.19421072825
-7.17886502633
-7.15437841177
-7.19662890118
-7.17111423705
-7.13710572565
-7.15668727081
-7.13400355708
-7.11285692692
-7.08427965023
-7.10973902766
-7.0811246705
-7.0724632989
-7.08496168123
-7.08780708828
-7.11688864428
-7.10846292201
-7.11221738922
-7.14617611529
-7.16849441266
-7.16472425875
-7.17891656532
-7.18398962869
-7.20973960759
-7.20918044087
-7.16157808355
-7.17398929801
-7.18158284057
-7.14420549901
-7.16162097992
-7.16633843468
-7.14922771377
-7.13187623465
-7.15214091241
-7.14230431232
-7.15388960243
-7.13587377567
-7.14859977962
-7.18747131823
-7.19303129804
-7.22161349834
-7.2370816683
-7.20897777123
-7.25154546383
-7.25514962839
-7.25381959252
-7.23559114726
-7.22507090474
-7.24888069812
-7.29932751606
-7.23153180535
-7.24873776995
-7.25398446677
-7.30867812936
-7.29237828555
-7.32271601972
-7.32432935318
-7.37524563852
-7.3677130878
-7.3866138799
-7.3820921184
-7.44164094427
-7.4333447164
-7.44940040356
-7.46204664541
-7.45764670574
-7.51611569775
-7.48577448569
-7.47540195366
-7.52537060759
-7.54128653839
-7.54500059161
-7.52447242033
-7.5851309723
-7.59889563098
-7.61795756731
-7.63143581641
-7.62909041825
-7.66387041583
-7.64068573574
-7.61999035999
-7.59848839882
-7.59989282017
-7.55908170511
-7.54665586629
-7.51396938365
-7.49375157058
-7.49310896105
-7.47633505584
-7.48809536039
-7.50758714152
-7.51982310128
-7.5556798471
-7.55006137645
-7.55096825347
-7.60700276316
-7.60112796648
-7.58700470097
-7.58981867499
-7.59200640867
-7.5863718866
-7.58581490413
-7.58728229833
-7.60658282034
-7.62101793297
-7.5968201132
-7.59557766297
-7.58130447728
-7.5568943696
-7.54039614243
-7.5170286342
-7.51607964442
-7.52900084631
-7.56049867946
-7.53491892874
-7.56742253297
-7.57157769917
-7.56940432704
-7.56228130136
-7.59978658293
-7.57217615794
-7.57336844815
-7.58331040769
-7.56362432204
-7.50744947146
-7.56167276924
-7.52010607433
-7.53353747934
-7.53956997087
-7.53255656215
-7.51194771271
-7.51213836274
-7.4687868263
-7.49222750674
-7.43848765059
-7.47492928219
-7.45717092323
-7.47313876871
-7.48259152846
-7.47579591089
-7.50267055503
-7.49267150229
-7.51632084482
-7.54291106942
-7.53667677926
-7.55889949952
-7.49110579457
-7.46902803861
-7.48714327433
-7.44646230107
-7.44019162298
-7.42537637053
-7.41577046274
-7.45442051265
-7.44007217844
-7.43770600943
-7.43043377454
-7.45568965271
-7.47084772154
-7.4565969349
-7.46694835079
-7.45310751583
-7.45323512035
-7.48009745772
-7.49098526064
-7.50609087322
-7.54166179399
-7.54332111432
-7.56469682934
-7.52727284764
-7.53041960155
-7.53370056155
-7.4941495724
-7.48434361099
-7.48305443835
-7.50309069314
-7.49846881944
-7.48687219242
-7.48791473885
-7.53222498851
-7.55051819676
-7.56855390285
-7.56852283171
-7.54235432416
-7.5791014141
-7.57821011489
-7.56311232302
-7.59580706584
-7.57433489499
-7.63489245888
-7.62334011413
-7.61670570554
-7.64624470745
-7.60521193289
-7.64531235363
-7.64508568245
-7.64698192312
-7.63946335246
-7.64438557961
-7.60343187374
-7.56384923664
-7.60951279529
-7.5755221252
-7.56545804085
-7.59206429728
-7.61032686098
-7.62317606377
-7.6518565913
-7.62158447916
-7.62525584093
-7.66010213247
-7.6563219334
-7.6503041221
-7.6552913416
-7.67271639499
-7.63849613002
-7.6583025614
-7.62720695032
-7.64340271462
-7.65107601817
-7.60306381598
-7.60180662475
-7.52740314059
-7.57584186367
-7.61210812588
-7.5564899636
-7.60851228616
-7.6020394524
-7.63284748079
-7.68085122353
-7.67145486165
-7.69898009204
-7.68695860554
-7.67670014328
-7.66093116782
-7.67564185243
-7.63098420905
-7.63410612567
-7.59472714578
-7.57240429067
-7.5793993039
-7.5739960872
-7.62457245839
-7.60414250643
-7.63397927149
-7.59204068993
-7.58379542047
-7.63780944421
-7.60394179636
-7.58779907962
-7.60955169603
-7.61441934852
-7.61124807715
-7.59934428532
-7.64555038449
-7.6200427065
-7.62020332693
-7.66839176459
-7.62742067134
-7.67537043993
-7.6249782064
-7.6164656006
-7.64110350258
-7.59305150228
-7.62504469156
-7.64005060293
-7.61923976471
-7.60918290088
-7.59464915708
-7.59486608918
-7.64631041708
-7.63830528881
-7.63716010156
-7.68127180992
-7.70026532295
-7.68438697864
-7.69857275232
-7.69469800014
-7.71055576582
-7.72221012548
-7.7285159519
-7.6589602143
-7.71766522149
-7.72660288884
-7.69443763034
-7.71346647508
-7.71162070151
-7.71643975043
-7.68969164266
-7.72125723707
-7.69569392823
-7.68445794421
-7.66502032863
-7.69765688556
-7.66924787643
-7.692802907
-7.72063517091
-7.71945917063
-7.70451361938
-7.73472087251
-7.729648329
-7.71625952805
-7.72665469073
-7.7118017714
-7.72842837011
-7.74599108883
-7.6955438403
-7.72164967007
-7.7777419526
-7.73656341938
-7.7522059536
-7.70951303587
-7.72986313954
-7.7062172749
-7.73481175461
-7.71997199642
-7.71057783637
-7.68497179983
-7.71873368805
-7.72385816094
-7.73029402705
-7.73571197023
-7.73724049948
-7.78837587361
-7.75508745636
-7.78450763379
-7.7845057841
-7.7716380524
-7.76260825922
-7.74633717985
-7.74195644381
-7.74504811215
-7.72776629883
-7.74457898514
-7.74429442524
-7.74357016373
-7.71323736675
-7.7591871712
-7.71637954137
-7.75061404733
-7.75617337787
-7.75814817715
-7.78895805829
-7.75650144319
-7.81180352534
-7.7923143677
-7.78957597559
-7.79871671162
-7.77685478525
-7.79261401579
-7.80385186239
-7.7761027609
-7.74914409128
-7.76002294067
-7.70952539284
-7.72298232273
-7.74144508629
-7.76842880999
-7.76116717443
-7.73713097268
-7.75502646145
-7.75133065279
-7.77177977709
-7.7710464816
-7.79459796678
-7.77250858957
-7.77218660996
-7.76886863818
-7.79946676386
-7.76846099528
-7.7913668853
-7.73779785357
-7.77588071889
-7.78629338363
-7.79600207224
-7.77747541766
-7.77921970201
-7.79575522437
-7.7923352907
-7.75195788471
-7.79219749592
-7.78174367469
-7.799852092
-7.79161701673
-7.790981866
-7.80267734007
-7.78120129604
-7.78922735312
-7.76412620589
-7.7814764874
-7.78267154734
-7.78753309939
-7.78726542569
-7.78719527628
-7.77367500954
-7.78234214117
-7.76626718753
-7.78034017919
-7.8079991891
-7.75570310987
-7.78314832231
-7.81429393553
-7.75197895463
-7.7396962234
-7.76942528799
-7.75136393156
-7.71085753818
-7.73757445429
-7.76087177598
-7.73310183682
-7.73582223742
-7.75667731286
-7.76965931624
-7.79606698023
-7.7936245004
-7.82866189709
-7.84236482143
-7.85989412401
-7.8557547326
-7.84740471092
-7.83389969726
-7.82057604968
-7.84107776642
-7.82813898019
-7.82001831696
-7.79480895134
-7.77816107359
-7.80409122096
-7.78265684739
-7.82518918864
-7.7745260547
-7.79995600862
-7.77816022225
-7.80341876717
-7.79041504041
-7.79333647168
-7.78445912916
-7.8179016928
-7.80998234366
-7.7906779426
-7.81694625233
-7.79257583877
-7.80985724998
-7.8175398975
-7.82029327006
-7.8360079917
-7.85564827297
-7.82971865128
-7.87716676711
-7.80268665551
-7.83751066855
-7.85064718417
-7.82944966034
-7.80809398655
-7.85707944488
-7.82291761977
-7.76692751295
-7.77873652015
-7.72734318103
-7.76074312889
-7.74445680034
-7.76242868217
-7.79273557483
-7.81189444077
-7.8349510542
-7.83818940615
-7.91559658263
-7.9125042669
-7.90768758752
-7.90624445681
-7.89240621215
-7.89415499539
-7.91000393296
-7.88392563571
-7.84457975325
-7.84804440168
-7.85577218471
-7.81998445542
-7.82244902037
-7.7989253983
-7.79766857669
-7.79331687565
-7.80310350797
-7.77565677425
-7.82480315526
-7.83165349641
-7.87113440987
-7.91412222871
-7.94261748381
-7.91565044121
-7.9178817294
-7.91519685075
-7.91685210771
-7.91601916686
-7.91965120621
-7.91215032287
-7.90553137724
-7.89807589622
-7.87390717431
-7.84879709803
-7.85496079158
-7.844872176
-7.87237422771
-7.82061651188
-7.83374704083
-7.84894262536
-7.899053057
-7.86813166595
-7.87876921385
-7.91020123853
-7.89771007086
-7.90076961857
-7.93433741907
-7.91647001886
-7.88597708693
-7.9183955742
-7.89073487536
-7.88012565737
-7.8523973611
-7.87183554751
-7.84566380153
-7.89294575442
-7.90687859539
-7.91316302315
-7.9017422393
-7.8961704695
-7.91778439264
-7.94709061029
-7.90913421473
-7.91108009863
-7.91911377059
-7.90477738142
-7.90865541333
-7.93083352188
-7.94969310447
-7.92141549057
-7.93223117665
-7.92139133386
-7.92567135051
-7.94578179849
-7.93978945227
-7.88974705053
-7.89101313067
-7.90107490439
-7.89978602501
-7.89563758097
-7.92273203185
-7.86935274691
-7.91325168069
-7.90722221287
-7.92458552022
-7.92588709978
-7.91746809194
-7.92964101789
-7.95156982956
-7.98988306263
-7.95341729113
-7.963254819
-7.96768299537
-7.94632629473
-7.97872827939
-7.96947054988
-7.95357330582
-7.90722316238
-7.93378910975
-7.93488229587
-7.95260002404
-7.97703295459
-7.97041053218
-7.98513124716
-7.96995421113
-8.01768196419
-7.95882677981
-7.97661778696
-7.96367990397
-7.96638165603
-7.93991394664
-7.96396551923
-7.9444005963
-7.95029036666
-7.93580140628
-7.95290674659
-7.90660857273
-7.92533806356
-7.91473090316
-7.92427371825
-7.98785871319
-7.95403777714
-7.9066313014
-7.93498331243
-7.91766216195
-7.9354770786
-7.96229978165
-7.93925086529
-7.96644279995
-7.9337250235
-7.9683905375
-7.92576360181
-7.93247266641
-7.96516797511
-7.93779618882
-7.95305281034
-7.97299325857
-7.95993832436
-7.97700453448
-7.95765056375
-7.99351484106
-7.9745170761
-7.98414389989
-7.96735602352
-7.97869500916
-7.96463415574
-7.94891157112
-7.93190457559
-7.91517646612
-7.94633015705
-7.94295093453
-7.93063164664
-7.94271402006
-7.938453058
-7.96738400131
-7.9306992646
-7.94074550063
-7.97538542902
-7.96528879552
-7.94140450009
-7.92494032943
-7.98374738985
-7.98707988885
-7.96761650517
-7.92054135772
-7.92721935119
-7.93152962894
-7.96016407452
-7.93452026617
-7.95203545134
-7.94344476655
-7.95621941427
-7.97418679329
-8.00334922841
-7.97840567885
-7.97493707876
-7.96716374529
-7.99293527003
-7.97661097743
-7.97619449474
-7.93731188603
-7.936255439
-7.95105041777
-7.92465825992
-7.90635065976
-7.91461689635
-7.90299471221
-7.88322767381
-7.91017241246
-7.92437665219
-7.9419868014
-7.95505322064
-7.95966864672
-7.92905654987
-7.96249118393
-7.9624161277
-7.97879555888
-7.96231872543
-7.95368939295
-7.9617599893
-7.97799625097
-7.98032453933
-8.0002515891
-7.97432415166
-7.96986894393
-7.96696754806
-7.97720606231
-8.00449460092
-7.9385589342
-7.99724380506
-7.95801846641
-7.92267754846
-7.95521759466
-7.90399353051
-7.90482502189
-7.90202353708
-7.92460420907
-7.95123460352
-7.93530981723
-7.92309989232
-7.92103699344
-7.96585558486
-7.91255478596
-7.94965221859
-7.94438631814
-8.00454764359
-7.97661439553
-7.99855470977
-8.00083726521
-8.01075018668
-7.99067543232
-7.99888806342
-7.98445602658
-7.96982302192
-7.89251509459
-7.95942019253
-7.91712473139
-7.91387217278
-7.95788407783
-7.92186951354
-7.95670012232
-7.90577104078
-7.91321721611
-7.90271214237
-7.92909037513
-7.89280357943
-7.92576729262
-7.92100474253
-7.90073993439
-7.96162247217
-7.97077268746
-8.0306314764
-8.01040556992
-8.0018888615
-8.03959749517
-8.02275404775
-8.02996229839
-8.0430261843
-8.00524600666
-7.99337525924
-7.98595506973
-7.96947435139
-7.94793135732
-7.9549536519
-7.94125698875
-7.93713696876
-7.89945625988
-7.89599473914
-7.8719235961
-7.87715931416
-7.87660322323
-7.90503862124
-7.92925787097
-7.94017036801
-7.9438306695
-7.98564924952
-7.98197997878
-8.00894138869
-8.02815205063
-8.05530562102
-8.03083065527
-8.00496748643
-8.01070736206
-7.98325647389
-7.98791662754
-7.94065074667
-7.93249418589
-7.9424793046
-7.91572244134
-7.95984580132
-7.96162685024
-7.92457607827
-7.97025510287
-7.97372435223
-7.9468906723
-7.96624855339
-7.91534153166
-7.93101353147
-7.9351655887
-7.99012417789
-7.97775255457
-7.9491971403
-7.98774578135
-7.94100797341
-7.92394438
-7.93166846834
-7.95263167388
-7.94430798218
-7.96033496981
-7.9466541747
-7.9468329446
-7.99085991348
-7.99610013814
-7.99814280936
-7.95238006629
-8.00839743883
-7.97806294308
-7.96794963343
-7.9788424051
-7.96788111128
-7.94524344914
-7.94910712517
-7.93736103989
-7.97503521187
-7.91526404592
-7.88385987146
-7.93774015005
-7.93343606595
-7.9638512172
-7.93590597525
-7.97560082338
-7.98469608652
-8.01022028766
-7.98498450374
-8.03067656589
-7.97751536351
-7.95920394809
-8.01646783033
-7.98581796056
-7.9691689226
-7.93990931071
-7.95736634037
-7.94561041109
-7.95937159188
-7.96404912985
-7.97222221189
-7.94640703359
-7.96300025636
-8.00524679522
-8.00140574072
-8.01482511748
-7.98636777741
-7.96716570128
-7.97600950007
-7.98821421797
-7.98698935319
-7.97804993709
-8.02724513552
-7.99648682186
-7.98329890442
-7.97063855687
-7.99662175368
-7.95573326868
-7.96927286173
-7.97805320992
-7.9984217621
-7.94561391934
-7.96540598917
-7.93818630143
-7.95004060015
-7.95698432135
-7.92995882623
-7.95685110185
-7.96662902473
-7.93163862024
-7.95167841177
-7.97174670679
-7.9575088626
-7.94879170617
-7.95831893361
-7.97252709352
-7.9522540007
-7.97359525992
-7.96070944162
-7.95531679387
-7.991629796
-7.99486343343
-7.9888439568
-8.00998861951
-8.00202125134
-8.03710855695
-8.01367959286
-8.00213141546
-8.00737250129
-8.00240657645
-8.0106499432
-7.9965018287
-7.97033674412
-7.9787416857
-7.95729279263
-7.96190177502
-7.95455448203
-7.95153682043
-7.95675824447
-7.97395662669
-7.96993193566
-7.96416009734
-7.96323354682
-7.96739814627
-7.96309911523
-7.95921303597
-7.96772151462
-7.99874409466
-7.98199533676
-7.99055895399
-7.96049487037
-7.96058688033
-8.02334656982
-7.98960073208
-8.00279633685
-7.97751292617
-7.95666120994
-7.98604806444
-7.94925180504
-7.97931440671
-8.01926151561
-8.00320339211
-7.98671721278
-7.97875523504
-7.99108379918
-7.95629172032
-7.9886691747
-7.9494623061
-7.96497186804
-7.94282176578
-7.93850067493
-7.94373476478
-7.93610432819
-7.95880511153
-7.94760990336
-7.95594528007
-7.96456476441
-7.98439424225
-7.97554790029
-8.02149625715
-7.9502339953
-8.01791183474
-7.99786313282
-7.99419275768
-7.9901544976
-8.00312213052
-8.01139912439
-8.00608128169
-7.9884419414
-8.02219945831
-8.00569704509
-8.00144589667
-7.96348463449
-8.00163916154
-7.97995755759
-7.93754493729
-7.93716799382
-7.94493704218
-7.95786633161
-7.93237067015
-7.93284415095
-7.95440635168
-7.95093506619
-7.94273084828
-7.9515456768
-7.95073976331
-7.94222522743
-7.93355508074
-7.95484781978
-7.97625315835
-8.00137732938
-8.00556986533
-7.98450253819
-8.01298737246
-7.9876744128
-7.96179188236
-7.99553074679
-7.98652617148
-8.00340672973
-8.00309177646
-8.00767018887
-8.00361645301
-8.00393166026
-7.98298139717
-7.99969060413
-7.94948063593
-7.94562113292
-7.98395428363
-7.93347315613
-7.96754495439
-7.95829559975
-7.97044307351
-7.9662780965
-8.00325935662
-7.9782342885
-8.00211047774
-8.01017124179
-8.00521219425
-8.01251982443
-8.02924069191
-8.04516565668
-8.04950647406
-8.02877247302
-8.05905410463
-8.03563771125
-8.04205811141
-8.04753937862
-8.03144541059
-8.0137314673
-8.00819391503
-7.98596959506
-7.98035451797
-8.00103454366
-8.00173732218
-7.99431435405
-8.00858431887
-8.01401922749
-7.9983183838
-7.96428610799
-7.99703505067
-8.00860677172
-7.99923440468
-8.00221645605
-8.01383166688
-8.00526764172
-8.00999166375
-7.985894226
-8.01139635962
-8.03221897799
-8.02363726244
-8.04463023376
-8.04846292621
-7.98128671385
-8.01987438016
-7.99488922882
-8.04598969203
-7.97856540889
-8.0124254115
-8.01193376764
-7.99079030254
-8.0037906348
-7.99091700964
-8.03802912168
-7.97958611154
-7.975074655
-8.00335879409
-7.98285597107
-8.04143170935
-8.01167548794
-8.00315469747
-7.98970032939
-8.00226315108
-8.00487230464
-8.03800301533
-8.05857001091
-8.03838461164
-8.06058174629
-8.03788579918
-8.0221390805
-8.04455444089
-8.01861164636
-8.03042801143
-8.05833810623
-8.06227388062
-7.99333092318
-8.00151323335
-8.0054078611
-7.97527310821
-7.93770466149
-7.92976478564
-7.92680369157
-7.91844467799
-7.95280628033
-7.90986709943
-7.90045697812
-7.91649463563
-7.90748385496
-7.91133836777
-7.95015667845
-7.94306928353
-7.95720989904
-7.98787975118
-8.01701120438
-7.95369440884
-7.96972827657
-7.9892605336
-7.98809780714
-7.94056261666
-7.99053450032
-7.98641654288
-7.98220367042
-8.00352652432
-7.96229870389
-8.01788149729
-7.99281423304
-8.01425901761
-8.00550561152
-7.97128413139
-7.98809346037
-7.98827820712
-8.04384848678
-7.99326515981
-7.98944762442
-8.00682053163
-7.99076443842
-7.96497536953
-7.98594375943
-7.99030634413
-7.97288342196
-7.99737194906
-7.9717882282
-7.96333375527
-7.92510172886
-7.94655268843
-7.9645724559
-7.99846954086
-8.04159415026
-8.03274811718
-8.02939916749
-8.0297972547
-8.03780416397
-8.04958064262
-8.0619020872
-8.01959617485
-8.06218794261
-8.05859669201
-8.08906722489
-8.05098190081
-8.03801064376
-8.03316194093
-8.01426566638
-8.00850880851
-7.97498860041
-8.00612272278
-7.96991482889
-7.9978812989
-7.93149255262
-7.99616497364
-7.98740240999
-7.99012552144
-7.96762964195
-7.97076393701
-7.99074359392
-7.95645122492
-8.00291427979
-8.02467372047
-7.97443574016
-8.00328152627
-8.01067031311
-8.02688900215
-8.06570233622
-8.03666051948
-8.02620346171
-8.01390784105
-8.03987762087
-8.02722993423
-8.04257267224
-8.03395862041
-8.01577606295
-8.03697358678
-8.03254192081
-8.07577140111
-8.03821664121
-8.08165048873
-8.05650829183
-8.05674761017
-8.03104263336
-8.03491629398
-8.03789587676
-7.97019519294
-8.01211605563
-8.04148054144
-8.01945755421
-8.0328955129
-7.97938461404
-7.98561717013
-8.01998711697
-7.97999994009
-8.02528374813
-8.01880043864
-8.02111356218
-7.97597502728
-7.99301368247
-7.98338926654
-7.94218671304
-7.9806304587
-7.94868169587
-7.95101966747
-7.98471417907
-7.9938176435
-8.01245018907
-7.99240044749
-8.02754506499
-8.01079261241
-8.03552859045
-8.05157410887
-8.04676886733
-8.03474803993
-8.06479744027
-8.05282832659
-8.06601929717
