3.57731506726
3.48741118967
3.51888587544
3.53404943289
3.54245805687
3.54814366505
3.59155590615
3.53890791089
3.52671068996
3.51467932931
3.59299388975
3.55629025592
3.58675083143
3.51332505078
3.52311907446
3.50197318704
3.5733157803
3.55752996556
3.5368951588
3.56027149442
3.62445981107
3.61356872659
3.57334390864
3.57081323327
3.5521509349
3.59131806412
3.56069674583
3.58966289074
3.5258373745
3.55590872631
3.55555247831
3.59705655084
3.53214599133
3.53760202385
3.54804609957
3.55887424069
3.50623846255
3.58080295286
3.51671394744
3.546532461
3.57792468906
3.56922195892
3.55662186227
3.58931337223
3.54618150103
3.55466151004
3.61671089998
3.55164783243
3.52063727684
3.58426867728
3.51451260396
3.56793324602
3.5408509869
3.59189831123
3.62202682602
3.52985085137
3.59954527568
3.5876266604
3.51459550714
3.52616803219
3.59804334078
3.51180132196
3.54391871896
3.49127440395
3.54486586498
3.53611368002
3.52607338409
3.53694192985
3.56755332419
3.53489576197
3.53310210301
3.54507788126
3.57893577069
3.51434590413
3.52586398848
3.56681325196
3.52542881311
3.48651173892
3.52967259918
3.53962675012
3.55093458289
3.55044177939
3.48901711252
3.54113192027
3.55963727927
3.61255170385
3.60040231684
3.54906824731
3.59972862474
3.55627648541
3.48475665707
3.55919205491
3.53546809006
3.53557264149
3.5651561485
3.58957706804
3.49517204587
3.53820948263
3.52813030746
3.57966951763
3.54852691977
3.57756219735
3.55462100286
3.55345668273
3.56079246696
3.51747150664
3.57864628196
3.53571834172
3.53079838247
3.53003599598
3.57240994657
3.54507195688
3.56457290357
3.5369718289
3.5697073628
3.49339429979
3.54756950452
3.55948668489
3.49658611186
3.60153763385
3.55850385717
3.54992251837
3.55902831982
3.52793471819
3.54295777633
3.57987043357
3.54205999208
3.55148847293
3.55556245009
3.50836028143
3.49723768466
3.56630452734
3.59394075974
3.60923713551
3.58895580713
3.57595212138
3.58827522673
3.53524925988
3.60830582401
3.60834909379
3.55610182906
3.56906134097
3.49674556244
3.61209103582
3.53190925243
3.59897132621
3.54143534612
3.57200541816
3.65367758456
3.54749726164
3.55632048216
3.56897120954
3.5465514717
3.58888170049
3.52656268678
3.61973231951
3.58798096473
3.53418037364
3.55568542155
3.49244176676
3.52496977792
3.60889197487
3.54440170104
3.53681430183
3.54129599614
3.59438296314
3.63502956754
3.54828656487
3.59977343446
3.51386237546
3.6407370401
3.5694456387
3.5459794708
3.55425198427
3.6062123403
3.61404209342
3.58201536824
3.56718452782
3.54844602201
3.56808852369
3.61164810676
3.61133315387
3.6100114897
3.59918168688
3.58908203233
3.59895737205
3.58482392475
3.57437493114
3.55695761026
3.54982378582
3.56193475266
3.56911224451
3.53759751062
3.58094988668
3.63456987114
3.61574711618
3.60308537052
3.57419851607
3.62541530328
3.61298525784
3.59232835737
3.59816629864
3.62904907397
3.56398691047
3.54452968559
3.53796418837
3.57942948419
3.60226391098
3.54260457268
3.55285776129
3.58395871028
3.58619880327
3.50157500867
3.59348006796
3.56355541583
3.51271363681
3.55712317544
3.58573674603
3.54300899476
3.6148529012
3.4976942001
3.57017053073
3.58963038004
3.61028682848
3.55907454793
3.558246003
3.53593934643
3.59940117489
3.60937246085
3.57907807218
3.61247387061
3.63154089319
3.60460084771
3.5557193693
3.54321199724
3.59735370625
3.53410303343
3.59038321712
3.58825585591
3.58578076996
3.54395231721
3.51388994726
3.61938957364
3.52641736026
3.57038145008
3.5711621611
3.53696992242
3.55737306698
3.54994303901
3.53947528243
3.53899400363
3.54809827009
3.5590399717
3.55698817286
3.54884887054
3.54955285686
3.4986862553
3.57236373253
3.55896683602
3.52726412094
3.54958954703
3.57961440086
3.54726813144
3.58883800589
3.5478078512
3.57663915702
3.53765262082
3.49556509971
3.54838681329
3.53826999653
3.54838023369
3.51556867178
3.53750276045
3.56634912835
3.51334364087
3.57715683745
3.52528714668
3.60200439548
3.51996248171
3.54087176841
3.53288643857
3.51098789136
3.52473222641
3.55851578408
3.58441180879
3.52309255353
3.56536768572
3.51185723858
3.56448166911
3.5851736726
3.5913641474
3.58115914647
3.54905318522
3.59989623566
3.49369234801
3.54381943539
3.51512134072
3.51546573469
3.52534794255
3.50522960655
3.49460702434
3.56842298714
3.5507000354
3.55075107737
3.58906467563
3.55017085746
3.54067233406
3.56281590654
3.60440424181
3.5712927483
3.62008227644
3.65032442707
3.6091929698
3.54339014341
3.51352716749
3.54171258777
3.5306221745
3.54003384263
3.52907826844
3.54112675051
3.52115302767
3.53302460399
3.53415671341
3.57591198969
3.56699677155
3.56766024412
3.56743912375
3.47528652079
3.51075541681
3.5325121205
3.5093470768
3.50744723847
3.46389827604
3.47668056647
3.52746391536
3.4962036993
3.46928332986
3.47979274187
3.5516440473
3.54688143209
3.53689786726
3.55568794589
3.52715735304
3.49395316869
3.56698425397
3.49478492168
3.55905614806
3.57047013301
3.63245658615
3.62156103581
3.55924854073
3.49843421794
3.6133882312
3.55401284477
3.5617934588
3.55190419212
3.56231926519
3.5119963728
3.61614352354
3.60612151134
3.59217235796
3.60289583152
3.63313750292
3.53803059455
3.6441291766
3.52050348862
3.55947204321
3.59042703657
3.54869210337
3.58828447697
3.57997158605
3.56252561906
3.5771599139
3.64766080303
3.58668989036
3.61675302807
3.60616100845
3.61846074866
3.60849968879
3.59099447229
3.60728126385
3.59711901544
3.56484151134
3.59107405784
3.55053990815
3.62420601057
3.63579898123
3.66113053543
3.58038285364
3.54932329526
3.57059055341
3.57464190601
3.5820658472
3.59155952804
3.61173999227
3.56930149758
3.53799175444
3.5844698888
3.61013967517
3.6037422498
3.58278912517
3.55537315019
3.54460864511
3.60133875052
3.60604144063
3.55401602016
3.55632688737
3.58996332053
3.6408635405
3.57034812067
3.63005721592
3.6586388981
3.60649015622
3.63749428866
3.57758293806
3.60667044008
3.5957585741
3.56931864573
3.53027782575
3.63394899931
3.62290148845
3.58838076447
3.60724444441
3.56775297575
3.54006401905
3.55747239181
3.58348463551
3.60120505525
3.63023053814
3.56989013318
3.57031554105
3.55189231747
3.6327841674
3.59851894997
3.56021399769
3.57979100661
3.58922060898
3.47780022677
3.51701150263
3.60163310817
3.57080426713
3.57258274131
3.50734651656
3.60032078928
3.57700369614
3.56544752474
3.57665446617
3.55801714024
3.60018763909
3.65931249126
3.604614661
3.59198641105
3.54310535438
3.57761921726
3.56584895712
3.54438269951
3.57452673498
3.60550027106
3.57437445874
3.61896205184
3.55485989378
3.56231645691
3.60117825741
3.62145029095
3.5421142283
3.6461850217
3.58563375669
3.63802230689
3.59693369765
3.61989975547
3.57935789106
3.60390306707
3.58477499698
3.60055759664
3.55659760533
3.58929232335
3.55786952614
3.55844449225
3.5669686751
3.58074046367
3.56699191049
3.59704756454
3.59604783328
3.65898218353
3.58571213257
3.64028974739
3.61065725119
3.59898548289
3.50942725709
3.58223032942
3.59499052613
3.60395427487
3.59328505134
3.56451220008
3.55138392853
3.53192943248
3.65842906828
3.51939977644
3.56499814904
3.52140752414
3.54872633308
3.55775792948
3.53481661698
3.49247536715
3.55356958061
3.61579588989
3.61257514156
3.50766878519
3.54986016105
3.58301905005
3.57538548598
3.55702721773
3.58772812861
3.56563551343
3.54588285657
3.62219603982
3.57114385934
3.59184770326
3.60585548883
3.61400009934
3.61124435497
3.54008410537
3.5004293014
3.58322640696
3.5628461483
3.49601850634
3.57688988347
3.51357432638
3.5445339491
3.56829506975
3.55835931164
3.53530333964
3.5955255749
3.57988454435
3.55365948989
3.51435548943
3.50497131871
3.62946927343
3.59579391367
3.58018969599
3.55771877989
3.54820797763
3.62710706915
3.62812408533
3.50007637973
3.6022473212
3.57496194213
3.54599376508
3.61459799897
3.60422425904
3.59350691305
3.57919255699
3.56772827064
3.58046682567
3.49755827336
3.54386589968
3.59802719104
3.57505412878
3.52850830208
3.59148475322
3.50714098558
3.57814036078
3.56244090012
3.61725085841
3.64459412254
3.63140483724
3.56684190695
3.58860579217
3.53350481962
3.51460328063
3.57861831082
3.58016221688
3.57403755103
3.52309523719
3.53904272075
3.54015611504
3.54095234017
3.58304190703
3.48581771364
3.53626754628
3.55220129789
3.5261856466
3.54539409443
3.58598715072
3.59486473383
3.61105237109
3.6134896085
3.52305800148
3.54686093448
3.57315112318
3.59233871772
3.56848267685
3.56988651722
3.59198281312
3.55558906694
3.58719742948
3.59700728957
3.63693508184
3.64145767561
3.59984408593
3.57703322386
3.61817047937
3.62823825255
3.63563648074
3.67805989975
3.67371662103
3.59102101578
3.59444970512
3.5955516155
3.61378851304
3.58952818638
3.5543800105
3.59364322228
3.64581986269
3.6862230349
3.53986365454
3.5784890042
3.66510949881
3.60430281848
3.69924433219
3.63263951143
3.63498509414
3.62500473081
3.633437817
3.60112097506
3.59891277047
3.54787100677
3.56444325799
3.56731754598
3.55447810617
3.56918411081
3.6350370733
3.70331697912
3.60727278346
3.62104264899
3.56691323244
3.58738221971
3.62408481841
3.63308456063
3.6224100697
3.57423091282
3.56596131887
3.59068912709
3.54965494497
3.62579038671
3.57311087318
3.58698813083
3.58741435809
3.54938429698
3.58005172574
3.5559599746
3.60625788095
3.60395358678
3.58371456973
3.61328379601
3.61353179171
3.58942295994
3.63237633825
3.59727025623
3.61592601579
3.5718786461
3.52896097274
3.582057741
3.60464720775
3.57534404343
3.56742045779
3.55565182559
3.54505980598
3.59392360493
3.61699507745
3.59404364327
3.59535301498
3.56558394264
3.59517636353
3.59387002936
3.56011024378
3.58336925629
3.59398864405
3.62560888781
3.55347138163
3.59364240862
3.60364442067
3.65061802374
3.57833286219
3.58830673178
3.54587033065
3.63076505422
3.51483123496
3.55714236063
3.6387098839
3.57516267118
3.59543291329
3.58138076139
3.60562969964
3.60642798411
3.55752032706
3.60204418462
3.57168802424
3.59440487669
3.5541113237
3.56723594877
3.5481194376
3.61125165923
3.62331699482
3.58021505475
3.62946955966
3.61684167004
3.66211346496
3.62638887212
3.61184170515
3.56124842122
3.62931426549
3.53250888677
3.616728123
3.62592849263
3.55690039946
3.56005050331
3.57362293209
3.6180523416
3.5572829332
3.60048863678
3.51655329423
3.60040473056
3.59097682444
3.64280967515
3.60100894003
3.56285430672
3.55886745742
3.62235065263
3.58888774711
3.54612249988
3.58077782001
3.65300249486
3.60692415567
3.6158443597
3.53338330896
3.54464986726
3.55695663911
3.54826210291
3.63206083558
3.601743561
3.59290311305
3.58148863528
3.61288278638
3.63926263929
3.62049576886
3.60213252832
3.64499141779
3.60585248266
3.64470785345
3.55962854744
3.64222909382
3.5727533088
3.5853036349
3.56324336671
3.57127653046
3.58004795484
3.63104954539
3.48481091834
3.5636378576
3.56170201219
3.58860519863
3.59148153939
3.59524040017
3.56948685748
3.58134291312
3.59344537731
3.57371996589
3.62823635654
3.5417548109
3.52000864903
3.54898499282
3.56032906374
3.62255744596
3.58915585586
3.58791259477
3.6140408055
3.54929406052
3.55755312625
3.55918417379
3.60130853497
3.57027224622
3.53688632715
3.51612456656
3.61363315728
3.5228791137
3.52353731888
3.55288467063
3.5706492234
3.64598532492
3.62125136849
3.59255328039
3.58493861558
3.6706458799
3.5678387932
3.56609252972
3.6409021234
3.5985056341
3.56588199242
3.61822478868
3.58403834168
3.62476986994
3.56194573307
3.63284467552
3.57282015472
3.64716573388
3.58574076488
3.55580877898
3.57614292717
3.59446117449
3.583233057
3.62632813597
3.60707179983
3.57510062328
3.58484470209
3.60868505879
3.59816217185
3.58005674185
3.57903971208
3.59847770838
3.64770798798
3.65605157077
3.63170542142
3.64430633745
3.57577201983
3.57641233583
3.60818583215
3.59729649831
3.61029079096
3.65995754453
3.59361322055
3.56319254983
3.60298280138
3.5510023399
3.61427626172
3.58004943728
3.66591312095
3.55482766981
3.57695361721
3.58775679245
3.53663097263
3.57652574185
3.55578751878
3.55704467964
3.60040118845
3.63348402224
3.55846904018
3.52845658135
3.55200750205
3.59807709085
3.5865872006
3.5830658073
3.61047776566
3.57479146374
3.5616463729
3.61652686257
3.61049973668
3.53492769555
3.56182553102
3.59445647927
3.57655551163
3.61806690432
3.56771695952
3.55068361512
3.6035196669
3.6063261647
3.58949758701
3.61437338696
3.60936948293
3.56269358676
3.56600556851
3.53833828772
3.57139183736
3.57912787992
3.65649170913
3.62569911802
3.6197429684
3.64280734297
3.61348520651
3.61065591127
3.62724673295
3.58493733729
3.63896398026
3.61975301402
3.63046876629
3.6000902035
3.66305766194
3.6540869022
3.54456761613
3.5933753421
3.52391960505
3.56100446636
3.56352622785
3.59700545327
3.57264409194
3.6119223386
3.60442098431
3.63885562905
3.62283419042
3.64558858439
3.66582620456
3.65043192273
3.64116049738
3.62900824524
3.62080604035
3.58314860154
3.55545967906
3.54921571543
3.65857837036
3.71820455587
3.67915851586
3.66868917916
3.6069825487
3.63734767078
3.62646972535
3.62825318542
3.68032238208
3.57566573125
3.61248375856
3.66192272521
3.60364293992
3.58198584256
3.63537955492
3.562930154
3.61451067287
3.69076793079
3.61196266042
3.60552260325
3.57703246318
3.63157996088
3.61271512566
3.56912198939
3.57368434978
3.56210205723
3.57838884879
3.59679287098
3.62531037918
3.67633355702
3.61181066126
3.60213142869
3.63317845698
3.61581671194
3.58484414514
3.55580199286
3.59456421422
3.59685345333
3.54741838258
3.58206529311
3.62293278198
3.58223801496
3.54749747578
3.65039687237
3.66794529065
3.60334712761
3.63696146002
3.60499808943
3.66651515157
3.62586743711
3.62773784796
3.66171840015
3.59205103528
3.60748012504
3.5822477575
3.56207309854
3.58101852986
3.57852632906
3.60253372441
3.63445325525
3.57407637578
3.5875616076
3.59458930003
3.63237262983
3.5387827386
3.5723375672
3.56499829998
3.59448939813
3.66188658892
3.62979816736
3.63511489539
3.59886507551
3.54666766016
3.58193925953
3.58278125877
3.6327547713
3.55735469739
3.56205230106
3.5866487347
3.56339711414
3.5847930838
3.57187328868
3.57565791029
3.52826857603
3.49827120648
3.53686883471
3.59699264612
3.57252624054
3.54170107319
3.59603319009
3.57810467944
3.57120087566
3.54372879092
3.56291123374
3.61273598021
3.53902421086
3.54177263506
3.62981808691
3.52167432641
3.54446355336
3.51166591841
3.53579446883
3.52797059862
3.51852195179
3.59180415657
3.49651586022
3.58457356587
3.54385092643
3.55741223408
3.58743368427
3.55734678625
3.55263198123
3.57831169859
3.52412465343
3.55389244075
3.51354097062
3.56892197851
3.5695867361
3.54264741759
3.58580942656
3.49750915657
3.55306243428
3.5210712032
3.54221947929
3.58414188726
3.52121972037
3.60696568684
3.53708248915
3.55993255276
3.56215262497
3.56045386608
3.54666130257
3.54374911822
3.56949948709
3.50647120605
3.56813350389
3.53416614513
3.57271036991
3.49532800043
3.53265455444
3.55096750718
3.58000151334
3.4977192914
3.50940292732
3.58302482871
3.5211984414
3.52796815323
3.5702054869
3.56030768611
3.60196001827
3.54350759105
3.53924721505
3.58342931774
3.54982140143
3.53854926001
3.52992661252
3.4945354062
3.54323640725
3.54586880514
3.52645551068
3.45828344791
3.54590516964
3.51229054166
3.4768213707
3.48480317018
3.53508366658
3.48205899834
3.57376795752
3.47807217671
3.50822676103
3.51886809261
3.56288933837
3.56448269926
3.53029471737
3.46289601232
3.49677922795
3.52015585868
3.49588722194
3.56980610823
3.57608971886
3.53697527314
3.51154759774
3.49253932529
3.54423180161
3.5210250586
3.49142988169
3.50987653839
3.4957791634
3.50087115375
3.48869734531
3.46507778622
3.45932769489
3.45637261469
3.54676152359
3.52191407466
3.51318435599
3.51375148468
3.52058594917
3.53793380147
3.46298155894
3.51413093692
3.40883807912
3.45898405216
3.51985550371
3.49605435511
3.46542980813
3.48748800994
3.47878733914
3.40931431671
3.52522929109
3.55066432089
3.5724587823
3.47077361972
3.5070155979
3.45116929095
3.49130749173
3.50033286505
3.50918636619
3.4902267672
3.53362013623
3.47076791437
3.51590422269
3.49510427559
3.4938172927
3.50543191162
3.48192070268
3.47696395776
3.51813180306
3.52629932667
3.42880143631
3.4811873501
3.40467824383
3.43796460258
3.43351814336
3.4825606531
3.40832954275
3.42012638967
3.43192206068
3.41615366996
3.51853880026
3.45192940485
3.4951440631
3.50245013674
3.50167904988
3.50579347334
3.50473802995
3.4920492835
3.54133686238
3.47868561085
3.47972954314
3.5094320012
3.47770308733
3.41822360853
3.44794444584
3.37737691524
3.36959018067
3.44901875227
3.39053175564
3.37741992424
3.38921803554
3.41220659129
3.40850282008
3.44340734163
3.41989407335
3.39084847617
3.44788393101
3.27678774696
3.41302557408
3.45153322671
3.35278431505
3.4572313702
3.4089839847
3.38523082876
3.31648993505
3.31510607033
3.29664853815
3.24260266227
3.29013130372
3.33715501751
3.30980219498
3.39965394764
3.42095200419
3.42847706598
3.36941902357
3.36976858485
3.40268768346
3.43885096661
3.5108656803
3.38643540318
3.3757741781
3.31939656056
3.26689928106
3.30028868348
3.29219410647
3.29019777905
3.30218623942
3.31841435177
3.35856297145
3.35041352708
3.31780430457
3.34315733461
3.29866949711
3.27434106579
3.34339832943
3.41181404369
3.35160829892
3.35683494423
3.39013930964
3.33257600924
3.3401771132
3.3432133862
3.29705981452
3.31843274127
3.23518825953
3.25781723699
3.31692609203
3.33256795608
3.41410715915
3.3835614234
3.39280622773
3.43639757913
3.39446515155
3.42457731221
3.36079185769
3.37298541854
3.37402121127
3.37738031357
3.28981728214
3.31187118204
3.34303968754
3.35108761827
3.36438453577
3.28399185319
3.33687957731
3.36093275334
3.37593914161
3.35461920653
3.3755489454
3.3702680224
3.35359635688
3.40160207687
3.35760987287
3.40848260904
3.40662359362
3.39499054107
3.41240609114
3.42281985903
3.41517210239
3.32338838662
3.3756046534
3.39703861137
3.4279655263
3.43488526856
3.42986602527
3.44039417305
3.42967713623
3.36782098174
3.40267511991
3.39589677618
3.27612796862
3.36058347625
3.34700978309
3.382180007
3.35509842916
3.40273432186
3.33831858131
3.34775482424
3.37945079388
3.35323632448
3.38125916053
3.42893818718
3.3916290387
3.38931244551
3.36701635139
3.36318114031
3.38069818365
3.41289076911
3.4117153254
3.34776934907
3.36983119737
3.34823668027
3.373811008
3.39622720845
3.33887388776
3.34167261337
3.33425893249
3.38638205688
3.33526364308
3.31177136106
3.37507059168
3.31842587757
3.34935397544
3.34666847443
3.32504578768
3.33419040768
3.32300566203
3.30157959541
3.32922130653
3.2796064551
3.37055349065
3.36317748335
3.41151873179
3.38505352005
3.34432935275
3.30659679655
3.2068209236
3.31967812365
3.27592598341
3.2566491515
3.26389009693
3.27833102524
3.31371635339
3.35884919056
3.36276918263
3.33773809189
3.34994566656
3.34202971025
3.29270207669
3.22639422722
3.27487836088
3.31143820752
3.22254023921
3.23252703882
3.23870080296
3.2990428082
3.28117433088
3.31496328963
3.29543371745
3.21056133038
3.23975867232
3.25842175908
3.33074396076
3.27573567068
3.23547882802
3.2470799992
3.24880465475
3.21239351877
3.21232577318
3.35939219521
3.23078607868
3.35616740475
3.26337523933
3.2852404316
3.34024544122
3.29924430981
3.29153814414
3.26397223391
3.25514971364
3.2954255806
3.27510150861
3.24852861637
3.2230552524
3.25142390817
3.18660344831
3.25835232047
3.23714221827
3.31436991681
3.30576572411
3.35457059631
3.34747657324
3.33870672944
3.30881525073
3.26939454268
3.2592716321
3.27661225928
3.27609753869
3.3652615723
3.32164083684
3.28077712064
3.2889865929
3.284816939
3.29215386538
3.31736001485
3.35232993458
3.33939878963
3.27372407986
3.26421199961
3.31813395485
3.31368608344
3.2973587847
3.25479105368
3.30555274025
3.27179358994
3.32796392112
3.41594149864
3.43209613535
3.39959692958
3.36105085021
3.31570351353
3.32571799694
3.29100433531
3.21140853907
3.32706044208
3.32510837227
3.29228863658
3.30334685931
3.24365617706
3.27223994525
3.2865402221
3.28048478188
3.32795852456
3.36004742633
3.28542530789
3.27694484684
3.28025159496
3.26944737701
3.27730834976
3.26037321769
3.20569682415
3.2888036123
3.24310848
3.23025975129
3.2887029489
3.24192419922
3.22979746397
3.1663776048
3.22342500655
3.16040118055
3.27810175417
3.27283116427
3.30024694855
3.29999296393
3.25156201805
3.26662114912
3.27448188445
3.2198863236
3.20777910989
3.2380887356
3.2395818676
3.20945365494
3.32394092063
3.25616075924
3.24941450659
3.27238950595
3.23520149238
3.28040857538
3.19536018093
3.19938354096
3.25108463559
3.22732852757
3.23303160209
3.22416691414
3.2058000427
3.22178981514
3.20309556251
3.25268631528
3.24202060354
3.26021397699
3.17675518372
3.12310261156
3.21683726582
3.21642019476
3.18331528741
3.19231512468
3.19138732947
3.19003166974
3.21167886987
3.22306712821
3.27650165645
3.20124664818
3.16814494936
3.20789292339
3.24973162286
3.20533844492
3.24667581762
3.17402781487
3.25760466216
3.22039213854
3.21180100506
3.19270525477
3.25894164875
3.23617827767
3.20628304598
3.16589030794
3.23774030116
3.15501604275
3.21602124609
3.30749564372
3.23279749727
3.22496858235
3.27718313975
3.25327361662
3.27284773978
3.19026691204
3.18287004342
3.1861497185
3.12783385334
3.20627291977
3.16360599109
3.23971821761
3.27695732801
3.21748081432
3.22448301477
3.24657271746
3.21548072361
3.25989640388
3.26306816302
3.2285923665
3.17784950416
3.2161187195
3.23440170687
3.26300293717
3.27597175571
3.30216701914
3.26315716763
3.19077514874
3.2291648158
3.28788577674
3.30535882334
3.2295666991
3.23618137558
3.22409417119
3.23630731195
3.20942346919
3.2081916237
3.21887230671
3.16978786661
3.23659394571
3.21988030903
3.14793345847
3.16023060849
3.19427227885
3.22848270884
3.15591030926
3.15845327709
3.16639701078
3.20616629014
3.26669215788
3.23107703437
3.22631398072
3.15496852233
3.24854129213
3.24143614804
3.21178495686
3.21050377925
3.16469583816
3.16944197244
3.16657909302
3.19422958172
3.15124901236
3.20372104395
3.20189903866
3.15536368036
3.17737980894
3.13862566785
3.16439520388
3.19338296327
3.24424059656
3.21319038741
3.20046574575
3.24471833141
3.19317884631
3.16579463704
3.18663421051
3.15579806291
3.16614734766
3.1835760499
3.18957113748
3.16634846518
3.18564593293
3.17534898173
3.15413569868
3.1880659875
3.12576728309
3.18776639882
3.2209918439
3.22342306518
3.19375419453
3.14479592035
3.18982588628
3.19257223754
3.24774639494
3.22557291576
3.17506752746
3.18560768572
3.21580455183
3.08417091058
3.13966654374
3.30170972275
3.27264791055
3.25470357107
3.35293084763
3.09147414278
3.17602720596
3.23945631896
3.22602633308
3.21457351214
3.28464257943
3.20124823722
3.17594028838
3.15068606997
3.15258484544
3.1148752497
3.21506047799
3.05884527649
3.09002150589
3.17177665383
3.17557539742
3.15567459451
3.15050211977
3.1353459847
3.23540861692
3.12091571225
3.16407895461
3.2010541559
3.17427376154
3.20302091126
3.16858972888
3.17245868342
3.20132604857
3.19645590556
3.18193399054
3.20420382064
3.25158639388
3.14488820207
3.23707394422
3.17400595799
3.17501878324
3.19499833152
3.16913807095
3.20867706127
3.07856718507
3.1276330801
3.12977159099
3.13472301581
3.05605452315
3.12367511586
3.12772062833
3.11156202994
3.10595491725
3.1129784774
3.09020076812
3.08830416505
3.07352481862
3.10119164082
3.12188028636
3.07422817583
3.06832824262
3.00380380539
3.05985628911
3.09802005908
3.10574140098
3.09402022355
3.06763859984
3.17431185833
3.08014685813
3.09255142471
3.17483626947
3.19332754734
3.21967356618
3.21263245977
3.15477465865
3.17033401283
3.1119421675
3.06131908217
3.0603909581
3.14652177301
3.13196630299
3.08126663754
3.11821372831
3.06832549293
3.09593824876
3.11134561692
3.03109314991
3.05684113668
3.06976023249
3.02353764324
3.02088163493
3.05561598906
3.04689121304
3.09500837322
3.06886174246
3.07007887583
3.04518160653
3.07618396817
3.07507949479
3.10655044166
3.052804087
3.05619343803
3.04824656917
3.10365651171
3.09205006611
3.11598355864
3.17705566479
3.17749965149
3.14144892122
3.11916665888
3.07941854199
3.0810352952
3.10714121016
3.15909926219
3.09781231313
3.05708254208
3.05923124285
3.00782701463
3.0968227683
3.01000965367
3.11983576011
3.06175708146
3.10271777414
3.03958043501
3.06040727759
3.06213099533
3.05574529025
3.02935021176
3.0127279945
3.05785084852
3.06746923787
3.02403010129
3.09280474068
3.13843592368
3.0808470199
3.06379960386
3.08453768406
3.10608516219
3.10263782404
3.01434336589
3.04097149167
3.05666038332
3.07802577678
3.098914734
3.14009651987
3.1366372276
3.07051040471
3.12865321868
3.06066129739
3.10522060991
3.04569522223
3.03814452222
3.00995868185
3.12444616219
3.04920503307
3.04049659007
3.11573491535
3.05107045323
3.05595644457
3.02681998055
3.05782555728
3.06116185792
3.04037411481
3.08290558887
3.05232380848
3.10021450864
3.10646709562
3.10179521151
3.10812551572
3.07187758184
3.09414579057
3.13648731487
3.1559323564
3.22580725105
3.14350907
3.19284087053
3.10990178984
3.14033999014
3.15627758596
3.11971662863
3.08791440897
3.07185185936
3.07017891246
3.02619448613
3.06743387997
3.03887408654
3.10718746792
3.059944981
3.11041532067
3.07563315325
3.06472953869
3.16017846595
3.09975399598
3.05214690585
3.03262547276
3.01566075737
3.0903980852
3.06097759777
3.10397500001
3.09254943598
3.12219246744
3.14125038118
3.11837368344
3.08692617512
3.12348142662
3.10842678268
3.07118979304
3.09451350658
3.07693403288
2.96932356243
3.06031621517
2.98579017223
3.07601555512
3.10575690556
3.06223983809
3.05088607194
3.06921864079
3.04288942107
3.06962043167
3.06249266895
2.98128695555
2.97243839247
3.00482332491
2.96172828674
3.03228441534
2.99264830633
3.05769735142
3.0415256667
3.06580247018
2.98712910578
3.02895730209
2.95022961264
2.99507444465
3.04202742564
3.08697570818
2.98205342246
3.09219124221
3.08335106423
3.08970353655
3.00429130901
3.0261888981
3.02910095731
3.01846272225
3.04854668819
2.99568960534
2.95956003122
2.94066931013
2.8774914176
2.87767682365
2.89508907818
2.89310193911
2.91640540206
2.95306267118
2.92504135642
2.99269080236
2.99939315278
3.05060163085
2.99786481194
2.96607905129
2.92565745248
2.96072138624
2.93693567474
2.89178714638
2.89707695569
2.87926499826
2.93830005255
3.0023281579
3.02058671134
3.03612794763
3.02545412619
3.10528556091
3.08920810849
2.99819967807
2.92189710463
3.01170049199
2.98948664193
3.02200828434
3.00654942641
2.94671248639
2.95783443811
2.93293142695
2.90171243096
2.86788338022
2.94974959396
2.93565646269
2.87170914387
2.99623492532
2.95587672569
2.89909534906
2.86206053975
2.95341990998
2.94515556326
2.98963935909
2.9289565104
2.92752284143
2.99841185993
2.99888083971
2.92545458686
2.9711037129
2.98210388266
2.93840824071
2.97918799041
3.00463314621
3.01434455525
3.01774611226
2.96370036618
2.9728025733
2.94937767331
2.95939519291
2.93924745007
2.85810923941
2.93118247997
2.92060361956
2.87211314924
2.92447769628
3.0223179874
2.89515408682
2.94747159491
2.96679900083
2.9855793054
2.95107201556
2.93885888597
2.92861450214
2.94083990356
2.92012465764
2.90196508672
2.91504276833
2.92837089953
2.87484937972
2.92750886591
2.94845705905
2.92449403301
2.98511756388
2.96477282652
2.8909348108
2.91251954681
2.9332941715
2.89247151893
2.9445794515
2.97614043216
2.962612218
2.96053672471
2.93706372243
2.91391790456
2.88896752511
2.86586418482
2.9041501264
2.95398398448
2.8992657222
2.89979038691
2.91805549213
2.87601410212
2.90895348508
2.90002802725
2.98121195413
2.98108359258
3.02772427053
2.96374557019
2.96245860793
2.94334485936
3.01735834358
2.89583105497
2.87657856257
2.97008730125
2.99032992748
2.96603772602
2.99453235915
2.97838396668
2.93403864282
2.93827419628
2.9890963425
2.94467717971
2.91189953835
2.95444384229
2.90378523566
2.94853835314
2.89651467628
2.87460558725
2.87270251367
2.95086129659
2.98462119404
2.88202278535
2.92334463034
2.94251671077
2.9838238094
2.96212060157
2.89954365461
2.88976846219
2.93413333417
2.9360887413
2.89230532396
2.85438843306
2.88989781563
2.93242453529
2.91158215843
2.89978695305
2.91918703559
2.9448440709
2.89957635599
2.96329438065
2.93170079166
2.99400652113
2.9563610928
2.93586528888
2.85304066998
2.8980812477
2.92517490179
2.91111176261
2.92690585977
2.90318239431
2.8841799201
2.88317126136
2.91603601043
2.93456878493
2.98981584867
2.94451894746
2.94182483471
2.86279861448
2.91719416527
2.84035906197
2.87263621383
2.90150223238
2.90901524512
2.87585478961
2.92599341528
2.84949884681
2.87009636147
2.86548366759
2.87833410781
2.92614608213
2.87878618191
2.89749552382
2.87820411185
2.88273713124
2.89309693764
2.9001281065
2.91148480577
2.94163774856
2.92437602765
2.93722772569
2.89152899013
2.84484038632
2.86785600807
2.84435253448
2.89446953863
2.93073003944
2.8660686853
2.86369711117
2.88490234709
2.81963562116
2.78582354007
2.76984296238
2.86882916261
2.91592301722
2.82234262299
2.79559702952
2.83309896142
2.83780407777
2.86796126587
2.86837481971
2.85683708195
2.87834571049
2.80657772755
2.8234852734
2.81548439079
2.82618753488
2.85675699181
2.8443457023
2.83856035805
2.83833969627
2.86950103645
2.77123064938
2.77503896498
2.78589412885
2.86231517412
2.82328380164
2.88428675495
2.83863442789
2.93966937818
2.91405438025
2.85188509764
2.81255654958
2.74266851589
2.79875459739
2.78448770923
2.8523334096
2.85702948541
2.85858814439
2.87012304146
2.80497958257
2.89684498173
2.87057194211
2.81553414263
2.87253946674
2.82787631506
2.90737808106
2.89661857979
2.92399924922
2.89801255925
2.84030036072
2.77526059911
2.88259315121
2.8268135195
2.8209249018
2.85094746647
2.81026194861
2.89426861035
2.82769072832
2.83329706179
2.82232569199
2.78349580006
2.7588078263
2.78983066028
2.8070021403
2.80723330264
2.76137510095
2.89643356403
2.87713189878
2.82234253343
2.81704804046
2.71268532094
2.77683646162
2.81364380734
2.82843973776
2.83782013582
2.90367519369
2.91398635382
2.89812685941
2.847830581
2.7873216071
2.76952405523
2.76536301261
2.71028303488
2.76704908762
2.82633741307
2.82368255166
2.84871017338
2.8165359693
2.78997902454
2.7296340813
2.73369600229
2.70972372602
2.69852587556
2.71506745113
2.73275207953
2.73076499975
2.78237334013
2.80157541755
2.83676635298
2.80467293475
2.78484723625
2.78324323691
2.82460782082
2.75973305508
2.75203788066
2.83014423005
2.78487179069
2.80604277736
2.84159519342
2.89497214088
2.87193939771
2.80971213519
2.86570903162
2.80231981393
2.81669830531
2.79515078149
2.74113347838
2.72930257226
2.75958257256
2.72751190883
2.67748580341
2.67232074078
2.78629258857
2.78631810599
2.75303259202
2.79922117044
2.84968749349
2.80005951709
2.6978362219
2.75498371411
2.76323744903
2.74606875532
2.78511488182
2.77936191666
2.79041550836
2.86628368123
2.84518187046
2.80570326477
2.78939996965
2.8837189925
2.90380573566
2.86339726182
2.8622217257
2.90206078935
2.91187768811
2.87240461228
2.8863739973
2.8862441713
2.88345595489
2.91362834138
2.83780435593
2.86643766533
2.81298117968
2.84870426238
2.77233366184
2.75943633256
2.848376079
2.8020318033
2.79912442775
2.867259282
2.81386552182
2.77961404723
2.75146413417
2.78654358158
2.76421167549
2.72956611583
2.80751763958
2.87550796716
2.85765343222
2.85742898812
2.8126554938
2.79088563091
2.86162747051
2.87076893355
2.87061409432
2.82901923384
2.8384927215
2.85066506241
2.74505530804
2.79553275113
2.78099773329
2.80909161802
2.78657291845
2.84658366875
2.8147490613
2.88806377891
2.80515419093
2.79354085702
2.87549467833
2.83969390102
2.82774016912
2.77053362091
2.77060019058
2.85452062329
2.84580923358
2.87378965087
2.87047672959
2.8982733186
2.79800797567
2.82125224886
2.82661384038
2.83343063899
2.88592621514
2.81751696031
2.91946550999
2.88738526832
2.85480532781
2.90643727617
2.93985602146
2.85658067932
2.9274388059
2.8149088774
2.8819015118
2.80954652469
2.83667749103
2.82449416284
2.87064607552
2.85016127904
2.84702274771
2.88404448368
2.89203199602
2.87177714532
2.84676051239
2.82719712877
2.78861025368
2.8531495303
2.85590579192
2.75342277628
2.8493631742
2.92369882238
2.87262167602
2.87095511423
2.90386639861
2.86105650536
2.92212734713
2.85682809055
2.89341953102
2.87139304006
2.88044175788
2.93146410273
2.91405893099
2.94456955668
2.95733140853
2.94983929738
2.9302778368
2.85853257913
2.91962761197
2.91034275248
2.97584583093
2.90078089419
2.87837010399
2.90940289615
2.93889849393
2.9672494522
2.92385652555
2.89117656091
2.9403791979
2.9071185271
2.85392631198
2.95947068223
2.89584785274
2.94260685819
2.93459577456
2.95070588314
2.99428081684
2.95401418652
2.98490413868
2.94361938151
3.01859157255
2.91606803613
2.90673078167
2.89824712616
2.95698967717
2.94370696797
2.96041551435
2.91483434902
2.81522615275
2.88779691079
2.83663361897
2.92315071263
2.91034176263
2.90111082383
2.97325098866
2.91499785862
2.99379774593
2.9220725476
2.86673271592
2.92756779959
2.91037793591
2.85616269406
2.86299971513
2.95290945025
2.93493725907
2.92299172815
2.91147228818
2.90700015328
2.8416134667
2.92387434908
2.84050128563
2.89570490853
2.90959608659
2.91117365186
2.87913603433
2.87378423
2.82871296194
2.87073816835
2.85505372417
2.83750582314
2.88202779188
2.85934654276
2.84432373498
2.75236705108
2.81065156571
2.82524762227
2.79567920453
2.81026860166
2.79633024387
2.81380830799
2.85527658918
2.79908358561
2.87442584679
2.89295072948
2.8896019011
2.89035677076
2.92474542528
2.86465717549
2.87362373017
2.80444094062
2.82020750838
2.81059458139
2.81357422936
2.82799106913
2.86665851312
2.94780205963
2.90365416216
2.86114052027
2.89171655727
2.83763083533
2.86957304345
2.79808012419
2.8610402212
2.86371800045
2.84467619102
2.89120520563
2.81824146159
2.88159945547
2.8172138764
2.8419303962
2.83640154373
2.85409695726
2.85260764415
2.78401178573
2.80171771565
2.85301365254
2.89393739861
2.86680662952
2.95867380651
2.95370852518
2.91142518806
2.87295610999
2.94206129387
2.86082821936
2.81619984414
2.81785054186
2.81958864515
2.83192531343
2.84511542421
2.81456164442
2.83670291946
2.85246816142
2.8451105084
2.90672604924
2.93702010905
2.92431743887
2.93930130953
2.885506363
2.93391450768
2.81728850174
2.8997320365
2.92244026315
2.85468295519
2.83220241232
2.89891944004
2.91541367452
2.94086356633
2.89853140747
2.96667576787
2.93830194678
2.97883923915
2.93041629904
2.93401352523
2.89355472493
2.901734541
2.85062028667
2.83899619483
2.9257880803
2.94367188626
3.00470559286
2.96822773877
2.92989963748
2.9434799835
2.9387646481
2.91532744909
2.8642589895
2.80618780288
2.80040311281
2.80695570627
2.83927756572
2.88610823538
2.98451304816
2.91389937287
2.92105193964
3.01855607585
2.96982841513
2.91224571427
2.89433509922
2.89811913069
2.92830947862
2.87739052991
2.85105409667
2.87469483604
2.86671815875
2.88823999875
2.89684470924
2.91462254803
2.90297268275
2.92407402196
2.95168000093
2.87569812044
2.94275848026
2.882617109
2.85089363962
2.86349869496
2.82406321337
2.92912283542
2.86568643144
2.88379879756
2.83180038871
2.86482366429
2.84271764216
2.90727373151
2.90486440669
2.9336176756
2.97147319623
2.93789101309
2.95577230722
2.96733004513
2.95082582704
2.88058185452
2.90216498321
2.84575618808
2.83742926109
2.84103355757
2.93536505654
2.86534705399
2.92096133185
2.92029494678
2.87894444254
2.84247249154
2.88194963559
2.98073844366
2.88280706246
2.920922905
2.91920657219
2.88743454454
2.88969482134
2.81623867258
2.84689521659
2.89641793523
2.90214559862
2.83297331927
2.86549965727
2.85009022489
2.83187806388
2.83834555062
2.87817248578
2.8300398914
2.82283863053
2.84305967436
2.79676235358
2.78860789153
2.78403939654
2.87370908056
2.93711548542
2.95887250485
2.98784463754
2.89030168128
2.98235982964
2.8770045213
2.87707839447
2.82379110688
2.81667570247
2.86836994256
2.87167300293
2.78556227878
2.85490133543
2.87206507045
2.88145597067
2.90912826455
2.86353895967
2.84895658057
2.91240972439
2.86669405588
2.83028706401
2.7785403311
2.85779916018
2.78159605932
2.77302995757
2.81256696452
2.82979304634
2.84544295976
2.9580601618
2.93835297593
2.99802476596
2.97672627854
2.9132178022
2.88289427458
2.972351411
2.94049021677
2.94347947999
2.97917421214
2.95966092777
2.88677460591
2.90167635428
2.89537963426
2.82927371035
2.81092824478
2.91359544075
2.83012004348
2.8467604445
2.82591308832
2.92832785472
2.92265805574
2.90054528349
2.8952076956
2.9572292414
2.94536570256
2.97608982211
2.96522975226
2.92313918892
2.95696310342
2.84790997265
2.91093771527
2.90663159188
2.93765679383
2.95129598678
2.92161900101
2.92999126414
2.95427569863
3.0380699066
2.9574255687
2.91567549444
2.85229494336
2.85793922481
2.80433238596
2.82594418094
2.80613758932
2.82122138366
2.82465019476
2.83681475953
2.91425317703
2.97664295793
3.01812173572
2.95927281726
2.92220847659
2.91545962609
2.95252340429
2.96931789137
2.91826445307
2.91986887303
2.92530897672
2.90993658655
2.784486414
2.75866864294
2.84958626524
2.83142651723
2.86211553329
2.91068354651
2.97294160086
2.98952038486
2.93092729478
2.92951850275
3.01782725522
2.92281965105
2.98056822824
2.88719735727
2.91227878364
2.87224612421
2.82605409703
2.81012132829
2.80132121204
2.8410067829
2.86768704007
2.92556400882
2.85432121738
2.88228872534
3.00935227955
2.93319183114
2.93809126975
2.86853619381
2.87298509332
2.85054671933
2.90804275518
2.84621028109
2.90066986955
2.96348375314
2.9487693524
2.89278296617
2.88047550862
2.89482387631
2.82811494192
2.79358785622
2.82931622695
2.85658939761
2.85364167837
2.83988927865
2.79917457624
2.83921163746
2.87945290458
2.88359022274
2.88214060779
2.87479798919
2.91266295075
2.87979741375
2.86338246269
2.84672774016
2.91406575422
2.85324356025
2.78588608626
2.81824297741
2.78645245319
2.82243033631
2.80975183721
2.91929811227
2.97234284208
2.94250955497
2.92076178579
2.93865622599
2.88565631508
2.91666395771
2.88388920164
2.88212416817
2.83835950218
2.7973469411
2.83747875249
2.83000227769
2.79794128903
2.86435189416
2.77232774137
2.78098228811
2.86060595891
2.79527164667
2.85806452597
2.84390006405
2.85839329215
2.82771804613
2.81756087208
2.83184914501
2.84507318338
2.73623587839
2.83335466018
2.79795615219
2.77867982247
2.87909548057
2.81658062808
2.78270336996
2.86724314268
2.84466840915
2.88664097566
2.88173871713
2.85472910088
2.87965832443
2.87207293017
2.93640045232
2.93790883709
3.00771469457
3.03639408067
2.91738260083
2.88112040623
2.84341966555
2.83987747714
2.87134448898
2.88059164983
2.81459353568
2.82388148522
2.86365625688
2.86369264492
2.83308944453
2.75872237357
2.85055546606
2.85862540189
2.88658871845
2.91696679545
2.858474217
2.90893072275
2.87544420926
2.95253559524
2.95496360847
2.87441935399
2.90264144429
2.97394870272
2.94497288375
2.91999382442
2.93085754075
2.8121680656
2.81562788168
2.90115050871
2.84775368333
2.97402994593
2.97185886244
2.91858778518
2.89948830896
2.90406704364
2.90820785396
2.87372240353
2.88667946795
2.85177083249
2.80575746223
2.78523711726
2.75744493493
2.7927279363
2.81650264098
2.79148654609
2.91194260763
2.86187283547
2.88324864149
2.95944524219
2.930014239
2.92223436553
2.9666310335
2.94730600968
2.9828997866
2.95149038274
2.91860321766
2.97320995783
2.97173829699
2.93870415729
2.91993203306
2.91484510561
2.88514475471
2.88269799916
2.91070941961
2.8773728707
2.91725347881
2.88042157892
2.89573607259
2.81822503238
2.83814784956
2.90637199109
2.8801672661
2.85973648993
2.89465712229
2.8784838026
2.94374764277
2.94374104957
2.98318662798
2.97146090523
2.95904784538
3.00708151272
2.91167457068
2.91242180662
2.9822918859
2.93136797147
2.9729175094
2.90827818755
2.98480556161
2.98811047047
2.97890570019
2.9588213185
2.96840625293
2.96626499194
2.93134082876
3.03450381398
2.9760402412
2.92921290887
2.85471378205
2.89205008292
2.9029080418
2.90104533208
2.91418848627
2.92825293719
2.86690706796
2.86933316471
2.93519041821
2.89582836084
2.99370036279
2.9206663308
2.94337452369
2.886718035
2.97293341968
2.90555587757
2.8846419615
2.92792402242
2.90913087437
2.93957348188
2.94044120116
2.88914995246
2.88277389874
2.89517335438
2.92951124187
2.92116971139
2.92163220707
2.96551661537
2.95376192373
2.99385528118
2.96823920632
2.9796500376
2.93518305449
2.8929501595
2.86362051442
2.8579925278
2.88750787799
2.87235309577
2.86899886792
2.93573387824
2.92106498157
2.87324455686
2.90977813949
2.90121841518
2.93293660358
2.92467141028
2.94457070586
2.97285890677
2.95133997269
2.96290638377
2.86734539422
2.95497983782
2.89061865646
2.89258797696
2.92350337422
2.9206520195
2.90032906668
2.93064797576
2.94215180658
2.93021616538
2.89712395865
2.8958403745
2.89268464673
2.94058526595
2.87839533767
2.94930857444
2.91768723635
2.87318228889
2.87935611446
2.8777913861
2.96845070014
2.89464369904
2.89272627367
2.96470867928
2.90291961829
2.88322782528
2.86368313663
2.89745431337
2.88711732108
2.93998300422
2.91721058296
2.9332968064
2.90396977756
2.90541602753
2.86861477626
2.87036298997
2.92299582796
2.87065699392
