7.02144193649
7.02244067192
7.02344250679
7.02443933487
7.02543759346
7.02643585205
7.02743887901
7.0284409523
7.02943825722
7.03043532372
7.03143358231
7.0324447155
7.03347229958
7.03443861008
7.03543996811
7.03643107414
7.03742575645
7.03842735291
7.03942871094
7.04042840004
7.04142808914
7.0424554348
7.04348278046
7.04449081421
7.04543089867
7.0464246273
7.04742360115
7.04843783379
7.04943704605
7.05043888092
7.05143022537
7.05242800713
7.05342555046
7.05442738533
7.05542182922
7.05642342567
7.05742788315
7.05842041969
7.05941748619
7.06042098999
7.06141471863
7.06244969368
7.06346011162
7.06441497803
7.06546354294
7.06645059586
7.06746459007
7.0684607029
7.06942725182
7.07041764259
7.07145833969
7.07241678238
7.07341980934
7.07441496849
7.07545018196
7.07641386986
7.07741570473
7.0784163475
7.07940912247
7.08041453362
7.08141350746
7.08243060112
7.08341097832
7.08440732956
7.08540916443
7.08641505241
7.0874042511
7.08840799332
7.08940386772
7.09041047096
7.09140253067
7.09241485596
7.09340381622
7.09440302849
7.09540367126
7.09641599655
7.09740424156
7.09844970703
7.09940719604
7.10041213036
7.10139989853
7.10239601135
7.10340213776
7.10440659523
7.10540342331
7.1064119339
7.10740327835
7.10841298103
7.10940623283
7.11040329933
7.11140298843
7.11338686943
7.11438703537
7.11540317535
7.11638307571
7.11738300323
7.11838269234
7.11938476562
7.12042093277
7.12137341499
7.122433424
7.12342619896
7.12437915802
7.12538194656
7.12637901306
7.12738108635
7.12841010094
7.12937426567
7.13038635254
7.13137054443
7.13238191605
7.135379076
7.1363799572
7.13737535477
7.13837790489
7.13937878609
7.14043688774
7.14137411118
7.14243960381
7.14337420464
7.14437651634
7.14542889595
7.14643311501
7.14737343788
7.14837527275
7.14937543869
7.150370121
7.15136146545
7.152364254
7.15336418152
7.1543636322
7.15535950661
7.15635967255
7.15735578537
7.15835547447
7.15935945511
7.16035509109
7.16135311127
7.16235589981
7.16337370872
7.1643640995
7.16536211967
7.16635656357
7.16735935211
7.16837000847
7.16935801506
7.17035484314
7.17136883736
7.17235445976
7.17335653305
7.17435121536
7.17536687851
7.17635250092
7.1813621521
7.18239831924
7.18335056305
7.18434786797
7.18534970284
7.18634724617
7.18734788895
7.18834638596
7.18935084343
7.19135308266
7.19234538078
7.19734692574
7.19835543633
7.20135068893
7.2023499012
7.20336151123
7.20435261726
7.20534801483
7.20635271072
7.20735692978
7.20836377144
7.20935845375
7.21035504341
7.21134281158
7.21233892441
7.21333456039
7.21434402466
7.21533417702
7.21632790565
7.21733641624
7.21833395958
7.21932601929
7.22032308578
7.22131896019
7.22232031822
7.2233235836
7.22432279587
7.22532296181
7.22631907463
7.22732663155
7.22831320763
7.22931408882
7.23031210899
7.23131752014
7.23231959343
7.23332071304
7.23433017731
7.23531985283
7.23631691933
7.23732042313
7.2383248806
7.23956632614
7.24856495857
7.24955201149
7.25055837631
7.25155735016
7.25255584717
7.25356149673
7.25456905365
7.25555443764
7.25655579567
7.25755190849
7.25855088234
7.25955438614
7.26054930687
7.26130390167
7.26261591911
7.26359915733
7.26436209679
7.26559519768
7.26654791832
7.26754260063
7.26854109764
7.26954269409
7.27054405212
7.27153277397
7.27253389359
7.27353453636
7.27453827858
7.27534079552
7.27654457092
7.27755784988
7.27954125404
7.28053951263
7.28157043457
7.28253507614
7.28353309631
7.28453183174
7.28553175926
7.28653216362
7.2875328064
7.28853130341
7.28953075409
7.29153442383
7.29252672195
7.29330992699
7.29452061653
7.29551839828
7.29655981064
7.29752039909
7.29852461815
7.29953455925
7.30052113533
7.30151510239
7.30251908302
7.30352187157
7.30452179909
7.30551600456
7.30652475357
7.30753231049
7.30954813957
7.31055140495
7.31153964996
7.31254649162
7.31353664398
7.31453990936
7.31552958488
7.31652927399
7.3175163269
7.31851792336
7.31950831413
7.32050848007
7.32150053978
7.32252264023
7.32353973389
7.32452988625
7.32552075386
7.3265144825
7.32752275467
7.3295135498
7.33051490784
7.3345117569
7.33551049232
7.33650231361
7.33751511574
7.33951067924
7.34050536156
7.34156656265
7.34251737595
7.34351396561
7.34550499916
7.34650373459
7.3475022316
7.34850335121
7.34950733185
7.35049939156
7.35151076317
7.35250210762
7.3534989357
7.35450983047
7.35549807549
7.35650396347
7.35749912262
7.35849761963
7.35950827599
7.36050367355
7.36149692535
7.36249947548
7.36348342896
7.36449503899
7.36549544334
7.36650013924
7.36748719215
7.3684899807
7.36948490143
7.37047767639
7.37147855759
7.37248444557
7.37348079681
7.37448096275
7.37547659874
7.37647938728
7.37747979164
7.37847757339
7.37947058678
7.38047385216
7.38146924973
7.38247156143
7.38346552849
7.38446974754
7.3854663372
7.38647413254
7.3894944191
7.39046788216
7.39146208763
7.39246797562
7.39346528053
7.39446783066
7.39549064636
7.39646553993
7.39750409126
7.39845848083
7.39947152138
7.40047025681
7.40147399902
7.40246701241
7.40346884727
7.40447163582
7.40546679497
7.40646648407
7.40746998787
7.40848517418
7.40948367119
7.41047954559
7.41350221634
7.41449046135
7.41548728943
7.41649031639
7.4174785614
7.41850090027
7.41948008537
7.42048192024
7.42148208618
7.4224717617
7.4234688282
7.42447113991
7.42546677589
7.42648053169
7.42746138573
7.42847013474
7.42947006226
7.43050193787
7.43149518967
7.43245911598
7.43445920944
7.43546009064
7.43645429611
7.43746566772
7.43846964836
7.43948101997
7.44049048424
7.44152021408
7.4424469471
7.44344854355
7.44450545311
7.4454665184
7.44643259048
7.44748735428
7.44844341278
7.44943189621
7.45043635368
7.45144081116
7.45243287086
7.4534304142
7.45443558693
7.45543789864
7.45642876625
7.45742487907
7.45843195915
7.45945167542
7.46244120598
7.46343803406
7.46443748474
7.46543169022
7.46643972397
7.46743226051
7.46842837334
7.46942949295
7.47043085098
7.47142529488
7.47242116928
7.47341775894
7.47441387177
7.47641253471
7.47741007805
7.47841310501
7.47945904732
7.4804148674
7.48143315315
7.48244905472
7.48345851898
7.48443698883
7.48540568352
7.48640704155
7.4874522686
7.48840451241
7.48940443993
7.49040365219
7.4913983345
7.49240446091
7.49340248108
7.49439740181
7.49539518356
7.49639821053
7.49739718437
7.49840569496
7.49939441681
7.50040459633
7.50138807297
7.5024189949
7.5033993721
7.50440263748
7.50544190407
7.50641083717
7.5074031353
7.50841069221
7.50943994522
7.51040530205
7.51143836975
7.51240229607
7.51538848877
7.51641106606
7.51738905907
7.51839637756
7.51941108704
7.52041816711
7.52137994766
7.52239537239
7.52339959145
7.5244038105
7.52538776398
7.52640008926
7.52738046646
7.52840280533
7.52938461304
7.53039908409
7.53145670891
7.53240227699
7.53338289261
7.535374403
7.53637051582
7.53736782074
7.53836965561
7.53936481476
7.54036593437
7.54137659073
7.54236888885
7.54337000847
7.5443649292
7.54536318779
7.54636383057
7.54736423492
7.54836654663
7.54936623573
7.55036497116
7.55136823654
7.55236768723
7.55436134338
7.55536222458
7.55636668205
7.55736422539
7.55836200714
7.55935645103
7.56035542488
7.5613629818
7.56236076355
7.56436085701
7.56535768509
7.56647849083
7.56736278534
7.5703663826
7.57137846947
7.57236075401
7.57335281372
7.57436466217
7.57536816597
7.57636547089
7.57736849785
7.57835960388
7.57935762405
7.58034920692
7.58134746552
7.58236765862
7.58333897591
7.58433914185
7.58534264565
7.58635115623
7.58738541603
7.58834338188
7.58934783936
7.59034109116
7.59134054184
7.59233832359
7.59333729744
7.59440159798
7.59538626671
7.59661149979
7.59733963013
7.59834432602
7.59934139252
7.60033917427
7.60139656067
7.60238480568
7.60336613655
7.60438632965
7.60533547401
7.60633420944
7.60732960701
7.60833692551
7.60935091972
7.61033630371
7.61133742332
7.61233663559
7.61332988739
7.61432719231
7.61533546448
7.61632943153
7.61732983589
7.61833453178
7.6193318367
7.6203379631
7.62133026123
7.62233138084
7.62333297729
7.624325037
7.62532782555
7.62632870674
7.62735891342
7.63431715965
7.63531517982
7.63631725311
7.63735556602
7.63831830025
7.63931655884
7.64030861855
7.641310215
7.64234519005
7.64331412315
7.64430856705
7.64530730247
7.64630508423
7.64730501175
7.64830613136
7.64930796623
7.65034103394
7.65134263039
7.65234279633
7.65330290794
7.65431523323
7.65530133247
7.65630149841
7.65730071068
7.65855121613
7.65956735611
7.66060209274
7.66155266762
7.66255140305
7.66357421875
7.66455006599
7.66531419754
7.66654372215
7.66753792763
7.66853833199
7.66954040527
7.670535326
7.67133331299
7.67253780365
7.67329859734
7.67453575134
7.67553496361
7.67653274536
7.67753338814
7.67853116989
7.67953038216
7.68053245544
7.68129587173
7.68253827095
7.68354129791
7.68453121185
7.68552708626
7.68652868271
7.68752884865
7.68852972984
7.68952846527
7.69053554535
7.69154930115
7.69253396988
7.69348549843
7.69553780556
7.69653272629
7.69752597809
7.69852352142
7.69952368736
7.70052194595
7.70152282715
7.70252013206
7.70351862907
7.70452690125
7.70553183556
7.70652413368
7.70752310753
7.70851945877
7.70951533318
7.71051669121
7.71151018143
7.71251416206
7.7135078907
7.71451210976
7.71551609039
7.71651005745
7.71751236916
7.71851277351
7.7195148468
7.72051143646
7.72131609917
7.72252488136
7.72351694107
7.7245118618
7.72550988197
7.72650933266
7.72751426697
7.72852706909
7.7295165062
7.73052072525
7.73154568672
7.73251271248
7.73355269432
7.73450899124
7.73551034927
7.73650193214
7.73750543594
7.73852109909
7.73952722549
7.74052643776
7.74151921272
7.74251842499
7.74350214005
7.74450993538
7.74550700188
7.74652099609
7.74750161171
7.74851155281
7.74950003624
7.75050139427
7.75150179863
7.75349283218
7.7544875145
7.75548624992
7.75648760796
7.75748491287
7.75848603249
7.75948667526
7.76048803329
7.76147842407
7.76248168945
7.76348257065
7.76448154449
7.7654812336
7.76648116112
7.76747488976
7.76847839355
7.76952028275
7.77048754692
7.77150011063
7.77247714996
7.7735183239
7.7744781971
7.77550649643
7.77651500702
7.77748417854
7.7784807682
7.77950382233
7.78048157692
7.78155970573
7.78247666359
7.7834842205
7.78448605537
7.78547930717
7.78649616241
7.78747081757
7.78847932816
7.78948116302
7.79048728943
7.79148244858
7.79247498512
7.79346823692
7.79447627068
7.79547476768
7.79646706581
7.79745960236
7.79846978188
7.79947280884
7.80047750473
7.80145597458
7.80248236656
7.80347371101
7.80449652672
7.80545735359
7.8064596653
7.80745744705
7.80845761299
7.80945754051
7.81045794487
7.81146001816
7.81245613098
7.81346106529
7.81445240974
7.81545495987
7.81645083427
7.81745362282
7.81845211983
7.81945228577
7.82045125961
7.82144999504
7.82245659828
7.82345795631
7.82449054718
7.82548975945
7.82645845413
7.82745432854
7.82845449448
7.82944464684
7.83044743538
7.83145022392
7.83244848251
7.83352136612
7.83444666862
7.83545041084
7.83745026588
7.83849167824
7.83945441246
7.8454477787
7.84644508362
7.84744620323
7.8484416008
7.84944248199
7.8504447937
7.8514611721
7.85245227814
7.85344266891
7.85443782806
7.85543465614
7.85643649101
7.85743999481
7.85844016075
7.8594391346
7.86043334007
7.86144137383
7.86243152618
7.86343169212
7.86442756653
7.865432024
7.86642622948
7.8674249649
7.86842703819
7.86942863464
7.87042284012
7.87142562866
7.87242388725
7.87442278862
7.87541866302
7.87641906738
7.87742066383
7.87841916084
7.8794157505
7.88042330742
7.8814368248
7.88241648674
7.88343667984
7.8844165802
7.88541769981
7.8864159584
7.88740968704
7.88841319084
7.88941025734
7.89041018486
7.8914103508
7.89241337776
7.89345121384
7.89440727234
7.89540624619
7.89644169807
7.89745187759
7.89842939377
7.89941263199
7.90045452118
7.90145373344
7.90240454674
7.90344333649
7.90444874763
7.90544509888
7.90644001961
7.90743613243
7.90841627121
7.91040444374
7.91140961647
7.91340899467
7.9144012928
7.915402174
7.91640496254
7.91740226746
7.91840171814
7.91940116882
7.92040133476
7.92138671875
7.92239999771
7.92338967323
7.92438530922
7.92538309097
7.92639636993
7.92738747597
7.92838907242
7.92940473557
7.93038129807
7.93139076233
7.93239784241
7.93538045883
7.93639445305
7.93737578392
7.9383957386
7.93938589096
7.94040775299
7.94137740135
7.94237756729
7.94337630272
7.94438266754
7.94537878036
7.94637441635
7.94738340378
7.94839930534
7.9493868351
7.95037841797
7.95137929916
7.95237374306
7.95337057114
7.95437264442
7.95538187027
7.95638346672
7.95738601685
7.95838403702
7.95939660072
7.96037578583
7.96136188507
7.96235799789
7.96341466904
7.96437692642
7.9653635025
7.96636080742
7.96735668182
7.96836900711
7.96943259239
7.97037529945
7.97136545181
7.97235250473
7.9733581543
7.97435331345
7.97535228729
7.97636175156
7.97736692429
7.9783885479
7.979357481
7.98034858704
7.98134946823
7.98234701157
7.98334527016
7.98434829712
7.98534870148
7.98635196686
7.98734545708
7.98834824562
7.98934435844
7.99034810066
7.99160051346
7.99234652519
7.99334812164
7.994348526
7.99534773827
7.99649620056
8.00751566887
8.00833964348
8.01034736633
8.01136565208
8.0123591423
8.01335906982
8.01434898376
8.01536178589
8.01634502411
8.01733899117
8.01834845543
8.02335238457
8.02434277534
8.02532958984
8.0263466835
8.02734446526
8.02832174301
8.02932548523
8.03032660484
8.03132271767
8.03232336044
8.03332424164
8.03432011604
8.03532028198
8.03631925583
8.03731822968
8.03831505775
8.03931879997
8.04031658173
8.0413274765
8.04231834412
8.04333233833
8.04431223869
8.045317173
8.04635334015
8.0476269722
8.0485701561
8.04932355881
8.05055975914
8.05132246017
8.05255317688
8.05331230164
8.0543346405
8.05531167984
8.05630660057
8.05730700493
8.05831050873
8.05930352211
8.06030297279
8.06158947945
8.0623049736
8.0633084774
8.06430482864
8.06530952454
8.06757235527
8.06856513023
8.06956195831
8.07056617737
8.07156419754
8.07255101204
8.07355284691
8.07455396652
8.07555770874
8.0763630867
8.0776040554
8.07867741585
8.07934236526
8.08058404922
8.08133721352
8.08229923248
8.08354949951
8.08854007721
8.08954358101
8.09054064751
8.09154272079
8.09253978729
8.0935447216
8.09433412552
8.09556102753
8.09654045105
8.09754562378
8.09966635704
8.10053539276
8.101531744
8.10253047943
8.1035425663
8.10461330414
8.10558438301
8.10654044151
8.10754108429
8.10858297348
8.10953736305
8.11055612564
8.11153793335
8.11253166199
8.11953282356
8.12052106857
8.12151789665
8.12251806259
8.12352085114
8.12452054024
8.12551784515
8.12651991844
8.12752056122
8.12851572037
8.12951612473
8.13051724434
8.13152503967
8.13251638412
8.13355493546
8.13451695442
8.1355214119
8.13651871681
8.13751602173
8.13851547241
8.13951396942
8.14050745964
8.14150238037
8.14251160622
8.14353179932
8.14452266693
8.14551210403
8.146515131
8.14751410484
8.14850616455
8.14951395988
8.15050554276
8.15151143074
8.15247488022
8.15351390839
8.15551328659
8.15650200844
8.15754175186
8.15850496292
8.15950298309
8.1605014801
8.16149640083
8.16250109673
8.16351175308
8.16450071335
8.16550278664
8.16650223732
8.16750121117
8.16849970818
8.16949105263
8.17049813271
8.17149758339
8.17249011993
8.17349123955
8.17449140549
8.17548847198
8.17648911476
8.1774930954
8.18249344826
8.18359088898
8.18448805809
8.18550634384
8.18648433685
8.18748116493
8.18847966194
8.1894774437
8.19047999382
8.19149017334
8.19247889519
8.19347906113
8.19447755814
8.19547724724
8.19647622108
8.19747900963
8.19847297668
8.19952082634
8.20048165321
8.20146894455
8.2024743557
8.20347595215
8.20451331139
8.20547556877
8.20647263527
8.20748281479
8.20847940445
8.20948028564
8.2104780674
8.2114815712
8.21248364449
8.21349430084
8.21447896957
8.21548676491
8.21647620201
8.21748971939
8.21848011017
8.21949744225
8.22047543526
8.22148156166
8.22248530388
8.22347760201
8.22449088097
8.22547006607
8.22646975517
8.22749376297
8.22846579552
8.22946238518
8.23046302795
8.23146414757
8.23246741295
8.23345994949
8.23449683189
8.23545980453
8.23646211624
8.2374587059
8.23846054077
8.23945999146
8.24045300484
8.24145460129
8.24246001244
8.24349665642
8.24445605278
8.24545383453
8.2464568615
8.24745178223
8.248452425
8.24945569038
8.25044989586
8.2514564991
8.25246453285
8.25345373154
8.25447273254
8.25545167923
8.25645279884
8.2574608326
8.25847434998
8.25946807861
8.26247358322
8.26346921921
8.26445174217
8.26544928551
8.26644706726
8.2675075531
8.26846337318
8.26944327354
8.27049732208
8.27144169807
8.27244091034
8.27444148064
8.27544045448
8.27643489838
8.27747058868
8.27849650383
8.27943539619
8.28043270111
8.28144478798
8.28249835968
8.28345274925
8.28446412086
8.28543949127
8.28643918037
8.2874379158
8.28844189644
8.28943037987
8.2904381752
8.29143166542
8.29242897034
8.29342865944
8.29442834854
8.29543185234
8.29647517204
8.29746770859
8.29843091965
8.2994658947
8.30041837692
8.30141878128
8.30241751671
8.30341339111
8.30441880226
8.30545759201
8.30641698837
8.30745506287
8.30841994286
8.30944466591
8.31043505669
8.31141638756
8.31241965294
8.3134162426
8.31445503235
8.31541538239
8.3164203167
8.31741571426
8.31841254234
8.31940674782
8.32042765617
8.32140922546
8.32241868973
8.32342529297
8.32441949844
8.32542443275
8.32643508911
8.32743620872
8.32842826843
8.3294262886
8.33043074608
8.33141899109
8.33243441582
8.33340883255
8.33446455002
8.33538675308
8.33640599251
8.33740544319
8.3384115696
8.33938360214
8.34040355682
8.34140110016
8.34240913391
8.34338903427
8.34440279007
8.34539604187
8.34640288353
8.34739613533
8.34840726852
8.34939479828
8.35041022301
8.35440158844
8.35538172722
8.35645794868
8.35738134384
8.35841655731
8.35941934586
8.36039996147
8.3613884449
8.36239981651
8.36338448524
8.36437559128
8.3657476902
8.36637806892
8.3674018383
8.36840891838
8.36938309669
8.37038135529
8.37138915062
8.37248325348
8.37337565422
8.37437748909
8.37538576126
8.37638354301
8.37739539146
8.38037228584
8.38138222694
8.38237977028
8.3833770752
8.38436985016
8.38537311554
8.3863735199
8.38738274574
8.38836765289
8.38937234879
8.39036011696
8.39136838913
8.39236426353
8.39336442947
8.39435958862
8.3953602314
8.39635753632
8.39735579491
8.39835548401
8.39936518669
8.40035176277
8.40134859085
8.40235304832
8.40336275101
8.40435433388
8.40534901619
8.40635156631
8.40737462044
8.40836453438
8.40937614441
8.41036772728
8.4113676548
8.41237306595
8.41338300705
8.41438341141
8.41536951065
8.41637849808
8.41737556458
8.41836071014
8.41936397552
8.42037081718
8.42136240005
8.42235636711
8.42336726189
8.42435717583
8.42535567284
8.42635536194
8.4273660183
8.42834734917
8.42936110497
8.43035006523
8.43136429787
8.43235230446
8.43634676933
8.43740057945
8.43836569786
8.43934440613
8.44033503532
8.44157099724
8.44233584404
8.443349123
8.44433403015
8.4453394413
8.44633960724
8.44735860825
8.44834184647
8.4493496418
8.45033597946
8.45156645775
8.4523332119
8.45338129997
8.45431900024
8.45535850525
8.45636129379
8.45732188225
8.45831727982
8.45933389664
8.46031928062
8.46132874489
8.46256089211
8.46332359314
8.46455550194
8.46531605721
8.46655464172
8.46731829643
8.46832418442
8.46931529045
8.47031092644
8.47130584717
8.47230792046
8.47330474854
8.47431850433
8.4753010273
8.47629904747
8.47730183601
8.4783000946
8.47930335999
8.48030400276
8.48158860207
8.48254132271
8.48334097862
8.48454046249
8.48553943634
8.48654198647
8.48729634285
8.48832035065
8.48959350586
8.49054026604
8.49154853821
8.49253845215
8.49353742599
8.49453997612
8.49555253983
8.49653816223
8.49753785133
8.49853610992
8.4995303154
8.50053501129
8.50157499313
8.5025780201
8.5033326149
8.50457334518
8.50557160378
8.50632357597
8.50753188133
8.50852823257
8.50953388214
8.51053261757
8.51152873039
8.51252961159
8.51353573799
8.51453208923
8.51553463936
8.51652741432
8.51741170883
8.51852583885
8.51928925514
8.52052164078
8.52151894569
8.52252101898
8.52352666855
8.52452921867
8.52552890778
8.52652835846
8.52728962898
8.52855753899
8.52951645851
8.53053283691
8.53153157234
8.53251385689
8.53351712227
8.53451085091
8.53551077843
8.53651094437
8.5375084877
8.53851079941
8.53951001167
8.5405125618
8.54150700569
8.542522192
8.54351067543
8.54451179504
8.54551005363
8.54650783539
8.54750752449
8.54850745201
8.54950618744
8.55050754547
8.5515062809
8.55250382423
8.5535056591
8.55450344086
8.55550098419
8.55650782585
8.55754351616
8.55850028992
8.55949521065
8.56050753593
8.56151604652
8.56235122681
8.56352186203
8.5645096302
8.56550955772
8.56650853157
8.56750893593
8.56853222847
8.56950640678
8.57050395012
8.57150554657
8.57250261307
8.57350254059
8.57450079918
8.57550120354
8.57655119896
8.5775449276
8.57849979401
8.57950258255
8.58050584793
8.58150625229
8.58249926567
8.58351445198
8.58449864388
8.58550262451
8.58650493622
8.58749341965
8.58849477768
8.58949255943
8.59049582481
8.59149694443
8.59250044823
8.5934946537
8.59450602531
8.59550094604
8.59650063515
8.59750747681
8.59849071503
8.59949064255
8.60048484802
8.60150074959
8.6024980545
8.60349392891
8.60448980331
8.60548639297
8.60648488998
8.60748457909
8.60848927498
8.60949826241
8.61048531532
8.61149096489
8.6124818325
8.61348414421
8.61449718475
8.61548519135
8.61648344994
8.61747503281
8.61847710609
8.61950063705
8.62046265602
8.62147164345
8.62247252464
8.6234600544
8.62445998192
8.62545871735
8.62645983696
8.62754058838
8.62845945358
8.62946462631
8.63057589531
8.63154220581
8.63245630264
8.63345336914
8.63446474075
8.63545680046
8.63645267487
8.63744974136
8.63845086098
8.63945126534
8.64044737816
8.6414475441
8.64244556427
8.64345407486
8.64446163177
8.64546084404
8.64649128914
8.64753818512
8.64848685265
8.64948558807
8.65048456192
8.65148019791
8.65244960785
8.65344810486
8.65444874763
8.65545272827
8.65644884109
8.65944385529
8.66045880318
8.66143918037
8.66245412827
8.66345024109
8.664457798
8.66545796394
8.66644430161
8.66745328903
8.66844296455
8.66944432259
8.67045736313
8.67145657539
8.67543888092
8.67643547058
8.67745828629
8.6784427166
8.679438591
8.68043470383
8.68144750595
8.68242907524
8.6834397316
8.6844291687
8.68544268608
8.68646621704
8.68743610382
8.68842434883
8.68942189217
8.69044971466
8.69145107269
8.69242620468
8.69642114639
8.69742369652
8.69841766357
8.69942045212
8.70045232773
8.70143198967
8.70242023468
8.70341706276
8.70441603661
8.70543432236
8.70644140244
8.70744967461
8.70844244957
8.70941543579
8.71041703224
8.71141195297
8.71241474152
8.71341323853
8.71441626549
8.71541404724
8.71640968323
8.71740889549
8.71840572357
8.71944856644
8.72040534019
8.72142386436
8.72240400314
8.72342920303
8.72440266609
8.72540616989
8.72640323639
8.72740697861
8.72841024399
8.72940945625
8.73039412498
8.73141002655
8.73244285583
8.73340272903
8.73939633369
8.74039578438
8.7413880825
8.74238944054
8.74341034889
8.74438881874
8.74538707733
8.74638485909
8.74740672112
8.74839520454
8.74941396713
8.75039887428
8.75141739845
8.75238466263
8.75338315964
8.7543888092
8.7553794384
8.75638914108
8.75738334656
8.7583990097
8.75940489769
8.7604033947
8.76138734818
8.76237273216
8.76337862015
8.76438689232
8.76537537575
8.76642537117
8.7674279213
8.76838207245
8.76938223839
8.77037835121
8.77137327194
8.77238035202
8.77337121964
8.77437949181
8.77537322044
8.77638721466
8.77738666534
8.77838301659
8.77937650681
8.78036665916
8.78137397766
8.78236675262
8.78337812424
8.78437662125
8.78536653519
8.78636074066
8.78736400604
8.788367033
8.78936290741
8.79041552544
8.79135966301
8.79236721992
8.79336619377
8.79436182976
8.79536342621
8.79636573792
8.79737663269
8.79836916924
8.7993710041
8.80036830902
8.80137252808
8.80235147476
8.80335402489
8.8043513298
8.80534934998
8.80635213852
8.80735373497
8.80835437775
8.80936646461
8.81035041809
8.81135368347
8.81235003471
8.8133482933
8.81434750557
8.81534814835
8.81635046005
8.81735038757
8.81835484505
8.81936120987
8.82034611702
8.8213531971
8.8223490715
8.82334923744
8.82434511185
8.82534813881
8.82638645172
8.82734537125
8.82834553719
8.82935214043
8.83041763306
8.83137488365
8.83258295059
8.83336114883
8.83436393738
8.83535218239
8.83635401726
8.83735203743
8.8384115696
8.83935308456
8.84035515785
8.84134936333
8.84238600731
8.84334540367
8.84434580803
8.84535431862
8.84635567665
8.8473482132
8.84835004807
8.84933996201
8.85042238235
8.85133743286
8.85232806206
8.85532236099
8.85632634163
8.85732579231
8.85832285881
8.8593211174
8.8603272438
8.86132240295
8.86232924461
8.86332535744
8.86432647705
8.86532497406
8.86632728577
8.86733317375
8.86833739281
8.86933541298
8.87033176422
8.8713247776
8.87231969833
8.87331271172
8.87431406975
8.87531971931
8.87631583214
8.87731385231
8.87831759453
8.87931060791
8.88032245636
8.88131713867
8.88231420517
8.88332056999
8.88431167603
8.88530898094
8.88631010056
8.88730549812
8.88831162453
8.88930726051
8.89031028748
8.89130973816
8.89230680466
8.89330458641
8.89430546761
8.89530324936
8.89654898643
8.897544384
8.89854240417
8.89968514442
8.90053868294
8.9015724659
8.90258979797
8.90334033966
8.90458917618
8.90554308891
8.90654683113
8.90759730339
8.90854811668
8.90954732895
8.91054153442
8.91129779816
8.91233825684
8.91333436966
8.91453433037
8.91552829742
8.91652846336
8.91753005981
8.91852998734
8.91928577423
8.92052531242
8.92452716827
8.92552447319
8.92652368546
8.92752742767
8.92852568626
8.92952609062
8.93052148819
8.93132400513
8.93263339996
8.9335205555
8.93451905251
8.93552303314
8.93652915955
8.93753695488
8.93854284286
8.93953490257
8.94053697586
8.94152736664
8.94252753258
8.94352221489
8.94452261925
8.94552350044
8.94653153419
8.94735455513
8.94833636284
8.94951558113
8.95051288605
8.95151233673
8.95250988007
8.95351362228
8.95451211929
8.95550847054
8.95650863647
8.9575047493
8.95850491524
8.95950579643
8.96050548553
8.96150541306
8.96250343323
8.96350884438
8.96451568604
8.96550488472
8.96650481224
8.96730995178
8.96850204468
8.97052931786
8.97151279449
8.97251296043
8.97351145744
8.97452497482
8.97551250458
8.97652411461
8.97752761841
8.97852659225
8.97952580452
8.98052048683
8.98151612282
8.98251485825
8.98351192474
8.98450899124
8.98556041718
8.98650956154
8.98750591278
8.98850631714
8.98950433731
8.99050664902
8.99151134491
8.99251365662
8.99350380898
8.99450159073
8.99549841881
8.99650001526
8.99750256538
8.99849534035
8.99949622154
9.00049304962
9.00149798393
9.00248861313
9.00350165367
9.00448703766
9.00548934937
9.00649857521
9.00752067566
9.00849342346
9.00952029228
9.01047992706
9.01147460938
9.0124938488
9.01349663734
9.01449680328
9.01549267769
9.016497612
9.01749205589
9.01848936081
9.01949095726
9.02049612999
9.02148938179
9.02247786522
9.02347278595
9.02447009087
9.02548503876
9.02649092674
9.02748012543
9.02846765518
9.029504776
9.03055286407
9.03151941299
9.03246498108
9.03346467018
9.03446173668
9.03546261787
9.03646969795
9.037545681
9.03846073151
9.03945660591
9.04054021835
9.04149270058
9.04252934456
9.04347062111
9.04450154305
9.04549193382
9.04648447037
9.04752635956
9.04846119881
9.04945778847
9.05046105385
9.0514588356
9.05246400833
9.05347800255
9.0544552803
9.05745601654
9.05845570564
9.05945658684
9.06045126915
9.06145191193
9.06247496605
9.06346440315
9.06445479393
9.06545686722
9.06645655632
9.06745958328
9.06845664978
9.06946873665
9.0704574585
9.07145619392
9.07248973846
9.0734629631
9.07445645332
9.07545042038
9.07644844055
9.07744932175
9.07848644257
9.0794878006
9.08048057556
9.08145499229
9.08245611191
9.08347845078
9.08445310593
9.08544635773
9.08644556999
9.087444067
9.08843994141
9.08943843842
9.09044122696
9.09144496918
9.09244298935
9.09344172478
9.09443855286
9.09543848038
9.10343241692
9.10443353653
9.1064286232
9.10742974281
9.10843753815
9.10943698883
9.11043190956
9.11143231392
9.1124382019
9.11341953278
9.11442899704
9.1154255867
9.11642742157
9.11742687225
9.11843371391
9.1194229126
9.12043333054
9.12143015862
9.12243175507
9.12343430519
9.12543678284
9.12643623352
9.12743020058
9.12842679024
9.12941861153
9.13341927528
9.13445878029
9.13545846939
9.13641214371
9.1374502182
9.13841772079
9.13943243027
9.14045453072
9.14141488075
9.14241528511
9.14341402054
9.14440941811
9.14541459084
9.14640784264
9.14740729332
9.14840912819
9.14939618111
9.15040636063
9.15142130852
9.15240454674
9.15340280533
9.15440416336
9.15539884567
9.15644288063
9.15739893913
9.15844488144
9.15944385529
9.16040158272
9.16140317917
9.1623980999
9.16339945793
9.16440439224
9.16539764404
9.1664018631
9.16739845276
9.16840267181
9.16939735413
9.17040228844
9.17138838768
9.1724011898
9.17340993881
9.178399086
9.17938804626
9.1803996563
9.18138122559
9.18238258362
9.18338036537
9.18439698219
9.18538022041
9.18638801575
9.18737840652
9.18839693069
9.1893761158
9.19037604332
9.19138145447
9.19237470627
9.19337248802
9.19437170029
9.19537711143
9.19637322426
9.19736909866
9.19837164879
9.19936728477
9.20036911964
9.20136880875
9.20237207413
9.20337343216
9.20437073708
9.20536899567
9.20637392998
9.20737218857
9.20836877823
9.20936870575
9.21036481857
9.21137309074
9.21536636353
9.21636652946
9.21736097336
9.21836090088
9.21936130524
9.22035837173
9.22135901451
9.22235751152
9.22535467148
9.22635316849
9.22735357285
9.22835063934
9.22934269905
9.23035216331
9.23135066032
9.23235106468
9.23335456848
9.2343518734
9.23534965515
9.23634815216
9.23734712601
9.23836255074
9.23935437202
9.24036049843
9.24137926102
9.24235725403
9.24336123466
9.24435687065
9.24534702301
9.24634742737
9.24734449387
9.24834370613
9.24934053421
9.25033974648
9.25134015083
9.25233888626
9.2533390522
9.25434303284
9.25534081459
9.25633525848
9.25733304024
9.25834012032
9.25932765007
9.26032876968
9.26132583618
9.26233315468
9.2633330822
9.26433396339
9.26533198357
9.2663333416
9.26732635498
9.26832962036
9.26932883263
9.27032876015
9.27133989334
9.27239823341
9.2733874321
9.27432441711
9.2753276825
9.27632665634
9.27732849121
9.27834939957
9.27932929993
9.28033208847
9.2813308239
9.28232598305
9.28332495689
9.28431916237
9.28532123566
9.28631281853
9.28731918335
9.28831720352
9.28931641579
9.29031991959
9.29131889343
9.29231882095
9.29332208633
9.29431867599
9.29531574249
9.29631137848
9.29731154442
9.29855585098
9.29956674576
9.30055069923
9.30155038834
9.30230545998
9.30357027054
9.30455803871
9.30530285835
9.30660820007
9.30730509758
9.30830454826
9.30955457687
9.31030225754
9.31154513359
9.31254982948
9.31454586983
9.31554603577
9.31654262543
9.31755256653
9.31856608391
9.31955528259
9.32054877281
9.32154917717
9.32229733467
9.32355046272
9.3245408535
9.32554030418
9.32653665543
9.32753515244
9.32853603363
9.32953453064
9.33053421974
9.33153343201
9.33253622055
9.33352851868
9.33453416824
9.33552765846
9.33652615547
9.3375658989
9.33831000328
9.33956336975
9.34052538872
9.34152841568
9.34252285957
9.34352421761
9.34453058243
9.34553217888
9.34652471542
9.34752511978
9.34852027893
9.34954380989
9.35058283806
9.35156416893
9.35233545303
9.35389447212
9.35452198982
9.35552716255
9.35653042793
9.35753250122
9.35853099823
9.35951900482
9.36052107811
9.36151909828
9.36251759529
9.36351919174
9.36451745033
9.36551451683
9.36651539803
9.36751437187
9.36851286888
9.36951327324
9.37051081657
9.37151002884
9.37250828743
9.37349152565
9.37450695038
9.37550544739
9.37650370598
9.37750601768
9.37850403786
9.37955880165
9.38049960136
9.38149881363
9.38250017166
9.38350844383
9.38450145721
9.38550424576
9.38651514053
9.38750553131
9.38850975037
9.38951420784
9.39051318169
9.39154624939
9.39250445366
9.39350414276
9.39450454712
9.39549660683
9.39650464058
9.39750552177
9.39850282669
9.39949774742
9.40049433708
9.40149903297
9.40249657631
9.40349626541
9.40449380875
9.40549325943
9.40649247169
9.40749263763
9.40849375725
9.40949225426
9.41049385071
9.41149234772
9.41249346733
9.41349458694
9.41449284554
9.41549110413
9.416492939
9.41748642921
9.41848921776
9.41948771477
9.42048549652
9.4214849472
9.42249083519
9.42348504066
9.42448139191
9.42548894882
9.42651414871
9.42749023438
9.4284799099
9.42947936058
9.43048286438
9.43147778511
9.43247699738
9.43347668648
9.43447446823
9.43547439575
9.4364759922
9.43747806549
9.43847370148
9.43947410583
9.44047760963
9.44147753716
9.44247293472
9.44347405434
9.44447207451
9.44546294212
9.44645929337
9.44746232033
9.44846272469
9.44946217537
9.45046257973
9.45146155357
9.45246124268
9.45348072052
9.45448923111
9.45546531677
9.45645856857
9.45745897293
9.45845770836
9.45945739746
9.46047019958
9.46146893501
9.46247291565
9.46347737312
9.46445631981
9.46546673775
9.46646761894
9.46746325493
9.46845936775
9.46945095062
9.47044897079
9.47145605087
9.47245073318
9.47344851494
9.47444748878
9.47544646263
9.47644782066
9.47744870186
9.47844552994
9.47944521904
9.48044300079
9.48144340515
9.48244261742
9.48344874382
9.4844429493
9.48545074463
9.48645281792
9.487449646
9.48844766617
9.48944711685
9.49044394493
9.49148797989
9.49244570732
9.49344277382
9.49444293976
9.49543809891
9.4964389801
9.49743962288
9.49843978882
9.49944448471
9.50049495697
9.50148892403
9.50250434875
9.50344204903
9.50448346138
9.50546193123
9.50648188591
9.50745034218
9.50843429565
9.50946593285
9.51050305367
9.51147818565
9.51243257523
9.51343822479
9.51444005966
9.51543331146
9.51642799377
9.52242469788
9.52342820168
9.52442669868
9.52542948723
9.52642345428
9.52742218971
9.52845692635
9.52945828438
9.53048729897
9.53154754639
9.5324587822
9.53341817856
9.53441357613
9.53541707993
9.53645610809
9.5374083519
9.5384209156
9.53942012787
9.54041576385
9.54141235352
9.54243254662
9.5465991497
9.54742336273
9.54841780663
9.54945707321
9.55046486855
9.55144667625
9.55240797997
9.55340647697
9.55439972878
9.55540704727
9.55640530586
9.55740594864
9.55840539932
9.55941057205
9.56040120125
9.56139755249
9.56240582466
9.56340098381
9.56439995766
9.56539869308
9.5664036274
9.56739830971
9.56839609146
9.5694000721
9.5704061985
9.57139921188
9.57240223885
9.57339906693
9.57439684868
9.57538700104
9.57639980316
9.57738661766
9.57840037346
9.57940149307
9.58039879799
9.58140516281
9.58239769936
9.58338260651
9.58439731598
9.58538389206
9.58639979362
9.58738064766
9.58838295937
9.58938241005
9.59038543701
9.59138298035
9.59238123894
9.59337353706
9.59537243843
9.5963807106
9.59737324715
9.59837412834
9.59937691689
9.60038805008
9.6013777256
9.60237836838
9.60337853432
9.60438394547
9.60637760162
9.60737371445
9.60838222504
9.60937857628
9.61046528816
9.6113717556
9.61236453056
9.61336445808
9.61537265778
9.6163623333
9.61736273766
9.61835980415
9.61935734749
9.62036180496
9.62637114525
9.62736129761
9.62835812569
9.62936615944
9.63035607338
9.63134670258
9.63235449791
9.6333656311
9.63435530663
9.63534808159
9.63635230064
9.63734316826
9.63834309578
9.63934707642
9.64034175873
9.64134740829
9.64258408546
9.64334583282
9.64435172081
9.64549899101
9.64659357071
9.64734148979
9.64834570885
9.64935159683
9.65034914017
9.6513466835
9.65235829353
9.65335273743
9.65435123444
9.65933442116
9.66033387184
9.66133141518
9.66233253479
9.66333198547
9.66433167458
9.66532874107
9.66632819176
9.6673784256
9.66832685471
9.66933059692
9.67032575607
9.67132973671
9.67233037949
9.67332792282
9.67432928085
9.67534661293
9.6773314476
9.67833971977
9.67932128906
9.68032360077
9.68132591248
9.68232965469
9.68335151672
9.68432927132
9.68536067009
9.68632912636
9.68731999397
9.68832612038
9.68936014175
9.6903231144
9.6913766861
9.69232463837
9.69331884384
9.69432067871
9.69531035423
9.69630932808
9.69731616974
9.69831752777
9.69931554794
9.70031380653
9.70135116577
9.70230984688
9.70335459709
9.70431661606
9.70534539223
9.70630645752
9.70730686188
9.70830750465
9.70930671692
9.710303545
9.71130681038
9.71230697632
9.71330714226
9.71430301666
9.71530389786
9.71630764008
9.7173101902
9.7184047699
9.71957492828
9.72054362297
9.72156238556
9.72254943848
9.72355103493
9.7245464325
9.72529745102
9.72654986382
9.72754621506
9.72855997086
9.73054552078
9.7315454483
9.73253560066
9.73329114914
9.73453593254
9.7355427742
9.7365925312
9.73752880096
9.73852872849
9.73952746391
9.74052524567
9.74152541161
9.74252700806
9.74352741241
9.74452471733
9.7455227375
9.74652266502
9.74752378464
9.74852204323
9.74953389168
9.75052309036
9.75153183937
9.75253295898
9.75353360176
9.75951647758
9.76051712036
9.76151490211
9.76251339912
9.76352620125
9.76551318169
9.76652145386
9.76752185822
9.76851272583
9.76951217651
9.7705116272
9.7715139389
9.77250623703
9.77350449562
9.77451038361
9.77550721169
9.77650284767
9.77750205994
9.77850651741
9.77953243256
9.78051137924
9.78151249886
9.78250527382
9.78350877762
9.78452134132
9.78550815582
9.78650140762
9.78750419617
9.78850436211
9.78950572014
9.79051184654
9.79151344299
9.79251003265
9.79350781441
9.79450750351
9.7955186367
9.79651284218
9.79750466347
9.79850149155
9.79950642586
9.80049824715
9.80149388313
9.80249047279
9.8035056591
9.80450534821
9.80550599098
9.80652761459
9.80750846863
9.80849218369
9.8094997406
9.81050682068
9.8115029335
9.81250572205
9.81350040436
9.81449389458
9.81548285484
9.81648087502
9.81748008728
9.81848621368
9.81948423386
9.82048249245
9.82149672508
9.82252717018
9.82348155975
9.82456922531
9.82548356056
9.82652330399
9.82748055458
9.82850646973
9.82948493958
9.83048439026
9.83152270317
9.83247685432
9.83549785614
9.83648777008
9.83747935295
9.8384847641
9.83947777748
9.84049272537
9.84149241447
9.8424911499
9.84348726273
9.84450268745
9.84547162056
9.84646725655
9.84746956825
9.84846687317
9.84946465492
9.85049891472
9.85148262978
9.85253167152
9.85346698761
9.85446953773
9.85546565056
9.85646319389
9.85746312141
9.85848283768
9.85949826241
9.86045670509
9.86147212982
9.86246871948
9.86345934868
9.86450123787
9.86548924446
9.86645317078
9.86745524406
9.86846709251
9.86946058273
9.87045955658
9.87144970894
9.8724668026
9.87345385551
9.87545418739
9.87644767761
9.87746858597
9.87845468521
9.87945008278
9.88048744202
9.88151955605
9.88253951073
9.88346624374
9.88446187973
9.88546586037
9.88645267487
9.88748836517
9.88853263855
9.889523983
9.89044356346
9.89144897461
9.89244556427
9.89345574379
9.89444851875
9.89544701576
9.89644408226
9.89744758606
9.89844489098
9.89944458008
9.90044355392
9.9014415741
9.9024438858
9.90344071388
9.9044380188
9.9054350853
9.90643525124
9.90743136406
9.90843057632
9.90946245193
9.91043305397
9.91146564484
9.91244125366
9.91343379021
9.91442990303
9.91543054581
9.9164276123
9.91742563248
9.91843080521
9.91942954063
9.92045140266
9.92146325111
9.92242574692
9.92343187332
9.92442202568
9.9254257679
9.92642617226
9.92742371559
9.92842388153
9.92941665649
9.93046379089
9.93146824837
9.93242311478
9.93342351913
9.93442440033
9.93547177315
9.93642473221
9.93742871284
9.9384264946
9.93945550919
9.94845914841
9.94943094254
9.95042729378
9.95142149925
9.95242404938
9.95341110229
9.95440936089
9.95645499229
9.95740747452
9.95840835571
9.95940518379
9.9604613781
9.96144723892
9.96244263649
9.96340799332
9.96439790726
9.96540260315
9.96640992165
9.96743917465
9.96843886375
9.96940422058
9.97044301033
9.97144675255
9.97241520882
9.97339868546
9.97438931465
9.9754049778
9.97638750076
9.97738862038
9.98040485382
9.9813952446
9.9823884964
9.98338627815
9.98538899422
9.98640418053
9.98739743233
9.98838376999
9.9894015789
9.99040579796
9.99139976501
9.99238944054
9.9933822155
9.99439620972
9.99537730217
9.99638581276
9.99737334251
9.99837231636
9.99937152863
10.0003781319
10.0013756752
10.0023789406
10.0033826828
10.0044038296
10.0053725243
10.0063796043
10.007365942
10.0083730221
10.0093662739
10.010371685
10.0113692284
10.0123698711
10.0133666992
10.0143647194
10.015365839
10.0163764954
10.0173652172
10.0183618069
10.0193626881
10.0203626156
10.0213587284
10.0223605633
10.0233640671
10.0243587494
10.0253634453
10.0263783932
10.0273599625
10.0283665657
10.0293705463
10.0303721428
10.0313596725
10.032361269
10.0333588123
10.0343558788
10.0353534222
10.036370039
10.0373704433
10.0383560658
10.0393538475
10.0403597355
10.0413572788
10.0423488617
10.043358326
10.0443530083
10.0453441143
10.0463445187
10.0473446846
10.0483477116
10.0493488312
10.0503430367
10.0513422489
10.0523459911
10.0533392429
10.0543425083
10.055337429
10.0563406944
10.0573382378
10.058344841
10.0593557358
10.0606057644
10.0613484383
10.0623989105
10.0633687973
10.0643465519
10.065346241
10.0665900707
10.067332983
10.0684130192
10.06939888
10.0703444481
10.0713443756
10.081340313
10.0823402405
10.0833425522
10.0843377113
10.0853354931
10.0863380432
10.0873463154
10.0883405209
10.0893473625
10.0903294086
10.0913245678
10.0923285484
10.0933382511
10.0943288803
10.0953271389
10.0963263512
10.0973260403
10.0983223915
10.09932971
10.1003217697
10.1013233662
10.1023211479
10.1033203602
10.1043202877
10.1053445339
10.10633111
10.107326746
10.1083271503
10.1093149185
10.1103167534
10.1113176346
10.1123175621
10.1133179665
10.1143188477
10.1153175831
10.1163151264
10.117316246
10.1183085442
10.1193089485
10.1203095913
