8.57820012192
8.49616886302
8.58010996626
8.51000941295
8.62249249744
8.56633165935
8.54193113071
8.60987370842
8.52975860072
8.53109183037
8.61295246802
8.66546211177
8.62563066995
8.7137753988
8.66308680664
8.67957397573
8.68996725722
8.65649824429
8.62221123528
8.66164830402
8.64964881818
8.60938849956
8.57893728031
8.57124791329
8.47868845223
8.54362813709
8.55327713639
8.57621991099
8.67096400535
8.56625416736
8.57970191207
8.56051454084
8.59349836554
8.57610987679
8.61023078977
8.6556963484
8.60742809934
8.6027546009
8.63628313124
8.60054868733
8.58765641459
8.56779827125
8.56645718401
8.60699583381
8.63902781982
8.64953768385
8.59674492669
8.58677861959
8.60180138919
8.54403079529
8.53988306458
8.59531665589
8.54050404108
8.6250437566
8.50969143523
8.55205079593
8.5719645287
8.53548037371
8.55687749864
8.52282105474
8.54219536988
8.55203020945
8.51180365445
8.53539939404
8.61930155005
8.51153075967
8.5650579853
8.55607329156
8.63312343683
8.62366852613
8.69763114125
8.67532125646
8.65600939888
8.6439943647
8.64417540976
8.61307489217
8.66492951383
8.64623054545
8.66433024196
8.67114292142
8.65923947733
8.56329583009
8.60480855515
8.61689432932
8.55384398177
8.59668079816
8.6174500262
8.6590048184
8.71056936456
8.69900903646
8.68732697408
8.68990089204
8.70947176635
8.66020462605
8.72361412753
8.70343158333
8.67194409868
8.65151724607
8.6850675272
8.71831093325
8.68907515097
8.66740411305
8.70900997441
8.71989610722
8.73710418237
8.78637948286
8.60722535378
8.60612062609
8.66077236651
8.67371365611
8.67321160941
8.65086455523
8.61874673996
8.57180828316
8.59180682855
8.59023550272
8.61304750647
8.63246933277
8.59448171501
8.65864468206
8.64646132668
8.71121993224
8.6992853675
8.69878934235
8.68479030275
8.68478053572
8.71346967572
8.76816272484
8.67403427618
8.75692042608
8.6512138758
8.71138184744
8.70777508347
8.66375174414
8.66320798714
8.63257614719
8.63299831278
8.67492890766
8.6981192189
8.69604130547
8.67558451895
8.71618902768
8.65341381904
8.68651507287
8.68918630019
8.67285200404
8.64416941692
8.66680367537
8.72004243282
8.67958466765
8.70285297823
8.63244597253
8.72694898716
8.67889562884
8.66154365786
8.68142787073
8.71528495161
8.7032625114
8.72329583705
8.69189874581
8.71148727896
8.66814581864
8.65824645514
8.62546193861
8.6796666562
8.65403642988
8.69572192843
8.73494671299
8.72465140332
8.68212839158
8.65894418072
8.62792247482
8.59489395248
8.68638997819
8.67508230235
8.66411692691
8.65582730561
8.69371092358
8.67446440229
8.71998877903
8.68604905632
8.70840630282
8.70736926587
8.77726944868
8.73335430727
8.80869305779
8.76840736895
8.75130310466
8.79442889565
8.75087671157
8.80965593914
8.75380714803
8.80012365003
8.78663869252
8.72584036307
8.72071435432
8.71075572818
8.69179320967
8.75501362906
8.76298741403
8.78865957594
8.74710638449
8.74447144622
8.74811870331
8.7607256817
8.85079486755
8.80254827378
8.80495912433
8.84333032352
8.86421668352
8.78867038259
8.87146285222
8.87849296525
8.82835554971
8.84911177548
8.80899284179
8.79804094832
8.73880733346
8.75026714737
8.74756452494
8.69430482953
8.77648615309
8.70914085086
8.72107659412
8.75501133751
8.76791336368
8.78020822008
8.75112729062
8.84513717899
8.82336364241
8.84210056811
8.83095123465
8.80950863071
8.85164397871
8.81664269106
8.83291003839
8.81368812218
8.82898714086
8.83876723377
8.81485917508
8.80089479659
8.75914098476
8.8301550139
8.83365355932
8.78877208237
8.76241634829
8.87676946221
8.79672494459
8.82560042424
8.83172978979
8.81534391625
8.81400955147
8.82317433839
8.86867151705
8.81872134199
8.78899858821
8.86185902457
8.86276568404
8.89047991532
8.8562092806
8.8314295843
8.81975123686
8.81925930058
8.8546674012
8.83265213984
8.84375361218
8.83082029906
8.83913897463
8.85770599197
8.77443465285
8.83522530181
8.79324188712
8.85600020848
8.77143168054
8.8742657376
8.88495909356
8.86622904257
8.81536612125
8.84753584524
8.81549230733
8.85785392467
8.88770698321
8.88517457079
8.88430432261
8.86813395667
8.93579625753
8.9070054589
8.85778942903
8.84936243331
8.89015277312
8.8472047105
8.84338580192
8.86402132599
8.88796957191
8.91239018932
8.88417541262
8.85649830291
8.8472198253
8.86643064821
8.91722129663
8.89269645666
8.89130398406
8.951673364
8.94232232543
8.94597049315
8.96999152827
8.9609398703
8.91780320389
8.96931170859
8.95799860843
8.93518292443
8.96400271961
8.95377646118
8.95325885577
8.94952790102
8.92296009412
8.87803641009
8.87824891169
8.88902515723
8.89782602925
8.93660697934
8.97687562164
8.9044686575
8.97395224895
8.91867503177
8.92859202691
8.94031663518
8.93990692508
8.94376343492
8.9331576312
8.94332137782
8.99458598535
8.97038269194
9.02828116327
8.96930264769
8.88545088202
8.90206332522
8.9846944614
8.92053192575
9.01175254027
8.94733466156
8.96844710063
8.98429367221
9.02941811994
9.03056817721
8.93960199512
8.93973021381
9.01003165145
9.02314226812
9.05543252327
9.03606173191
9.00468423661
8.97272605577
8.98072074495
9.03965526379
8.95806647979
9.01170164903
8.99358040982
8.98330509374
9.00541117729
9.01460785965
8.94771690697
8.9673494847
8.94749452878
9.01071448911
8.94935676585
8.95103273434
8.98596239363
9.01756549534
9.04963257078
9.08821830418
9.13028902618
9.07643365422
9.10175044846
9.05958002464
8.99837234587
9.04109611476
9.02054030335
9.08051757857
9.08681055906
9.02029189231
9.04744606732
9.04405996514
8.99262455223
8.94873694245
8.99279666279
8.98698206554
9.05413973608
9.09668844723
9.04712174545
9.12234757018
9.17283244534
9.07055198718
9.13993019603
9.09077209642
9.04674560832
9.10549086096
9.08504187384
9.07424395895
9.00916786146
9.08429331163
9.05331706411
9.06958571614
9.04542875797
9.06460087216
9.06193124559
9.0700939332
9.01374265957
9.02484461114
9.01483734529
8.99136143053
9.01242646755
9.04177221199
9.07141176045
9.02862715538
9.04738173335
9.03522210665
9.02472909613
9.06612829493
8.99559680944
9.0659334728
8.951905334
9.0657549527
9.06392123202
9.09246414453
9.14392972896
9.11064626775
9.08100480984
9.09164949233
9.10228598791
9.08257784781
9.12399165667
9.09092759287
9.14059070699
9.06898011132
9.05594295049
9.14658961554
9.04347048842
9.07002003309
9.10878619604
9.03935030221
9.12760240302
9.01554788709
9.1052944865
9.0993519666
9.15272713622
9.20681652528
9.20537294596
9.16545842433
9.18765721888
9.21154140649
9.18225619658
9.19642519893
9.15216982348
9.14872640185
9.15736256934
9.19387034591
9.1793790977
9.16768811441
9.16544854524
9.10243785782
9.14372064413
9.09991313058
9.11023712716
9.10883654267
9.15669165568
9.15260507736
9.16126247135
9.18925788487
9.1284787878
9.14171386081
9.15273079547
9.13385411982
9.15488522269
9.1247501419
9.15348375083
9.20381671941
9.19203906028
9.17317857479
9.12082148421
9.15812156235
9.16849370858
9.19334451545
9.18645404374
9.15477664403
9.14321306005
9.1548393967
9.18628632681
9.17431914717
9.16686126526
9.1600428795
9.16913705617
9.15136543753
9.11881577109
9.17141841004
9.20348677705
9.17347466068
9.09160921424
9.14479895483
9.11527918337
9.06314752914
9.14074062942
9.16091495248
9.16385451153
9.17256746776
9.14971129017
9.1714606601
9.17275132323
9.13923139807
9.19135326464
9.1600431856
9.15761473441
9.14339263075
9.17388441861
9.11132556938
9.1500372008
9.14185576382
9.10053265445
9.18321323842
9.1528461117
9.1766983154
9.16740028968
9.14862156522
9.21514549936
9.21544611714
9.16469493112
9.21418634546
9.16388508116
9.12319775393
9.16810287271
9.15570836217
9.28794413728
9.17864822642
9.19825182212
9.16431389084
9.11283604115
9.13762276252
9.11760078401
9.11863526454
9.21232359321
9.18095733642
9.13531525561
9.2475192097
9.25020691338
9.24554455559
9.18238512275
9.29587082656
9.31024388705
9.2966906667
9.33110937953
9.32965908852
9.27044395205
9.24293735262
9.253922324
9.20108891331
9.28421108219
9.258898048
9.22480802648
9.25366007301
9.23478789699
9.24924245504
9.24596754973
9.24946687651
9.2934678064
9.25047074709
9.31025937397
9.31994129734
9.31217664945
9.3194218413
9.26154154706
9.21430621202
9.17421943417
9.22242812241
9.27362648256
9.29234670463
9.22053542013
9.25041625495
9.24043182339
9.25470408558
9.27611684733
9.22893500158
9.30283148546
9.28362257856
9.25686008636
9.28067537757
9.28035105174
9.20927617938
9.1472366998
9.2317980706
9.19987556752
9.24531290699
9.22321886545
9.26391651396
9.23018364173
9.27455062087
9.26621198975
9.26561640562
9.3230410048
9.21808195836
9.33312338803
9.35102402032
9.28610632711
9.35951783407
9.29753090873
9.27916897383
9.27335606642
9.21190401125
9.28502873221
9.23360754841
9.33794873992
9.32560030561
9.36593257435
9.27388659576
9.32597654673
9.29669511913
9.26291104801
9.28329946637
9.25332743892
9.30597714402
9.33047492455
9.28885522793
9.3303494992
9.35056010119
9.33933325512
9.2795807402
9.32356647171
9.34570679154
9.348130003
9.27938710867
9.29091952465
9.26192843451
9.34267392066
9.30066391919
9.37384824999
9.32896974518
9.30015314768
9.35387162779
9.33420029352
9.37940397028
9.30562515625
9.30635569513
9.36156461262
9.31848711414
9.32831828002
9.36154280744
9.33841491954
9.35939366824
9.377799784
9.30069410369
9.31432015103
9.29321224583
9.30368453627
9.30240575435
9.24840294215
9.27615112774
9.33675588205
9.27283113616
9.2528239176
9.29738622253
9.26937773519
9.23947849393
9.34450108523
9.36489686456
9.28723443389
9.3690867141
9.34651697255
9.26622042524
9.37295222643
9.33458305938
9.39456852854
9.34199487864
9.34171295583
9.337675503
9.35401305503
9.35290097295
9.32890211692
9.33715178955
9.30661649121
9.25405883845
9.20148197346
9.3059781405
9.34494756184
9.32123701754
9.36111008333
9.38100086923
9.36911409453
9.30747442126
9.24381401114
9.25677949318
9.28461596302
9.35152874036
9.34206549285
9.40354181299
9.38056655509
9.3911788052
9.37355924258
9.36712571718
9.40682096211
9.43087671977
9.4423214444
9.40089826308
9.40358721545
9.38337960577
9.35822362006
9.32402024186
9.32631621704
9.2978977109
9.360201374
9.27751144429
9.33552178768
9.41182044726
9.4366918199
9.32309814086
9.33011687862
9.2895790754
9.31356275789
9.27641122036
9.24693327485
9.26750679995
9.27655725482
9.29370157379
9.36305997751
9.34246132351
9.35609374617
9.38856301424
9.34092240121
9.38931862564
9.35868432523
9.40267152118
9.34070825608
9.38911236629
9.43031207936
9.4194970093
9.35819898757
9.32110047647
9.38612111427
9.40019403407
9.42292394366
9.42353924643
9.4106964693
9.38673836774
9.32733549965
9.37034231943
9.52379003116
9.43933261409
9.46289277799
9.41196613473
9.40362909076
9.37491786408
9.2823129784
9.44775366483
9.4668023424
9.40223441965
9.51511951969
9.45226235976
9.49585505759
9.41247832046
9.4440287321
9.43473845485
9.4450350425
9.47513697707
9.48213888851
9.4476506136
9.44589584044
9.41108852115
9.36721683363
9.37964784179
9.3906377789
9.42219636709
9.37813954611
9.3913197334
9.39116564833
9.51410127039
9.48915856107
9.54232912793
9.49836169376
9.43717400154
9.43803253856
9.46050923931
9.4175904102
9.35799357407
9.44014942534
9.42002641919
9.42002350623
9.41788123517
9.48362896495
9.47676025763
9.44731156251
9.52138092469
9.60848161918
9.51574922115
9.49544133042
9.56846427614
9.4834217966
9.49192679165
9.48967233327
9.44905895407
9.41737019316
9.46451332497
9.47700272902
9.48746679832
9.48572945575
9.54431333035
9.51050809019
9.49445772394
9.48711145229
9.51846493083
9.45042617976
9.48405899363
9.47388296159
9.52201797183
9.54019433484
9.51540931628
9.5061247383
9.56811168426
9.56005660389
9.52122990642
9.50272417729
9.48018420339
9.48959908614
9.55944339099
9.57987709768
9.48495105728
9.50862316077
9.54312423837
9.53460242402
9.46041553475
9.46995659091
9.50185587219
9.59095647942
9.52898374192
9.55859908248
9.61037682955
9.62107225187
9.57179121837
9.56288099269
9.59330823598
9.5918398923
9.58819217615
9.54155484355
9.55066248155
9.4674164442
9.54149355533
9.52416448005
9.54944549703
9.59204457804
9.56895132097
9.59920690574
9.61746911161
9.58328360243
9.49851732581
9.49869922402
9.47965008786
9.56106336679
9.51946323844
9.59237430554
9.58905221383
9.57688121233
9.58714629576
9.59464904162
9.56394850086
9.52258452122
9.55488588983
9.53621843974
9.53698130545
9.55967595509
9.54151622772
9.63714319206
9.64720231269
9.68056213123
9.66096423479
9.6174303546
9.58894997453
9.56956171179
9.5718079828
9.54103311685
9.56520073251
9.49145617539
9.63819822
9.62268380084
9.64146736786
9.61857037439
9.65965736929
9.61874424918
9.57089365643
9.55959703263
9.6356197698
9.57154597636
9.59049537646
9.62781936471
9.60189231277
9.55716637039
9.55004278564
9.50955558596
9.58718930205
9.55041476683
9.64376927711
9.67168776869
9.76513998288
9.72242840439
9.66864944842
9.64642170562
9.58398086212
9.62583890965
9.55634522138
9.53780763105
9.56349398026
9.57261422645
9.70808286527
9.67244220865
9.66675326315
9.67188798586
9.62943193131
9.59085046648
9.58458329141
9.58309313776
9.61765800181
9.60978745344
9.65878482053
9.69621012115
9.69510336612
9.68258944166
9.70088893258
9.73484385321
9.61570917876
9.591415487
9.68929141461
9.70666165573
9.65624163206
9.66219503394
9.6908984096
9.67887533137
9.59769596846
9.57400539232
9.65070027903
9.61099548282
9.72499347349
9.70252768895
9.74221841857
9.72765138353
9.68344295153
9.67528488624
9.65782066928
9.66259362625
9.62257551545
9.68216833908
9.69444895325
9.68396182799
9.63760713551
9.69818354584
9.70653241664
9.68372649264
9.64490019937
9.6901844244
9.68653775698
9.71775881887
9.74029620638
9.72590292999
9.79182988178
9.71720413044
9.75476683972
9.76236853325
9.67021196807
9.73562232192
9.69592541705
9.70652971553
9.70205870871
9.67904644491
9.70916184129
9.74819033505
9.72741702912
9.70789982381
9.63025118984
9.76975574858
9.80557031655
9.74371574218
9.82247687999
9.81850142613
9.79489258876
9.66701939274
9.73207801182
9.81895721622
9.80473719254
9.82029587895
9.72210015542
9.74882366174
9.72082060528
9.67061105316
9.71790784829
9.73046101509
9.8702421206
9.83369697296
9.85309739186
9.78783238516
9.7720234078
9.72350225219
9.77664473359
9.79585663242
9.71074328525
9.74578148538
9.83004354244
9.83276648779
9.7988541604
9.79716742138
9.77233042303
9.7820124827
9.76000410964
9.77471823543
9.77800269211
9.81559219688
9.82190482376
9.82968950602
9.82518826593
9.77981537751
9.7642206252
9.81499421363
9.69097631792
9.73466442604
9.71675767978
9.75048652181
9.78411111454
9.82132607189
9.80793857552
9.82380890075
9.82148122785
9.76922457659
9.70952888125
9.7776199681
9.81761752351
9.76149397491
9.84117774623
9.87128649503
9.89657698446
9.8419492683
9.85369612955
9.86684807539
9.85009993687
9.91699062472
9.91899262581
9.87834127847
9.87767651431
9.90392612342
9.82487143193
9.80129256649
9.75241149622
9.83316579841
9.82441245113
9.89159925358
9.92170242581
9.91203956753
9.86854487575
9.84509089122
9.76839040075
9.80116231566
9.83170305848
9.7941943107
9.82188551529
9.82184996024
9.81183196465
9.86126528523
9.85454876813
9.85967853214
9.85606152848
9.84722786166
9.75342969353
9.80663391914
9.79580191834
9.78118354576
9.73128745983
9.74802081516
9.69002622216
9.76074571326
9.8043287391
9.83084688866
9.8153258753
9.74499210427
9.76331883407
9.87638896858
9.77009660402
9.74656863721
9.73620455172
9.80291166252
9.82888157607
9.78513908372
9.81317875755
9.81679493526
9.81953137617
9.91495759285
9.89116317656
9.87670888642
9.89449893822
9.81364067247
9.80003795123
9.81525129007
9.80869117392
9.86022909251
9.86711447626
9.91213445239
9.90732479821
9.84159258254
9.86519693387
9.78775799812
9.81387909786
9.81491355119
9.88224478313
9.86914738991
9.95926404404
9.93624230128
9.94623564672
9.97788771044
10.0008203746
9.96048687906
9.89228748728
9.90560581019
9.89340698851
9.93364938695
9.95914881341
9.97611866692
9.99159785902
9.98047723311
9.92910731342
9.90810823525
9.87589005949
9.87303346457
9.87848651172
9.89540587736
9.81764681427
9.93133105849
9.92757277244
10.0044367275
9.96443946618
9.93746216973
9.99027889742
9.98158799412
9.92130218211
9.98640879437
9.97036740129
9.94778297971
10.0265225482
9.9072413226
10.0213454514
9.99943386766
10.0467164163
10.0403016473
10.0612658066
10.067668338
9.991052909
9.96109628901
9.96170831741
9.9597628408
9.88786278146
9.9175228093
9.90964835618
9.98476940617
9.93771697385
9.95349220598
9.92691351486
9.8285171433
9.82721818368
9.93514754626
9.87969522575
9.93886564998
9.98714209741
9.94446090864
10.0177710314
9.94193694495
9.97481804821
9.88951073306
9.84838177356
9.97807972106
9.88064942378
9.9032896102
9.87512839079
9.93328495511
9.90754261227
9.88956737429
9.87491393245
9.86283324624
9.87566466872
9.83747947281
9.93709917973
9.97862695327
9.95654826506
10.0152682159
9.91244380518
9.92762744214
9.89648564304
9.89856748821
9.93956164447
9.92490135954
10.0170843296
10.0191478124
10.0686349614
10.0974207751
10.0300410698
10.0183920173
10.0318983214
10.0390197534
9.96225900938
10.0435407846
10.0478127717
10.0968710841
10.1264576699
10.1025052265
10.1345333161
10.0705995949
10.0401634985
10.0435968435
10.0142120268
10.0635913398
10.0605659444
10.1512186517
10.1357148804
10.1171789978
10.0712207377
10.0181323335
10.0213450378
10.0119974779
10.0640702189
10.0850494337
10.1330919265
10.1402020569
10.0725311171
10.0424005566
10.0428627567
9.98385188708
10.0379862961
10.0851845613
10.023781509
10.0172506296
10.0791781832
10.0673677457
10.0673680614
10.1161509898
10.0839273109
10.0210743278
9.99243180195
10.0051700277
10.0282096662
10.0786960236
10.097281016
10.0644792352
10.1220095331
10.1217896159
10.0650314022
10.000085342
9.94743209956
9.94510877406
9.99029740936
9.95861106155
10.0303238298
10.0687901943
9.98198915885
10.0334678415
10.0185376899
9.97872230662
9.90919750474
9.91522717053
9.94981026346
9.96847863256
10.0402390576
10.0313784123
10.1547935559
10.1131226473
10.1036930247
10.1577579722
10.0773378526
10.0681048404
10.1113736096
10.0787648229
10.0561587787
10.0744227282
10.0125150454
10.1015176743
10.0599678886
10.1016231201
10.0598660932
10.0452081447
10.1089690826
10.0566152273
10.0882252042
10.1393092323
10.1587509843
10.1769294615
10.1343136161
10.1620786008
10.1391407914
10.0681656481
10.0910627844
10.0435210236
10.0461298135
10.0484512089
10.0703145576
10.1614512659
10.2007611042
10.169286425
10.0622010792
10.1241201775
10.0898009714
10.1290693349
10.1173566898
10.1493062383
10.1504882378
10.1313205853
10.1317786803
10.1229059261
10.2057973298
10.2361779932
10.0979926758
10.1915204659
10.0860641365
10.1493361081
10.1001911335
10.0991472012
10.1039673564
10.2322318253
10.2095296398
10.117977541
10.0583044891
10.0868429358
10.123421316
10.0896079227
10.1355713777
10.1354884544
10.116340425
10.1522628756
10.111879415
10.1455584076
10.1057873504
10.1079738997
10.1605642326
10.1583660836
10.1630906964
10.1737827271
10.2430342767
10.1808184956
10.2299684878
10.2107496499
10.1980576166
10.2383062245
10.2673364207
10.2440729259
10.1728819774
10.1523600523
10.1989042201
10.2015015369
10.2052944023
10.1504752285
10.2124948004
10.1564642131
10.1979074495
10.1582113194
10.1179978964
10.1935429877
10.1532956104
10.2082879923
10.2192320624
10.2724429861
10.1854907578
10.2068698876
10.2063983758
10.2088739339
10.1416885156
10.1972487973
10.1403718348
10.2269876478
10.2067074138
10.259283028
10.2891859092
10.2703454135
10.239405805
10.3245022258
10.294269496
10.2424867766
10.2436185708
10.2153462203
10.1810049613
10.200390849
10.134911458
10.1549387039
10.1727184822
10.1835163966
10.2766627663
10.2560463453
10.2548962609
10.2436473277
10.2315129957
10.1909522658
10.1592813023
10.2236738451
10.1953989556
10.2617628922
10.2240133532
10.1928151528
10.2582269645
10.1828240124
10.1928055179
10.2941858516
10.2097999901
10.2280537069
10.2374931377
10.2590117903
10.2429410402
10.1782327834
10.1541037704
10.1326384479
10.1323334255
10.1246222599
10.1138427857
10.1736095231
10.1627266054
10.3060791828
10.2089926148
10.125780491
10.2337338502
10.1941736601
10.2725227851
10.2423202815
10.2448104366
10.228635119
10.3401216596
10.2992908337
10.267817276
10.2789428878
10.3332827331
10.3164443743
10.3287518867
10.3399513445
10.3832718391
10.3728367317
10.3692837657
10.3163481006
10.3084034339
10.2491477701
10.3123428943
10.3172321138
10.3359805506
10.3413960639
10.3620382832
10.3438533014
10.3556415979
10.3136415475
10.3456364186
10.4070075961
10.2924572127
10.4139861157
10.3814919979
10.3070168813
10.2840397205
10.3059522083
10.2649657618
10.253868939
10.2552605889
10.2479392691
10.2921121597
10.3164435762
10.3566116903
10.366137541
10.375282294
10.3644181186
10.4145525328
10.3616128266
10.3558746415
10.3360970122
10.3914771942
10.3725244839
10.2935104063
10.3627063419
10.3113477182
10.347160168
10.274771733
10.321432279
10.2986562113
10.3065374488
10.2836180529
10.3289983152
10.2735438625
10.3226150113
10.2984641671
10.2566831436
10.2430555227
10.2821042073
10.23760658
10.2790882431
10.2970057284
10.2760162336
10.3266005967
10.3450896358
10.3425287206
10.3209084295
10.2505378662
10.3334493179
10.2750660777
10.3284409523
10.2816463555
10.3029057627
10.3327143115
10.3433690908
10.3124961031
10.3594051351
10.3820201851
10.345184409
10.3262223083
10.3491077907
10.3504592633
10.3799842885
10.357225315
10.3656615886
10.3368890732
10.3702318724
10.2800412426
10.280867419
10.3151151613
10.263136739
10.4104394484
10.3960816998
10.2891728702
10.2881539038
10.3790023069
10.4005853129
10.3801952938
10.3502940204
10.3722362622
10.3144973204
10.2822107389
10.2831406273
10.3650523069
10.3092663911
10.3377123508
10.3325990979
10.3435113312
10.3337038528
10.3451915108
10.2976857228
10.4144060269
10.4040906829
10.4241513837
10.4580643631
10.4103762225
10.4117326538
10.371189073
10.3952471921
10.3651263784
10.3857627925
10.4067375137
10.3733898514
10.4664081616
10.3618711515
10.4224811868
10.3934558332
10.3954006713
10.4169756262
10.388156181
10.429889527
10.4748484302
10.4348780241
10.4841440227
10.514648327
10.4721390788
10.486003125
10.4036804235
10.4710513658
10.3843034489
10.3973624083
10.3870661946
10.411350804
10.4543694914
10.4452719296
10.4264058094
10.4463864004
10.3978688847
10.4267778056
10.3867170973
10.4709558615
10.4542776028
10.4654975263
10.4143015995
10.4476173462
10.396576659
10.4589778283
10.4361032307
10.4148918505
10.45330424
10.4122429989
10.3751665407
10.5009487288
10.4641684878
10.4443218893
10.5062887943
10.4679747375
10.4449461336
10.41167281
10.4708806263
10.449882992
10.4288503019
10.4501867129
10.4206331436
10.4124669252
10.4109294352
10.4292100883
10.4158529817
10.426132818
10.4560804034
10.4350089231
10.446863371
10.4025377587
10.4532708062
10.4479075391
10.4772058608
10.4045289234
10.4687009
10.4254555227
10.5007162372
10.4477985227
10.4566037585
10.468616679
10.3948247944
10.3936044056
10.3947467955
10.4172794014
10.4592930493
10.4272242097
10.4502768237
10.4811783212
10.4490179057
10.4705020661
10.507598179
10.5271029357
10.5420604142
10.4826633589
10.484067998
10.5247123848
10.4926793957
10.442763012
10.4959764606
10.4069644826
10.5348485802
10.52282332
10.4761966015
10.4734008024
10.4530874699
10.4994927866
10.4679169073
10.4566713255
10.4183002556
10.4166918326
10.425668353
10.4312238515
10.4607231637
10.4766553352
10.4640303954
10.5118277794
10.4513791629
10.4922921036
10.4926331396
10.4779428375
10.4881681679
10.3926076712
10.4446702475
10.4585826152
10.4461091637
10.4470182705
10.4879454674
10.5414469529
10.5001438301
10.4407991017
10.4431414422
10.4561619542
10.3889631295
10.4407585429
10.3924366164
10.4937070971
10.4790044955
10.4123481175
10.4451589318
10.3958885628
10.3885958072
10.417298497
10.4094938076
10.4619068782
10.4630545153
10.3896768133
10.4420555894
10.430929964
10.4295093179
10.4625117126
10.3923625376
10.3669480872
10.3828223671
10.4333209009
10.4023522691
10.4226287713
10.5063988714
10.4016869947
10.4150853557
10.4165937611
10.4793549748
10.3761985691
10.4489253423
10.4605820823
10.4781902017
10.4874294365
10.4463706357
10.486766259
10.4655431747
10.4728987956
10.3702449403
10.4290225465
10.4296314327
10.4313221611
10.3945861146
10.4811423765
10.4729107065
10.4094038788
10.3950689141
10.4521754593
10.3648298479
10.3649295976
10.33792546
10.3563277066
10.3706667194
10.3831536051
10.379225971
10.3827546116
10.4562348917
10.3833238242
10.3833079737
10.419681973
10.4539813083
10.4231100778
10.4942667764
10.481444013
10.4767794104
10.4337263167
10.4748051519
10.4236790369
10.4066352152
10.4092957916
10.3884204081
10.4286154519
10.4607319685
10.3799578227
10.3751221714
10.4313991264
10.3997617678
10.4002156376
10.4077596509
10.3762566658
10.4365492298
10.3822870128
10.3317463646
10.37219404
10.3169145389
10.2735170578
10.3997747988
10.3891043625
10.3688904368
10.3996821426
10.3689191105
10.3769844648
10.3458704864
10.3426313386
10.375164213
10.4172116724
10.3884865187
10.4243027011
10.4298437027
10.4179930305
10.4409292457
10.4008016112
10.4190474428
10.4880917125
10.45579327
10.4840472412
10.4026693036
10.4333935726
10.4454707008
10.4580017739
10.4693577124
10.460482556
10.4598954272
10.3961847499
10.4362277923
10.3613866536
10.3428188305
10.3864805045
10.3369653892
10.4102902719
10.2904249157
10.3647336684
10.3241798202
10.3364121306
10.3560058838
10.3366437178
10.3058937152
10.3691373292
10.3988495402
10.4421093481
10.3479915363
10.3881401468
10.3854525658
10.3828037822
10.3596097565
10.3091177073
10.4349236105
10.3558179772
10.366704562
10.3552889561
10.3213386644
10.3483575755
10.3677610024
10.387435674
10.4541783262
10.432982603
10.3315617556
10.3842110087
10.4242777793
10.3506422733
10.3923068843
10.4170195143
10.4159613665
10.4438506801
10.3514586866
10.4028057791
10.4203178637
10.4837944385
10.397561395
10.4393799754
10.3973995311
10.4113000519
10.3800017997
10.3397348944
10.3558931004
10.3467694831
10.3148484993
10.3454076964
10.3122182448
10.3739514686
10.2731489141
10.4078696513
10.386958332
10.3045776454
10.3749343225
10.372867811
10.4192479937
10.4573643019
10.4037507537
10.4245408925
10.4133156608
10.4273282166
10.4427915426
10.3995612274
10.339361395
10.4208595279
10.3984838411
10.4679240917
10.3825710297
10.4059502468
10.3546329492
10.4090132946
10.3277549499
10.3569690971
10.3796364806
10.3562405219
10.3798492094
10.316494705
10.4147133238
10.4483611247
10.3363687642
10.3901342251
10.4556944665
10.4368139401
10.4608552263
10.4725306955
10.4428679253
10.4541879278
10.433035427
10.4725775264
10.4391469951
10.4279095936
10.4697311918
10.4693913246
10.418344123
10.3740500182
10.4111633029
10.3657766303
10.4127966596
10.4418253712
10.3675587531
10.3774468
10.4228986158
10.3641344911
10.375700875
10.4661476738
10.4561141369
10.4765800684
10.4131868352
10.4685954927
10.4458105291
10.4179299203
10.431481479
10.4842410371
10.450363429
10.4799112447
10.5285744434
10.4879025961
10.488055821
10.438836219
10.453592323
10.4872942625
10.3954520992
10.4126838276
10.3907281108
10.3688924732
10.3887677314
10.4425491211
10.3530219301
10.3657822495
10.3619858876
10.3310496028
10.3339752485
10.341854983
10.3825442675
10.4249798019
10.3733531753
10.3777563073
10.3690585087
10.4432471958
10.3911629779
10.3897183286
10.3591628395
10.4081493077
10.3769242522
10.4167406249
10.3825599245
10.4458891064
10.4201926196
10.3967877606
10.3636015578
10.4031989375
10.4228912749
10.4222735427
10.4014455922
10.4113139275
10.3792516608
10.3549745013
10.4059670145
10.4050207589
10.499398872
10.3959233878
10.4307708643
10.4029487372
10.4027710365
10.4247022057
10.4342538374
10.4145774016
10.4352983533
10.3853701427
10.4204443499
10.446440371
10.4062509376
10.4376304787
10.4084938713
10.4286374683
10.4732499822
10.4415165682
10.3933950193
10.4364532784
10.4486349514
10.4377520337
10.3973567055
10.3846573792
10.3935019458
10.4851732765
10.5174430523
10.4548793671
10.4228845369
10.4421724049
10.4322312703
10.4203936145
10.447051778
10.4134884805
10.4531899258
10.4117913425
10.4022509765
10.455937324
10.5294763156
10.4389505627
10.4158998787
10.5085664547
10.4639335325
10.4650067489
10.4780570216
10.5006877492
10.4831090433
10.4635978433
10.4108051258
10.4339435897
10.5357315944
10.4584856441
10.4339384017
10.4645057379
10.4038990671
10.457814572
10.405969388
10.4526917305
10.4015247861
10.3868561257
10.4142738241
10.3986028803
10.3875079876
10.395852869
10.4121015213
10.3953624395
10.4301139217
10.4214401262
10.3699045625
10.4117835916
10.4305755595
10.4452384216
10.4176911586
10.4221453325
10.4573780461
10.4916334894
10.5256869866
10.4716689896
10.4711500514
10.4806964157
10.4898685505
10.3968534891
10.4504865854
10.3989368062
10.4498251993
10.3442938042
10.4372498067
10.4478233927
10.3727257623
10.3612709614
10.4122055031
10.4287051939
10.4515928855
10.4159363577
10.3630922755
10.3738416528
10.3878471563
10.3803034517
10.3522128224
10.3842584196
10.3756336748
10.406069394
10.4248452191
10.3841287393
10.4138409372
10.4045984802
10.4074008387
10.3779097134
10.3344947299
10.4420040204
10.345356696
10.3639469422
10.3826058962
10.4362982622
10.3642096908
10.4166845495
10.4115764544
10.4274522241
10.3589745968
10.4062855214
10.4353680446
10.3608623382
10.4425276566
10.4131950306
10.4032519523
10.4622091099
10.4187678868
10.5008158423
10.491716364
10.4846727967
10.395804671
10.4494082882
10.4608104398
10.4300873397
10.3857424542
10.4046090331
10.4472456806
10.4245725364
10.4364049112
10.385273481
10.3965718691
10.3551212652
10.4488043466
10.4384529955
10.4816220019
10.4250079998
10.4284648762
10.4759348588
10.4444817875
10.4153991145
10.4670297441
10.4347737454
10.4134909323
10.467030012
10.3977551837
10.4291089709
10.4221131735
10.4659800728
10.4126047669
10.4332737661
10.4117131695
10.4132490451
10.4643061435
10.4464973761
10.4560605733
10.4212249101
10.3788889347
10.3995776893
10.3786389953
10.4104263637
10.3398818347
10.3915709526
10.4240564108
10.4734964159
10.4501842678
10.3974532195
10.4597216362
10.3772319051
10.3692294876
10.4451230341
10.424770575
10.4492451403
10.4999144452
10.4138023067
10.4952305049
10.4617010052
10.4128975909
10.4350261658
10.4372819228
10.464477867
10.4646062491
10.4658089965
10.4744095437
10.4818954632
10.4061097035
10.3753139061
10.4191142222
10.4113851022
10.4257722782
10.4710704236
10.4793948256
10.4477006404
10.466765651
10.4329089879
10.3972096832
10.4395767587
10.4498320474
10.4304066767
10.4420589306
10.4369207705
10.4145819305
10.4540967844
10.3962317425
10.3430203738
10.4271513649
10.3562342001
10.4395202926
10.3964747098
10.384455628
10.3927382519
10.4326897658
10.4652292061
10.446494649
10.3959589936
10.463885671
10.4128261052
10.3827228785
10.4148341208
10.4649276853
10.5231779567
10.5280631733
10.4876124327
10.4640288493
10.450514392
10.4714307174
10.4007447356
10.3921180677
10.4576395667
10.4453970438
10.4044833152
10.3585319641
10.3454306086
10.4254804387
10.3406725409
10.3391612704
10.4023572139
10.348379258
10.3611701602
10.3915368826
10.3613457941
10.4243333683
10.4124800687
10.3992835071
10.4210830286
10.4398980552
10.5249351994
10.4953786558
10.4885177995
10.4564735584
10.4591729662
10.3944726925
10.4030859333
10.3917498928
10.376566821
10.4488237884
10.4003435986
10.3938958305
10.3378139716
10.3781430322
10.3992860203
10.3548479719
10.3840390495
10.3911120035
10.3409255575
10.3239755749
10.2743869358
10.2913585988
10.3893709325
10.3202901586
10.352087138
10.4438436243
10.4008281384
10.3375390182
10.3286659075
10.4053921518
10.3470738735
10.3630091395
10.3527459997
10.3718135015
10.4127721007
10.3341868203
10.3531411927
10.3730741133
10.4231858093
10.3883479932
10.38944588
10.3814336748
10.4186568055
10.3122915192
10.3762839106
10.4576872726
10.3183118633
10.3521971725
10.344051002
10.3484869466
10.3297806107
10.3600186356
10.3799800529
10.3685092005
10.3318987232
10.2865026059
10.3009243921
10.3436705634
10.3157536182
10.4049757098
10.4050839148
10.5056809853
10.4305002952
10.403554297
10.3409455676
10.3309789106
10.3149618786
10.3067396323
10.3013553066
10.3120726798
10.3386924095
10.367464775
10.2711149419
10.2803369124
10.2914031656
10.2668087777
10.3008166638
10.241359914
10.2632016074
10.302805835
10.2592150738
10.257591741
10.3215732956
10.2792140642
10.3150825529
10.3380883051
10.3401123727
10.266203549
10.3186182883
10.2964011009
10.3238138271
10.2940955218
10.2977191186
10.3390725156
10.2780441041
10.3236518698
10.3628258808
10.3605664773
10.3449160264
10.3121060381
10.3301109398
10.2996380447
10.2574892419
10.2411514013
10.2193240733
10.2075011569
10.2672520846
10.2125444733
10.2529748501
10.2116329778
10.2038854584
10.1799098106
10.2627104535
10.2537155609
10.2424968951
10.2642960699
10.2662923818
10.3200843203
10.2696935667
10.3153155479
10.3393376328
10.2889542265
10.3625700003
10.2777484912
10.3843220409
10.3660528034
10.3286711598
10.3715917391
10.3489235535
10.3419689576
10.3738053223
10.3489950292
10.3185221476
10.3376367563
10.358147399
10.3947746891
10.2803612042
10.3206351411
10.3400552444
10.3156223481
10.3440508054
10.3633361104
10.3449533598
10.3777662269
10.3153895644
10.2872279678
10.3090434554
10.4234299152
10.3393410249
10.367167155
10.337195848
10.4011774026
10.3624604766
10.3875335319
10.4500054168
10.3683961464
10.4509198046
10.3962893634
10.3481591957
10.420834553
10.4056416799
10.4070149305
10.3227299331
10.3322559474
10.3636510678
10.3118602154
10.2794637809
10.3090358723
10.351082221
10.2599538655
10.2805228975
10.2695076656
10.2807426921
10.301152732
10.3617202078
10.2274826157
10.2791516655
10.2962618412
10.2536680416
10.275126037
10.3064679365
10.2839410908
10.3247195217
10.3469775385
10.2350894344
10.2903404528
10.28130887
10.3294683533
10.3386110943
10.2927565391
10.3550589172
10.2432353027
10.2845992824
10.2762757133
10.3107133641
10.2727409381
10.2816058413
10.3669346276
10.2716307655
10.3346010684
10.2600719833
10.2710676056
10.3040748226
10.2646915181
10.2683056496
10.2605548607
10.3080954878
10.3101387497
10.2173761048
10.2794165265
10.2485083267
10.2678302947
10.3305734449
10.3096351691
10.2399191031
10.2196504411
10.2446560737
10.3061012471
10.3030745466
10.2462897053
10.2647198515
10.2147629811
10.2777693047
10.2402008962
10.2433567331
10.2660302311
10.2247570014
10.2338241463
10.2813360412
10.2194842365
10.2925089328
10.2196918683
10.2228317526
10.2650779094
10.309566575
10.2332652593
10.289912167
10.3285669104
10.286549273
10.3358973794
10.2852656889
10.3264618782
10.2787436636
10.2578878727
10.2680520578
10.3698454661
10.3136092928
10.2388374798
10.2305175844
10.3360256661
10.2993941573
10.2194604578
10.303404242
10.3133877932
10.3120982609
10.3219478333
10.3333065853
10.2735300602
10.2839214524
10.2849032358
10.2238732235
10.3049930686
10.3231404903
10.3143016431
10.2939066517
10.2770379851
10.2805523876
10.2513263864
10.2713891536
10.2455108888
10.2571834385
10.2894021451
10.280885296
10.2595959305
10.3930116012
10.32034647
10.3939025966
10.279515535
10.2707588433
10.2727952508
10.2429196969
10.2747050196
10.3142451753
10.2589112608
10.2944241013
10.2916364892
10.2672914885
10.1923082042
10.2228852759
10.2776504952
10.2475236083
10.1924972139
10.2528150732
10.2627547935
10.2635343286
10.266460097
10.3155174119
10.3541853873
10.334555069
10.3809703144
10.3904466723
10.3916649267
10.3832493938
10.3333090793
10.4116226085
10.3589610494
10.410993406
10.3661859977
10.3948653566
10.4114541255
10.3256288686
10.4285084323
10.2879086037
10.3285433361
10.2879083222
10.3190848678
10.3002943508
10.2490771322
10.2888648386
10.2559387877
10.3184318692
10.2869100765
10.2996535766
10.303228493
10.3779274208
10.3581379511
10.3363067859
10.3699669201
10.4105950386
10.413041937
10.3710847075
10.3951608967
10.374335223
10.3960518922
10.4266764185
10.395053296
10.4472151563
10.428093241
10.3358311279
10.4397401661
10.394274337
10.3514987957
10.3552866591
10.3427861622
10.3384451585
10.3995715489
10.3136208364
10.302679614
10.3627352484
10.2814471094
10.2839042681
10.4004577361
10.3303615847
10.3947715988
10.3277033542
10.413999616
10.4175080066
10.4199033566
10.3715513784
10.4158022064
10.4257906274
10.4662462789
10.4429496449
10.4105421649
10.367360496
10.3820325213
10.3204370763
10.3945563085
10.370065101
10.3848619484
10.3607579663
10.3141251746
10.2589399787
10.3379313584
10.3514661587
10.3125642623
10.3900679481
10.3111212792
10.4295644952
10.3661692092
10.4288579051
10.4277493402
10.4248798746
10.3846582376
10.3862802989
10.4631413415
10.3715521528
10.353041924
10.3554594226
10.4064420937
10.3859036787
10.3824386018
10.3491273546
10.4616835743
10.3886173654
10.4232478371
10.3593877309
10.3941371265
10.3508598879
10.3506453744
10.3702220197
10.3767250273
10.3325636408
10.3943581669
10.3742145291
10.412772915
10.4350165665
10.4656398013
10.477054102
10.5177667174
10.5393448602
10.5625498868
10.5775853032
10.5642711144
10.5266070824
10.4893744662
10.5349833806
10.5149711968
10.4958722248
10.4948176215
10.5253428708
10.4918599923
10.522337887
10.4586874079
10.4408190888
10.4180803061
10.3859642073
10.3930077812
10.4015925323
10.390517331
10.3463321344
10.3953730162
10.3103676854
10.3825114691
10.3620229919
10.373690417
10.3124980954
10.3741275154
10.4089888304
10.4481730745
10.4290163583
10.3971910283
10.4382056281
10.4395215592
10.4407313246
10.5082841153
10.4681875634
10.4603828266
10.54818397
10.4739544262
10.5031807159
10.4891775739
10.5064616292
10.4832777135
10.5245064292
10.45677443
10.4680046068
10.5341026515
10.494081662
10.47268087
10.4728241981
10.4512631359
10.4176474505
10.397329663
10.4258288537
10.3949342652
10.3755120889
10.3590715862
10.3268522924
10.3380100741
10.3470653715
10.3418354194
10.3431743206
10.3062980308
10.3398875135
10.3934029531
10.4113636336
10.4106546956
10.314765662
10.3661883374
10.3546190748
10.3153470512
10.3248564162
10.3462263229
10.3057306408
10.365840267
10.3630661298
10.3394806777
10.2950323895
10.3260769201
10.2535655
10.3893970685
10.3497033379
10.3529093399
10.3851791227
10.3518298802
10.2901918147
10.3420844078
10.3427637754
10.3728690206
10.3756311646
10.4171515707
10.3432113786
10.3583170443
10.366950662
10.4087395496
10.383844678
10.4162828907
10.4289116334
10.4190546866
10.3792530874
10.452036636
10.5038376804
10.4112633367
10.4311879476
10.3979972045
10.481617417
10.4193894798
10.4086757939
10.4118733134
10.4643501266
10.3920225348
10.4133943444
10.3906369646
10.4001404906
10.4203196562
10.3895562445
10.4361502731
10.4465759016
10.3937676765
10.4361979365
10.4159746106
10.3845503785
10.4432862293
10.3910667479
10.4284696733
10.4041883815
10.3508204571
10.3916307765
10.4050827968
10.3523403872
10.3411189721
10.3742365796
10.34159182
10.413046686
10.4072515672
10.4027299428
10.4200435246
10.4356635144
10.4146426512
10.4240101526
10.4445263582
10.5293273433
10.5361587384
10.4982385374
10.4882120527
10.4788422917
10.4272066763
10.397463042
10.450701806
10.4103891196
10.4222398872
10.4616398344
10.3899111917
10.3803426452
10.4623094214
10.3706344442
10.3687722001
10.3677940496
10.4526644322
10.3796957909
10.4102822947
10.3589902988
10.3721030699
10.4489090022
10.3649357769
10.4045298941
10.3935979802
10.413138142
10.4455476949
10.38168347
10.3949865945
10.4023260116
10.4137502362
10.3626119581
10.4019915482
10.3599677832
10.3803811946
10.4311665963
10.3987013856
10.3904741539
10.4585764639
10.4250098601
10.4457202972
10.358816913
10.4082372444
10.4064506307
10.3239690799
10.3653805777
10.3739582701
10.4695469815
10.364433123
10.3645900422
10.3422833791
10.3192323522
10.4212937835
10.3718570914
10.3632891596
10.4474867133
10.4413926302
10.4654254204
10.4849721417
10.4630588209
10.4816098519
10.4690286611
10.3991772768
10.4215228665
10.4457984188
10.4344073333
10.4763228596
10.4014665089
10.4042554196
10.3922461391
10.3957180776
10.3233231038
10.419142138
10.4511120094
10.4502056521
10.4303308051
10.4738829756
10.3719076756
10.3828743225
10.3955315751
10.4570707309
10.4171984803
10.4382010527
10.4566251228
10.4857318127
10.4432173036
