10.0687756647
10.0671213985
10.1241625851
10.1686138301
10.1903829136
10.2114740337
10.2254194603
10.2573074361
10.2271745611
10.2556694174
10.2862943657
10.2481343672
10.2485346346
10.1987333702
10.2054726672
10.1759407964
10.160543531
10.168211803
10.1957098918
10.1875435599
10.1933869525
10.2282479165
10.2338551642
10.2336108406
10.2557741941
10.2766266897
10.2624994075
10.2551289626
10.2471525494
10.2758126565
10.2009532034
10.241741479
10.2249151178
10.1718235417
10.1422269666
10.129409319
10.093702585
10.0851770134
10.0694134856
10.0925215284
10.0839645209
10.1096683646
10.1066821042
10.1053757796
10.1186923743
10.1333975937
10.1096141345
10.1336280729
10.1357664332
10.1316557472
10.1059249153
10.1248002779
10.1191807576
10.1382031428
10.1041110902
10.1143854824
10.0879654052
10.0987231157
10.0759401805
10.0924137337
10.0778528206
10.0775388001
10.0754794303
10.0883347993
10.1094653113
10.1157078691
10.1162218015
10.1011406097
10.0767759499
10.0966991907
10.09449801
10.1231963292
10.1289679696
10.0940937028
10.1312038318
10.1106994389
10.0777956969
10.0852935169
10.0396536386
10.0121023288
10.0127021665
10.0222220181
10.023736695
10.0611050467
10.03993353
10.0448670271
10.0355313123
10.071457158
10.0776892557
10.0967690441
10.1113387349
10.0596584068
10.1031384693
10.0885511902
10.0952498474
10.0810706601
10.0308756031
10.0238509817
10.0248485949
10.0030464262
10.0251447927
9.97395646265
10.0308551286
10.0509247289
10.0630028426
10.0903911912
10.1173356252
10.1523510735
10.1586166426
10.1928240729
10.1717156624
10.2015802321
10.2016306594
10.1971961525
10.1750738457
10.2195357049
10.1616461356
10.1725407754
10.1429473374
10.1233816226
10.1114218576
10.0753774117
10.1046605004
10.1112983261
10.1021730373
10.1507429545
10.1508723115
10.206549952
10.1975186626
10.2199313891
10.2142752167
10.2155796966
10.2470971854
10.2125075741
10.1943530374
10.1594953955
10.1915235533
10.1562189653
10.0991307921
10.1242718641
10.0381876961
10.113086602
10.0685502511
10.0460070993
10.0799291805
10.0468710614
10.0807670464
10.0921809937
10.1106064934
10.1235896106
10.1185604901
10.1588323545
10.1555940589
10.1595361276
10.1294269184
10.130596486
10.095290359
10.0823406918
10.0056332589
10.0294414554
10.0186298176
9.99110102468
9.96484982386
9.96082051567
9.91919552228
9.9460466995
9.90353090986
9.90681461426
9.91380843387
9.94315925658
9.95756333925
9.93351191109
9.97494683416
9.96758299827
10.0103491557
10.0173120176
10.0163772407
10.0581829076
10.0349136811
10.0189633518
10.0254171916
10.0239213727
10.0233813027
10.0159498769
9.98096566898
9.90554176104
9.90856673964
9.84689428514
9.87002046165
9.89333866669
9.88630748304
9.88436071386
9.94884793652
9.95596102535
10.0051312654
9.99699062071
9.99747214622
10.0176686493
10.053231825
10.0444613152
10.1009349427
10.0639154907
10.0850063361
10.0486176724
10.0329815559
10.0556290909
9.99782525969
9.9621946182
9.96547935324
9.94288378223
9.98690328239
10.0280609606
10.0421038102
10.0449584265
10.1067397432
10.1478773534
10.1602033807
10.2097938236
10.2373188389
10.2738345366
10.2231885223
10.2397634189
10.2277753191
10.2298631387
10.1885195863
10.1486212944
10.1365801079
10.1302861894
10.0931888414
10.092223677
10.0979253739
10.0682428883
10.0811379519
10.0963155073
10.0955251985
10.0512737216
10.0944858975
10.0767674687
10.1312236924
10.1045241575
10.1517346372
10.1349420297
10.17796319
10.1269388673
10.1350730438
10.1431771486
10.1601936085
10.0941550516
10.124185869
10.0503159134
10.0677394141
10.0767862643
10.036179954
10.0107672537
10.0067594323
9.95185618466
9.92633842839
9.96310713489
9.95597343364
9.96846847601
10.0175463997
10.0860491731
10.0543366575
10.0868240259
10.0946149304
10.0810067172
10.1497929795
10.0866900112
10.1162851983
10.1012587327
10.1157676199
10.092793227
10.1363590437
10.1090825117
10.0649146843
10.0396704365
10.0057650344
10.0075579791
9.97264504841
9.95080539752
9.88611099458
9.91493855196
9.88557699612
9.90230350437
9.88651827385
9.87044071815
9.90484591752
9.95103431965
10.0160495964
10.0556359619
10.093340887
10.1764796429
10.137334869
10.1426410756
10.1274789707
10.1629395513
10.1492348072
10.0992257064
10.0639225263
10.0596698622
10.0473730221
9.98521889377
9.98066229653
9.97006262198
9.98666872827
9.8803882345
9.89567075147
9.91828024864
9.8886658618
9.87999563687
9.94388565063
9.97592117776
10.0078072131
10.0559850953
10.070779566
10.040058563
10.0933766814
10.0796066086
10.0818360703
10.0987862993
10.0922535609
10.1084788157
10.0767447611
10.1271213267
10.097619332
10.069808068
10.0858363141
10.0953099341
10.0678129297
10.0770788374
10.0549266975
10.069373448
10.0472393773
10.0305176178
10.0381591869
10.062379348
10.0708055268
10.0560304875
10.0922574899
10.0708902815
10.0719958026
10.0798515624
10.0929001801
10.0778856502
10.0545050209
10.0579989406
10.0569607547
10.0491077365
10.0152988236
10.023010786
10.0133021537
9.99967480732
9.94815070034
9.99196060688
9.99321447411
10.0212223454
10.0428509249
10.0197976721
10.0263771381
10.0399943063
10.0253318445
10.06959332
10.0695584407
10.0530429752
10.0320273845
10.0034832386
10.0328521353
9.99824266963
9.98585719824
9.96276766622
10.0079967241
9.97788148626
10.0138006763
10.0080871566
10.02920111
10.0358228784
10.0649063104
10.0642263023
10.0956035247
10.0811048387
10.0984214741
10.1075792419
10.1381277275
10.0944650795
10.1253828747
10.1042937536
10.0363116962
9.99752422682
9.99745695338
10.0086902374
10.0474286845
10.0433411481
10.0760504027
10.0693269931
10.1083991279
10.09751342
10.0694452261
10.0481842194
10.0280197584
10.0157642808
10.0096019159
9.97553692888
9.87175151419
9.91295855639
9.89947281014
9.86445712275
9.86728814596
9.87681209871
9.8995373679
9.89197438091
9.90669043076
9.92783425801
9.9425328378
9.97191404269
9.97042770768
9.94196837019
9.96328205026
9.96990726684
9.99938511062
9.98450967363
9.97876491351
10.0366764908
9.99344133051
9.99281488241
10.0304389798
10.0223633656
10.0455673306
10.039247447
10.0263185884
10.0409646103
10.0620315073
10.0393147617
10.0805930934
10.1018528309
10.1123035355
10.1416408576
10.0942953814
10.1314799451
10.0323146309
10.0398059506
9.9944349346
9.99995977947
10.0058444288
9.96683608772
9.95833254778
9.92801431504
9.94724741895
9.97435365812
9.94937101684
9.94143350617
9.95662259172
9.95631067828
9.94108400559
9.97725758714
9.99111757603
9.97631453132
9.97777204632
10.0077985235
9.99497214175
9.986262829
9.995924795
10.0134546371
10.0015367431
10.0026579362
9.9875216476
10.0171932023
10.0020603211
10.0177553599
9.98400722518
9.97802139417
10.0070100191
9.98749622215
9.99421108552
9.99397404908
10.0074495345
10.0150008893
9.9783342404
10.014694156
9.94821939319
9.99247923934
9.94666788418
9.98935734503
9.98051008279
9.95545376709
9.96982788614
9.99155335824
9.93918551618
9.974694171
10.0032412692
9.98634664543
9.94405333788
9.95959799344
9.92923112396
9.94464945216
9.94416352568
9.90180138803
9.88095678826
9.87374332488
9.86651840177
9.84503642082
9.84512896614
9.78452097903
9.80648823404
9.80452938281
9.81973742368
9.84835189792
9.81951299581
9.79750848471
9.84261975176
9.87119569314
9.86376735612
9.86335794083
9.842044112
9.8911553631
9.90516574061
9.93551136243
9.93429660676
9.93979242262
9.92718237932
9.92166238938
9.89206543652
9.89916407358
9.87757406067
9.85327799236
9.86034604948
9.83736023443
9.8455511548
9.82995902426
9.83641650255
9.84290123128
9.86512717667
9.87256365415
9.91653977994
9.9302429851
9.97365913224
9.93814216773
9.9394070201
9.94654949909
9.9452588304
9.95826004514
9.87647083883
9.89974577208
9.90330497208
9.94095157881
9.90404249193
9.91942870068
9.93375007968
9.91301694243
9.94975029731
9.91545988294
9.96890826219
9.94004131809
9.97740556872
9.93300716389
9.98521291316
9.96917166784
9.96752323466
9.960320404
9.97537139352
9.94049577263
9.94796902841
9.93866821065
9.92214032149
9.94410136087
9.93591057916
9.93417702475
9.93896473239
9.93801394713
9.97144324617
9.96918913272
9.95307214899
9.93836698336
9.92419455975
9.8745406926
9.89731172046
9.88841564416
9.87236344428
9.91422098283
9.9035128619
9.94028977599
9.90846196646
9.90091983696
9.89303102969
9.90912631817
9.91750463879
9.89706456712
9.86162445547
9.86464849373
9.86157378167
9.8487206508
9.88240764302
9.83256516518
9.83331421139
9.83550216712
9.83468807214
9.82811892077
9.84413918068
9.85002151015
9.82066285822
9.82000580971
9.88371630898
9.85871647986
9.89997360524
9.90426390318
9.92308457506
9.91348396723
9.92783339041
9.98473461848
9.96114475672
9.95377289857
9.96219656942
9.91173094324
9.90476609474
9.92764347153
9.9400586857
9.86262877032
9.84971629796
9.80711000014
9.81553295681
9.77824522798
9.82816825102
9.8495928126
9.79715376318
9.81190846995
9.83048441957
9.82956294553
9.86272392859
9.91003025559
9.86358182666
9.89101412519
9.90343317011
9.90299275568
9.88689794229
9.86515897013
9.85156542625
9.90721597256
9.84356031813
9.84574043645
9.80380806221
9.7842387751
9.77909882207
9.74917780182
9.78600361171
9.77155936968
9.73287513209
9.76138721986
9.73931930272
9.76978977417
9.79441219631
9.81542885091
9.78576941958
9.78475036631
9.81321164908
9.83546785845
9.82946973699
9.83062383358
9.84545774094
9.8388053975
9.8249731266
9.78086148471
9.79634904979
9.75970452759
9.77493788065
9.75375554855
9.75365417979
9.7487894054
9.75392839494
9.75286554105
9.76514848731
9.78896687756
9.79573076783
9.7875049144
9.79661936206
9.82703179732
9.8137707541
9.84407049367
9.81589421892
9.83202793487
9.80618286832
9.81524858892
9.8181134484
9.80652095544
9.80064002682
9.80755344966
9.82250307532
9.78624676925
9.74970600549
9.73661109171
9.59388353345
9.60919262421
9.65203251491
9.66113086912
9.67695388216
9.62345009011
9.67872237222
9.67918766786
9.67172109833
9.69957297465
9.66918582638
9.71257194863
9.71147661801
9.68986010811
9.70032615331
9.72413826562
9.72290637054
9.73379927845
9.72112897163
9.73041292812
9.67883494517
9.71599552501
9.75209294203
9.73754196794
9.74063739584
9.74418100611
9.70966805531
9.73489314956
9.70811686235
9.70229396187
9.68837051272
9.71120279129
9.73132673506
9.72225307663
9.72357878038
9.70030353116
9.72955794113
9.72204389662
9.71978880395
9.76210537582
9.72157591073
9.71956602834
9.76064192242
9.73265818979
9.73314705611
9.7546942341
9.7455016407
9.81711840271
9.80747913844
9.7966443898
9.78181758956
9.79509777296
9.81903314216
9.74977281073
9.72952434135
9.71587656727
9.68774065719
9.68065262214
9.71027820967
9.70273006984
9.70803652251
9.71985353314
9.74628659986
9.75080350465
9.75688982586
9.79283232001
9.81373450839
9.80544655896
9.84099342264
9.82897402119
9.77182044196
9.74566863453
9.72517805284
9.70716199155
9.71875816177
9.71295234873
9.73716111094
9.71651314162
9.73751484697
9.72812077252
9.79853044269
9.81926940017
9.79477126456
9.85777460085
9.85754435874
9.92221349784
9.919959603
9.88270209146
9.86889345789
9.86386466104
9.85220368453
9.89315114974
9.82761410852
9.79362544766
9.79125243517
9.79171721658
9.790088348
9.78149436434
9.77308457179
9.77204643961
9.80894403557
9.74817740387
9.77608607466
9.76282414533
9.7553535467
9.76954036285
9.75658413887
9.74317131206
9.72980499674
9.77371197315
9.6997824815
9.75011601982
9.75688503431
9.76896479497
9.77518102287
9.77619773546
9.78533393914
9.78366813582
9.80589118268
9.8393850082
9.83049128819
9.82929613321
9.83149519394
9.817384113
9.83375322646
9.82642821625
9.8420393488
9.84237320899
9.82049522301
9.79986565704
9.7660326601
9.74728198008
9.74228921894
9.70120870463
9.70835273554
9.71442723643
9.6924253702
9.70383797092
9.85533696706
9.86024175204
9.91607239909
9.92581104383
9.91037126702
9.87014554443
9.85764499522
9.86775524144
9.8108982255
9.81198286916
9.81462746854
9.79547307296
9.77528297033
9.81402076741
9.81502715788
9.79226305228
9.80505514634
9.8439240397
9.86129305059
9.88716117142
9.86283508053
9.8922137238
9.8646210031
9.91795201758
9.87063468766
9.8517948751
9.83084591837
9.83577725477
9.80834725611
9.76712498421
9.76811839591
9.81907955113
9.82462190213
9.8167032447
9.81493524731
9.8076963277
9.78725401039
9.80308976859
9.84055495162
9.80782513223
9.80543997118
9.82203410828
9.83533977745
9.8254856105
9.86161097435
9.8266195277
9.79916296528
9.77191261272
9.77275360558
9.77320349146
9.75666658598
9.77654254412
9.73866452648
9.8106499061
9.78846853242
9.80388979997
9.79798971774
9.85091001702
9.79954940855
9.79460370922
9.80139797463
9.82379317366
9.81595403328
9.78063547243
9.79467189997
9.84801476803
9.84093159446
9.79094336364
9.76409320424
9.75750553656
9.75688206912
9.76401164671
9.77660859509
9.77216093414
9.77124487943
9.77256057288
9.73726258313
9.74125280349
9.70136572518
9.67457912339
9.68240057229
9.72481863916
9.72889069197
9.73166303892
9.75939165578
9.79596309733
9.77493416305
9.79878176347
9.7719044364
9.75725183878
9.83637808956
9.76050925232
9.79185030243
9.8541980879
9.85284138722
9.84474192242
9.83459590547
9.81087786465
9.7840981002
9.70827909213
9.72591263123
9.7180720905
9.74598476198
9.68862196214
9.68869343928
9.69977777167
9.67988773964
9.67449549456
9.62668730787
9.66706047434
9.75053120961
9.71611265902
9.74533527297
9.77869775601
9.78515121812
9.77935871324
9.78765058854
9.76825380384
9.74081889535
9.71644383601
9.72459119549
9.72044826348
9.71309430213
9.70395248365
9.71841586637
9.71371991464
9.70873245184
9.66052710639
9.62428747177
9.64715542547
9.60964429941
9.63126733081
9.66135262283
9.67500738364
9.69119192824
9.65754888612
9.63770647312
9.66011725434
9.6546219232
9.68530785992
9.69215624269
9.67810385034
9.68322171796
9.64698729953
9.62530226949
9.67353838082
9.5866987291
9.58169069993
9.56708879984
9.60090318542
9.62839265132
9.61228577429
9.63168919856
9.55811171277
9.53280942177
9.60736908208
9.62129512941
9.57710871861
9.60661857068
9.5731280134
9.56032208774
9.59923136952
9.53490977063
9.55706681277
9.56866716397
9.58875287051
9.62085218141
9.61712583691
9.63970292231
9.60181906309
9.62626592615
9.57468397844
9.56806602313
9.53088105851
9.55224833184
9.51325199596
9.54709345417
9.54369793482
9.48609945807
9.52940155049
9.50887413191
9.51148619802
9.47521093662
9.48415497899
9.52114941328
9.52134199147
9.52071049655
9.51231731865
9.55865972755
9.57425806618
9.53191518909
9.52228701813
9.50137522718
9.48735256999
9.48624691774
9.48702761112
9.4993595789
9.50463189007
9.5258670955
9.5045653303
9.48359486368
9.49285100434
9.41598567261
9.41622127801
9.37013694789
9.38217851262
9.40175280742
9.44705430053
9.45744201762
9.48152225344
9.42737548091
9.51414104976
9.49219684951
9.535488255
9.54826467705
9.55577899672
9.57054659478
9.59892309224
9.56091708954
9.60763504407
9.61602575017
9.60189996329
9.6027419616
9.59438631968
9.61405763599
9.60506877529
9.64190663116
9.58439359685
9.59945097932
9.58387304305
9.61947055309
9.61942857956
9.63749511646
9.61451715493
9.63511954786
9.65670270733
9.68032596482
9.6629590824
9.65178992398
9.63237799176
9.6712161973
9.66508300732
9.67999248065
9.65877617682
9.65945403613
9.63282161833
9.6718151099
9.64308757452
9.65246936174
9.63784790997
9.6368204105
9.72205158846
9.64535589034
9.63640401057
9.65704451549
9.63489736119
9.64950720384
9.66207117723
9.65875492664
9.69085237503
9.65710458674
9.69311263264
9.69720959955
9.66811248216
9.65866803644
9.66163452421
9.6571884415
9.65109008723
9.64333886174
9.65679439236
9.64836408949
9.64674210507
9.68362257444
9.71314740481
9.73521984699
9.71396523864
9.706068623
9.70500718993
9.63655502148
9.64966862835
9.65778120521
9.65042958454
9.61595207028
9.58952877856
9.59276243882
9.55203824734
9.54476744736
9.50906097562
9.49584255882
9.5167664908
9.54718411154
9.52384731831
9.59745908178
9.59579303938
9.58150533983
9.62618456126
9.62136627316
9.63009507872
9.63911507185
9.64986651293
9.63748721586
9.5963418742
9.67256277196
9.61654970434
9.60249312057
9.58009639545
9.5648614077
9.56457745886
9.53208319818
9.53008007405
9.54798232675
9.57819983
9.58879646785
9.52459799137
9.55218896991
9.58127433156
9.58686785022
9.59780106145
9.6478291642
9.63322085301
9.62208063562
9.61949367929
9.60558268464
9.60983356586
9.5842319287
9.62940159626
9.65006968001
9.6349689032
9.69167746508
9.68510162795
9.67942644869
9.68924566647
9.65993472323
9.64093074467
9.60342636564
9.58794767118
9.57779335457
9.59909467218
9.63313182624
9.58081175478
9.5745373854
9.56041810977
9.59078130961
9.57777026164
9.56861325421
9.59782521083
9.61700187666
9.63679838222
9.61280264369
9.64211732539
9.65214497821
9.64826324504
9.64438525289
9.65305221446
9.63387166613
9.61986908945
9.63363953952
9.6133089856
9.58796329401
9.56943955728
9.49929385751
9.48513296572
9.482476876
9.48217678007
9.47777354986
9.46436101578
9.51336461206
9.54449379502
9.60469673166
9.587767134
9.58052466295
9.57374551706
9.54553612329
9.53669516417
9.54898001963
9.59146759316
9.54418609843
9.57863332722
9.5381485264
9.5260448324
9.49494491986
9.47132913439
9.46072746033
9.41814449717
9.41345432206
9.41375651255
9.42113951227
9.39166856018
9.40741910914
9.4021918087
9.43959317139
9.46601898698
9.47034759953
9.52487449703
9.5481942818
9.58983176876
9.59692148685
9.58870791849
9.59943284953
9.56469851817
9.53724072733
9.5154194185
9.51538716794
9.51253532855
9.49623413654
9.49357291241
9.49162124568
9.51987621111
9.53405186739
9.49529918995
9.46751599803
9.46898986851
9.49052844872
9.50522422028
9.51872275458
9.49660315338
9.59778050581
9.54420266159
9.5443517343
9.56779114248
9.58375234897
9.60363388605
9.59723481365
9.58444209573
9.63572384428
9.60055706702
9.55606422812
9.55587653505
9.55115737274
9.53850626032
9.54731848141
9.50478160582
9.50615524565
9.41562490459
9.47225605625
9.49566087833
9.48529752058
9.49586400472
9.50816422326
9.49920107398
9.53539939729
9.49539278596
9.46353923975
9.48392729855
9.42416421541
9.41386160712
9.39111944289
9.42939219953
9.42812683076
9.39849106514
9.38400028796
9.41560237675
9.38197786909
9.403690601
9.4032481387
9.41703286043
9.42857238717
9.46948799509
9.48176449417
9.49755527988
9.49978334074
9.4731152779
9.47607772902
9.40398106162
9.42644713158
9.4097254853
9.42963284872
9.39845672321
9.42479028638
9.43393215321
9.37123871308
9.36398954873
9.40752755241
9.38513991513
9.41454129671
9.43694689999
9.37888888529
9.42087062056
9.40080404243
9.39888538663
9.41443329801
9.46451854496
9.45655401821
9.4480043311
9.42419620874
9.42719240109
9.4337765071
9.44153871185
9.41105927831
9.33621604934
9.32080106428
9.33084986972
9.42976291237
9.4886175923
9.45405480753
9.46228649885
9.47843182443
9.47131801668
9.47563497342
9.50273685781
9.49360066118
9.52977895312
9.50616611984
9.47716107268
9.43342642089
9.43423621697
9.42508853695
9.43947679654
9.39289510556
9.4057132389
9.37535672531
9.33760597168
9.38108949534
9.39807295719
9.36119710483
9.36283078869
9.3333924391
9.33442109983
9.3882339504
9.33174663746
9.40935735018
9.42998986843
9.37696590541
9.41258652089
9.43282507493
9.4819568434
9.46742549303
9.48165145452
9.46598452436
9.52787216144
9.56084154272
9.51520208823
9.51334637372
9.5269053752
9.47129307904
9.48026752405
9.41600011391
9.39605558944
9.35235447574
9.37924533714
9.39187783066
9.40174086227
9.42074342052
9.44372759006
9.48251067551
9.4891757516
9.52911906436
9.52674594929
9.56133111827
9.60161244607
9.63022635771
9.64408993131
9.63681903091
9.62269711899
9.62571834363
9.60573609029
9.61741440951
9.5829047758
9.6065146407
9.58655844276
9.58011843452
9.56672990267
9.51622298057
9.50306828677
9.45153097204
9.50123562423
9.48867337449
9.51499671072
9.51793016701
9.54470652087
9.54357509593
9.55796366611
9.58660508724
9.58842429591
9.56735702116
9.58977947062
9.62198544981
9.62391714516
9.54668113123
9.52876862356
9.5620025745
9.52532491513
9.52551190156
9.54713940427
9.52476797369
9.48134050498
9.52469079949
9.5034061271
9.49605173196
9.48012233384
9.46482333334
9.49223047549
9.48927166331
9.478514199
9.49487203758
9.48017289519
9.45188767333
9.46831276219
9.41723269028
9.41664032995
9.46568301473
9.44355673788
9.39894753736
9.39868572228
9.39252467028
9.34402511042
9.37757192051
9.3337893386
9.35695948816
9.31111093818
9.32567954463
9.36952867765
9.34264625002
9.32752420945
9.33607971448
9.32960156355
9.34362593756
9.33761577012
9.3368919948
9.34442274195
9.35946869003
9.36458317071
9.31401003385
9.35805010829
9.33713219956
9.34754969551
9.33540452931
9.30816594003
9.30155588659
9.28379353311
9.30659149494
9.26859771819
9.26889632934
9.22489258293
9.20366055809
9.21318353443
9.19823951819
9.19788357798
9.25375722166
9.26518666857
9.29602669354
9.30870873845
9.33520389044
9.34402423434
9.35148381713
9.39745785672
9.3831220239
9.43419134221
9.45700008618
9.44185340418
9.38773917255
9.39946114834
9.39786948221
9.3717291216
9.35157683764
9.33285331301
9.32177728617
9.30179017135
9.34668439216
9.32475383114
9.31068625519
9.34827053438
9.36898054547
9.36084736848
9.36499807758
9.37967316408
9.39326218829
9.38479705277
9.40106814241
9.40626944872
9.4280188617
9.40460051583
9.37505408053
9.40578975603
9.36224120456
9.32621339628
9.36318580477
9.3388976276
9.32967196953
9.34428913535
9.32988911248
9.33012110259
9.28631521978
9.29548205059
9.26727578856
9.24000175736
9.26841794664
9.26145709716
9.26211942939
9.28401366993
9.25991571416
9.28213722955
9.26701110614
9.25769757938
9.27170365801
9.27162354179
9.28681001149
9.27171953316
9.27813779243
9.29194503103
9.34377203513
9.34981189858
9.29953806658
9.33038834928
9.28722883926
9.29514366536
9.27672968279
9.22145089427
9.22968191273
9.2374339394
9.20835940873
9.19051604755
9.32782778271
9.33359040673
9.35982592801
9.3429401765
9.30640197485
9.30035054051
9.33619054177
9.35089366707
9.3433894046
9.32756057405
9.3216206199
9.31472508566
9.29436148961
9.31099051367
9.2967901325
9.29767965952
9.26660046522
9.2641871547
9.33644680639
9.29823820972
9.31121371842
9.32797410606
9.32513861154
9.36502423585
9.36389212992
9.3709881436
9.30485652711
9.35532867784
9.34165159793
9.31025428964
9.32291171761
9.33678749401
9.33339375812
9.34858657457
9.36075482026
9.31626951609
9.30055072177
9.29432752541
9.26703641433
9.24663472444
9.29782975533
9.26226216578
9.29042662303
9.28816458186
9.25250581407
9.28723097433
9.29296247297
9.29391982361
9.25763425301
9.27184510459
9.30834511032
9.28357834059
9.30431580742
9.31668643164
9.3170636969
9.30223349679
9.30344952169
9.30674597166
9.3023975118
9.30381998565
9.26106185051
9.23368991119
9.27177085754
9.24350233782
9.21776566806
9.24148683367
9.23513800368
9.19503241278
9.19582973141
9.20413667697
9.21222189377
9.21780623122
9.24496493043
9.25199544353
9.31503909933
9.32041474219
9.29740681654
9.31740110882
9.32986137932
9.3179118752
9.31794904098
9.30362016419
9.33407443482
9.31997242393
9.31076992273
9.31026083939
9.28017180096
9.315310231
9.23338249976
9.27140699562
9.26394015093
9.2340115889
9.19101072346
9.22633730169
9.23057088151
9.22956020508
9.23570729651
9.26278036244
9.21009951013
9.16721639425
9.16171171316
9.18333398957
9.20862358168
9.2204036935
9.28051216866
9.29676852517
9.31198212661
9.30731057577
9.34985203014
9.32912337713
9.31457161148
9.29471269946
9.32633085091
9.30259498749
9.2739066664
9.26145241863
9.24469249317
9.2740653959
9.27917249431
9.28586906984
9.30126025876
9.27018471044
9.27745935467
9.27731517952
9.28470448237
9.25627871892
9.24134413283
9.23347568711
9.26899060375
9.2964108558
9.28636995393
9.27974046699
9.28000691201
9.29634215632
9.26233566763
9.2875058784
9.24623132376
9.23406049282
9.17630791369
9.18074119552
9.18107758878
9.15310665007
9.16640966682
9.12803506864
9.17085207235
9.15454160129
9.1403927554
9.16241617821
9.16040607439
9.17257137318
9.14131332267
9.14061276867
9.15333107764
9.21690011969
9.18665344686
9.21987653884
9.23166613503
9.22928806817
9.25248767298
9.25209486685
9.19642419807
9.16969071676
9.15929927091
9.15510407991
9.13290031023
9.12675479911
9.15620651764
9.09252649839
9.07960372975
9.05376472186
9.04342696447
9.05900103871
9.07189199364
9.12723801248
9.17923511326
9.21706866503
9.19945476793
9.26958295096
9.28267232952
9.31134580882
9.31733790704
9.316426711
9.2960341202
9.27445044649
9.26183140733
9.28733126432
9.23397447401
9.23505003151
9.19616942106
9.14904871928
9.14455407183
9.13218313115
9.14219228377
9.13481282962
9.17208411854
9.14806290062
9.16950846323
9.18170457094
9.24511044169
9.23423172001
9.28120260693
9.29494008687
9.29414621695
9.28624238304
9.25737413364
9.22993739806
9.20287762419
9.1826470026
9.18433755551
9.11309703399
9.07875858677
9.10401442059
9.09077832524
9.10830074374
9.15399677984
9.11052293294
9.10907004353
9.09317382403
9.14931779779
9.17031296566
9.19769414272
9.22504132656
9.25922191321
9.28723056314
9.27003937607
9.2832455078
9.26664212531
9.25083200116
9.24307877665
9.28228540036
9.26102027965
9.23346576076
9.22087608655
9.17958439292
9.15930059662
9.11822539841
9.13401527436
9.12891000239
9.13727446824
9.14485127176
9.09300986808
9.07793366894
9.08490190119
9.10523203118
9.12733943763
9.15499981705
9.16088005197
9.15804135905
9.15649447243
9.17673680406
9.13671327396
9.15112416863
9.12954797978
9.10745387612
9.11013732482
9.10953114796
9.06556605798
9.05838095306
9.02693358946
9.00817453848
9.00391195534
8.99360051558
8.99458291144
8.99307621488
9.03637801987
9.03201644199
9.06636185546
9.06096956899
9.11760188729
9.13913877973
9.13976467277
9.11986313432
9.15020918762
9.14420952716
9.12221896419
9.1592714884
9.12985266261
9.10171290123
9.11694703831
9.08047845833
9.09467081725
9.05722903015
9.04480383088
9.0082733327
9.02332541149
9.00820863379
9.02307679123
9.03815536008
9.0807085982
9.01328466654
9.09879020369
9.08104469639
9.08053160225
9.10172712599
9.20253668412
9.18429806111
9.17152518238
9.20681939453
9.20921212321
9.16836288433
9.17220519006
9.16247238161
9.15047797589
9.11507050546
9.08866610779
9.08393046899
9.0807821879
9.08550815973
9.02199567026
9.04510970576
9.05865618847
9.09293145531
9.11009182534
9.10149046709
9.13417566583
9.18320763358
9.20449871938
9.1898955324
9.18751224679
9.25191494087
9.23783426041
9.20189906191
9.16740158215
9.14715502901
9.10553592775
9.12828903797
9.07048584673
9.07738098762
9.07670252376
9.03273397314
9.03166639863
9.06748062014
9.06664150041
9.0210556108
9.00274085384
8.9946363889
9.0082327002
9.02861669861
9.04229340129
9.05570649788
9.06283734421
9.07164948637
9.09223096527
9.05108928252
9.0383192126
9.07640879753
9.07169195069
9.05977265632
9.08920755182
9.11218497441
9.09146544519
9.05703236398
9.08049146084
9.07154691972
9.10000018024
9.10760721766
9.10497214347
9.08776919311
9.13672705178
9.14275836414
9.08262567078
9.10939936519
9.0943487539
9.10082503644
9.10067050589
9.05564886796
9.05553008993
9.06313160224
9.03606215915
9.04670119735
9.02473552803
9.0195441171
9.01029587769
8.99605776276
8.99552417596
9.00105276416
8.99518616092
8.95930395179
8.95795377506
8.97400788415
8.92043748117
8.95551564229
8.9315323381
8.94391691801
8.9340703133
8.93965463833
8.95981772374
8.93033827968
8.93835660566
8.94659070751
8.95318199802
8.9475142348
8.94613705695
8.93356973038
8.94824979337
8.94346534908
8.97338487868
8.95432594731
8.95733783917
8.97259630729
8.95232730393
8.94684516761
8.90656985502
8.90846834754
8.96028113371
8.94467064114
8.94434868827
8.98101126726
8.95821982412
8.9794316803
8.99365731239
8.98609028556
8.97920729912
8.98489854809
8.96398492532
9.00698182126
8.99758388694
8.9663920045
8.96624615384
8.95832023452
8.95773996148
8.92913674216
8.90623892693
8.9353193368
8.91089946193
8.88916797463
8.93224241714
8.91054081607
8.89380349025
8.89211770313
8.9058587812
8.88348735062
8.86777976452
8.88254437373
8.89243621533
8.87269779276
8.86462129243
8.90227239044
8.88790416301
8.89049898753
8.88827694941
8.89639863828
8.91207961393
8.94216693554
8.90572792901
8.95109795245
8.89210479122
8.97344981138
8.95869779782
8.97640079145
8.98244340185
8.96737278156
9.01733997004
8.99400263187
8.97243861308
8.98810605747
9.00142070638
9.00826120339
9.03503115677
9.0323630641
9.00169428465
9.00274363798
8.99783427422
8.98588141105
8.98777258745
9.01860600888
9.00500611825
8.98849133898
8.9876088578
8.99499928111
9.03183431582
9.024475493
9.03173309816
9.03401792598
8.99092424545
8.96254121588
8.94042726491
8.93996450822
8.96014104046
8.95751805356
8.92674312345
8.96019974174
8.94413396979
8.93585658157
8.94125952909
8.92589802158
8.93024915152
8.92950822965
8.95715585646
8.95473735508
8.9825382024
8.96738073283
8.97378548449
8.9737746127
8.98239851099
8.92596798498
8.96565276222
8.95252533882
8.98272056129
8.96972535687
8.91424732001
8.92497033647
8.95442037195
8.89841067796
8.88591419394
8.91676171459
8.90092344098
8.87726517304
8.86053615691
8.89771425349
8.90254201792
8.91603602012
8.93797619664
8.89987056197
8.90868453057
8.89516550361
8.88743790302
8.87441478823
8.90350174261
8.88759486456
8.89376727637
8.90040099554
8.89396111842
8.89364919205
8.87345116285
8.91068075814
8.86688588362
8.9033492932
8.90186824361
8.89672397404
8.88190823799
8.88183836113
8.90535081922
8.87829487668
8.87934734717
8.91277029408
8.89682935409
8.86139824096
8.83304620566
8.85355766954
8.82974921613
8.86339975922
8.87641718017
8.82362084392
8.83901517751
8.84278980148
8.86436614665
8.83659910182
8.8355714637
8.83507480947
8.8772120517
8.84895833834
8.84869370211
8.81984103721
8.7995753439
8.81580384543
8.80753625755
8.8058333835
8.81335267261
8.7897686417
8.78166949336
8.77325606188
8.75284569209
8.76004563176
8.79223119496
8.79248652678
8.76770387975
8.83166476444
8.82346861239
8.74912593591
8.77106803455
8.81503439376
8.83787959737
8.82858040892
8.82759091299
8.84150376012
8.82653700085
8.84243106502
8.82295047143
8.82524263253
8.841681366
8.79236910613
8.74843388995
8.8075755123
8.80127930147
8.7647475003
8.75202176824
8.75282816985
8.7530251957
8.68830529996
8.71815026902
8.70370939027
8.71243792117
8.70533262843
8.67624837481
8.68920217534
8.66528941333
8.73050800951
8.74466427898
8.71210748329
8.74935444655
8.72560774733
8.78107843798
8.751600109
8.77901883663
8.72711754178
8.74917475955
8.74849518342
8.76955624254
8.76339139835
8.74988776349
8.74235835757
8.69206935489
8.74415138726
8.76821089896
8.73459297663
8.74878776604
8.7422612411
8.75700362624
8.72320955551
8.7252700092
8.74969525441
8.72971846876
8.7588112535
8.75151249964
8.7775470788
8.79890938807
8.84143376255
8.88471269812
8.87522217767
8.86086803705
8.8374408597
8.86525660792
8.88679560733
8.84244537707
8.87675833902
8.87637481194
8.86254432666
8.84847899685
8.82057895376
8.7626664667
8.7858456455
8.77783923489
8.79229668467
8.79880485295
8.81002618078
8.8380298843
8.87936810016
8.89333873686
8.89142721722
8.89876087356
8.89946668993
8.90845538894
8.92356698869
8.94608203183
8.93366214162
8.89148732683
8.89270974516
8.88085306038
8.83812215956
8.87003461573
8.79858040702
8.83808158912
8.75720468895
8.79354629622
8.78691200204
8.76395689806
8.75016917571
8.82267923328
8.82861208031
8.80517431387
8.81149568811
8.82406449995
8.8172828302
8.83352316535
8.84723227979
8.81980754184
8.79718784294
8.76904009538
8.7824240661
8.7828103606
8.76530450775
8.78809219695
8.76541100826
8.74970444526
8.76462659152
8.73983526932
8.76900245646
8.78719716546
8.76279702289
8.74517546836
8.75666533576
8.75419180469
8.75456866904
8.74655589121
8.78324075811
8.7627853776
8.753968518
8.77582596295
8.73279353528
8.74803212283
8.75506664673
8.76370763783
8.75181475613
8.75186528381
8.72469363909
8.75355915165
8.72687958238
8.74161540216
8.72987204829
8.74497353492
8.78169286427
8.73806969804
8.73861934701
8.76794785535
8.76743051605
8.76042524914
8.77927205381
8.79934427744
8.82834018471
8.84290847469
8.79122992466
8.81292588023
8.8051611676
8.80261693522
8.82223838687
8.82234616734
8.80691319729
8.8229258563
8.73781652146
8.74399531388
8.73988426066
8.70534563219
8.68313742497
8.68944419113
8.72533478734
8.73074090318
8.76561154389
8.74332605988
8.70747892247
8.73516889839
8.74962368871
8.68961985105
8.73162431171
8.73831442009
8.72331181262
8.69403531724
8.7095122313
8.71773617552
8.70408473719
8.72391464858
8.71677992257
8.70143322847
8.67179559446
8.67905385252
8.70101522296
8.71486929657
8.68478081319
8.68630640381
8.692961376
8.72057295468
8.72117745603
8.69266172933
8.70097675138
8.68653060013
8.71707881055
8.72488172498
8.7041117685
8.67542176436
8.69200447471
8.66642991066
8.6488329495
8.66502209334
8.64466740615
8.65189410735
8.67066594471
8.65810278592
8.67180020154
8.64848092505
8.65579141748
8.66696870562
8.72461516736
8.71480618894
8.69833624093
8.74613522363
8.69287401617
8.70466451139
8.74005424952
8.73130434739
8.74289574354
8.74027635428
8.78110336909
8.73731535019
8.72453658745
8.72810779213
8.73614894558
8.76002646344
8.76771476007
8.79813723475
8.75621110468
8.74888948678
8.75577150973
8.76478809596
8.77829405384
8.74997819779
8.77226516708
8.79315991895
8.7782423644
8.77243692155
8.76588505539
8.76745581088
8.74407247545
8.70739269619
8.7287427172
8.73511540531
8.74759467833
8.76307159239
8.73993463912
8.68899267076
8.7258910217
8.71809438201
8.71865279581
8.73273236401
8.68676191668
8.70217261598
8.72417405073
8.73148029802
8.73135206146
8.73164343388
8.71133898154
8.69593556129
8.70430049469
8.72782654365
8.70860252641
8.67185233777
8.67938870677
8.71653646953
8.69433754841
8.67968788052
8.64326460726
8.71595890968
8.6877647586
8.66937101061
8.67655555343
8.64596233396
8.65989156022
8.7034598687
8.69667198381
8.70249231463
8.70852378346
8.69265403037
8.70683448686
8.68727399359
8.65175963954
8.68857541
8.69700130603
8.70981118341
8.71705010302
8.6948490803
8.67882675961
8.69224650114
8.69954308674
8.63337868547
8.65592413663
8.6497302515
8.63422207555
8.63462447353
8.63312179365
8.6239694865
8.60046715699
8.62199929592
8.58393226868
8.59172794488
8.61227135578
8.61228628033
8.58051696917
8.56414122368
8.58459529134
8.62203731752
8.60574660884
8.60665687465
8.56964656305
8.56348479687
8.5781818452
8.58555435087
8.60731450403
8.59104433637
8.62134052501
8.55532741139
8.61260299544
8.56833190025
8.63280071405
8.63867827939
8.63114231129
8.6059614824
8.63579704448
8.63619203179
8.63585943329
8.65201465963
8.6360384673
8.63721485462
8.63817146485
8.66848987756
8.62585705205
8.65094726529
8.6575991536
8.65388496632
8.63181920989
8.63969770796
8.65422290396
8.65508907635
8.67593220594
8.68673027342
8.67865947232
8.64933599035
8.64758750921
8.63213857691
8.61085620758
8.62517784613
8.65936722229
8.64548761506
8.64371032619
8.65075131018
8.63817008216
8.61722943512
8.62497801358
8.61281658694
8.61209973707
8.63179118058
8.63092359493
8.64355511204
8.61128073372
8.62484127959
8.6311212429
8.63376983472
8.64626081728
8.61721149673
8.62348171343
8.60919271612
8.63296372104
8.62556187089
8.61040181386
8.57211910811
8.56431330806
8.58006740565
8.58902555479
8.5758646524
8.5925522576
8.60107896732
8.61604767942
8.61009507539
8.60376669137
8.61055542156
8.61121305888
8.6099899806
8.61590663385
8.64321517418
8.62126975306
8.60413539423
8.60474443355
8.61939013194
8.5902283956
8.60911699906
8.60392570305
8.60474724526
8.6146588975
8.59182699668
8.60589027374
8.57448537251
8.5594882519
8.54437928796
8.55217598138
8.53878100237
8.54744817998
8.52214244244
8.53825128522
8.5438888082
8.51716336911
8.51026963612
8.53890184853
8.57482232392
8.5661038808
8.5786303951
8.58563236857
8.57707336159
8.57544256335
8.59615006655
8.61066055238
8.57287140993
8.59465509015
8.58749852486
8.55166586442
8.55071680351
8.53038686592
8.53101706258
8.55352903525
8.5192581548
8.47585686187
8.49669624762
8.48293354465
8.4959626053
8.50357917328
8.44455240195
8.43688355123
8.44671664296
8.42283988546
8.46713334172
8.47226751059
8.46998968241
8.49274613827
8.49770376857
8.47598624888
8.51286779509
8.46398854972
8.49883524251
8.52726110101
8.53870006067
8.48453103081
8.48891805729
8.49134036627
8.45459285843
8.48384476053
8.42716865454
8.41982353478
8.40556824261
8.37588925894
8.34802616735
8.36266080322
8.39860692724
8.37791941539
8.40662692873
8.39890278878
8.40550086608
8.45656865293
8.48667149778
8.4565335706
8.49348374441
8.5366621614
8.49491599565
8.45773262378
8.47412103207
8.43159203519
8.40846830682
8.4163481025
8.42983684938
8.41346544408
8.39606552161
8.41577311222
8.42904587791
8.45734969502
8.44194812319
8.43430391999
8.45526483827
8.45285721407
8.45919272885
8.45661148178
8.49256856791
8.47137977355
8.48878443711
8.5199747107
8.41890238424
8.47891446713
8.44169130609
8.44256478337
8.42052189099
8.42338414755
8.432257506
8.42771842077
8.43586689956
8.45794224028
8.49545587471
8.44268903453
8.44819893719
8.44604926819
8.4319687677
8.44652519705
8.46585934082
8.4908939718
8.44960403035
8.44575709149
8.49926809854
8.48922335291
8.48771339348
8.51685076809
8.50005745394
8.5140854202
8.51940143413
8.52624294836
8.54300998094
8.52201923554
8.52513010647
8.54269988176
8.50205775178
8.51818936075
8.52686966118
8.4902309893
8.51483298912
8.50795212424
8.50982800957
8.47588800326
8.51374213744
8.48287893725
8.51164008747
8.50782474628
8.53645414508
8.51211106934
8.54634596293
8.53950387318
8.53012162379
8.53670165233
8.52038986842
8.5342385717
8.55504948448
8.54019345514
8.51911000002
8.50382702304
8.53316669342
8.5409886948
8.53353968025
8.51171929361
8.48923718402
8.4907936012
8.47930354141
8.47212022701
8.46064227447
8.42349769769
8.4089916961
8.43760803873
8.41427097572
8.45918269612
8.45127488683
8.42254510107
8.40579311343
8.45148311308
8.45209752274
8.43115841471
8.34422444008
8.38263038661
8.33157232271
8.34697136669
8.34022620278
8.36197383767
8.34547516469
8.37159972168
8.3553523568
8.34715069037
8.35529348823
8.37219572046
8.36019569827
8.31948873072
8.38039004077
8.35978455384
8.37449561109
8.36698767425
8.35118711135
8.37306534883
8.39552233581
8.38806902776
8.39319199594
8.4051315439
8.44082970596
8.42321138423
8.44353925566
8.39869891031
8.41476473649
8.42865969984
8.40664196383
8.42135709854
8.43083850225
8.39407405269
8.37457515129
8.39289093889
8.38051289109
8.38152329774
8.36737169735
8.3582467014
8.39339347016
8.39750507843
8.39483425173
8.39242112069
8.414086455
8.40708968313
8.41505885812
8.42276769577
8.43717192722
8.40126977623
8.40114831036
8.38621763299
8.35070795556
8.40880108279
8.38699695121
8.33894010275
8.32426583404
8.33122842079
8.31693686137
8.30948457104
8.30189898978
8.27729647572
8.31570637716
8.33338507581
8.40289110208
8.40899140751
8.44884251138
8.4479824267
8.46221568015
8.45521673634
8.50127715934
8.44382953057
8.44739971048
8.39198661917
8.37551475127
8.35780631747
8.31790800789
8.28276025039
8.29089151817
8.30533033613
8.2747183903
8.35789696913
8.34908929354
8.36584157929
8.41332004556
8.26715255332
8.26049265518
8.28231360442
8.28060843804
8.2937531391
8.29340475359
8.30607686704
8.3260330779
8.29502915076
8.30992105669
8.31530002202
8.34484371036
8.38025843244
8.35612832434
8.36202462896
8.40537811801
8.38355979754
8.35286265258
8.37451079673
8.35295248422
8.37024669774
8.34212627482
8.34179297722
8.32107068108
8.3504058726
8.29181688743
8.30144111213
8.30913734121
8.29646844227
8.29183438122
8.29211488184
8.2934324845
8.31606068382
8.2984117397
8.28926077916
8.33802836444
8.28183270662
8.27540043793
8.31953053167
8.32740826937
8.33534685099
8.32870903826
8.38141955906
8.36756829368
8.35266929675
8.35135907637
8.35832128538
8.36458710816
8.37281062091
8.35976357596
8.36677426695
8.35218628124
8.36688976381
8.36377292338
8.35485404749
8.36841542573
8.36008000886
8.35242691507
8.3765282079
8.3316366642
8.34138008549
8.32594177886
8.30524459778
8.30570254722
8.31059503103
8.31729107773
8.33178690878
8.30788744955
8.32135378701
8.32757543194
8.34750039703
8.30889464161
8.35166781631
8.32846422908
8.32630720315
8.32031701952
8.29127190754
8.26452814068
8.27175124962
8.28166830132
8.27614068953
8.29112901997
8.2909532955
