-1.24175261681
-1.24532536601
-1.24607014429
-1.24822880076
-1.24856359855
-1.24868960157
-1.24725992448
-1.24779402918
-1.24764327021
-1.24928207939
-1.24938672287
-1.24953588006
-1.24990341267
-1.24885529259
-1.24816984853
-1.24725969208
-1.24621127281
-1.24611158329
-1.2457618595
-1.24633363156
-1.24539755533
-1.2450900008
-1.24526427101
-1.24485488384
-1.24478755493
-1.24546006264
-1.24522054155
-1.24566914723
-1.24506857849
-1.24608642298
-1.24548461048
-1.24556927673
-1.24561873255
-1.24583986406
-1.245126479
-1.24386357839
-1.24366527578
-1.24306336133
-1.24304166822
-1.24202363207
-1.24203319787
-1.24066740531
-1.24129809065
-1.24170871267
-1.24230380344
-1.24204363921
-1.24293583362
-1.24390972283
-1.24338917379
-1.24314830422
-1.24218567302
-1.2414353969
-1.24159199124
-1.2413745818
-1.24006055038
-1.24031443093
-1.23941598396
-1.23918650657
-1.23889402054
-1.23988820327
-1.24292197932
-1.24443937705
-1.24522634331
-1.24547114315
-1.24606508446
-1.24605039574
-1.24711564826
-1.24757002242
-1.24938478215
-1.24992340629
-1.2508777726
-1.25051555203
-1.24972583582
-1.24743869295
-1.24769137725
-1.24716218429
-1.24754170571
-1.24676054101
-1.24620046757
-1.24488215011
-1.2440854749
-1.24157207102
-1.24072945853
-1.24053984848
-1.23870950218
-1.23904547371
-1.23997571647
-1.24044356931
-1.24105883652
-1.24194746157
-1.24377439837
-1.24453773766
-1.24458382211
-1.24428806558
-1.24416909663
-1.24473904442
-1.24516785268
-1.24447431751
-1.24445919843
-1.24430039211
-1.24244258866
-1.24296696498
-1.24289595366
-1.24261033418
-1.24300371699
-1.24239721962
-1.24245075918
-1.24204575704
-1.24034086812
-1.24021346618
-1.23888767925
-1.23800065074
-1.236964571
-1.23572690175
-1.23465465917
-1.23355730784
-1.23272521738
-1.23304450989
-1.2327204265
-1.23393123694
-1.23439753048
-1.23413235086
-1.23468490842
-1.23625555593
-1.23642561665
-1.23793952874
-1.23825128872
-1.23964584891
-1.24092912788
-1.24062294599
-1.24124677431
-1.24118546557
-1.23988847482
-1.23896909435
-1.23843098979
-1.23597833556
-1.23464553417
-1.23419622674
-1.23321653899
-1.23300616511
-1.23258700669
-1.23114071084
-1.23195893203
-1.23177711186
-1.23245674538
-1.23354257072
-1.23461317091
-1.23647691364
-1.23697913247
-1.2386547838
-1.23928760356
-1.24056956396
-1.24022184059
-1.24098691954
-1.24129097102
-1.24170993254
-1.24115717788
-1.24058722167
-1.24062666427
-1.23952678352
-1.23804710929
-1.23795700301
-1.23718588268
-1.23723597875
-1.2360854943
-1.23672747871
-1.23550607647
-1.23462711222
-1.23407529985
-1.23364225943
-1.23362176045
-1.23382075252
-1.23559047921
-1.23522451049
-1.23603533901
-1.23646130703
-1.2374552351
-1.2377895961
-1.23831688597
-1.23844903493
-1.23988678185
-1.24150277226
-1.242051028
-1.24181643965
-1.24257919567
-1.24256228853
-1.24386096214
-1.24413311177
-1.24481297878
-1.24645262585
-1.24648147888
-1.24746442413
-1.24763209681
-1.25199437717
-1.25339834945
-1.25227719858
-1.25199488722
-1.25289056481
-1.2533783977
-1.2532978454
-1.25353898551
-1.25395351682
-1.25373833992
-1.25283743726
-1.25302595416
-1.25357663689
-1.25426909927
-1.25448902267
-1.25434455247
-1.25373428643
-1.25318046806
-1.2519163133
-1.25101216903
-1.25100200845
-1.25129976686
-1.25086217704
-1.2507924987
-1.25065647339
-1.25113725373
-1.25072266225
-1.25059535385
-1.24937337951
-1.2472444035
-1.24760531893
-1.24759564792
-1.24854002436
-1.24862685085
-1.24888413446
-1.24952445149
-1.24910784593
-1.24934805174
-1.24948017074
-1.24922725828
-1.24938987283
-1.24937758828
-1.24872895162
-1.24915442368
-1.24795070927
-1.24687055765
-1.24476606096
-1.24471983891
-1.24527139799
-1.2448684612
-1.24498031452
-1.2444989692
-1.24439387481
-1.24418940914
-1.24448526048
-1.24495195639
-1.24461855733
-1.24582892972
-1.24592234843
-1.24709676363
-1.24690787655
-1.2478048712
-1.2485210375
-1.24905518673
-1.24966025526
-1.25099184059
-1.2517750731
-1.25358262459
-1.2536918697
-1.25521751509
-1.25576284131
-1.25532663428
-1.25597336277
-1.25770747349
-1.25883658113
-1.25986190242
-1.26008208919
-1.25898386288
-1.25825755867
-1.25774152469
-1.25685855515
-1.25777807321
-1.25809129351
-1.25818652291
-1.25891601258
-1.25799461179
-1.25656451205
-1.25619755401
-1.2562533946
-1.2566455702
-1.25636774297
-1.25683296444
-1.25600370788
-1.25521576668
-1.25578149669
-1.25478841964
-1.25521475798
-1.25556489648
-1.25603812691
-1.25416248719
-1.25440898467
-1.25430511664
-1.25368020616
-1.2531274549
-1.25340460008
-1.25169128381
-1.25197198039
-1.25092675557
-1.24994651168
-1.25001246564
-1.2488282874
-1.24708910136
-1.24697897971
-1.24649236429
-1.24608079539
-1.24477795542
-1.2454778437
-1.24462407133
-1.24530726239
-1.24537799508
-1.24599310348
-1.24608346864
-1.24689079326
-1.2472396882
-1.24724619492
-1.24835353205
-1.24942819453
-1.24961637575
-1.25074263806
-1.25137973199
-1.2518387221
-1.25105850282
-1.25244251956
-1.25141753693
-1.25129062863
-1.25044300628
-1.25153668706
-1.25174314133
-1.2509054075
-1.25200311715
-1.25155255449
-1.25027096767
-1.25050548418
-1.24953259955
-1.24963802829
-1.24892013037
-1.24837152203
-1.24758490582
-1.24665278194
-1.24669558404
-1.2461327742
-1.24609606964
-1.24575095397
-1.24576243015
-1.24652512157
-1.24643110325
-1.24723176697
-1.24633501772
-1.24577142539
-1.24544459132
-1.24481689322
-1.24519445647
-1.24445212527
-1.24247220555
-1.24200943164
-1.24146015625
-1.24100288811
-1.24024476066
-1.23946894375
-1.2387113366
-1.23816909163
-1.23962503108
-1.23934314714
-1.23965853798
-1.24083566111
-1.24149937889
-1.24251631711
-1.24339139789
-1.24542900556
-1.24513362282
-1.24618071936
-1.24657521428
-1.24739089456
-1.24699755368
-1.2473278922
-1.24743892584
-1.24761540683
-1.24742051027
-1.24699098229
-1.24712531956
-1.24579359006
-1.24621628235
-1.24480113645
-1.24451031492
-1.24370942324
-1.24306677513
-1.24325885377
-1.24230872345
-1.24215014987
-1.24117051188
-1.24085780734
-1.24010058725
-1.23916870849
-1.23850168307
-1.23919464241
-1.24034477634
-1.23997627862
-1.24060811481
-1.24041547348
-1.2408322794
-1.2415000433
-1.24090988257
-1.2441037386
-1.24512567232
-1.24608157878
-1.24665596206
-1.24819064623
-1.24885655614
-1.2479868586
-1.24868231053
-1.24990392796
-1.25048955101
-1.2498382248
-1.25038653966
-1.25007349031
-1.25014611231
-1.24922632521
-1.2481104791
-1.24670392959
-1.24431903693
-1.2412490912
-1.23915946992
-1.23438952631
-1.23051163937
-1.22766945263
-1.22337199638
-1.220430499
-1.2158051274
-1.21344187363
-1.21358856748
-1.21494598751
-1.21568364093
-1.21833577555
-1.22062799172
-1.23564459161
-1.24449759138
-1.25110138041
-1.25857719179
-1.26317340734
-1.27401023791
-1.27479661906
-1.27512301162
-1.27254876358
-1.26814306728
-1.26125082491
-1.25552660787
-1.24846173079
-1.24414945292
-1.2310222511
-1.2262253268
-1.21778014922
-1.21156904078
-1.20777814434
-1.20602015382
-1.20639731645
-1.20649898683
-1.20845834413
-1.21027314725
-1.21655975281
-1.22324550952
-1.22868178862
-1.2384079073
-1.26399594951
-1.26914034374
-1.27293201955
-1.27591117001
-1.27669915049
-1.27612548681
-1.27410220254
-1.27096617617
-1.26585476352
-1.26180253279
-1.25557489363
-1.25013464333
-1.24378044497
-1.22620322017
-1.22142811402
-1.21777346242
-1.2160835731
-1.21426994473
-1.21530128846
-1.2177213874
-1.21867257023
-1.22473104165
-1.22676788216
-1.23303788985
-1.23870320855
-1.25658171953
-1.26198015403
-1.27428250544
-1.275988945
-1.2749295536
-1.2742568192
-1.27301920058
-1.27099998705
-1.26705294207
-1.26119326998
-1.25727056586
-1.25197349712
-1.24742929691
-1.24242939825
-1.23907678057
-1.23538714669
-1.23125196582
-1.22878877197
-1.22731002982
-1.22700293858
-1.22689121534
-1.22821588203
-1.23005495252
-1.23279505919
-1.23492080119
-1.2387012579
-1.24285987153
-1.24452628003
-1.24802228662
-1.25173564545
-1.25330492372
-1.25685208371
-1.25764936511
-1.25838603233
-1.2588452756
-1.25676925524
-1.25635111255
-1.25467206817
-1.2539645008
-1.25137911997
-1.24343688284
-1.2412179587
-1.23812717036
-1.23735769634
-1.23702047156
-1.23721692042
-1.23767515107
-1.23863980369
-1.23875256507
-1.24095951779
-1.24167308051
-1.24207227197
-1.2439894949
-1.24528426829
-1.2464092965
-1.24766289892
-1.24877496677
-1.24802066329
-1.24953035253
-1.25014887179
-1.24961479062
-1.25007127552
-1.24980914703
-1.24904215247
-1.24862792541
-1.24856563033
-1.2477046789
-1.24844711148
-1.24748291384
-1.24331463327
-1.24329512294
-1.24352608276
-1.24265838095
-1.24177662837
-1.24262423819
-1.24215818197
-1.24148870045
-1.2418082739
-1.24288227661
-1.24312608354
-1.24393377083
-1.2443207362
-1.24472106515
-1.24724659633
-1.24670882088
-1.24934034861
-1.2507844961
-1.25099876379
-1.25165750332
-1.25214759253
-1.25226252624
-1.25233618061
-1.25259640401
-1.25312919312
-1.25283599594
-1.25246009926
-1.25354102472
-1.25225985092
-1.25232859269
-1.25145514306
-1.25090337489
-1.25043596129
-1.24975500363
-1.24870154845
-1.2481116328
-1.24679136852
-1.24728223544
-1.24601515287
-1.24586081239
-1.24639448462
-1.24625781602
-1.24819804665
-1.24860793275
-1.2489553245
-1.24859080924
-1.24598433244
-1.24568364678
-1.24407889585
-1.24227679503
-1.24064355325
-1.24006064041
-1.24130970663
-1.2424424638
-1.24204233161
-1.24202735811
-1.24275920902
-1.24571953507
-1.24644635258
-1.24713748198
-1.24692210567
-1.24797154918
-1.24712918838
-1.24633990304
-1.2470073089
-1.24684182452
-1.24708932407
-1.24651756866
-1.24588738882
-1.2452848491
-1.24440178097
-1.24398314214
-1.24329087894
-1.2436869366
-1.24485455388
-1.24656406055
-1.24689566248
-1.24762799767
-1.24787711597
-1.24784936707
-1.24824763382
-1.24735125165
-1.24707475183
-1.24813652296
-1.24714185282
-1.24625496743
-1.24612975681
-1.24617584126
-1.24604530037
-1.24635732688
-1.24571167169
-1.2469019513
-1.24617197126
-1.24698795692
-1.24712632069
-1.24786612294
-1.24870473331
-1.24999901863
-1.25030766174
-1.25158738548
-1.25226437023
-1.25287965186
-1.25166463997
-1.25255726459
-1.25209015245
-1.25204358376
-1.25436121817
-1.2548343069
-1.25580220852
-1.25843049217
-1.25756414472
-1.25857905473
-1.25915135441
-1.25812390447
-1.25742178289
-1.25630423257
-1.25696495711
-1.25717236483
-1.25756758929
-1.25884153586
-1.2591556752
-1.25966647098
-1.26127867702
-1.2631937765
-1.26518216002
-1.26674003259
-1.26945148469
-1.27125218924
-1.27290910478
-1.27448001494
-1.27558864464
-1.27537410152
-1.27336504839
-1.27123148337
-1.26824922014
-1.26432221174
-1.26084365404
-1.25762996496
-1.25532301256
-1.25162805412
-1.25369948774
-1.25533152387
-1.25931519811
-1.26126547366
-1.2676738058
-1.27019580227
-1.27141452441
-1.27250714124
-1.27348252074
-1.27205735756
-1.25094663865
-1.24916819486
-1.24558241488
-1.24483483484
-1.24637018262
-1.2492308468
-1.25261310865
-1.25775240194
-1.26142759217
-1.26602925715
-1.26901641748
-1.27291344376
-1.27593836068
-1.27739734634
-1.27751007847
-1.2772254243
-1.27476769746
-1.2727763425
-1.2691953059
-1.26389013322
-1.25958765388
-1.25568716336
-1.2526504119
-1.250508956
-1.24934930301
-1.24807064403
-1.24814891496
-1.25067846008
-1.25159443332
-1.25572265514
-1.25986150145
-1.26568996843
-1.27047353388
-1.27776435665
-1.28291991483
-1.28850793017
-1.28962007563
-1.28902864374
-1.28514325159
-1.281688087
-1.27623127309
-1.27215084499
-1.26657275996
-1.26259654744
-1.25755489301
-1.25337951873
-1.2505917141
-1.24804644783
-1.25078548654
-1.25510465782
-1.26065960285
-1.2701526101
-1.27917872835
-1.28572459432
-1.29073394406
-1.2940200043
-1.29485408583
-1.29506464606
-1.29394225376
-1.29268965379
-1.28993512951
-1.28722695977
-1.28376715525
-1.27732169237
-1.27160267009
-1.26661078805
-1.26409200431
-1.26110247088
-1.2605890554
-1.26287355906
-1.26477163953
-1.26694789756
-1.26803726772
-1.26942263725
-1.27095608982
-1.26981772719
-1.26902311814
-1.26616322282
-1.26414130136
-1.2630740244
-1.2613270429
-1.26187815583
-1.26211152425
-1.26386665491
-1.26590492479
-1.26743085897
-1.27131588618
-1.27483683377
-1.27873799995
-1.28091114114
-1.28199883966
-1.28155637368
-1.28232292849
-1.28528895203
-1.2881072758
-1.29081446253
-1.29104507816
-1.28840949401
-1.28207602875
-1.27647506175
-1.27296175435
-1.27102253388
-1.27088823613
-1.27228210902
-1.27238689537
-1.27302315242
-1.27089112755
-1.26533059827
-1.26482575569
-1.26167923863
-1.26181539926
-1.2636323108
-1.26461141236
-1.26606006194
-1.26764044355
-1.27043261921
-1.27217752651
-1.2766492956
-1.28077299154
-1.28256749901
-1.28489764751
-1.2839410021
-1.28337401303
-1.28355386265
-1.28247804287
-1.281558186
-1.28122360341
-1.27946692963
-1.27628605845
-1.27487565863
-1.27327039349
-1.27367686853
-1.2751178541
-1.27560675892
-1.2748734018
-1.27384786304
-1.27154440566
-1.26944280984
-1.26569461244
-1.26421761377
-1.26306405034
-1.26238474377
-1.26166311593
-1.26081098024
-1.26119307564
-1.26324873036
-1.26389124409
-1.26646956127
-1.26806089328
-1.26953836162
-1.27051013485
-1.2716822702
-1.27449985275
-1.27618899146
-1.27659606781
-1.27753171756
-1.27590872036
-1.27542430742
-1.27436512715
-1.27295191716
-1.27336033213
-1.27506335807
-1.27572276925
-1.29062692815
-1.2889995769
-1.28819851094
-1.28865253316
-1.28869088157
-1.28943074153
-1.28916311384
-1.28578622401
-1.28255629414
-1.2762005182
-1.27264572
-1.27063588618
-1.27093933021
-1.27338025744
-1.27493025878
-1.27920897242
-1.28230861464
-1.28858758384
-1.29629697691
-1.30287138137
-1.30496182388
-1.30649331172
-1.30674370152
-1.30834580615
-1.30989018123
-1.31380334946
-1.31588608651
-1.31676041717
-1.31248627575
-1.30667038023
-1.29905456089
-1.29310176352
-1.28726030513
-1.28232364364
-1.28067089863
-1.27815473979
-1.27620822959
-1.27551470624
-1.27329390806
-1.27399547966
-1.27447812562
-1.27622995312
-1.28086655564
-1.28590008007
-1.2936301013
-1.30021992685
-1.30623530909
-1.31077236194
-1.31327297145
-1.31591534582
-1.31813642475
-1.31986593218
-1.32134523192
-1.31930367435
-1.31855584594
-1.31038853553
-1.30735410425
-1.29913195141
-1.2926228539
-1.28651289671
-1.27476990433
-1.27374643594
-1.27413527303
-1.27601873832
-1.27911067843
-1.28092590972
-1.28659679059
-1.28981601712
-1.29562413571
-1.31434493238
-1.31208869794
-1.30793064573
-1.30025328279
-1.29451955354
-1.28866788867
-1.28220416426
-1.27640916291
-1.25598374717
-1.25321601117
-1.2503656151
-1.25192846884
-1.25493021338
-1.26148316527
-1.27041769985
-1.28517836895
-1.29620938998
-1.309152119
-1.31473061855
-1.32586565537
-1.32865169298
-1.33035156896
-1.33118332459
-1.32761637347
-1.32198875119
-1.31155438962
-1.30185599201
-1.2858859845
-1.27328567522
-1.25775265802
-1.24623358803
-1.23945516292
-1.23581085384
-1.23595308871
-1.23836109371
-1.24232763948
-1.25052662859
-1.26151558071
-1.27168370486
-1.28698376929
-1.29908331874
-1.31630033871
-1.32853350401
-1.34227433963
-1.3521049582
-1.35693556103
-1.35377523194
-1.34387467636
-1.3333455631
-1.3190928616
-1.30338088946
-1.29162448775
-1.27519554254
-1.26430976445
-1.25297101178
-1.24610007684
-1.24392214622
-1.24524515005
-1.2566612586
-1.26306186342
-1.2790698001
-1.29172275826
-1.30485940805
-1.31360088885
-1.3272796601
-1.33769498755
-1.3499453343
-1.35812864178
-1.36243271469
-1.36035157466
-1.35402806981
-1.34163480104
-1.33053834824
-1.31530056296
-1.30535091517
-1.28482988055
-1.27747873306
-1.27125912021
-1.26641377176
-1.26283211328
-1.2628387108
-1.26642745958
-1.27499288346
-1.28199248233
-1.29155255498
-1.29746495739
-1.30483866725
-1.30990284184
-1.31654742712
-1.3197753136
-1.31978039148
-1.31811973965
-1.31757988443
-1.31092476485
-1.30929956853
-1.30287007247
-1.29910202906
-1.2998183346
-1.30208303857
-1.30521473238
-1.30813336679
-1.31042277307
-1.31119046546
-1.31405053451
-1.3163594075
-1.31987924699
-1.32043819344
-1.3211130805
-1.31553524399
-1.31004899327
-1.3004176449
-1.29314737243
-1.29059048159
-1.28802360726
-1.28679735491
-1.28319593456
-1.28093524231
-1.27942264426
-1.2807944499
-1.28349046871
-1.2888964425
-1.2932824204
-1.30134090513
-1.30675365751
-1.31477854431
-1.32129575973
-1.32626475899
-1.33016753338
-1.32938796608
-1.32369286288
-1.31755866918
-1.30758787255
-1.30442478179
-1.29475474441
-1.29278301573
-1.2850838513
-1.27881614308
-1.2730708221
-1.27210898604
-1.27513873628
-1.27952590541
-1.28884033018
-1.29555801109
-1.30431644422
-1.33468442378
-1.34465448533
-1.3512305074
-1.35628171558
-1.35713792297
-1.35424071026
-1.34924185424
-1.34259608809
-1.3340262246
-1.32718024238
-1.31875553676
-1.31013937371
-1.30487330839
-1.29670746715
-1.29284902565
-1.29114707131
-1.29355367758
-1.29850405813
-1.30491882476
-1.30984012914
-1.31478591496
-1.3168237844
-1.31866744622
-1.31987708906
-1.3197952067
-1.31966333849
-1.32185841772
-1.32312701349
-1.32368485629
-1.324030343
-1.323852436
-1.32469928092
-1.3275684815
-1.3302739341
-1.34162514735
-1.34098190979
-1.33867146008
-1.33617719342
-1.33368282367
-1.33368183161
-1.33146321007
-1.33013236823
-1.32827545901
-1.32503954849
-1.32200415766
-1.31729797563
-1.31417014819
-1.31357106401
-1.31623489232
-1.31945450019
-1.32353018444
-1.32560352286
-1.32700284377
-1.32671516423
-1.32890433241
-1.33197545459
-1.33562687766
-1.34163774046
-1.34715095751
-1.3510846262
-1.35128883871
-1.34915716049
-1.34869114926
-1.34411276242
-1.34349201065
-1.34159810628
-1.34001762886
-1.33702883764
-1.33582535808
-1.33384261647
-1.33266104735
-1.33324024127
-1.33476448396
-1.33829830036
-1.34178693172
-1.35230765866
-1.34841696634
-1.34376258446
-1.33875691302
-1.33344481316
-1.33010986737
-1.32832086672
-1.32681240153
-1.32713728154
-1.32710615791
-1.32643042607
-1.32629096242
-1.32694401666
-1.32938730678
-1.33277580381
-1.3365028154
-1.33937314019
-1.34314080896
-1.34358181321
-1.3438349644
-1.34418628614
-1.34511112508
-1.34651833009
-1.34832052506
-1.34860939674
-1.34786422772
-1.34583769899
-1.34283777171
-1.34191299441
-1.3404059535
-1.33972983802
-1.33999994923
-1.34105635833
-1.34269494064
-1.34210670547
-1.34227958161
-1.34280544821
-1.34097822162
-1.339946844
-1.33747588966
-1.33679523398
-1.33502104716
-1.3348378702
-1.33476050733
-1.33689528911
-1.33748903644
-1.3368145926
-1.3350744974
-1.33442901794
-1.33219722617
-1.33085784935
-1.32988787913
-1.32972243894
-1.3305089419
-1.33100718465
-1.33203495118
-1.33544950179
-1.34055604604
-1.34382313691
-1.34834151929
-1.3506718205
-1.35253166789
-1.35418791978
-1.35867301751
-1.36272296456
-1.36809862254
-1.36802527365
-1.36460269824
-1.36153108143
-1.35730440722
-1.35407850125
-1.35155106318
-1.34968264285
-1.34619688973
-1.34323313523
-1.33811223661
-1.33497137285
-1.33392775553
-1.3372298492
-1.34082686662
-1.34565234964
-1.34961837024
-1.35339873753
-1.35616438747
-1.35767111324
-1.35866621657
-1.36015086512
-1.36137501708
-1.36268447309
-1.36381515817
-1.36371934339
-1.36052106515
-1.35900581706
-1.35601954357
-1.35300544316
-1.35120274288
-1.35122318268
-1.35182810336
-1.35426143643
-1.35738266408
-1.3605641206
-1.36358907617
-1.36559900566
-1.36629975137
-1.36744254175
-1.36782374502
-1.36789175725
-1.3666748391
-1.3648810546
-1.36196608445
-1.3554555885
-1.35071343217
-1.34267927405
-1.33758933433
-1.33021021106
-1.32684665422
-1.32401952638
-1.32331116944
-1.32340179012
-1.32854073308
-1.33210761567
-1.33983294943
-1.34794873781
-1.35363905821
-1.36014161095
-1.36547981658
-1.36973119083
-1.37329763664
-1.37228631849
-1.37109290702
-1.36213865541
-1.35953418029
-1.3508529627
-1.34516866573
-1.3432499786
-1.3413156963
-1.33901209177
-1.3383637407
-1.37270724899
-1.3750507026
-1.37703105253
-1.37805219777
-1.37808314466
-1.37700114973
-1.37668706083
-1.37274345102
-1.3675614513
-1.35923273431
-1.35199432995
-1.3440224944
-1.33701507983
-1.33419677959
-1.33216735552
-1.33338534443
-1.33536532186
-1.33821767807
-1.34147418112
-1.34605843479
-1.34922959697
-1.3536063604
-1.35711572183
-1.36405472307
-1.3793243937
-1.38707461431
-1.38829771172
-1.38750832774
-1.38610923597
-1.38412983206
-1.38216954433
-1.37940515654
-1.3772140048
-1.37169147034
-1.36726914871
-1.36205887949
-1.35606111801
-1.35314547055
-1.35495415254
-1.35798054003
-1.35991052623
-1.36011098429
-1.36063996276
-1.36192749227
-1.36342568467
-1.36621979977
-1.36870667135
-1.37023311827
-1.37135444251
-1.37057674603
-1.36944093862
-1.36688422488
-1.36569176581
-1.36479011002
-1.36350497219
-1.36116647712
-1.36091176196
-1.36157217545
-1.36230482785
-1.36596899579
-1.37014785146
-1.37327004192
-1.37588377203
-1.3775040566
-1.3813597846
-1.38268849604
-1.38345833169
-1.38454881411
-1.38417096892
-1.38223496269
-1.38120958142
-1.37923721162
-1.37552538031
-1.37342590133
-1.37114601023
-1.36834061344
-1.36774778429
-1.36649755114
-1.36548070083
-1.3660737381
-1.3654549014
-1.36679108236
-1.36819455641
-1.36856377459
-1.36989732523
-1.37318841027
-1.37591595314
-1.37790554391
-1.38280201292
-1.38489253139
-1.38852382775
-1.3898457684
-1.38216297212
-1.38076397088
-1.37762445749
-1.37576985975
-1.36785191896
-1.3665473995
-1.36126120802
-1.36221460354
-1.36626321104
-1.36986957268
-1.37359531287
-1.37559592409
-1.37789251256
-1.37829858093
-1.38037817051
-1.38508796182
-1.39020197559
-1.39401174835
-1.39656082819
-1.39699884946
-1.39453948105
-1.39231832981
-1.38726808447
-1.38604029632
-1.38522268902
-1.38580271691
-1.38974905059
-1.39112035124
-1.39252363405
-1.39487320888
-1.39607869689
-1.39815077361
-1.40221055284
-1.41302098928
-1.41782516636
-1.419347511
-1.4190345077
-1.41763182299
-1.41563837326
-1.41591124983
-1.41726866348
-1.41595193604
-1.41480701229
-1.40828727974
-1.40527617984
-1.39672305474
-1.38964724703
-1.3853808497
-1.38314079814
-1.38309626191
-1.38448143841
-1.38819053187
-1.39119601516
-1.39506242361
-1.39724646003
-1.39990552378
-1.40285912711
-1.40584609577
-1.40877200147
-1.41284786849
-1.41618003124
-1.41848296029
-1.41647423873
-1.41462656907
-1.41261249671
-1.41107641295
-1.41202945267
-1.41287087845
-1.41378438949
-1.41392807626
-1.41289430714
-1.40927792767
-1.40463845057
-1.40016790368
-1.39440733483
-1.39035207489
-1.38791206462
-1.38677524696
-1.38678100362
-1.38582240766
-1.3872883398
-1.38780332256
-1.38787760433
-1.38985131024
-1.39183508579
-1.39339108403
-1.39871754214
-1.40491448741
-1.40857822354
-1.4129112166
-1.41510545894
-1.41664543368
-1.41638882166
-1.41857261382
-1.41963692609
-1.42004629799
-1.41765356165
-1.4132329258
-1.40692423885
-1.40220397896
-1.39752690663
-1.39595754848
-1.39425859967
-1.3936031883
-1.39246615312
-1.39212586694
-1.39119385995
-1.39033883713
-1.38927152052
-1.38725580814
-1.38611988139
-1.38393345248
-1.38377410099
-1.38555517497
-1.39000181993
-1.39668864555
-1.40800632241
-1.41056356218
-1.41317503848
-1.42108397099
-1.42297510073
-1.42249053276
-1.41697479915
-1.40865875619
-1.40064685509
-1.39565082621
-1.38995141872
-1.38186475123
-1.38033096558
-1.37612886654
-1.37488576563
-1.38624730597
-1.3911446106
-1.39786606562
-1.40367371089
-1.40921359683
-1.41660843184
-1.4211581798
-1.42429655101
-1.42800044955
-1.428536084
-1.4278643757
-1.42784439616
-1.42570240809
-1.42292655077
-1.41804468654
-1.41259830475
-1.40648625261
-1.39931741164
-1.39402265437
-1.38905567014
-1.38625465903
-1.38399654715
-1.38270735569
-1.38372820731
-1.38458555375
-1.39307683746
-1.3959206394
-1.40504777317
-1.41295057191
-1.42091214444
-1.42587557199
-1.43083664146
-1.4340545239
-1.43796668755
-1.43860139395
-1.44162865392
-1.44091860591
-1.44010280005
-1.43617187579
-1.43427820586
-1.42825136569
-1.42394293595
-1.41758126807
-1.40909297362
-1.40309300966
-1.39629241898
-1.39304634144
-1.39041236847
-1.38883874168
-1.38994520657
-1.38974465681
-1.39084320666
-1.39180049889
-1.39540431286
-1.40194145417
-1.40902852829
-1.41954716198
-1.42988320752
-1.43652895751
-1.44239025624
-1.44444937265
-1.44560093925
-1.44663693645
-1.44881065202
-1.44861253478
-1.44864735022
-1.44855054272
-1.4452887359
-1.44013950663
-1.4332625458
-1.42913616474
-1.42334851408
-1.41925140043
-1.41500271701
-1.41257919917
-1.41078305017
-1.40588517264
-1.40508156891
-1.40160807492
-1.40107734705
-1.40411958307
-1.40789459403
-1.41627847316
-1.42222059716
-1.42774089199
-1.42867855204
-1.42930341416
-1.43236861198
-1.43514742532
-1.43600924394
-1.43748846626
-1.43520660461
-1.43001693147
-1.42326265207
-1.41349124796
-1.40609821513
-1.39835881405
-1.39299556744
-1.39125541534
-1.38662654113
-1.38437834698
-1.3808354467
-1.379963376
-1.38087919094
-1.3848748564
-1.39896616095
-1.40627915523
-1.42146219008
-1.43287274677
-1.43859573235
-1.44145492819
-1.44122720842
-1.4405054336
-1.43767843696
-1.43615133282
-1.43019397423
-1.42324917605
-1.41636809602
-1.40673551709
-1.39822840286
-1.38760857968
-1.3787012203
-1.36966239829
-1.36262740819
-1.35960834866
-1.35724372041
-1.35728870423
-1.35903903516
-1.36328990674
-1.37030745595
-1.38328296165
-1.39447278102
-1.41087461002
-1.42297621769
-1.43495128441
-1.4402844945
-1.44387170938
-1.44363699099
-1.44299131775
-1.44271618334
-1.44018380701
-1.43442043097
-1.42905015006
-1.41576551451
-1.41086935
-1.39272892033
-1.39009885851
-1.38374046008
-1.38236453246
-1.38453300854
-1.38656543152
-1.38960386493
-1.39123247312
-1.39596019751
-1.40201919249
-1.41223383556
-1.4250314554
-1.45198123104
-1.45542888135
-1.45684253569
-1.45504107782
-1.44803033864
-1.4443559973
-1.43702128022
-1.43209133125
-1.42576557553
-1.42018526041
-1.41325890521
-1.40617452078
-1.40339085889
-1.40398403189
-1.4069506091
-1.41540708148
-1.42210845885
-1.42987192624
-1.43454708045
-1.43604891958
-1.43622862129
-1.43694136609
-1.43877517039
-1.43947470885
-1.4394165395
-1.43832381827
-1.42921508084
-1.41674925738
-1.40872103145
-1.40329280064
-1.40166634794
-1.40108466042
-1.4020811508
-1.40391467827
-1.40617931233
-1.40925094328
-1.41406027726
-1.41761018173
-1.42446038953
-1.43084858545
-1.43910378671
-1.44666200751
-1.45422406571
-1.46061245622
-1.46394510321
-1.46456066961
-1.46439814438
-1.45981275582
-1.45388994911
-1.4455526711
-1.43494439126
-1.42724688992
-1.41855205475
-1.41496144592
-1.40814217333
-1.40605913205
-1.40222368359
-1.4020539273
-1.40280186425
-1.40498895696
-1.40779869599
-1.41178075015
-1.41566116779
-1.42352907735
-1.42655532539
-1.44218887388
-1.44691236671
-1.4551497265
-1.46059042544
-1.46255237498
-1.4628684929
-1.46134545402
-1.46018866335
-1.45832936821
-1.45602956563
-1.45264579758
-1.44801114996
-1.44306455425
-1.43628502526
-1.43317740961
-1.42986211831
-1.42847739443
-1.4269365889
-1.42534757007
-1.42352414245
-1.42120789188
-1.42117868979
-1.42274905025
-1.4240388072
-1.42730955694
-1.43000565497
-1.4322423649
-1.43450392434
-1.43579419795
-1.43499819825
-1.43477169217
-1.43402014169
-1.43346809828
-1.43409476042
-1.43423987958
-1.43390813066
-1.43353812247
-1.43254872831
-1.4338953084
-1.43311459873
-1.43445162844
-1.4345770819
-1.43495351646
-1.43748823579
-1.4413526381
-1.44243938979
-1.44626860949
-1.44808592775
-1.41218964008
-1.41150745074
-1.41104333515
-1.410970013
-1.42829171502
-1.43139026655
-1.43492524409
-1.43517696267
-1.43493815228
-1.43467074499
-1.43645349684
-1.43959118279
-1.44196337698
-1.44427001927
-1.4457800931
-1.44433797643
-1.44463052821
-1.44266451946
-1.44282736396
-1.44089150176
-1.44146752889
-1.44211374961
-1.44145501802
-1.44394055662
-1.44514040107
-1.44760542878
-1.44979361446
-1.45157655401
-1.45301351373
-1.45289697181
-1.45249200389
-1.45269734609
-1.45344004587
-1.45351097963
-1.45376997142
-1.45363140583
-1.45366376002
-1.45212962583
-1.45082218238
-1.44960075893
-1.44795231819
-1.44616113732
-1.44736666329
-1.44764051695
-1.4488927717
-1.45264855848
-1.45542164144
-1.45781000377
-1.45949865824
-1.45966014835
-1.45943000293
-1.4593261641
-1.45620708892
-1.4546212125
-1.45219996547
-1.45000555926
-1.44661094399
-1.44626360909
-1.44298723172
-1.44206177749
-1.43921293598
-1.43469952537
-1.43123916453
-1.43078766898
-1.43355318119
-1.4388154733
-1.44897984944
-1.45713523223
-1.46590028504
-1.47218409257
-1.47634620494
-1.47916431351
-1.48226499719
-1.48286520762
-1.48280343218
-1.47926474369
-1.46808079092
-1.46110533299
-1.45695672723
-1.45400514839
-1.45268428989
-1.45218145495
-1.45115208432
-1.45110053501
-1.45122689494
-1.45238011725
-1.45615496689
-1.45693444355
-1.45810479112
-1.45920805258
-1.46048340426
-1.46094778137
-1.46162694033
-1.46179132493
-1.46069241747
-1.45810242692
-1.45767495477
-1.45249173536
-1.45323167762
-1.45183470473
-1.45301265539
-1.45528606828
-1.45651403659
-1.45801901563
-1.45898799301
-1.4601633039
-1.46160222571
-1.46279729857
-1.46381976606
-1.46481528424
-1.46717667882
-1.47060814185
-1.47319574639
-1.47480011532
-1.47593607857
-1.47424772707
-1.46900578478
-1.46854416565
-1.46959387437
-1.47085165672
-1.47163922282
-1.46957786588
-1.46660464847
-1.46267933635
-1.46046034083
-1.45793457185
-1.4565110943
-1.45559646662
-1.4552068739
-1.45299347312
-1.45072676066
-1.45017830107
-1.44777976464
-1.44669388769
-1.44514006579
-1.44570051113
-1.44789531074
-1.44935680327
-1.45249312325
-1.45505319262
-1.45692796766
-1.45969012259
-1.46366031744
-1.46700472684
-1.47227428288
-1.47366564771
-1.47463187863
-1.47318303738
-1.47219248729
-1.47194380581
-1.47205176595
-1.47107689523
-1.46952181298
-1.46600996817
-1.46198953961
-1.45989088881
-1.4589437928
-1.45896175499
-1.46041843074
-1.46196098099
-1.46222954137
-1.46074024789
-1.45969376679
-1.45996954591
-1.46129120712
-1.46394913479
-1.46612022249
-1.46809631895
-1.46795476248
-1.46713560148
-1.46486352083
-1.46320398909
-1.46115314889
-1.46044721898
-1.45832140826
-1.45696030058
-1.45595340449
-1.45629949478
-1.45657393879
-1.45771947638
-1.45996505182
-1.46205466056
-1.46507137614
-1.4681236169
-1.47274382417
-1.47563407211
-1.48189796722
-1.48584161035
-1.48951756005
-1.48967337522
-1.49074123184
-1.4898620825
-1.48867039244
-1.48524595647
-1.48196090871
-1.47930904015
-1.47559683436
-1.4721468348
-1.4677633614
-1.46386108926
-1.45837697437
-1.45467330862
-1.45144090085
-1.45081749995
-1.45159267373
-1.45447629967
-1.4585767073
-1.46144252447
-1.46498495554
-1.46762014743
-1.47011676849
-1.47245707738
-1.47648886027
-1.48055526883
-1.4861694224
-1.48870806297
-1.49394209126
-1.49559467798
-1.49611006902
-1.49632355603
-1.49495874749
-1.49360162136
-1.4912282193
-1.48942527895
-1.48532630242
-1.48186260691
-1.47626607545
-1.47224381615
-1.47009942991
-1.46745466367
-1.46710954714
-1.46875468203
-1.46807347565
-1.47001314604
-1.47277233907
-1.47526149708
-1.47859735179
-1.48234208504
-1.48645753188
-1.48980416749
-1.49218293264
-1.49492562752
-1.49524703374
-1.49756872869
-1.49938174262
-1.50004698642
-1.49897713826
-1.4959247964
-1.49259472841
-1.48965529081
-1.4859395642
-1.48497296325
-1.48472689617
-1.48528862468
-1.48613939482
-1.48707558657
-1.48929226966
-1.49183882584
-1.49404856245
-1.49613661885
-1.49638492788
-1.49732492157
-1.49605476509
-1.49660415047
-1.49572396072
-1.49602313058
-1.49607504623
-1.49660296307
-1.49734284374
-1.49874630894
-1.49959811538
-1.49810836773
-1.49903928455
-1.50132856736
-1.50526181094
-1.51073099425
-1.51837659435
-1.52175607112
-1.52485813892
-1.52505020362
-1.52427696073
-1.51301690689
-1.50768702908
-1.49978530227
-1.49530823634
-1.48841131586
-1.48289556401
-1.4791658606
-1.47745588652
-1.4764503565
-1.47670272994
-1.48021495519
-1.48518706997
-1.48821286384
-1.49833100948
-1.5020554258
-1.51115726686
-1.5196774143
-1.52737610299
-1.53327062635
-1.53822316552
-1.53889638944
-1.5361298711
-1.5315442593
-1.52340708098
-1.51275285863
-1.49178227529
-1.4842149986
-1.47820717285
-1.47043219439
-1.46279523808
-1.45944422634
-1.45783551761
-1.46078675936
-1.46706055099
-1.47517736134
-1.48745671857
-1.50008756438
-1.50708128087
-1.51593356523
-1.52008320709
-1.52368343451
-1.5247334004
-1.52364374929
-1.52155459492
-1.51656798625
-1.50791182463
-1.50132518785
-1.49099077764
-1.48439480846
-1.47830064893
-1.4769920877
-1.47577487036
-1.47848588266
-1.48238286801
-1.48898409875
-1.4947228163
-1.49959874804
-1.50634082343
-1.51339820574
-1.52284026013
-1.5282943125
-1.5324349973
-1.53276030114
-1.52977726658
-1.52115868604
-1.51419778836
-1.50477149846
-1.49728178915
-1.48769973755
-1.47779284053
-1.47207125382
-1.46665341789
-1.46379801299
-1.46432292932
-1.46640315816
-1.47225699768
-1.47983532148
-1.48570934538
-1.49601077452
-1.5042184301
-1.51733402048
-1.52715283791
-1.53787040218
-1.54292782498
-1.54326671843
-1.53980880302
-1.5347804354
-1.52781789004
-1.52322411449
-1.51461165522
-1.50995564202
-1.49492090594
-1.49129297259
-1.48159400618
-1.47710254409
-1.47419115667
-1.47323190873
-1.47386433391
-1.47830406492
-1.48824267628
-1.4985221119
-1.51350831246
-1.52824313618
-1.5355988492
-1.53797363256
-1.53515878375
-1.52895823352
-1.52301534207
-1.51648586705
-1.50594107576
-1.49818054337
-1.48681781131
-1.47818519016
-1.46720813502
-1.46032136559
-1.45461691585
-1.4527333851
-1.45346579242
-1.45795096526
-1.46270954745
-1.47140972481
-1.47958710798
-1.4916997971
-1.50330159587
-1.5099246168
-1.51651766303
-1.51832976775
-1.51725736385
-1.51383137885
-1.50771951841
-1.50464142187
-1.49071925163
-1.48551811131
-1.4728437518
-1.46086975782
-1.45295904612
-1.45011755224
-1.45075363501
-1.45250736463
-1.45590002306
-1.46046447572
-1.46516673445
-1.47330923119
-1.47993232972
-1.49029373532
-1.49898564755
-1.50845991626
-1.51254114721
-1.51494797421
-1.51412800397
-1.51148490913
-1.50673045142
-1.50312504423
-1.49754877873
-1.49168452694
-1.48498818062
-1.47992368562
-1.47685325862
-1.47333294562
-1.4702709421
-1.46915554742
-1.46965518191
-1.47390248428
-1.48006083995
-1.48860285016
-1.50039667397
-1.50852330398
-1.51731814889
-1.52234467849
-1.52643642035
-1.52914899908
-1.53566111871
-1.53727582917
-1.53908200429
-1.53762164613
-1.53021459982
-1.52272219789
-1.50969153217
-1.50076638916
-1.48896218158
-1.48183770933
-1.47222740869
-1.46636458805
-1.46453366965
-1.46424218834
-1.46504540365
-1.47082814553
-1.47666081424
-1.48437260174
-1.49528819084
-1.50497351447
-1.51746711817
-1.52516575412
-1.53079858318
-1.53314491223
-1.53353000291
-1.53217166214
-1.53188888479
-1.53073052391
-1.52859176152
-1.52345149588
-1.51932471042
-1.51249572561
-1.50671327304
-1.50317446436
-1.50294111947
-1.50450805446
-1.50800056925
-1.51127706781
-1.51335800862
-1.51499877266
-1.51598359128
-1.51696534141
-1.51870965464
-1.52163390084
-1.52491208603
-1.52653058113
-1.5280201912
-1.52804457466
-1.52664344064
-1.52305398056
-1.5175940458
-1.5114310815
-1.50888391148
-1.50612753774
-1.50475061948
-1.50029941315
-1.49528029442
-1.48938994943
-1.48508190295
-1.483884366
-1.48748739702
-1.49378503654
-1.5018041042
-1.50744625427
-1.51358320932
-1.51693681905
-1.51796946953
-1.51846026437
-1.51705160378
-1.51853326907
-1.51935816217
-1.52067035992
-1.52087563336
-1.51947132243
-1.51295322691
-1.50876389969
-1.50606269977
-1.50323220053
-1.50285142582
-1.49933587666
-1.49932385703
-1.49504360767
-1.49430876169
-1.49434214446
-1.49643871217
-1.4998728399
-1.50481441062
-1.50913974906
-1.51170583084
-1.51356614583
-1.51405145819
-1.51314468254
-1.51226942127
-1.51063753228
-1.50877870384
-1.50885348403
-1.50820929303
-1.50852778519
-1.50803409099
-1.50938207081
-1.51100993641
-1.51168393823
-1.51317500445
-1.5152047341
-1.51840387848
-1.52066367042
-1.52096847528
-1.52142554234
-1.52128480588
-1.52079954169
-1.5220318574
-1.52400127419
-1.52382724784
-1.52386381707
-1.52257790135
-1.52052233605
-1.51859135795
-1.51724155165
-1.51609573085
-1.51454178057
-1.51082861854
-1.50620634988
-1.50330929286
-1.50032586902
-1.50100235786
-1.50383236115
-1.50497729147
-1.50786551516
-1.51221241139
-1.51879133669
-1.51968826971
-1.52094970612
-1.52099272342
-1.52056722124
-1.51990128756
-1.51837688034
-1.51615606624
-1.5152411094
-1.51485937846
-1.51654876143
-1.51812257417
-1.52062538068
-1.52323671825
-1.52324101299
-1.52444187815
-1.52622554596
-1.52887585169
-1.53198689267
-1.53260311227
-1.53306775238
-1.5323770824
-1.53301698078
-1.53322440589
-1.53402758556
-1.53358043079
-1.53318532014
-1.53095011728
-1.52896392187
-1.52636499775
-1.52605218568
-1.52896743105
-1.52994343412
-1.53039387101
-1.53246863827
-1.53362261347
-1.53472606896
-1.53597151373
-1.5355924013
-1.53420337086
-1.535087871
-1.53519264568
-1.5351527688
-1.5339211261
-1.5326381554
-1.53090687311
-1.52969359516
-1.53007894277
-1.53088272588
-1.53169470006
-1.53194215377
-1.52816517396
-1.52882207169
-1.52842021181
-1.52878409106
-1.52694694391
-1.52782637943
-1.52851252993
-1.53111194784
-1.53453851095
-1.53741689447
-1.54215567513
-1.54705764194
-1.55265511474
-1.55638950232
-1.55899675809
-1.55918870817
-1.55810139392
-1.55570732474
-1.55269915336
-1.54991716542
-1.54742708913
-1.5440063032
-1.54077527431
-1.54028551033
-1.54104022989
-1.54429619505
-1.54759634369
-1.54972348829
-1.55416435306
-1.55714252721
-1.5580442971
-1.55739186247
-1.55709178427
-1.55487583866
-1.55114319306
-1.5448971985
-1.53875498572
-1.53511890335
-1.53053445934
-1.52932198424
-1.52621443932
-1.52428470637
-1.52288739008
-1.52280144473
-1.52241972565
-1.52491685211
-1.53274109571
-1.53442255859
-1.53533125241
-1.53738704472
-1.5389322779
-1.54155014115
-1.54190030662
-1.54367174376
-1.54510548663
-1.54578275233
-1.54676684022
-1.54784557511
-1.54899078065
-1.54994573598
-1.55023577678
-1.54907064236
-1.55204862532
-1.55453882114
-1.55492980687
-1.5528576724
-1.54915388796
-1.54632709467
-1.54446798447
-1.54332698759
-1.5416935292
-1.54068385735
-1.53734753661
-1.53403391269
-1.53230100904
-1.53205060756
-1.53279374327
-1.53575549245
-1.53860705682
-1.53991081907
-1.54373678143
-1.54439709524
-1.54684045097
-1.54894095278
-1.55173155316
-1.55421638618
-1.55541184283
-1.55671357035
-1.55754602953
-1.55803092907
-1.55485720856
-1.55121675006
-1.54858556714
-1.54717324153
-1.54551808133
-1.54562101667
-1.54464462943
-1.54299178559
-1.53983849221
-1.53763475063
-1.53542553862
-1.53586088011
-1.53700946888
-1.53775672095
-1.53936574054
-1.53824251116
-1.53789962472
-1.53870714087
-1.54355942499
-1.54128209875
-1.54006554095
-1.53769383935
-1.53690042801
-1.53888817145
-1.54201510298
-1.54731365502
-1.55005771064
-1.54967273959
-1.5489595763
-1.54821102774
-1.54745012439
-1.54649423617
-1.54446862043
-1.53927454615
-1.5319676122
-1.52667571785
-1.51422225817
-1.51222520672
-1.51135876685
-1.51133698744
-1.51360616585
-1.51727852383
-1.52431369104
-1.53019542732
-1.53989351406
-1.55003236523
-1.55573608882
-1.56228167815
-1.56533507209
-1.56887386499
-1.57086397243
-1.5733283267
-1.57167939001
-1.5415316803
-1.53653680957
-1.53620146222
-1.53087286975
-1.53057326968
-1.53023390405
-1.53079298955
-1.5335591172
-1.53546040766
-1.54062505822
-1.54331864078
-1.54752763421
-1.55210979685
-1.55763139561
-1.56280762302
-1.5665525087
-1.5679922387
-1.56867841845
-1.56870582298
-1.56861520888
-1.56837904767
-1.55327350489
-1.54916589384
-1.54904533643
-1.55027084344
-1.55211730357
-1.55229478405
-1.55234841285
-1.55111684345
-1.55162355776
-1.55219336882
-1.55895592442
-1.56119753201
-1.56593943197
-1.56849787327
-1.56908423229
-1.57054968677
-1.57123425013
-1.57149070712
-1.5706148874
-1.56991294544
-1.56851367198
-1.56747247768
-1.56649782758
-1.56659805499
-1.56291894365
-1.55970549964
-1.55369892946
-1.54877801781
-1.54680371693
-1.54808264103
-1.54871458178
-1.54918679581
-1.5472627941
-1.54315001405
-1.53932787841
-1.53903052256
-1.55102937917
-1.55562591168
-1.560725781
-1.56060600116
-1.55904664091
-1.55895971677
-1.55932674799
-1.56056327889
-1.56042200072
-1.55906640524
-1.55017729656
-1.54725946835
-1.54502632873
-1.54251529824
-1.54325558199
-1.54445721464
-1.54517837417
-1.54801929368
-1.55028905728
-1.55297266476
-1.55691713642
-1.56069928534
-1.56176314868
-1.56424476202
-1.56605157872
-1.56744059644
-1.56990015604
-1.57347772141
-1.57486765235
-1.57402722386
-1.57074374007
-1.56575399471
-1.56239908763
-1.55604292326
-1.55107438149
-1.54547933271
-1.54077648773
-1.53566558857
-1.53281869639
-1.53171018131
-1.53081902958
-1.52991881284
-1.52864726316
-1.52929525889
-1.5337811969
-1.53766214613
-1.56122375276
-1.57762302414
-1.59039490372
-1.60066398481
-1.60562298003
-1.60986437449
-1.6110121147
-1.61000459448
-1.60833119119
-1.60226060538
-1.5919651914
-1.57935556882
-1.5593066079
-1.54429455099
-1.52747689715
-1.51898533254
-1.51313536057
-1.51140344964
-1.51286487846
-1.51575337762
-1.5207357831
-1.53104575364
-1.54102123727
-1.55859525038
-1.5757078566
-1.58765313902
-1.60788452988
-1.61399150088
-1.6158295216
-1.61688152034
-1.6118968784
-1.6051132302
-1.59281764264
-1.5845568961
-1.5717184984
-1.56320239932
-1.55085925044
-1.54689508162
-1.53036227948
-1.52690808955
-1.52112095834
-1.52388524433
-1.52844120251
-1.53579249989
-1.59871324734
-1.59617659297
-1.58803567448
-1.58055362933
-1.5714171411
-1.56180438587
-1.55719235852
-1.55232514369
-1.54858565928
-1.54301169387
-1.54070364085
-1.53914906643
-1.54168430383
-1.54515670764
-1.55205555948
-1.55654231718
-1.55930202068
-1.55906831497
-1.55714296756
-1.55336644726
-1.55129343766
-1.54762288083
-1.54348716184
-1.53868540486
-1.53664051153
-1.53243734424
-1.53176737762
-1.52695500441
-1.52594416067
-1.52311291368
-1.52369785553
-1.52640320617
-1.53070856753
-1.53795943483
-1.54368074636
-1.54842593699
-1.55116873426
-1.55294772742
-1.55540230068
-1.55831812383
-1.56352350886
-1.56484778481
-1.56013582921
-1.55086018305
-1.53732466178
-1.52486372067
-1.52033111201
-1.52074576924
-1.52519603375
-1.53355178278
-1.53998380064
-1.54760547883
-1.55276085716
-1.55748615045
-1.56357728465
-1.5704986859
-1.579397028
-1.58730324504
-1.5956525356
-1.60046451017
-1.59810098117
-1.59055783218
-1.58126104924
-1.53919976037
-1.53371171309
-1.52013864207
-1.51716767603
-1.51054703931
-1.50627275076
-1.50276430359
-1.50288014375
-1.50765441859
-1.5152391143
-1.52885695215
-1.53977566981
-1.55534335915
-1.56940039408
-1.57893721987
-1.58998134897
-1.59696945428
-1.60385806683
-1.60617047245
-1.60496496294
-1.59734349692
-1.58657017276
-1.57045874391
-1.55727543534
-1.54059729659
-1.53079732591
-1.52039503564
-1.51468728534
-1.51080276705
-1.50869402142
-1.50589894403
-1.50589423945
-1.50866087487
-1.51801750997
-1.53075297005
-1.5428261211
-1.56026516964
-1.57183771811
-1.58168133963
-1.5893562993
-1.59502256204
-1.59593081128
-1.59762984381
-1.59689472718
-1.59284623903
-1.58653605386
-1.57504030047
-1.5636983344
-1.54575952015
-1.53221674712
-1.51787895539
-1.50902223511
-1.50251058894
-1.50073039652
-1.5206752042
-1.53381157947
-1.54766384435
-1.55689982405
-1.56777897443
-1.57214208378
-1.57312178978
-1.57087193254
-1.5662821082
-1.56197116364
-1.55959520752
-1.55626166132
-1.5533093887
-1.54789456354
-1.5427312973
-1.53645136615
-1.53169194607
-1.52932862703
-1.53114005628
-1.53342517014
-1.5380686479
-1.54389679646
-1.54997390025
-1.55233684197
-1.5608551459
-1.56241160617
-1.56594257146
-1.57083239045
-1.57277139189
-1.57107317877
-1.56386458225
-1.55799437835
-1.55148310421
-1.54956811793
-1.54956784885
-1.55025293459
-1.55036304438
-1.54818049337
-1.54486407161
-1.54046878329
-1.53931936273
-1.53893386572
-1.54229218467
-1.54543239366
-1.55008367601
-1.55130026306
-1.55441681624
-1.55539900826
-1.55628526951
-1.55884016604
-1.55941727637
-1.56062937102
-1.5616239627
-1.56082311436
-1.56118804286
-1.56058965259
-1.55894339033
-1.55735259649
-1.55356408648
-1.54999200481
-1.54573657565
-1.54402018985
-1.54396920982
-1.54459504642
-1.54428234188
-1.54484606981
-1.54361767246
-1.54240560815
-1.54469800941
-1.54638414656
-1.55080924272
-1.55345968902
-1.55611239805
-1.55590586919
-1.55566434595
-1.55411109283
-1.55456642024
-1.55358769756
-1.55418657841
-1.55445831609
-1.55292200002
-1.55175442992
-1.55127112819
-1.54975916438
-1.54983563106
-1.5499033785
-1.55239945009
-1.55333856054
-1.55503165075
-1.55442458941
-1.55342481033
-1.55212493227
-1.55203173259
-1.55225483148
-1.55330641726
-1.55491580174
-1.55793359152
-1.5596399512
-1.56263345438
-1.56463723938
-1.56822078124
-1.56965533386
-1.57254658818
-1.57262481573
-1.57593180006
-1.57567944402
-1.57695074201
-1.57678546409
-1.57529474177
-1.57531835536
-1.57393107474
-1.57284157867
-1.57179178236
-1.57175278841
-1.57099238706
-1.5701038841
-1.57027267759
-1.57156342362
-1.57248803322
-1.57564492502
-1.57685236562
-1.57964931141
-1.58110984384
-1.58119598596
-1.57941645445
-1.57840403817
-1.57584221506
-1.57301882981
-1.57056538047
-1.56812952475
-1.56647615488
-1.56626395482
-1.5653446123
-1.56523771908
-1.56617364175
-1.56716120087
-1.56948837149
-1.57074863647
-1.57264012467
-1.5734942848
-1.57501641447
-1.57649063633
-1.57853011034
-1.57959072474
-1.58028286913
-1.58070690242
-1.58232190248
-1.58144236471
-1.58168324458
-1.58080436021
-1.57864217948
-1.57701246514
-1.57564214056
-1.57489042394
-1.57429324711
-1.57465480407
-1.57404549426
-1.57386890856
-1.57305929978
-1.57260664065
-1.57158754698
-1.57080769211
-1.57086737143
-1.57050213351
-1.57133434715
-1.57258046114
-1.57577812555
-1.57812759361
-1.58280109905
-1.5844555063
-1.58585130064
-1.58600403287
-1.58544889228
-1.58644017177
-1.58584202435
-1.58523637573
-1.58450500882
-1.58364460737
-1.58184858178
-1.58102762274
-1.58050209097
-1.57992898592
-1.58051087253
-1.5793567413
-1.5805082422
-1.58166504829
-1.58174586967
-1.58419448866
-1.5863081787
-1.5871265784
-1.58817530556
-1.58929811785
-1.58871514867
-1.5896694887
-1.59063846272
-1.59166600464
-1.59167172562
-1.59136364276
-1.5926199855
-1.59365299109
-1.59357474643
-1.59365024141
-1.59379959027
-1.59303212882
-1.59338612181
-1.59308910317
-1.59508601784
-1.59577238268
-1.59733689596
-1.59672940427
-1.5971606813
-1.59639519824
-1.59651119585
-1.59515876858
-1.59461361006
-1.59305924782
-1.59162706864
-1.59063716637
-1.58562291449
-1.58308589847
-1.5779646274
-1.57728974677
-1.57554635183
-1.57569058858
-1.57671098074
-1.57699353631
-1.57841636575
-1.58022039052
-1.58253529417
-1.59048466098
-1.59494020827
-1.59984333507
-1.60266745351
-1.60591755027
-1.60776996482
-1.60840516964
-1.60593538144
-1.60423087524
-1.60313239809
-1.60012268127
-1.59670949904
-1.593826154
-1.59091923219
-1.5774865523
-1.57820101066
-1.58207025514
-1.58536017107
-1.59025507133
-1.5956996386
-1.59937509375
-1.60271874071
-1.60397410965
-1.60478596335
-1.60444599117
-1.60277452449
-1.60227667017
-1.59673378513
-1.59498309357
-1.58958920757
-1.58478691819
-1.58180971214
-1.57867293501
-1.57709175361
-1.57610708034
-1.57278149799
-1.57125865999
-1.57000918002
-1.57210515349
-1.5821488307
-1.58564592516
-1.58727764796
-1.58844768684
-1.58932144974
-1.5906466399
-1.59295532491
-1.59700792029
-1.60475645764
-1.60678114721
-1.6076964671
-1.60685148122
-1.60718039894
-1.60627585584
-1.60275359578
-1.59952761485
-1.5954388354
-1.58967487676
-1.58614099177
-1.58821203195
-1.58847334165
-1.59275196441
-1.59499189006
-1.60119587843
-1.60294537092
-1.60600949699
-1.60709478038
-1.60587955415
-1.60491954674
-1.60382416823
-1.60179362023
-1.60044882134
-1.59935008867
-1.59360138679
-1.58819211349
-1.58325898969
-1.57777076611
-1.5754480428
-1.57401028019
-1.57383671325
-1.57445673963
-1.5756779598
-1.57697385475
-1.57806045803
-1.57829913547
-1.57982792383
-1.58064541561
-1.58097817725
-1.58165830261
-1.58368974814
-1.58573294649
-1.58525805382
-1.58557266321
-1.58583711102
-1.58654999907
-1.5889784834
-1.59123759755
-1.59500789784
-1.59584829621
-1.59517899094
-1.59232887052
-1.58647033427
-1.5840023338
-1.57590283691
-1.57380406106
-1.57167483998
-1.57187995598
-1.56878846201
-1.56827855713
-1.56698409858
-1.56577425221
-1.56528236974
-1.56491581181
-1.56653732014
-1.56919849459
-1.57364006635
-1.57584729358
-1.57963068053
-1.57876056997
-1.57632333788
-1.57308095215
-1.57111315015
-1.57010536741
-1.57048981797
-1.56827553034
-1.56673873019
-1.5642348803
-1.56111219946
-1.55953072913
-1.55836317344
-1.55978378447
-1.56220845678
-1.56379320696
-1.56769141351
-1.57274937122
-1.58133005728
-1.58482974856
-1.58910941419
-1.59229026954
-1.59338821509
-1.5929880786
-1.59068051251
-1.59069187181
-1.58798777805
-1.58672554682
-1.58401442685
-1.58254143984
-1.57880717275
-1.57567609604
-1.57090783805
-1.56845859487
-1.56605316499
-1.56602131858
-1.56720720594
-1.56795270719
-1.56955322186
-1.56976878166
-1.57091085047
-1.57235509764
-1.57521157286
-1.57775776841
-1.58053175126
-1.58155024264
-1.58075010016
-1.56478405029
-1.56220630195
-1.55878172749
-1.55498992591
-1.55321704811
-1.5542260953
-1.55687744673
-1.56065822319
-1.56579661385
-1.56851304822
-1.5761619711
-1.57857718126
-1.58268958466
-1.58667591915
-1.59060956302
-1.59286245617
-1.59576839925
-1.59703778163
-1.5960065769
-1.59393692335
-1.59100755932
-1.58808171663
-1.58485824654
-1.58382557786
-1.58197739812
-1.58230871915
-1.58259722343
-1.58370595551
-1.58413188699
-1.58454586875
-1.58454923788
-1.58458397345
-1.58521610728
-1.58615194397
-1.58923404144
-1.59063125729
-1.59181752551
-1.59498447675
-1.59396587671
-1.59261066077
-1.59128471498
-1.58743997364
-1.57330011703
-1.56828744798
-1.56575627886
-1.56287996104
-1.56248569526
-1.56219859832
-1.56435408161
-1.60996298098
-1.60810283695
-1.60330825119
-1.59767910195
-1.59202284963
-1.5849777583
-1.58012392619
-1.57491798887
-1.57314871635
-1.57276650027
-1.57358323901
-1.57743621416
-1.58073669206
-1.58392521279
-1.58874306743
-1.5922267863
-1.59720743779
-1.60042048516
-1.60629027449
-1.61098269164
-1.6123535756
-1.61386959356
-1.61102339921
-1.60646729294
-1.59583604898
-1.59332224586
-1.59678463376
-1.60011070747
-1.60197105951
-1.59984300963
-1.5976870603
-1.5957792711
-1.59422968296
-1.5938974619
-1.59220200105
-1.59089464406
-1.5892625645
-1.58770471907
-1.5864730889
-1.58649805873
-1.58673192236
-1.58528487414
-1.58472744023
-1.58308687816
-1.58103261887
-1.57926354548
-1.57883602928
-1.57973577128
-1.58000649009
-1.58364622954
-1.58732463052
-1.58868008454
-1.58961573997
-1.5912832766
-1.59164189922
-1.5927049563
-1.59449236552
-1.5958275582
-1.59874621874
-1.60010487321
-1.59913921444
-1.59951811172
-1.59664163555
-1.59586401649
-1.59357292052
-1.5929116372
-1.59173333214
-1.59117188128
-1.58968540001
-1.58708199028
-1.58491888325
-1.58285457406
-1.58234586132
-1.58448122466
-1.58690184323
-1.58858465582
-1.59346180252
-1.59614458182
-1.59977254217
-1.60265765925
-1.60668439828
-1.61322949723
-1.61754496213
-1.62186796301
-1.62433395497
-1.6240541833
-1.62166249919
-1.61368554374
-1.60119278878
-1.60063608834
-1.60195020942
-1.60356506636
-1.60363868022
-1.60221888226
-1.60130632849
-1.60011818029
-1.59898063323
-1.59944330212
-1.60137697304
-1.60167999873
-1.60146787051
-1.60267621847
-1.6038412237
-1.6043028164
-1.60641078135
-1.60907024535
-1.61010608886
-1.61096575708
-1.61113463702
-1.60997064392
-1.60793350771
-1.60712486419
-1.60649663577
-1.60759764598
-1.60861419884
-1.60952522011
-1.61283325175
-1.61288788839
-1.61147691259
-1.60883307317
-1.60541857927
-1.60208971462
-1.60171476085
-1.60248449738
-1.6042744768
-1.60809728645
-1.60898297313
-1.60882972439
-1.60875675292
-1.6086457
-1.60892860284
-1.61204567821
-1.61500937582
-1.6191793148
-1.61972665244
-1.61894708212
-1.61407319537
-1.60857614395
-1.60148349102
-1.59661769704
-1.59088852604
-1.58926878719
-1.58474788196
-1.58135559782
-1.58000919711
-1.57959706026
-1.5795745515
-1.57960045946
-1.58026347321
-1.58250452936
-1.58332820273
-1.58402537989
-1.5841898691
-1.58451759695
-1.58392184641
-1.58351806404
-1.58464175218
-1.58638067485
-1.58812181051
-1.59250743643
-1.59640047402
-1.60048564862
-1.60206939507
-1.6041866235
-1.60440547345
-1.60618738975
-1.60779155676
-1.60951854796
-1.61279695615
-1.6117166943
-1.6103969955
-1.59434268261
-1.5913327814
-1.58988184242
-1.58710344529
-1.58396507177
-1.57926893736
-1.57449275928
-1.57074079799
-1.5675183626
-1.56696257665
-1.56828043233
-1.57125116976
-1.57384103283
-1.57655120041
-1.57826385161
-1.58043116387
-1.58043621594
-1.58075229822
-1.58042730525
-1.579905473
-1.58122505241
-1.58201101091
-1.58387631682
-1.58477751437
-1.58379454677
-1.58172636994
-1.5810196057
-1.58123400177
-1.58239127895
-1.5849108524
-1.58561482664
-1.58977960602
-1.59024999895
-1.58979576555
-1.58766601183
-1.58621258583
-1.58563176595
-1.58711812236
-1.58819805906
-1.5904898383
-1.59215603562
-1.59605440741
-1.59750486622
-1.60082163764
-1.60379673692
-1.60545700033
-1.6076730433
-1.60830350181
-1.6089708917
-1.60822074296
-1.60791670329
-1.60728471102
-1.60613304871
-1.60350357779
-1.60311496772
-1.60102563468
-1.59926112648
-1.59804449112
-1.59773481423
-1.59700848096
-1.60567520654
-1.60678509842
-1.61076188531
-1.61227150252
-1.61457577481
-1.6156868877
-1.61508892304
-1.61354558837
-1.61042918218
-1.60680979491
-1.6015738672
-1.59127030521
-1.58567205045
-1.58076792758
-1.57503707398
-1.5735094094
-1.57289738887
-1.57966790763
-1.58573427647
-1.59620190772
-1.60176407853
-1.60781753365
-1.61076706609
-1.61296802789
-1.61522831351
-1.61846279936
-1.62151017313
-1.62315809196
-1.62241264086
-1.61794328686
-1.61384591623
-1.60575062963
-1.60033070536
-1.59342625605
-1.58938010552
-1.58479184538
-1.5817786783
-1.62325198216
-1.62697979344
-1.62734198461
-1.62658387153
-1.6252372037
-1.62160118481
-1.61720897073
-1.61211613599
-1.60567125967
-1.59952659617
-1.59295610526
-1.58609198927
-1.58147023206
-1.57916220391
-1.57830661593
-1.5808464431
-1.58245958846
-1.58729750252
-1.59038208579
-1.59570406336
-1.59979726001
-1.60678414781
-1.61214082077
-1.61662469574
-1.62028062233
-1.62202395153
-1.62224288519
-1.62112576952
-1.617798422
-1.61444236045
-1.61110089225
-1.60608717181
-1.6023796091
-1.59628198875
-1.59224088367
-1.58604947461
-1.58468479728
-1.57960852833
-1.57933993765
-1.57938187279
-1.58306534334
-1.58857120342
-1.59235751345
-1.59838955637
-1.60315557246
-1.60988483712
-1.61676912714
-1.61961741252
-1.61992654746
-1.62053654461
-1.62001148498
-1.61835229185
-1.61649129269
-1.61439798886
-1.61119326686
-1.60907432254
-1.60555947225
-1.60500887598
-1.60238483101
-1.6015212967
-1.60003883116
-1.59851710541
-1.59757579527
-1.59876588983
-1.59960994056
-1.60123077327
-1.60281766955
-1.60417028045
-1.60611671629
-1.6076148335
-1.6076554895
-1.60805748471
-1.60948296418
-1.6103214917
-1.6103868976
-1.61128484064
-1.61152482185
-1.61231370988
-1.61228405933
-1.61237616244
-1.61116057931
-1.61071221889
-1.60804533231
-1.60688713909
-1.60475715212
-1.60404209017
-1.60255331061
-1.60267763675
-1.60274473453
-1.60235240395
-1.6020665177
-1.60230480288
-1.6023809222
-1.60328871112
-1.60475451834
-1.60556719981
-1.60743705805
-1.60879702441
-1.61022982552
-1.61166002635
-1.612741314
-1.61332775568
-1.61314509868
-1.613522322
-1.61365966064
-1.6134238207
-1.61304682699
-1.61246602536
-1.61098585291
-1.61027158904
-1.60920940349
-1.60784411961
-1.60747298744
-1.60572734777
-1.60626473091
-1.60631062384
-1.60672959949
-1.60648887938
-1.60775495708
-1.60820893984
-1.60746298214
-1.60819143938
-1.60862599872
-1.60793456073
-1.60854833364
-1.60778534332
-1.60833354271
-1.60761818871
-1.60839197591
-1.60902773822
-1.61085800464
-1.6118369188
-1.61271705873
-1.61293747804
-1.61374739537
-1.61420076566
-1.61544149318
-1.61687517309
-1.61688326731
-1.61808955043
-1.61769140959
-1.61582642882
-1.61428394943
-1.61118560597
-1.60893928273
-1.60766909335
-1.60572465004
-1.60661751996
-1.60737594112
-1.6097920491
-1.61070624889
-1.61040504606
-1.61148789234
-1.61197638747
-1.61247148017
-1.61303507004
-1.61515984928
-1.61563073033
-1.61562286855
-1.61376916705
-1.61243982485
-1.6110869348
-1.61055513774
-1.61146910659
-1.61247813076
-1.61579481521
-1.61616216045
-1.6179351636
-1.61774578613
-1.61637135901
-1.61675539755
-1.61714742667
-1.61819303189
-1.61747548515
-1.61792679858
-1.61710215717
-1.61461285614
-1.61226192114
-1.61087498929
-1.60860796128
-1.61012132107
-1.61003767537
-1.61272030295
-1.61297919889
-1.61509086237
-1.61535852017
-1.61522893565
-1.61559737315
-1.61563395831
-1.61870934682
-1.62139114304
-1.62437173619
-1.62433568773
-1.62319935185
-1.62438282176
-1.62337537092
-1.62438455112
-1.62514205054
-1.62552263998
-1.62602966283
-1.62660799866
-1.62736316757
-1.62736225539
-1.62775880873
-1.62919486676
-1.63154549321
-1.63507405481
-1.63707292274
-1.63906748864
-1.64229685776
-1.64530345563
-1.64889108407
-1.65076177641
-1.65351515507
-1.653470834
-1.65430796193
-1.651904588
-1.64957570447
-1.64900330095
-1.64777612938
-1.6450706428
-1.64663246979
-1.64624949589
-1.64632727636
-1.64584289427
-1.64626990161
-1.64581451262
-1.64723101413
-1.6488097154
-1.64997901249
-1.65190905248
-1.65133237662
-1.64993067617
-1.64590195373
-1.64115123662
-1.63659569555
-1.63191908878
-1.62904319502
-1.62821224196
-1.62795210728
-1.62865437142
-1.6287793233
-1.62811770521
-1.62828207843
-1.62876446514
-1.64042353061
-1.64351935893
-1.64468300679
-1.6469783976
-1.64798882891
-1.64684018951
-1.64527513972
-1.64188302083
-1.63799196163
-1.63465851179
-1.63009931874
-1.62717067551
-1.62398278969
-1.62249225657
-1.62187195341
-1.61933394714
-1.61830296172
-1.61939732993
-1.61968268742
-1.62231740717
-1.62300923586
-1.62959339125
-1.63272879262
-1.63923038442
-1.64519742437
-1.65253469323
-1.65602313964
-1.6596707005
-1.66224741203
-1.66198582554
-1.66117431825
-1.6588812928
-1.65315186638
-1.64766603401
-1.63910589872
-1.633091957
-1.62366396573
-1.61579846902
-1.60871158292
-1.60301738661
-1.59873816022
-1.5950986581
-1.59439534666
-1.59373868237
-1.59648616166
-1.62619079398
-1.63533071213
-1.64448068561
-1.65088941331
-1.65628363546
-1.65982666051
-1.66174184309
-1.66411789623
-1.66503326221
-1.66309392636
-1.66054699915
-1.65342550751
-1.64975362166
-1.63340703746
-1.62763843031
-1.61447615329
-1.60376359104
-1.5966586787
-1.59279377273
-1.59354723696
-1.59417933695
-1.5964985462
-1.59909700754
-1.60101184209
-1.60578686822
-1.61188682473
-1.62023524588
-1.62737970405
-1.63533067166
-1.63873081526
-1.6399495087
-1.6363811856
-1.63247297728
-1.62772317433
-1.62376689299
-1.61828234629
-1.61414845937
-1.60761295184
-1.59839735603
-1.59233824781
-1.58400755388
-1.57943150953
-1.57433147588
-1.57151564602
-1.57193359672
-1.57169125101
-1.57184541439
-1.57375742015
-1.5749603751
-1.57753560164
-1.58187701789
-1.58846856575
-1.59129373159
-1.60447799332
-1.60857729951
-1.61727477627
-1.62320420431
-1.62970656412
-1.63302964914
-1.63863912971
-1.64244974479
-1.64449835193
-1.64365900332
-1.6384904463
-1.63078277142
-1.61322088018
-1.60560476164
-1.59549002746
-1.58787261815
-1.58036037654
-1.57370718539
-1.57189176286
-1.57114973038
-1.57315068829
-1.5777774883
-1.58418251308
-1.59132029517
-1.60041715411
-1.60800552916
-1.61873829172
-1.62548596024
-1.6354505948
-1.64030136637
-1.64291410996
-1.64216246186
-1.63952872645
-1.63612881762
-1.63282164819
-1.62726271044
-1.62199892175
-1.61380974819
-1.611782823
-1.59764099291
-1.59503127059
-1.58715801477
-1.58606605284
-1.58699629121
-1.58875181578
-1.59217313388
-1.5976370787
-1.60500039472
-1.61185275378
-1.61847451791
-1.62243820549
-1.62411207382
-1.62360563862
-1.62253342615
-1.62114678938
-1.61955942305
-1.61964516738
-1.62006994573
-1.62022634623
-1.62066406816
-1.61916328816
-1.61899350355
-1.61801421997
-1.61792527234
-1.61823313618
-1.61993929951
-1.62162159982
-1.621803323
-1.62247259949
-1.62093139301
-1.61857554637
-1.61724742026
-1.61489862215
-1.61233239985
-1.60706152119
-1.60382236097
-1.59943903788
-1.59670517901
-1.59177550527
-1.59084784922
-1.59071335607
-1.59388573434
-1.60064151036
-1.60488947085
-1.61076357884
-1.61438430297
-1.61743905452
-1.61867288302
-1.61957580373
-1.62001661101
-1.6217979018
-1.61814786719
-1.6140467761
-1.61034116011
-1.60515285043
-1.60179831334
-1.60239849792
-1.60324912126
-1.60372075534
-1.60599440715
-1.60645900779
-1.60722568213
-1.60675986734
-1.60667087558
-1.60632073412
-1.60581390803
-1.59952777177
-1.59679303735
-1.59255572243
-1.58551111434
-1.58298840954
-1.58155578582
-1.58109200647
-1.58289188292
-1.58688187539
-1.5885960881
-1.59122459244
-1.59119726386
-1.5897902923
-1.58725860511
-1.58558517172
-1.58526521768
-1.58515011873
-1.58691497264
-1.58899187248
-1.59087646023
-1.59204045607
-1.59240801968
-1.59302588234
-1.59439415749
-1.59553237454
-1.59749818417
-1.59877125013
-1.59982909581
-1.60087175033
-1.60037610397
-1.60058465726
-1.59823393515
-1.5980366918
-1.59669063053
-1.59483497352
-1.59374143273
-1.59421803507
-1.59257054868
-1.59114049895
-1.5894560885
-1.58955146896
-1.59023229541
-1.59151799362
-1.5955403864
-1.59970401773
-1.60262846974
-1.60669496678
-1.6085411798
-1.61896555559
-1.62179914798
-1.62820094227
-1.63282600367
-1.6347368924
-1.63281102143
-1.62467590088
-1.62063284897
-1.61762574565
-1.61332994124
-1.60849753712
-1.60539246422
-1.59426087617
-1.59345485805
-1.59301840908
-1.59403014893
-1.59634403206
-1.59859767976
-1.5999631891
-1.60265682596
-1.60452856806
-1.60666868159
-1.60871967214
-1.60907720803
-1.60949824824
-1.61048015029
-1.61005914559
-1.61004874764
-1.61058134472
-1.61129250588
-1.61060826752
-1.60982922487
-1.60981566235
-1.61103374299
-1.61100404495
-1.61302609238
-1.61287941563
-1.61034927119
-1.6111414991
-1.60827335764
-1.6081715613
-1.60896386218
-1.6105528302
-1.61082456295
-1.61191500645
-1.61113042768
-1.6105481491
-1.6109437722
-1.60956275938
-1.6093124236
-1.60929189678
-1.61048382553
-1.61114723017
-1.61282562512
-1.6125478524
-1.61554593012
-1.6166743355
-1.6167807944
-1.61773067658
-1.61674014861
-1.61635818441
-1.61512300227
-1.61258583685
-1.60913862
-1.60535533832
-1.60184768001
-1.5976515913
-1.59405666033
-1.59413260481
-1.59483959529
-1.59854408847
-1.60093941935
-1.60338890915
-1.60585421847
-1.60664382608
-1.60379605618
-1.60283420292
-1.59875146779
-1.59705945896
-1.59535597341
-1.59581192803
-1.5955215171
-1.59572719083
-1.59328405102
-1.59308826506
-1.59251344651
-1.591930522
-1.59330710689
-1.59488641383
-1.59765582615
-1.60102841925
-1.6024147264
-1.60505711783
-1.60832142717
-1.60983554273
-1.61090665402
-1.61106733735
-1.61138897017
-1.6110644809
-1.6093442727
-1.6099125697
-1.61073325579
-1.61299112955
-1.61364064808
-1.61405963262
-1.61461926079
-1.61537222981
-1.61797693462
-1.61957016963
-1.62221340698
-1.62459426912
-1.62769181899
-1.62898652852
-1.63078281086
-1.63161544331
-1.63397230389
-1.63355552547
-1.63235652206
-1.63132002837
-1.62984572412
-1.6276026182
-1.62456372613
-1.62305901278
-1.62034852181
-1.61839767727
-1.61593255394
-1.61610590865
-1.61662720827
-1.61710313473
-1.6184616939
-1.61990658346
-1.62221394229
-1.62434413808
-1.62789251407
-1.63064203052
-1.63375005416
-1.63741297534
-1.64103513341
-1.64295831218
-1.64640621149
-1.64747705785
-1.64861379388
-1.64732042641
-1.64552223899
-1.6434803888
-1.64150658648
-1.63752602127
-1.63436621177
-1.63055235021
-1.62721020927
-1.62526684994
-1.62316102711
-1.62262805064
-1.62282211282
-1.62288563482
-1.62396836166
-1.62481719151
-1.62565325932
-1.62889803294
-1.6318617441
-1.63524853711
-1.63869806472
-1.64048831521
-1.64100730732
-1.63971441515
-1.63714082051
-1.6338637542
-1.63069063717
-1.62758225667
-1.62632721274
-1.62332880411
-1.62225760832
-1.62050226109
-1.61846898279
-1.61679650072
-1.61637554469
-1.61724441812
-1.61959322399
-1.62224295917
-1.62639902787
-1.62997583231
-1.631965772
-1.6313597091
-1.63010499211
-1.62640183323
-1.621895483
-1.61518061136
-1.61070699193
-1.6072268893
-1.60522860903
-1.60240373907
-1.601242761
-1.60014816578
-1.59925108104
-1.59958370877
-1.60174654763
-1.60335201752
-1.60982621669
-1.61742786147
-1.62460667637
-1.62886750761
-1.63508417132
-1.63889227244
-1.64262469873
-1.64529029043
-1.64622610278
-1.64491491921
-1.64151517671
-1.61508776901
-1.61136185985
-1.60962346867
-1.6091955456
-1.60894913211
-1.61218033579
-1.61517035629
-1.6218130697
-1.62778370435
-1.63045779548
-1.63468267553
-1.63595558812
-1.63857041862
-1.63768221763
-1.63709227844
-1.63593384293
-1.6349687877
-1.63351511643
-1.63139555044
-1.62807041244
-1.62502668298
-1.61752214485
-1.61498624853
-1.60493419056
-1.60302644419
-1.59976041623
-1.59954699723
-1.60178199148
-1.60274900539
-1.60552768346
-1.60622919503
-1.60797335171
-1.61077849383
-1.61357344842
-1.61689456535
-1.61928009827
-1.62174572535
-1.62583600306
-1.62377599429
-1.62330846116
-1.62072100664
-1.61685703582
-1.61329925218
-1.61064547905
-1.60790947739
-1.60717625701
-1.60721554997
-1.60607987788
-1.60384219465
-1.60292013167
-1.60296325649
-1.60406748312
-1.60701928757
-1.61159679333
-1.61478574787
-1.61508214233
-1.6166713816
-1.61520280591
-1.61321955798
-1.60909371009
-1.60630817281
-1.59736196967
-1.59434456898
-1.58874503554
-1.58813105824
-1.58971326506
-1.59111869679
-1.59151535378
-1.59044866859
-1.5891285513
-1.58586759749
-1.58635497895
-1.59040245449
-1.6063087611
-1.60574312312
-1.60421082784
-1.60259183432
-1.60150124192
-1.60236553483
-1.60114755231
-1.59907338868
-1.59588084824
-1.59015145977
-1.58495925499
-1.58168747268
-1.57774999142
-1.57669737327
-1.5796274729
-1.58205878295
-1.58692426082
-1.59109130482
-1.59349652452
-1.59540919379
-1.59527644649
-1.59651940651
-1.59578189069
-1.59759908312
-1.59849319343
-1.60174559487
-1.60132140573
-1.59610605547
-1.59037972774
-1.58356768195
-1.58108843875
-1.57804974841
-1.57758827738
-1.57757543665
-1.57763269421
-1.57603536368
-1.57449895196
-1.5771055114
-1.5815038484
-1.58760240145
-1.59121670143
-1.59346684486
-1.59533904643
-1.59653224884
-1.59825855795
-1.59954339536
-1.60182088315
-1.60356112814
-1.60404569285
-1.60355865908
-1.6022004465
-1.5980551888
-1.59485151312
-1.59120010989
-1.58931849836
-1.58771419521
-1.58861743459
-1.58818100437
-1.58890682098
-1.58908157163
-1.58874178222
-1.58947451606
-1.59054112278
-1.59478494054
-1.59859195701
-1.60162671183
-1.60203850297
-1.60368061824
-1.60241390042
-1.59981466387
-1.59705769208
-1.59282717164
-1.58960620682
-1.58559066878
-1.58252028399
-1.5804506699
-1.57844823754
-1.57834812948
-1.57749505722
-1.57980130082
-1.5809826719
-1.58611771172
-1.58951617758
-1.59494507351
-1.60505486274
-1.60685631649
-1.60821271322
-1.60869123064
-1.60709807527
-1.60489940272
-1.60057361336
-1.59400832606
-1.5889282555
-1.58422223338
-1.58286603341
-1.58266778812
-1.58307294616
-1.58418309483
-1.58555557673
-1.5880237346
-1.59049194922
-1.59599396301
-1.60185548631
-1.60845763953
-1.61322219666
-1.61771138367
-1.62139117956
-1.62064635151
-1.61912867
-1.59897434372
-1.59469056368
-1.58813069461
-1.59042626111
-1.59162369696
-1.61889279527
-1.62171856002
-1.62174199892
-1.61963499678
-1.61734133924
-1.61448683925
-1.61182441354
-1.60995033454
-1.60527589555
-1.60233764805
-1.59822379752
-1.59709208322
-1.59178386807
-1.59112832157
-1.59027800314
-1.59092796539
-1.59139567819
-1.59279317956
-1.59449417658
-1.59611907239
-1.60066562203
-1.60297750446
-1.60632950031
-1.60768360541
-1.60933277555
-1.6119657556
-1.61289654263
-1.61422263806
-1.61569065183
-1.61681260366
-1.61966700373
-1.62062976318
-1.62292564588
-1.62322107315
-1.62453201391
-1.62420788146
-1.62334190206
-1.61946625702
-1.61598351693
-1.61130384967
-1.60894392571
-1.60658830376
-1.60615881857
-1.60827762264
-1.61078343741
-1.61272579995
-1.61595014412
-1.6186921311
-1.62213550479
-1.62583681161
-1.62991770002
-1.63138709158
-1.63161108667
-1.63118239904
-1.62634137453
-1.6217785695
-1.61700505347
-1.61374556616
-1.61089941838
-1.6101089902
-1.60818980306
-1.60657922362
-1.60537539373
-1.60779754918
-1.6071589611
-1.60657358227
-1.60512759724
-1.6041044253
-1.60367355882
-1.60513148587
-1.60555775965
-1.60772866504
-1.60941763605
-1.61084578527
-1.61119784299
-1.6125808734
-1.61270574039
-1.6150498394
-1.61545891556
-1.61706204236
-1.61762012641
-1.6177301522
-1.61801855472
-1.6163669308
-1.61548174304
-1.61270395418
-1.61103735175
-1.61132634031
-1.61130252253
-1.61333166018
-1.61506820747
-1.61693676312
-1.61896941955
-1.6207976052
-1.62384403853
-1.62528603208
-1.62679716183
-1.6275915415
-1.62741274397
-1.62589971097
-1.62448375428
-1.62260514969
-1.6218130086
-1.62185901544
-1.62160079525
-1.62176496173
-1.62026790823
-1.61998421029
-1.62066338882
-1.62244167663
-1.62568100691
-1.62892357115
-1.63143408215
-1.63256583851
-1.63110868487
-1.62944794933
-1.62689714165
-1.62479382442
-1.62318680535
-1.62312768788
-1.61875959877
-1.61604662633
-1.61004893989
-1.60490897637
-1.60028446009
-1.59776683597
-1.5968470544
-1.59750098314
-1.60041116472
-1.60351722594
-1.60712251096
-1.61260561715
-1.61304368846
-1.61535078506
-1.61618343146
-1.61917239464
-1.62022241824
-1.61867889762
-1.61525708314
-1.61072405362
-1.60573546557
-1.60332011951
-1.60234635693
-1.60296246901
-1.60210371542
-1.6018874941
-1.6016552971
-1.60033497894
-1.60062567157
-1.60293937325
-1.60854590304
-1.61337184269
-1.6198460291
-1.62524017775
-1.63082617163
-1.63266693976
-1.63348104818
-1.6325973075
-1.631116676
-1.63016823017
-1.62860142522
-1.62680884883
-1.62303125887
-1.61893170656
-1.61639717228
-1.61079439703
-1.60985270159
-1.60944518528
-1.61034797303
-1.61942777693
-1.62445099516
-1.6287551667
-1.6314009441
-1.63537862492
-1.63746368492
-1.64077435989
-1.64292559348
-1.64504862825
-1.64695974073
-1.64850757272
-1.65042299989
-1.64901184277
-1.64752919497
-1.64665391313
-1.64070476897
-1.6410084282
-1.63948724535
-1.6385910243
-1.63880981026
-1.63962501982
-1.64239257304
-1.64575789718
-1.64905753625
-1.65110302259
-1.65312097029
-1.65357700097
-1.65459898219
-1.65656118909
-1.65829769442
-1.65956053339
-1.66102810796
-1.66178121916
-1.66246517279
-1.66355796015
-1.66183025558
-1.66227333704
-1.66260516353
-1.66279524827
-1.66253805635
-1.66296408071
-1.66304451598
-1.6628071359
-1.66181260898
-1.66241785896
-1.6624144833
-1.66096473418
-1.66125452031
-1.65977737465
-1.65946068463
-1.65889714538
-1.65836855832
-1.65821099716
-1.65787216421
-1.65850534233
-1.65854847987
-1.65712451294
-1.65603307407
-1.65615919346
-1.65431723248
-1.6562714343
-1.65705084435
-1.66047788673
-1.6628108427
-1.66453060562
-1.66386654621
-1.66360594237
-1.66249732198
-1.66247912403
-1.66402336133
-1.6668637966
-1.66944631611
-1.67282276363
-1.673880448
-1.67521420721
-1.67424529478
-1.67307345191
-1.67336695056
-1.67419767793
-1.67630510887
-1.67756400438
-1.67803995442
-1.6771099442
-1.67376008901
-1.6713837604
-1.66869262336
-1.66793740841
-1.66841830286
-1.66929676874
-1.66930920459
-1.66880948493
-1.66785985028
-1.66580266331
-1.66323303566
-1.66377554986
-1.6643518113
-1.66646260745
-1.66779380916
-1.67049984171
-1.67338226658
-1.67465506143
-1.67390603133
-1.67409463992
-1.67360269734
-1.67334522064
-1.67455419987
-1.67629192087
-1.68014157428
-1.68143994874
-1.68191123901
-1.67947182135
-1.67753982023
-1.67354073424
-1.67165585793
-1.66983922885
-1.66972425236
-1.67062910774
-1.67114572981
-1.67049131664
-1.6691189336
-1.66802132255
-1.6678222134
-1.66727524314
-1.66961378889
-1.67229218978
-1.67356496478
-1.67776366764
-1.67857635951
-1.6809336531
-1.68171182739
-1.68160534079
-1.68260685527
-1.68266660944
-1.68422921239
-1.68360698065
-1.68330678225
-1.68285590858
-1.6793595318
-1.67787129651
-1.6735366035
-1.67205802357
-1.6685473559
-1.66772604794
-1.66429919764
-1.66281689082
-1.66222107759
-1.66139943505
-1.6619997539
-1.66203683274
-1.66275169778
-1.66379659832
-1.66568145406
-1.66777288844
-1.66956569084
-1.67270900315
-1.6745696102
-1.67678493408
-1.67798830199
-1.67976281017
-1.67922603538
-1.68030890591
-1.68078162446
-1.6818926389
-1.68251034704
-1.68320515375
-1.6830833827
-1.6823810984
-1.68152926104
-1.68042727758
-1.67991921762
-1.67846220624
-1.67691597305
-1.67735051722
-1.67507754495
-1.67439746047
-1.67302582281
-1.67369532395
-1.67386556225
-1.67627783302
-1.67645119968
-1.681377301
-1.68401296631
-1.68668698116
-1.68777037175
-1.69018233686
-1.69125589338
-1.69194027571
-1.69280539058
-1.69511854498
-1.6958639751
-1.69583127814
-1.69377011765
-1.68961753969
-1.68605612114
-1.68388660092
-1.68079479594
-1.67913514391
-1.67676164655
-1.67524836026
-1.67435950588
-1.67348725863
-1.67355052591
-1.67276333004
-1.67298777147
-1.67442425493
-1.67443741305
-1.67674753366
-1.6809922997
-1.68370303125
-1.68787335823
-1.69136765054
-1.69495451513
-1.69555894628
-1.69656440115
-1.69637001052
-1.69623190317
-1.69624032249
-1.69654232606
-1.69586552852
-1.69608019377
-1.69559586208
-1.69295476941
-1.68972194953
-1.68556823432
-1.68330407788
-1.67796241832
-1.67593934035
-1.67482922868
-1.67396192967
-1.67316448449
-1.67183712503
-1.67308930504
-1.67452146356
-1.67571766507
-1.67644578933
-1.67736279764
-1.67795004729
-1.67970004841
-1.68086786377
-1.68282794405
-1.68724863218
-1.6890997095
-1.69193197544
-1.69456852905
-1.69544425538
-1.69523653912
-1.69458542509
-1.69274477007
-1.69273979258
-1.69274099326
-1.6936871694
-1.69439180815
-1.69479254712
-1.69465054273
-1.69259388342
-1.68796411594
-1.6860938247
-1.68255288802
-1.68144988169
-1.68365988657
-1.68454850117
-1.68637273717
-1.68629997612
-1.68475562798
-1.68268528289
-1.68084066234
-1.6802056219
-1.68704401289
-1.68644231431
-1.68715753369
-1.68475729485
-1.68378076571
-1.68217748554
-1.68199961663
-1.68267541195
-1.68383260376
-1.68525654308
-1.68632070789
-1.68571473654
-1.68499680435
-1.68464328259
-1.68506514026
-1.68603870036
-1.68625188312
-1.68991001908
-1.69181839116
-1.69230321101
-1.6935226625
-1.69316670746
-1.69249578215
-1.69347761925
-1.69075371541
-1.69136912049
-1.69078452239
-1.69269200379
-1.69420293021
-1.69401720695
-1.69393436411
-1.69325704708
-1.69109467483
-1.68991075075
-1.68974042236
-1.6909110833
-1.69281019988
-1.69548444207
-1.69648069328
-1.69702695267
-1.69720857588
-1.69627371989
-1.69576656583
-1.69642773774
-1.69793866411
-1.69875593232
-1.70009267223
-1.70069141621
-1.70029401001
-1.70119296335
-1.70252371887
-1.70222087299
-1.70375249005
-1.70442095046
-1.70618714404
-1.70750179714
-1.70802688986
-1.70752596314
-1.70843973025
-1.7069813728
-1.7064676413
-1.70641450203
-1.70655546309
-1.70850512457
-1.71033587159
-1.70887005709
-1.70618383804
-1.70309113728
-1.70094324361
-1.69996317693
-1.700492036
-1.70170092591
-1.70310616636
-1.70569957265
-1.70814873037
-1.70879800596
-1.70986900484
-1.71132680721
-1.71072386294
-1.71063948165
-1.70829520604
-1.70338179838
-1.69858474375
-1.69092289757
-1.68584208578
-1.67955842141
-1.67537107962
-1.67219889297
-1.67162913022
-1.66933024848
-1.66997406816
-1.66997936124
-1.66975800537
-1.67023374267
-1.67258334695
-1.67705585228
-1.68053277503
-1.68704853259
-1.68965889357
-1.69336301118
-1.69508967786
-1.69465535669
-1.69332836742
-1.69450566469
-1.69402101187
-1.69432561793
-1.69689141489
-1.69879539434
-1.70041944906
-1.70201245177
-1.70317414477
-1.70340809555
-1.70414323516
-1.70530581109
-1.70716422756
-1.70891300398
-1.7089059571
-1.70898809167
-1.70993801747
-1.71141553743
-1.7116403972
-1.7109659905
-1.71015059117
-1.70741989833
-1.7048546774
-1.69928470252
-1.6938150509
-1.68818504109
-1.68411432196
-1.68337482972
-1.68521288693
-1.68919629762
-1.69436466954
-1.69821812571
-1.69649776806
-1.69353325428
-1.69088231959
-1.689921083
-1.68963024938
-1.6937419497
-1.69494824085
-1.69722186114
-1.69938569729
-1.70028619583
-1.70287631357
-1.70573262739
-1.70946663608
-1.71130646603
-1.71228599549
-1.71281428109
-1.71272842356
-1.71149833433
-1.70725655126
-1.70478334401
-1.70117961124
-1.6975079517
-1.69517474262
-1.69219036619
-1.68976660308
-1.68593228157
-1.6842015607
-1.68089621695
-1.6787673368
-1.67835888479
-1.679995392
-1.68243066394
-1.68686296996
-1.69169797576
-1.69672074784
-1.70115240844
-1.70805114207
-1.71442997562
-1.71847939108
-1.72195993374
-1.72265155125
-1.72187249385
-1.72048083922
-1.71641400986
-1.7147359495
-1.7058038238
-1.7018572919
-1.69143259863
-1.68136001857
-1.6718728638
-1.66659357215
-1.66193827335
-1.66174499828
-1.66257885047
-1.66554051248
-1.67159805145
-1.67726505309
-1.68333614773
-1.69168736691
-1.69755531677
-1.70384404474
-1.70716252822
-1.70919609583
-1.7083555965
-1.70434367758
-1.69760889915
-1.6899970938
-1.67743624518
-1.66835376661
-1.65687818313
-1.64764855568
-1.64371231074
-1.64187026895
-1.64234507465
-1.64469294022
-1.6475427854
-1.65136033722
-1.66608197063
-1.67641937336
-1.68595736302
-1.69659980546
-1.70120366102
-1.70385168689
-1.70362473874
-1.69656761643
-1.69229000313
-1.67979151343
-1.66671497075
-1.65124448121
-1.63950678377
-1.62551875165
-1.61559260175
-1.60624770237
-1.60154932049
-1.59834914557
-1.60146804204
-1.60632991217
-1.61605910184
-1.62730269313
-1.64400210329
-1.6562548508
-1.67622785349
-1.71095577013
-1.72648484227
-1.73531313831
-1.73744359761
-1.7331297644
-1.7191951967
-1.69821335772
-1.68214178982
-1.65915224701
-1.64379803915
-1.625293705
-1.61337329034
-1.59821141626
-1.58710063059
-1.58277909144
-1.58201240689
-1.58709761078
-1.60091124022
-1.61429088057
-1.63580191548
-1.64676431804
-1.67657755998
-1.68603046212
-1.70474785457
-1.71660484834
-1.72217911012
-1.72338778459
-1.72124644419
-1.71662598151
-1.70793793168
-1.69623803833
-1.67719265828
-1.6531248953
-1.61474055156
-1.60358572644
-1.59562714411
-1.59430027201
-1.59711487571
-1.60218378905
-1.60710151849
-1.61762290185
-1.62500063278
-1.64190985713
-1.65605465128
-1.67519393984
-1.69199908338
-1.70204784008
-1.70970406052
-1.71146111564
-1.71039182612
-1.70592984919
-1.69614128844
-1.67166646267
-1.65618003996
-1.64514220536
-1.63244543252
-1.62350624957
-1.61369772804
-1.61007038418
-1.5999050546
-1.59885105625
-1.59675317574
-1.59991715846
-1.60739935306
-1.61474950618
-1.62632578541
-1.63503250344
-1.64540707902
-1.65398439903
-1.66407260452
-1.67478101591
-1.68096996805
-1.6885679722
-1.68954563098
-1.68802021918
-1.6829758742
-1.65017835855
-1.63634300874
-1.62781063224
-1.6187770716
-1.61192386626
-1.60753313963
-1.6056361509
-1.60510571122
-1.60688508775
-1.61046536715
-1.61685224516
-1.6246364118
-1.63350990687
-1.65106575925
-1.64062575898
-1.626502221
-1.61711470598
-1.60833780094
-1.60242808415
-1.59715119648
-1.65357008713
-1.65239880682
-1.6503597236
-1.64653062329
-1.64163442567
-1.63317445451
-1.61678549483
-1.60816197018
-1.60287814883
-1.59896290923
-1.59958160277
-1.60287631889
-1.6071415473
-1.61102759436
-1.61908258177
-1.62564003073
-1.63305367385
-1.63945258261
-1.64711952547
-1.64968001749
-1.65733753527
-1.65814528188
-1.65822245985
-1.65495040322
-1.64931417766
-1.64429262782
-1.6341950292
-1.62531114025
-1.61551906142
-1.60832453181
-1.5996383054
-1.59368254844
-1.58972413425
-1.58854908763
-1.59063474483
-1.59408085863
-1.59896585573
-1.6060803643
-1.61331598675
-1.61978385384
-1.62762096908
-1.63217309129
-1.63770944752
-1.6405017006
-1.64282944314
-1.64351651152
-1.64497699129
-1.64604611945
-1.64734456485
-1.64805114022
-1.64814471948
-1.64772834079
-1.64639242566
-1.64399308325
-1.6410644895
-1.63902012204
-1.63455630738
-1.63447794862
-1.63382196761
-1.63376507234
-1.63413395844
-1.63624538176
-1.63778350412
-1.64181387807
-1.64577928237
-1.64964573918
-1.65215236866
-1.65487055924
-1.65731071282
-1.65799060105
-1.65892130824
-1.66077206055
-1.66430214047
-1.66440594918
-1.66620690453
-1.66495666755
-1.66372372722
-1.66374541078
-1.66036536077
-1.65973090903
-1.65814023681
-1.65769388258
-1.65793219786
-1.65646673403
-1.65621912534
-1.65528632466
-1.65413760997
-1.6538462179
-1.65332451271
-1.65526277822
-1.65660412243
-1.65850990227
-1.66067799796
-1.6609562976
-1.66044697646
-1.6605152461
-1.66200075885
-1.66273792188
-1.66525600406
-1.66649950366
-1.66773772019
-1.66790417295
-1.66626998289
-1.66548898585
-1.66526734676
-1.6637925622
-1.66298414829
-1.66320509424
-1.66209648193
-1.66039302781
-1.65960933744
-1.65776970298
-1.65775004845
-1.65639869311
-1.65469275196
-1.65515196532
-1.65485480066
-1.65440019325
-1.65611122031
-1.65595913359
-1.65594106373
-1.65683545173
-1.65612294023
-1.65547030226
-1.6558739201
-1.6566142903
-1.65684543521
-1.65775449779
-1.65919710896
-1.65854806397
-1.6596997856
-1.65991108861
-1.65958481011
-1.65942632666
-1.65781597323
-1.65742146731
-1.655063851
-1.65413172712
-1.65178659071
-1.6521280787
-1.65153147941
-1.65131975148
-1.65055438479
-1.64872137394
-1.64678741432
-1.64642043146
-1.64538204176
-1.64658147968
-1.64736966827
-1.64849906325
-1.64942574153
-1.64978374709
-1.6499890797
-1.65106325564
-1.65273088406
-1.65406962076
-1.65662750069
-1.65667010834
-1.65752108811
-1.65878908915
-1.65944166435
-1.66040338518
-1.66088247975
-1.66101838873
-1.65909902444
-1.65709412859
-1.65546255931
-1.6540093184
-1.65421651106
-1.65365551574
-1.65542511354
-1.65536237369
-1.65574433808
-1.65405666457
-1.65453002876
-1.65263739176
-1.65322826451
-1.65420538768
-1.65379631223
-1.65706101803
-1.65880743542
-1.66202192116
-1.6612748877
-1.66165825054
-1.66318471159
-1.66208013217
-1.6611193835
-1.6602447155
-1.6609348372
-1.66045493868
-1.65979666372
-1.65910604441
-1.65838699855
-1.65660582343
-1.65569959451
-1.65450762908
-1.65436404728
-1.65478384568
-1.65434496239
-1.6555900243
-1.65501431653
-1.65509929275
-1.65624085762
-1.65629983111
-1.65654383585
-1.65737674595
-1.65912560721
-1.65929421788
-1.65887713607
-1.65798368871
-1.65728904601
-1.65699899582
-1.65643145294
-1.65671517442
-1.65672309967
-1.65615538106
-1.65440739478
-1.65277549539
-1.65010300883
-1.6475664193
-1.64672087483
-1.6478124253
-1.64823647183
-1.64761754982
-1.64756468346
-1.64719991651
-1.64691964485
-1.64633839813
-1.64678357979
-1.6478341383
-1.64824831929
-1.65062549248
-1.65202782667
-1.65200699432
-1.65302928334
-1.65050789859
-1.65077127838
-1.65068332457
-1.65094647178
-1.6506292891
-1.64948782136
-1.64891381766
-1.65074239036
-1.65022148944
-1.65266640379
-1.65428095625
-1.65625198276
-1.65639362582
-1.65571280486
-1.65668270609
-1.65579413743
-1.65561271188
-1.65633613959
-1.6571301427
-1.65762001033
-1.65885158094
-1.65843910398
-1.65756760041
-1.65605714372
-1.65561238588
-1.65370561172
-1.65337628435
-1.65235494235
-1.65125725388
-1.65017980745
-1.64878154661
-1.64759091275
-1.64717604972
-1.64833574066
-1.64903187746
-1.65206615517
-1.65242809253
-1.65452536198
-1.65492075329
-1.65329837882
-1.65378838404
-1.6531240848
-1.65454425521
-1.65650680541
-1.6581857329
-1.65938099232
-1.65951222315
-1.65728738652
-1.65569832038
-1.65346179534
-1.65156786186
-1.65205786183
-1.6516825122
-1.65275094664
-1.65347011596
-1.65129106785
-1.64957564954
-1.64813998466
-1.64529231331
-1.64636075003
-1.65409323393
-1.65461540597
-1.6541440172
-1.65313984455
-1.65216722618
-1.65161942136
-1.65329921585
-1.65298425769
-1.65499852298
-1.655250341
-1.6563007528
-1.65539450563
-1.65466095959
-1.65400447377
-1.65353503429
-1.65258219494
-1.65304644193
-1.6528271103
-1.65353455804
-1.65484338806
-1.65515832798
-1.65408488245
-1.65225840611
-1.65069839388
-1.65002656192
-1.64950266616
-1.65124037529
-1.65240196493
-1.65495341144
-1.65590756643
-1.65418772586
-1.65571288001
-1.6567342206
-1.65487444122
-1.65000232173
-1.65148778249
-1.65314841693
-1.65446855548
-1.65377397055
-1.65237174635
-1.65120011325
-1.65005760377
-1.64973268836
-1.65062408138
-1.65251003998
-1.65317811976
-1.65264293262
-1.65213590977
-1.65065530838
-1.65144087893
-1.65306214724
-1.65431718606
-1.65634445309
-1.65704623988
-1.65820746075
-1.65713275875
-1.65641254675
-1.65516855517
-1.65436138222
-1.65273515125
-1.65301338515
-1.65244338518
-1.65420516695
-1.65421056
-1.65467902454
-1.6536865041
-1.65374929759
-1.65415031516
-1.65354760131
-1.65393679393
-1.65394295169
-1.65410927867
-1.65380338936
-1.65452133478
-1.65576138769
-1.6551587738
-1.65630471399
-1.65712613761
-1.65585132405
-1.65402810912
-1.65272281834
-1.65234107468
-1.65020522981
-1.65189039248
-1.65147176008
-1.65228289081
-1.65182099896
-1.65252292476
-1.65221660755
-1.65269977954
-1.65325692474
-1.65414307275
-1.65345178978
-1.65254254868
-1.65192457897
-1.65104983501
-1.65095082351
-1.65117079527
-1.65117535649
-1.6517702227
-1.65262955614
-1.6526046833
-1.6532314947
-1.65368400351
-1.65350458028
-1.65530541628
-1.65698207545
-1.65767892998
-1.65989004684
-1.65993150031
-1.66063473962
-1.66099913024
-1.65877129603
-1.65732228425
-1.65653819656
-1.65783700917
-1.65888510803
-1.66074735623
-1.66049469546
-1.65908306362
-1.65770941968
-1.65759467905
-1.65744984666
-1.65831025378
-1.65913768712
-1.66004728759
-1.65933398099
-1.65995485627
-1.65922631352
-1.65977631718
-1.66160561636
-1.66410171282
-1.66629581752
-1.66711503714
-1.66908219374
-1.66910829865
-1.66989121789
-1.66351437847
-1.66253134923
-1.6619551654
-1.66155411858
-1.65963654371
-1.65849613859
-1.65852417436
-1.65927315399
-1.65998856489
-1.66302245503
-1.66549682189
-1.66841876059
-1.67028942055
-1.67096764266
-1.67275155031
-1.67250061753
-1.67175274061
-1.67223975632
-1.67177446614
-1.67187249357
-1.67090216445
-1.66858835496
-1.66782825833
-1.6654076085
-1.66527199218
-1.66611154186
-1.66695068382
-1.67206703899
-1.67250292503
-1.67556593081
-1.67675333251
-1.67784766191
-1.67825701013
-1.68051267744
-1.68007859453
-1.67897060773
-1.67835613965
-1.67769148762
-1.67678488194
-1.67740509356
-1.67858309007
-1.68228628846
-1.68647456209
-1.68878910722
-1.69110475189
-1.67978984089
-1.67474688301
-1.67041557326
-1.66642202321
-1.66150781278
-1.65689873599
-1.65045935085
-1.64596093982
-1.64166036995
-1.64049910488
-1.64066640421
-1.64387838768
-1.64709015754
-1.65156452599
-1.6538699777
-1.65666265229
-1.65823794117
-1.6615940299
-1.66472048814
-1.66877948821
-1.67325171448
-1.67381347437
-1.67230918859
-1.66974408927
-1.66744787982
-1.66289572855
-1.66142860243
-1.66073976471
-1.66098626218
-1.66019551128
-1.65943889477
-1.65715342402
-1.65446522492
-1.65159201792
-1.65068965371
-1.65208458412
-1.65392163104
-1.65772212348
-1.66008984121
-1.6598359789
-1.65898861349
-1.65880806061
-1.65828583218
-1.65846912291
-1.65822377106
-1.65861576071
-1.65729096669
-1.65710671315
-1.65577321319
-1.65374557603
-1.6537664702
-1.65266479701
-1.65267137472
-1.65326800426
-1.65573309592
-1.65742440469
-1.65972597296
-1.66195000509
-1.66290911497
-1.66237610135
-1.6626841066
-1.66254381491
-1.66263827298
-1.6645099977
-1.66639622457
-1.66501109643
-1.66161636937
-1.65536106066
-1.64723647334
-1.64187604626
-1.63494889922
-1.63076890506
-1.6277156098
-1.62507422205
-1.62482744367
-1.62616134232
-1.62814964213
-1.63344282513
-1.63773095351
-1.64283438887
-1.64591442259
-1.64992429098
-1.65536316879
-1.65792825214
-1.66173073333
-1.66319809517
-1.66534196866
-1.66491019799
-1.66044886416
-1.65303206715
-1.64631557449
-1.63669690019
-1.63067623849
-1.62351673947
-1.6191702857
-1.61430200994
-1.61210906495
-1.60986702615
-1.61051402599
-1.61281124022
-1.61625181171
-1.62251407734
-1.62970515695
-1.64013583445
-1.64938136728
-1.66157590082
-1.66975448027
-1.67763406921
-1.67524061051
-1.67258016245
-1.66827004602
-1.66408312523
-1.65644296521
-1.64772809922
-1.6403268739
-1.63230350494
-1.62717247357
-1.62275870644
-1.62049400659
-1.61911065606
-1.61729404367
-1.61799370422
-1.61983083171
-1.62373073675
-1.62776451774
-1.63227444701
-1.63947568422
-1.65005183013
-1.65927845347
-1.67224366758
-1.68219990924
-1.69165650034
-1.6970148354
-1.69796203748
-1.69737196594
-1.68784360556
-1.68256372867
-1.67137066182
-1.66170820934
-1.6539087314
-1.64811646791
-1.64169148662
-1.6308378972
-1.62763731149
-1.62388205848
-1.62293984505
-1.62315220029
-1.62685248968
-1.63071739976
-1.63892030387
-1.67067197627
-1.67490780218
-1.67525238508
-1.67435030844
-1.67164603937
-1.64808143163
-1.6407505933
-1.6344877281
-1.62819146746
-1.62380061642
-1.62780941133
-1.63208753203
-1.64053622247
-1.64738223621
-1.65661897784
-1.65941340882
-1.66903658886
-1.6723479565
-1.67695075677
-1.68260678041
-1.68379533724
-1.68300162917
-1.67909140459
-1.67229116141
-1.66136081127
-1.65255541488
-1.64150085913
-1.63224966223
-1.6282812844
-1.62654025103
-1.62532406838
-1.62354125796
-1.62385353366
-1.62577113613
-1.63086840824
-1.63710876221
-1.64767571747
-1.65750716682
-1.66875249611
-1.67533143583
-1.68034275064
-1.67959062346
-1.67507955288
-1.66778443891
-1.6621781264
-1.65680301519
-1.65439176073
-1.65527049404
-1.65383647652
-1.65163680568
-1.64682656751
-1.64361743582
-1.63898973463
-1.63815524871
-1.6412149891
-1.642910348
-1.65048662127
-1.65327823981
-1.65517255751
-1.65616751695
-1.65657655184
-1.65887146777
-1.66366245279
-1.66676197718
-1.67062090146
-1.67013045417
-1.66782505403
-1.66310207349
-1.65915323591
-1.65553657992
-1.65369374719
-1.65180737913
-1.65100459423
-1.64649205448
-1.64182452332
-1.63731145736
-1.63334689813
-1.63255473025
-1.63238882024
-1.63435031197
-1.63759207029
-1.63995915824
-1.64096526173
-1.64418726904
-1.6453770256
-1.64924244989
-1.65250248036
-1.6568008953
-1.66024957945
-1.66181235577
-1.66020422313
-1.65766809803
-1.65351435417
-1.65039706998
-1.64674996717
-1.64475764794
-1.63990121546
-1.63971485123
-1.63608865739
-1.63383181847
-1.63173951705
-1.63070790036
-1.63272722298
-1.63508768482
-1.64006961263
-1.6450044784
-1.65275581849
-1.65677585848
-1.6598214192
-1.66102646287
-1.66621979077
-1.67124550178
-1.67444128643
-1.67774278606
-1.67740048567
-1.67585074812
-1.67461068194
-1.67304468537
-1.67336493812
-1.67258687703
-1.66975173627
-1.66798957773
-1.66550202411
-1.66443114599
-1.66371221423
-1.66343453645
-1.66412260531
-1.66311827155
-1.663602119
-1.66418531505
-1.66593967179
-1.66757530662
-1.67174113009
-1.67570381066
-1.67773860127
-1.67818087194
-1.67951662407
-1.6786515092
-1.68009743259
-1.68097778115
-1.68244269457
-1.68297554797
-1.68314986024
-1.68186236627
-1.68240772173
-1.68141808056
-1.67968168045
-1.67892630112
-1.67648635229
-1.6748769862
-1.67192588521
-1.67069398373
-1.66883286905
-1.66857590017
-1.66656378881
-1.6658805212
-1.66477898478
-1.66510386252
-1.66568170134
-1.66586447244
-1.6658419504
-1.66597336386
-1.66523229191
-1.66481077517
-1.66469031493
-1.66547713584
-1.66727096816
-1.66829543824
-1.66903567865
-1.66958748246
-1.66885658363
-1.66840213531
-1.6668037578
-1.66590963477
-1.66771056246
-1.66638785712
-1.6636263589
-1.6671985576
-1.66837074276
-1.66793715827
-1.66792432515
-1.66560617606
-1.66556320051
-1.66417651718
-1.66406894215
-1.66609281044
-1.66628938275
-1.66743188996
-1.66921583054
-1.66830866349
-1.6674500569
-1.66645113078
-1.66557186186
-1.66580750272
-1.66696695378
-1.66845141085
-1.67052951459
-1.670539878
-1.67074015571
-1.67147352413
-1.67043564306
-1.67201832542
-1.67180826587
-1.67004231107
-1.67034745505
-1.66946629953
-1.67048851419
-1.66975077432
-1.67133865079
-1.67125117847
-1.67094140983
-1.67046645553
-1.66987476169
-1.66879638371
-1.66698920009
-1.66603122349
-1.66479843994
-1.66320974791
-1.66354622901
-1.66356691492
-1.66428019528
-1.66367873955
-1.66359796844
-1.66323051199
-1.66070319095
-1.65905905532
-1.65894136465
-1.65987775421
-1.66325777893
-1.66351441166
-1.66255627872
-1.6609061569
-1.65841261563
-1.66159151753
-1.6653400076
-1.66796754351
-1.6695690931
-1.66817719946
-1.66431949006
-1.66351495528
-1.66140082614
-1.66313957423
-1.6653632235
-1.66517025139
-1.66456244312
-1.65814396874
-1.65971817516
-1.66075995082
-1.66347617652
-1.66534252813
-1.6674457703
-1.66782040753
-1.6657993532
-1.66323874964
-1.66176282372
-1.66069644935
-1.6620572439
-1.66306916426
-1.66448446122
-1.66476519958
-1.66387275434
-1.66138089114
-1.65949459156
-1.65810687968
-1.65928176484
-1.66182303914
-1.66536569794
-1.66667482474
-1.66684142997
-1.66619492608
-1.66286675742
-1.66179682655
-1.66010258312
-1.65900230799
-1.65753381921
-1.65838485262
-1.65750065395
-1.65721938914
-1.65668453386
-1.6565737928
-1.655504388
-1.65627330405
-1.65632512385
-1.65748027294
-1.65917356899
-1.66115556381
-1.66286163847
-1.66435126925
-1.6652159774
-1.66595701924
-1.66717277806
-1.66720938038
-1.6692464091
-1.6714925014
-1.67332405718
-1.67418133806
-1.67347545401
-1.67043101911
-1.67028735059
-1.66704242377
-1.66419831549
-1.66204973675
-1.66051222827
-1.65802004522
-1.65649457164
-1.65525362962
-1.65413899852
-1.65151226957
-1.65041695434
-1.65011341446
-1.64977507742
-1.65095777851
-1.65265112569
-1.65415561586
-1.65629925067
-1.65966480802
-1.66161928137
-1.66390326374
-1.66485061802
-1.66679817003
-1.66681554931
-1.66882631974
-1.67045030488
-1.67181136526
-1.67190439085
-1.67423686481
-1.67264116878
-1.66994938293
-1.66810646531
-1.66542461303
-1.66365699362
-1.66174557178
-1.66000591086
-1.65874784996
-1.65658882085
-1.65632318748
-1.65261726999
-1.65253683471
-1.65202439669
-1.6519410792
-1.65266329739
-1.65271119334
-1.65555881789
-1.65727106885
-1.6595344334
-1.65879441216
-1.66007408841
-1.66064990139
-1.66031253259
-1.66001510571
-1.65948629706
-1.65956002729
-1.65887505565
-1.65888627078
-1.65886683125
-1.65874466667
-1.6575567182
-1.65652971771
-1.6546685992
-1.65354732851
-1.65310755842
-1.65281213115
-1.65287334654
-1.65157683204
-1.65217229001
-1.6525719174
-1.65246158074
-1.65322301673
-1.65360084349
-1.65310885988
-1.65440977174
-1.65446402269
-1.65641954539
-1.65837563636
-1.65902453803
-1.65872909252
-1.65828593117
-1.65802789835
-1.6565057059
-1.65785378941
-1.65725798754
-1.65716373281
-1.65912137423
-1.65857945199
-1.65894666418
-1.65881531646
-1.65874988853
-1.6575711715
-1.65615042009
-1.65677195514
-1.65656129523
-1.65683434608
-1.65766640643
-1.65923558061
-1.65929598933
-1.6593939908
-1.6588435349
-1.65848787348
-1.65723748199
-1.6572254234
-1.65753623084
-1.65797303133
-1.65731431959
-1.65620755027
-1.65678072105
-1.6556482946
-1.65543794555
-1.65429503351
-1.65446940741
-1.65457543109
-1.65604093287
-1.65662135543
-1.65849135405
-1.65814010416
-1.65838771535
-1.65884234347
-1.65844254267
-1.65661956937
-1.65668608423
-1.65602920999
-1.65651280297
-1.65690396741
-1.65653292311
-1.65682474539
-1.655309423
-1.65415265341
-1.6539844729
-1.65171943107
-1.65139224749
-1.65169451125
-1.65190039857
-1.65140041559
-1.65004897239
-1.6501475679
-1.64962896271
-1.64990891802
-1.65049054533
-1.65098680969
-1.652574535
-1.6545476904
-1.65403891901
-1.65625336497
-1.65672494115
-1.65705842581
-1.65706099909
-1.65743382387
-1.65772439958
-1.65757974589
-1.65888838444
-1.65846192264
-1.65741705221
-1.65597319433
-1.65525259007
-1.65452808017
-1.65266389223
-1.65303783324
-1.65332907585
-1.6541017964
-1.65601648487
-1.65628084868
-1.65464605418
-1.65380267646
-1.65170381686
-1.6519742248
-1.65100316679
-1.65154655965
-1.65293200907
-1.65346534017
-1.65456933335
-1.6554647593
-1.65483882028
-1.65543422437
-1.65455238675
-1.65372489037
-1.6526806352
-1.65155903016
-1.6506222967
-1.6514702
-1.65060606211
-1.65070090308
-1.65085181179
-1.65116214956
-1.65048409429
-1.65102651495
-1.65130902832
-1.65070698237
-1.65155596153
-1.65276516864
-1.65408011223
-1.65520596767
-1.65610311972
-1.65511536383
-1.65402533937
-1.65414455979
-1.65147353756
-1.65118877567
-1.65144967209
-1.65183271635
-1.65282132656
-1.65444809956
-1.65421010701
-1.65377818844
-1.65334276848
-1.65172020003
-1.64999765728
-1.64825789512
-1.64824448531
-1.64773732486
-1.64936264942
-1.6504377042
-1.65170077908
-1.65312747829
-1.654103695
-1.65481238876
-1.65592351597
-1.65660872106
-1.65625975102
-1.65691036772
-1.6566215651
-1.65608944106
-1.65602856679
-1.65533305464
-1.65594685766
-1.6562955468
-1.65643704555
-1.65596842242
-1.65535065464
-1.65457573396
-1.65231653762
-1.6503867074
-1.64919569292
-1.64824509315
-1.64951440873
-1.64965908
-1.65019325574
-1.65148701486
-1.65188497968
-1.65217849015
-1.65172906579
-1.65104460188
-1.65285288504
-1.65348997916
-1.65485301793
-1.6568199078
-1.65786003721
-1.66072193445
-1.66032060715
-1.65994826774
-1.65994096861
-1.65734668885
-1.655877355
-1.6533390703
