10.8815999671
10.8882395708
10.9159080676
10.9282883335
10.935079248
10.9975236004
10.982807951
11.0121925686
10.9957098138
10.974235724
10.9880298935
10.9547787961
10.9564806039
10.9475805447
10.9642307551
10.9551500326
10.906398199
10.8779605406
10.8374993533
10.8609676664
10.8402612605
10.8481304466
10.8170302025
10.8582376197
10.8334097841
10.8837513447
10.8557535081
10.8558574335
10.9003862202
10.8637870913
10.8579763265
10.8743952202
10.8247750631
10.8172777744
10.8539066046
10.882941855
10.8318149068
10.8757775733
10.8632090388
10.8783806689
10.8639478683
10.8789609
10.8864031976
10.9155499948
10.901618043
10.9313539855
10.9458571252
10.9739943889
10.9657640642
10.9607267137
10.9760325257
10.9018939231
10.9069118021
10.8894751325
10.8562717491
10.8812701903
10.889740766
10.896266212
10.9032150645
10.9167347981
10.9507369412
10.9539821385
10.9743616118
10.9651091509
10.9627699334
10.968474899
10.9584309137
10.9118145412
10.9480013282
10.8903121921
10.905425989
10.8448892297
10.8311533301
10.8161035275
10.8314509358
10.8163757673
10.786586979
10.7850135232
10.7847661776
10.7529260905
10.8032676924
10.8303796845
10.7916653807
10.8275370753
10.8458665944
10.8598877287
10.8347839246
10.850271436
10.8342976946
10.8372003266
10.8161764875
10.8199373487
10.8006996707
10.7808994112
10.7699617211
10.7337233381
10.7866180371
10.8068546045
10.8225266047
10.8380977832
10.8664143228
10.8488067413
10.8605137778
10.8656232584
10.8862523084
10.8624117302
10.8640699175
10.8350457168
10.8449959181
10.8479491751
10.8187716588
10.812738155
10.7933250277
10.7803954217
10.7550055931
10.77829766
10.7286754163
10.743859311
10.7217506483
10.7663401331
10.7436105162
10.7747527703
10.8015878465
10.8371436889
10.8206264378
10.8405310543
10.7883238026
10.7421313938
10.7274066275
10.7339107973
10.7578858944
10.6912410397
10.7224769565
10.691633337
10.7782354197
10.7334910061
10.7761692411
10.7976373567
10.8412236731
10.8934417177
10.8989300616
10.9208135539
10.9066470043
10.9245935359
10.9180890136
10.8673410184
10.8788822901
10.8730445913
10.8613440664
10.8353847598
10.8284158209
10.836820351
10.8372112114
10.8168910871
10.8542486928
10.845227245
10.8798413185
10.8945999948
10.9013905191
10.9059052449
10.9109298864
10.9311363623
10.9244349453
10.9613677641
10.9265756055
10.9570706954
10.9152266037
10.9096948618
10.8818730134
10.8409514059
10.8374826803
10.8083679176
10.7387247567
10.7740663432
10.7433470645
10.7707210442
10.7743180806
10.7875801539
10.7708041411
10.8127362402
10.7988365079
10.8140798054
10.8171525825
10.831769946
10.7890423967
10.7897972738
10.8040502359
10.7828378579
10.7837177286
10.7631975896
10.7931485374
10.7365829712
10.7277773123
10.759644616
10.7590184973
10.7669588033
10.741620769
10.7412684211
10.7703391204
10.7421123893
10.7295078067
10.7368363318
10.7287303278
10.7579882043
10.7711315388
10.7319147499
10.7759502794
10.7610313782
10.7603960986
10.7673572238
10.7515574288
10.7884261273
10.779455562
10.8368090656
10.820654533
10.8131901554
10.7851612955
10.8078370778
10.7798810395
10.7886242322
10.7673700247
10.7669413919
10.759630468
10.7543198605
10.7697134874
10.8095886585
10.759313726
10.739400622
10.7918858772
10.8143310725
10.8051314081
10.8116105816
10.8391552518
10.8615915254
10.8327246662
10.8201373612
10.8216122081
10.8301372885
10.8376973286
10.8066777632
10.7798359501
10.7629544276
10.7657433945
10.7360862577
10.759527768
10.7352787561
10.7340976513
10.717837284
10.7409638873
10.763652463
10.7273362582
10.7208170128
10.7382957947
10.7250344151
10.7197062059
10.7341882258
10.7570843242
10.7881338152
10.7595254662
10.7507066974
10.7354433141
10.7481609697
10.7746253901
10.7794710314
10.769423161
10.8045526285
10.8123855554
10.8027506437
10.7788028176
10.8220186631
10.8569159916
10.8624612412
10.8774365853
10.9017836847
10.8596287097
10.8834358702
10.8485942372
10.8370169687
10.8240216331
10.817596788
10.8047101244
10.8044713099
10.795647528
10.8122047821
10.7847443755
10.7785236838
10.7952607635
10.8019927143
10.7864687438
10.7660650905
10.7726981084
10.7446126185
10.7890623834
10.7675967757
10.7587494436
10.7599960113
10.8086802299
10.7772232922
10.7761401799
10.7913808008
10.7606006561
10.7483931624
10.7444272608
10.7617864735
10.7274658182
10.7353031031
10.7442846301
10.7378084657
10.7425333348
10.7664923983
10.7498534911
10.795796429
10.8092366777
10.7942602363
10.8010135175
10.8132488443
10.8266620644
10.8488901039
10.8765893251
10.8864139218
10.8288943629
10.8380509694
10.769939992
10.7582209094
10.7102440769
10.7060267231
10.6762693405
10.6411600002
10.6547644901
10.6406747879
10.6779533564
10.7060930511
10.7189437102
10.7320348593
10.7361656674
10.7575261212
10.7274116727
10.7339373653
10.741349969
10.7287326462
10.7509030814
10.7821607671
10.7537382182
10.7481381061
10.7255906684
10.7190284263
10.7354040278
10.7065611272
10.6648664369
10.6736114567
10.7029324823
10.7241171655
10.74359355
10.7545395912
10.7312183442
10.7741515709
10.7668545951
10.7397472076
10.7351983221
10.7433160532
10.6860755876
10.7216208864
10.714134123
10.7189842555
10.7693478349
10.7907648778
10.7752074283
10.7760791688
10.7846179788
10.8070827258
10.8359878712
10.8110916241
10.8157815601
10.7931833786
10.7574109849
10.7526604635
10.7707296942
10.7443485071
10.7095728369
10.7171497866
10.694653753
10.6923303225
10.7046135073
10.7209506662
10.7279110971
10.7042099229
10.7614866628
10.7533175763
10.788283304
10.7778949264
10.796401709
10.8233765664
10.8437658868
10.8440193556
10.8249853721
10.800267624
10.7391185321
10.6868419608
10.6917020377
10.6470593196
10.577889016
10.5866748276
10.6226716341
10.6699138479
10.7302885681
10.77489845
10.827522474
10.8806983259
10.9140727571
10.9282957325
10.922076698
10.8761384606
10.8636741061
10.8359506747
10.8102755973
10.754216511
10.6952201735
10.7107555276
10.7076078682
10.6477748133
10.6665802247
10.6562620394
10.6386180346
10.7037316663
10.7056634213
10.7790603365
10.7736807751
10.7892051695
10.8240819592
10.8984810631
10.9099306042
10.9473508196
10.9616051353
10.9712937403
10.9195855762
10.8789579416
10.8144155223
10.7439793314
10.7185893947
10.6489003766
10.6519779909
10.625527056
10.6276662756
10.6790849559
10.7360595425
10.7807909844
10.8276776273
10.8946554475
10.9331620997
10.9435663879
10.9409184407
10.8799522424
10.8638091655
10.8260352173
10.804398387
10.7091874036
10.7315576756
10.7327842026
10.7102758915
10.6846006286
10.7306432284
10.7479162533
10.7591597079
10.7101177935
10.7014785859
10.6871468105
10.7463242042
10.7618310819
10.7973405332
10.8185578366
10.8681665695
10.9052490934
10.90153322
10.8353602492
10.8066088403
10.7738530636
10.7596365666
10.6928994541
10.6967849112
10.7073809399
10.6791226343
10.6651671507
10.6943576764
10.7301700732
10.7514349187
10.7658055766
10.7573061911
10.7781078946
10.7759319365
10.845457479
10.8493357098
10.8573830258
10.8328498797
10.8271215595
10.8719374427
10.8645371653
10.855939417
10.8696130158
10.905142237
10.8819254243
10.8862407346
10.9061284023
10.8920559241
10.9017769901
10.8953500917
10.9170781797
10.8940120431
10.895041411
10.8790755945
10.8945182537
10.8505814986
10.8499219417
10.8502456726
10.8925009938
10.8997433745
10.85573849
10.8997299589
10.8845833149
10.87633449
10.8625532165
10.8412029332
10.863798098
10.7633330091
10.7812168048
10.7677307275
10.7760639192
10.7472290279
10.7721855805
10.7654116508
10.7600501088
10.7763363462
10.7561447819
10.7867735278
10.7796481416
10.8169074668
10.8009111527
10.8522611569
10.8420025441
10.8785694224
10.8498270152
10.8850741838
10.8999463037
10.8906324067
10.8963306016
10.9465210799
10.9360336941
10.9352794571
10.9208305997
10.9004865145
10.901658058
10.8378434731
10.8860386281
10.8313762074
10.8177417948
10.8496413178
10.9139335034
10.9037156722
10.893404723
10.9124715793
10.9185056999
10.9038037976
10.9333337644
10.9320834357
10.8801027259
10.9160572424
10.9298626255
10.9011424961
10.8821269053
10.8702672038
10.8583383352
10.8729474175
10.8940457865
10.8972934556
10.8487899793
10.8894081921
10.8644767621
10.8917316064
10.9045933764
10.9691658695
10.9753665957
11.0099934217
11.0178564488
11.0312665572
11.0598819465
11.0438762098
10.9942044175
10.9817076583
10.9615527691
10.9121487452
10.9275662228
10.9427596088
10.9581481406
10.9643337934
11.0414541109
11.0485877455
10.9594972898
10.9967267132
10.9324604052
10.9194571323
10.8991612363
10.8825298478
10.9326225796
10.9031082386
10.9609043351
11.0044624945
11.0110985883
10.9683702781
10.9710561497
10.9636004649
10.9504417184
10.928461017
10.9434343621
10.9327966345
10.9604374906
10.9647850719
10.9790632823
10.9492907798
10.936178527
10.9164480799
10.853493966
10.8567948636
10.816607245
10.8250583511
10.8324922923
10.852804343
10.8880293419
10.8864364597
10.9236470896
10.9478357659
10.9759362104
10.9675768375
10.9756280358
10.9323437299
10.9247854733
10.9762210178
10.9537939762
10.9239581142
10.9674873348
10.96058227
10.9393050083
10.9197554045
10.88720409
10.8387913192
10.8181555451
10.7974956248
10.7988659546
10.7778247836
10.8151989141
10.849918789
10.8887584561
10.9122265149
10.9236050257
10.9400576702
10.9602878371
10.946529426
10.9537106022
10.9334801784
10.890243779
10.9132392347
10.9210037625
10.9071023934
10.9442586943
10.9596572601
10.917611712
10.8984564841
10.892803855
10.8752675587
10.8780750113
10.8423473456
10.8559366809
10.9165197431
10.9391595203
11.0074151405
11.0329656385
11.0167378582
11.0105383475
10.9990136013
10.944719488
10.898809351
10.8546760606
10.8517979434
10.8575763544
10.8860213897
10.8841645446
10.8926975473
10.8869286277
10.8790372046
10.89658278
10.883693601
10.8606734058
10.8976613707
10.9758932272
11.0264778421
11.0464815355
11.022647399
10.9743515282
10.9400929737
10.9358445235
10.8877871716
10.8762670607
10.8626762277
10.8272615132
10.842166988
10.7778382558
10.7729066142
10.7946396044
10.8020088805
10.8305434163
10.8870687543
10.9132143622
10.9577231806
11.0062332298
11.0166012743
11.103628948
11.103621568
11.1205057338
11.0918538181
11.0674703853
11.0794739999
10.9640544964
10.936605406
10.8328342705
10.8091939531
10.7990503671
10.7555634924
10.7552018063
10.7616934885
10.7754512833
10.7377512487
10.7783058872
10.7785196281
10.7833927176
10.8491702542
10.8744564067
10.9330473601
10.9366417194
10.9332694757
10.9670014941
11.0430717871
11.005077805
11.0024322905
10.9830362974
10.9270906961
10.8489293871
10.800871025
10.7612947473
10.7712396862
10.7441850978
10.74456024
10.7513018907
10.7438391756
10.7675105664
10.8115005425
10.8394286677
10.867501225
10.8650017084
10.9285210659
10.9275219734
11.0118395471
11.0398341339
11.0385050302
11.0109576055
10.9846777877
10.9651347821
10.9161505214
10.9451613343
10.9088983042
10.9337571978
10.8819965095
10.9169270902
10.9030226506
10.9123460336
10.8541048101
10.9361894255
10.8629552486
10.9292824418
10.9116030467
10.905142197
10.9116183845
10.9768169556
10.9692506461
10.9914749568
10.9992965031
10.9697115962
10.9929540198
10.9288738283
10.9046284905
10.8879315348
10.8772101966
10.7942873681
10.7817046086
10.8181825053
10.7738508656
10.8322271866
10.7940953811
10.8135692502
10.8557508717
10.8898226784
10.8810730315
10.9421878067
10.9769760732
10.99424686
11.0053761513
11.0313991934
11.0369288176
10.9933693814
10.9863216036
10.9507306358
10.9305899845
10.894826663
10.9063335979
10.8221674866
10.8465802307
10.8240127608
10.8516056739
10.8636574087
10.8641745218
10.8636838237
10.9096481532
10.9307214378
10.9668505245
10.9736576328
11.0299070926
11.0182717856
11.0797761993
11.1044160355
11.1787036463
11.125280631
11.1068140852
11.0514001867
10.9403772066
10.9001776339
10.8350799668
10.78103905
10.7273289454
10.7001817349
10.6995607108
10.7511359754
10.7633740802
10.8444016307
10.8757372208
10.9564310637
11.0289714889
11.0979898697
11.130512729
11.1800895993
11.1987184845
11.2214580329
11.2000641238
11.1921672605
11.1659935601
11.1141852604
11.0101988574
10.9578080153
10.9034397263
10.8302258643
10.7976815542
10.8058407866
10.8188717027
10.8032706403
10.8213369746
10.820080461
10.8544887384
10.9128419488
10.9763089262
11.0134736274
11.053104534
11.1264382251
11.1440231221
11.178521077
11.1499621151
11.1367029886
11.0934472051
11.0303152028
10.9792698431
10.9048828287
10.8789077398
10.8234804311
10.8177528121
10.8026253626
10.7967303579
10.8195147085
10.7697641541
10.8081004247
10.8008276413
10.8059992511
10.8386242508
10.8993498874
11.0101925492
11.0184667567
11.0739138591
11.093079594
11.1011512275
11.0966754176
11.0769346796
11.007589723
10.9688745224
10.9639685762
10.9110370688
10.8772954425
10.8529964785
10.7827910595
10.8079149979
10.8011305741
10.7808358394
10.7966582357
10.8252789954
10.8472148607
10.8591284431
10.9334368904
10.9456979238
10.9525917337
11.0033619325
10.9964565442
10.9981253206
11.0264142373
11.010775649
11.0095351207
11.0218066809
10.99862051
10.9771200359
10.9407577924
10.9215883287
10.939050827
10.9181241765
10.9263003088
10.9387720556
10.9102558491
10.9737606813
11.0294165727
11.0428888722
11.0198087627
11.0557843828
11.0261015737
11.0139724106
10.9907722845
10.984294889
11.0149016574
10.9509180886
10.9528653737
10.9034351504
10.8762996618
10.8504854094
10.8180197121
10.8136875717
10.8417274109
10.8395676949
10.9166059407
10.9633422987
11.0226235974
11.0884380967
11.1360038154
11.1483703546
11.1406717074
11.1509421248
11.1255427603
11.0917293687
11.0668269212
11.0622618218
11.0222544501
10.9728198383
10.959528515
10.9252673887
10.9029432246
10.9049947645
10.8553751238
10.8644652043
10.8737462828
10.8579749537
10.8994790599
10.9323947093
10.9784618003
11.0250247615
11.0492746164
11.1062728064
11.1257947083
11.1671204538
11.1791788281
11.2003592715
11.2085082721
11.1315468539
11.161717352
11.1212413928
11.0880280855
11.075482294
11.018316484
11.0131880556
10.9934214062
10.9916325927
10.9714353346
10.8912337912
10.9149596076
10.8848987363
10.9089556788
10.9018310889
10.9082003213
10.943012397
11.0247579053
11.035452063
11.0685192934
11.0381935345
11.0602859143
11.0758041082
11.0407894073
11.0620371369
11.0847984342
11.0894324002
11.1154494964
11.141489806
11.1609645978
11.1729159703
11.1292514007
11.1326321217
11.1349285586
11.0730429257
11.0601672419
11.0105855026
10.9961786317
10.9599227571
10.8900729011
10.8581270229
10.8326366938
10.7851569061
10.7998534503
10.811564169
10.8235710807
10.879136069
10.8541916527
10.8895206002
10.9402696539
10.9398239895
10.9969121427
10.9656288408
10.9622485744
10.9757377276
10.9318397675
10.9069986319
10.897032232
10.8657600071
10.8465545566
10.8278059174
10.7479359703
10.7244573555
10.7393502142
10.7327163102
10.7129711008
10.71508874
10.6876140009
10.7035005641
10.6948576509
10.7305829608
10.7291629174
10.7421879291
10.7634924075
10.7926210351
10.8365493365
10.8158983376
10.8316581344
10.8901548262
10.9255989289
10.9593761106
11.0056998871
11.0767619195
11.0824441055
11.0323376109
11.0511353909
10.9531807441
10.9359830744
10.9258118166
10.9191769233
10.9464357838
10.9137503437
10.9590017256
10.9608501191
11.0137965145
10.9988235601
10.9786458666
11.0002706324
10.9921868702
10.9857278529
10.9699891109
10.9836757525
10.9540463337
10.9187486137
10.9638105159
10.8746758358
10.8862115365
10.8056892843
10.8265439649
10.7821693461
10.768693663
10.7605694486
10.7733740276
10.7797174948
10.8144307709
10.8407997267
10.8899100787
10.9081453411
10.9650739631
10.9334581401
10.9826603072
10.9529147315
10.988677384
11.0159032336
11.0284433742
11.0262464924
11.0377985917
10.9962636589
10.9848319663
10.9238850857
10.8680612507
10.8940829413
10.8654679291
10.8671172076
10.8727301621
10.8784898001
10.8910681661
10.8880587897
10.9235567576
10.9230162485
10.9598320168
11.0013342546
11.0096147966
10.9837054491
11.0129212387
10.9838860657
11.023509235
10.9781434277
10.9181888508
10.8805119731
10.8489084013
10.8504537253
10.8165929361
10.7662673303
10.7807522229
10.7924953689
10.7689996204
10.7804189789
10.7856186979
10.8349506459
10.8545214001
10.8569714502
10.9429964696
10.9603348409
10.9603491863
10.9834657968
10.9769250415
10.926215117
10.9422467344
10.9379326267
10.7436023942
10.71759193
10.7322214346
10.7261336894
10.7487741609
10.7341076216
10.8203527647
10.8302983715
10.8842197677
10.9190234387
10.9629316591
10.9488754408
11.0003374105
10.9934863711
10.9779335983
10.9999515841
10.9915473543
10.9756602053
10.9315309977
10.9164792864
10.8810447788
10.8035022574
10.8196829114
10.749682541
10.7074862372
10.6577835409
10.6805974338
10.6965377704
10.7692461827
10.8245505049
10.8354813287
10.8778028143
10.8904316737
10.94188195
10.9293811258
10.9766456954
10.9601502416
10.9977400352
11.0034028419
11.0111029868
11.0180590651
10.9393700303
10.9718743089
10.9095174373
10.8925325627
10.8595831776
10.8516764327
10.7995104242
10.7907553242
10.8034457943
10.8038394586
10.8086625056
10.8361011681
10.8948860952
10.864682354
10.865223832
10.8648690401
10.9071799955
10.9206537028
10.9259926812
10.9233931264
10.9303142071
10.9225340794
10.9448547125
10.8827243859
10.8915259437
10.823402219
10.7753013816
10.751769634
10.7041167409
10.697492218
10.7760923615
10.757688479
10.7253574477
10.7750068382
10.7389264006
10.7636277702
10.7202441251
10.7430112167
10.7490212939
10.7848483041
10.80417809
10.8156452965
10.8147133644
10.8316170949
10.8049802524
10.8127058228
10.7997158914
10.78522837
10.7618840688
10.8337385218
10.8313712322
10.8162242105
10.8093041061
10.8119846762
10.7709582818
10.7254731194
10.7132753179
10.7139860779
10.6916042768
10.7347076964
10.7890058871
10.821029967
10.8698042332
10.8745721763
10.8954654021
10.873993201
10.8825480531
10.8915622213
10.8839966185
10.9183419621
10.9190314901
10.8680508111
10.8854409408
10.8590520195
10.8103558158
10.7700436791
10.8080784068
10.765469342
10.7374912388
10.7384404184
10.7450353011
10.7950297401
10.779425677
10.8213297265
10.8484249784
10.8263796067
10.8907466256
10.854426014
10.8756958522
10.9118342309
10.8813880238
10.9328332376
10.9173166778
10.9100351317
10.9019261831
10.8812284104
10.888959961
10.9266069525
10.8607086491
10.8338478468
10.8348210511
10.7937740153
10.7891175991
10.7606076129
10.7546072587
10.7979131283
10.7672984279
10.7961194285
10.787465327
10.802284794
10.8368586107
10.8559778034
10.8611601131
10.8800193823
10.9128036451
10.9267633975
10.9101334744
10.9448610652
10.8949776389
10.8738005847
10.8984225398
10.7983810299
10.8216330324
10.8156255711
10.8591446265
10.8219512926
10.8375330731
10.8665073963
10.8745940135
10.8583447028
10.9171883185
10.9106572556
10.923705917
10.9314238483
10.9248753153
10.9188418186
10.9494495559
10.9086384721
10.8959597191
10.8690242731
10.8443774378
10.831052952
10.839262797
10.8312646885
10.8308711994
10.8440214095
10.8702409997
10.8822058115
10.8883586022
10.8815149192
10.8724979557
10.8790845701
10.8854394642
10.9362891263
10.9204096702
10.9203966839
10.9354596705
10.9290900067
10.8999120228
10.8943424214
10.9057074268
10.9150389663
10.8934878022
10.8563811344
10.842040309
10.8714893579
10.8128009257
10.8725531317
10.8358510102
10.8502220996
10.8567149123
10.8857194382
10.8806651614
10.8998728989
10.919829056
10.9676538062
10.9961088196
11.0438961213
10.9992119358
11.0259089084
10.9930471889
11.0081713848
10.9904325484
10.9471666529
10.919532814
10.9013967651
10.8367983858
10.8317726314
10.8264855585
10.7983500669
10.8123693172
10.7664628697
10.7957570979
10.8095420174
10.8522995899
10.8232599381
10.8647470826
10.8932479445
10.9337475282
11.0116020113
11.026353401
11.0717529029
11.0052033942
11.0353091553
11.0082804165
11.0323209191
10.9331965306
10.9272017859
10.8858403641
10.8380077357
10.7809713616
10.7675931932
10.6896862774
10.6989082663
10.6749113304
10.6243418809
10.6616202569
10.6885657832
10.672396368
10.7149068571
10.7561231289
10.7986197065
10.826087806
10.8685105651
10.8962476948
10.9480948622
10.9469852524
10.9560136922
10.9404776758
10.9043914487
10.9190459656
10.9105858071
10.9106141902
10.9236921267
10.8863481602
10.8514623151
10.8462440056
10.7898508307
10.800335881
10.794813747
10.7869457559
10.8071240411
10.8270038537
10.9396567331
10.9146188386
10.9483583166
10.9630449816
10.9704096423
10.9135757832
10.9662207673
10.9312616179
10.9100184747
10.9390694788
10.8948786788
10.8792212738
10.9671363981
10.9516680199
10.9607520649
10.9888847192
10.981598065
11.0088522979
11.0082374643
11.0086064736
10.96596301
10.9679567529
10.9212878537
10.8592202523
10.8563032164
10.839760349
10.8328793766
10.8249001622
10.8231869683
10.8387186322
10.7908479509
10.8024908046
10.7835114397
10.7713494735
10.8021065226
10.829049325
10.9063056365
10.9595775357
11.0129408958
11.0243373318
11.0454330312
11.0246052776
11.0264315981
11.0132484721
10.9858744855
10.9418102648
10.9406606471
10.9396152708
10.9461533871
10.8748749158
10.8980257037
10.885901654
10.8963410789
10.8803458438
10.8884431474
10.8868374642
10.9059011415
10.912624536
10.9710834167
10.9489621325
10.9628352855
11.0193466468
10.9458199669
10.9968293038
10.9987427816
10.9968945321
10.9542636571
10.9903009057
10.9546782322
10.9256369952
10.925471071
10.9472620798
10.9133742251
10.8724406254
10.8818018093
10.8843066758
10.8403404116
10.8045489697
10.8614961129
10.8218662213
10.8140501357
10.8192164369
10.8333682227
10.8099606099
10.8010782061
10.8366020854
10.920855765
10.8829136596
10.8905372267
10.9139776113
10.9019565468
10.9144959937
10.8801344901
10.882678026
10.89858917
10.9205500187
10.9317782795
10.9369181788
10.9338286324
10.962691303
10.9515685357
10.9158625491
10.918778974
10.8852117255
10.9073334573
10.9002325817
10.9078276629
10.9642779536
10.969646189
11.0063141921
10.973240687
10.9663046409
10.9557612728
10.9205948496
10.934990011
10.9474914876
10.9549160836
10.9744672194
10.9709341032
11.0542367762
11.0500682546
11.0620999702
11.134925896
11.1538574855
11.1284750982
11.1484663066
11.1503052722
11.1818884132
11.1141373513
11.0886751304
11.0651238053
11.0320485474
10.9842156025
10.9360412223
10.8862290937
10.8729360749
10.8661803632
10.880392808
10.8416997927
10.8626882028
10.8703034398
10.9354166915
10.9857007376
11.0203065084
11.0713052362
11.0973117917
11.1638299719
11.139189709
11.1348942209
11.143143005
11.0753279379
11.0216124147
10.98844575
10.9547292978
10.9850160638
10.925144481
10.8829307557
10.8630719978
10.9003210756
10.9703574666
11.0142820194
11.0730530881
11.124337969
11.122595919
11.13176378
11.1130770202
11.0850020787
10.9954433934
11.0011247293
10.9815855787
10.994394929
10.9397058236
10.9589898223
10.9479824814
10.96298809
10.9431471262
10.8943756682
10.9128764357
10.8785779066
10.9146286251
10.9622018647
10.9452684765
11.0017546638
11.0443221735
11.0229382318
11.0379748035
11.0538450987
11.046088958
11.0310082338
11.000762021
11.0517088508
11.0030354091
10.9758548093
10.9347202879
10.9461276983
10.9691555121
10.9143262629
10.9078691748
10.8788748141
10.8443164232
10.8446475848
10.8168861623
10.8107080105
10.7878741026
10.7781116357
10.7984769615
10.8084285555
10.8269263217
10.8678921721
10.8644320774
10.8930273572
10.901464282
10.895076053
10.9194941132
10.9213368022
10.9368858878
10.9374095792
10.9389888062
10.9551279828
10.9862967497
10.9662954943
10.9887150657
10.9448311146
10.922560215
10.8974881768
10.8981091847
10.8918288313
10.9106729066
10.9094831091
10.934958694
10.9268969866
10.9629766225
10.9630221475
10.9280665566
10.9296488905
10.8880277155
10.9037990139
10.9467135963
10.9496987491
10.9829813857
10.9784268831
11.0416147572
11.0334572078
10.9778275078
10.998220169
10.9569233666
10.9445633982
11.0181249268
11.0146086643
10.9999066977
10.9926257987
10.9810934027
10.955457043
10.8676507753
10.859697023
10.8655980687
10.8835634712
10.8600507611
10.8725182704
10.907848487
10.8961572128
10.9317831958
10.9385700505
10.9315962555
10.8954767301
10.9404535396
10.9402665064
10.9409831172
10.9572400847
10.9535409982
10.8881748737
10.9264835092
10.9221108488
10.944658495
10.9663098199
10.9656296812
10.9506373754
10.9362282996
10.908675037
10.8822566971
10.9004525013
10.8736687851
10.8696579776
10.837205229
10.8088844341
10.8126310527
10.778034244
10.7645317472
10.8020717169
10.7937331141
10.8399336519
10.8659869332
10.9039638148
10.9427490717
10.9671366884
10.99926206
11.0145196291
10.9981423984
10.9981156493
10.9849152581
11.000109577
10.9368606194
10.8948329658
10.9208782632
10.8788790417
10.8881232413
10.8619874338
10.8368216552
10.8024831306
10.7928077184
10.7506238099
10.7673033316
10.7093133458
10.7592300587
10.7788856159
10.7773267677
10.9042088553
10.8647688906
10.9122616285
10.9331240686
10.9533352335
10.9536232351
10.9244648111
10.9460007755
10.9536298747
10.9616304625
10.9330289746
10.8703557772
10.8235434584
10.8184752216
10.7765473387
10.776933129
10.7398191617
10.7824550164
10.7939462229
10.7794482435
10.8096466139
10.8028893992
10.8276277858
10.8441102037
10.8307151763
10.8541837442
10.865974946
10.8603413426
10.8801227151
10.8500003293
10.856681331
10.8725351993
10.8988170472
10.8694526756
10.838665059
10.8599704707
10.7657667692
10.819782579
10.7554487564
10.7494097221
10.758595131
10.7376788687
10.6882627608
10.7285874837
10.7190284792
10.7768205933
10.75335191
10.8029764429
10.8314261472
10.8609857
10.8036885985
10.8106832971
10.8339056112
10.7550149819
10.7340475321
10.8002473628
10.7547551379
10.7404148755
10.7090215007
10.6864609938
10.7562876166
10.7765383607
10.7977017886
10.8259178634
10.8696531015
10.8616317873
10.8999602641
10.8506193997
10.8561980616
10.7978530997
10.7930274369
10.766100522
10.7668395959
10.7635901901
10.7081191905
10.7096915263
10.6381308842
10.688563019
10.6931534235
10.6724457041
10.7095437381
10.74039555
10.7435300382
10.7984316228
10.7961591574
10.8097261038
10.8460543883
10.8477784251
10.8363575017
10.8090898173
10.8003010971
10.7877524561
10.7916235336
10.8376405462
10.7941309746
10.758304576
10.7238820431
10.7324197326
10.725528862
10.704833315
10.7124075102
10.6972722448
10.6534211197
10.6632373239
10.6428874208
10.6228385464
10.6152851926
10.6080811931
10.6213805026
10.6477541221
10.717672647
10.6990949859
10.6969157053
10.7337569481
10.7437449197
10.6577488591
10.6460772982
10.6416126761
10.6292755717
10.6224057097
10.593255919
10.5728705202
10.5532652694
10.543529973
10.4743836103
10.431499603
10.4729811639
10.4246322672
10.4520895539
10.5035158431
10.5437946685
10.5318394286
10.6038438849
10.6767143717
10.702591324
10.7159175804
10.7582830152
10.7128210886
10.7468555902
10.6756532039
10.6396437888
10.6190415958
10.6004915344
10.5231793325
10.4814771879
10.4835452215
10.4293487236
10.4041875443
10.3625469563
10.3926164377
10.3638222997
10.3988637958
10.4284060221
10.4122794879
10.4539481304
10.505361631
10.5414902325
10.5540491285
10.6032105737
10.6081718499
10.6644962656
10.6285264297
10.5579316532
10.5298379971
10.4447320265
10.4842844375
10.4149129946
10.3853964944
10.3494324935
10.3418104891
10.3643640038
10.3218617271
10.3580999102
10.3458707427
10.3741886591
10.358815987
10.4213040061
10.4866072383
10.4265830752
10.508180626
10.5039576015
10.4770626803
10.4250179116
10.4134232343
10.4298003877
10.3719738418
10.3589596896
10.322529622
10.3589439815
10.3536690083
10.294348943
10.3370386429
10.3263921504
10.2936716155
10.3333000625
10.3866051172
10.4256889852
10.5143650222
10.4896572592
10.4963515278
10.502299653
10.4523051528
10.4917693464
10.4484895731
10.4383651273
10.4078735781
10.3876308693
10.3706170844
10.372416615
10.3272944999
10.2934194391
10.2741179
10.2683900113
10.2473027656
10.299352743
10.2619456452
10.2623698766
10.2528127405
10.282239373
10.3110914516
10.3249137222
10.3499925885
10.3451363269
10.4404388243
10.435772094
10.4557565801
10.4417464777
10.427231945
10.3725395065
10.3701876138
10.3381697292
10.304395647
10.313597873
10.2626639345
10.2487173768
10.2703185206
10.2862589345
10.2729807985
10.3038756759
10.2845231465
10.2442796298
10.2514052374
10.288582442
10.2924919545
10.3342446218
10.3395949235
10.338136078
10.3233801686
10.3253598412
10.2904525399
10.2625007881
10.2783613034
10.2482103001
10.2266284948
10.2125043372
10.2183115582
10.2181179161
10.2330639365
10.2384026527
10.2231479692
10.2306460107
10.2217474958
10.2457423785
10.26076721
10.2538541515
10.2459402244
10.2760996685
10.2701166694
10.2843650108
10.2793560075
10.2608315695
10.2269083808
10.238500437
10.1983472271
10.1864508069
10.2309329664
10.1652022862
10.169996662
10.190719467
10.1665635454
10.2002313661
10.2340916953
10.2122008492
10.1526521774
10.1960261226
10.2019666393
10.2398697391
10.2387021786
10.206602621
10.2561011677
10.1980733024
10.1845239341
10.1638057154
10.1163499385
10.1326417853
10.1636388998
10.1286915165
10.1234443924
10.1275164115
10.109478684
10.1357377631
10.0810112293
10.0922614316
10.1078111335
10.1141668653
10.1324947987
10.1672831012
10.2070014471
10.305454199
10.2656868621
10.2714398707
10.2589618544
10.2654945568
10.2800890509
10.228297435
10.2009171736
10.1771817776
10.1412742402
10.1352316298
10.1448435463
10.1463209133
10.1112472977
10.0825594188
10.0837535024
10.0931957462
10.1289604389
10.1451504366
10.1515862971
10.2153357763
10.2262665157
10.2830536473
10.3010555841
10.2987099119
10.3043945288
10.2837624781
10.2548380609
10.2929485571
10.2713069014
10.2356587894
10.2512836149
10.2523725037
10.2674286707
10.2532544223
10.2319385036
10.2408365225
10.2348382087
10.2072097763
10.1995106487
10.2162733699
10.2235227191
10.2233207544
10.2070259683
10.240432758
10.2745700653
10.265473818
10.2715651189
10.2416139787
10.2726469006
10.2293902428
10.2305730644
10.2453963497
10.2620182383
10.2421462497
10.2564810594
10.2576319002
10.2753399821
10.3062612256
10.2511195772
10.254389938
10.2360970275
10.2115101447
10.1693664117
10.1503690927
10.1358282047
10.2058691896
10.1986089319
10.2104962745
10.2414690349
10.2390346691
10.2596836073
10.2734000379
10.257211757
10.2283265588
10.2705370079
10.2790073574
10.2935258472
10.3010997008
10.2936150106
10.3039996392
10.294248602
10.253386431
10.2435217701
10.2245183204
10.2321969353
10.2386110881
10.2511642441
10.291934715
10.2554825373
10.2557286675
10.2650150926
10.2263541796
10.2287834754
10.2377958831
10.2017680985
10.199600959
10.2120108259
10.2613723878
10.2796694119
10.3019338159
10.3215344922
10.3577297453
10.3130147509
10.3508365808
10.3140307902
10.3572604727
10.3087545838
10.3161181269
10.2948242936
10.3254940779
10.2850581884
10.3251452325
10.2483658082
10.226925747
10.2088507344
10.1880990325
10.1889464957
10.1813212816
10.2154513506
10.2195421557
10.2785049502
10.2974888354
10.3457447321
10.4018774439
10.3478730685
10.3901324832
10.4182431961
10.3954932719
10.3976977986
10.3913569081
10.3799430511
10.389862911
10.3757867502
10.3724562463
10.3505655282
10.3464219058
10.3459015804
10.3385362668
10.4008002364
10.3346398305
10.2937200909
10.3316292677
10.3664369671
10.3738821503
10.3432155682
10.4625281679
10.4834492503
10.4841221095
10.4543308906
10.4843303902
10.4704064735
10.4697169117
10.4753285071
10.5182771672
10.4895170171
10.4967148622
10.5047457838
10.4572001978
10.4657100538
10.4666596235
10.5038124687
10.4955067693
10.5514642113
10.5288241874
10.5702883314
10.5408471198
10.6050135615
10.6238601034
10.6307537209
10.6285002936
10.6563488137
10.634491955
10.6294309151
10.601510589
10.6259627521
10.6062857365
10.5872362121
10.560237689
10.5329513727
10.512230053
10.51384058
10.5348600374
10.5054981452
10.4922559857
10.5000974668
10.5068474432
10.5145023925
10.4678239138
10.5149069818
10.5689983387
10.6053826552
10.5423263349
10.5568453228
10.5432747972
10.5713743502
10.5702880772
10.542459872
10.5504055483
10.5112954346
10.4706518199
10.4459990098
10.4100827359
10.4264854229
10.3980507871
10.4247938345
10.459985434
10.4935632507
10.4675443483
10.5316032385
10.5599578896
10.5663936119
10.6017865645
10.591649754
10.5912556045
10.5758322424
10.5850241345
10.5277200485
10.5609220728
10.5202241575
10.4641801935
10.4156682351
10.4039500854
10.3839604627
10.3485380784
10.3920644134
10.3549426523
10.3996407907
10.393397508
10.4141675955
10.4575148889
10.4708887176
10.4537855433
10.497829115
10.49803645
10.4702410634
10.4629875357
10.4504731624
10.4355641641
10.457108205
10.449353197
10.4047466194
10.4290458
10.4062994035
10.3638268029
10.3720235304
10.357243943
10.3691647893
10.3741580055
10.3935435046
10.4069414305
10.3822445989
10.4102631442
10.4372198917
10.4728354167
10.4564581322
10.4759743655
10.4235909213
10.4668016839
10.4222418934
10.452275663
10.4230452477
10.4652633127
10.4420978806
10.4347973739
10.3937946813
10.35823259
10.3682702462
10.382286742
10.3529047692
10.3920930609
10.3745253388
10.3918624302
10.3691101728
10.388254013
10.39388792
10.4066074982
10.3918950944
10.440853364
10.3727509406
10.4089744282
10.4074024501
10.3759423108
10.3592343983
10.396155164
10.3479309552
10.3703839153
10.3270411669
10.3352272925
10.3368485397
10.29358838
10.3374808257
10.3322767595
10.3475637065
10.3490277299
10.3488898112
10.3336327097
10.3480137305
10.3357667765
10.3365671785
10.314543473
10.3214216447
10.3520623391
10.3435161185
10.3428684228
10.3718557376
10.3499571644
10.3566854617
10.3717226396
10.3720118201
10.3789384361
10.3642474954
10.35257317
10.325034839
10.3329477559
10.3140183507
10.3004788601
10.2874871506
10.3090184513
10.3168640695
10.3242932106
10.3249176828
10.3233957747
10.316157667
10.323690079
10.3824559267
10.3761657316
10.3381955846
10.3540260982
10.3479015957
10.3624985907
10.3334102123
10.3768799656
10.3403869933
10.3261543852
10.2965440221
10.3096925491
10.3455979151
10.2738735204
10.2747491535
10.3115330306
10.2814214446
10.2517129036
10.2598759131
10.2945927508
10.3228691487
10.3293731751
10.3338308695
10.3826880709
10.410162235
10.4087164656
10.3794427709
10.3744501538
10.4189586019
10.3696413624
10.387636117
10.381073235
10.3452733802
10.3305600972
10.3385321579
10.3531995048
10.3532079456
10.3906213081
10.3406884434
10.3266858184
10.357811134
10.2999293655
10.3284712551
10.3507568165
10.3654051614
10.342217135
10.3276728296
10.3539227375
10.3603894949
10.3672381704
10.3381915968
10.3665111601
10.3313013018
10.3413119161
10.3428475607
10.3196757152
10.2994312282
10.3005976098
10.301065336
10.3226994707
10.3304688524
10.3080818734
10.330026164
10.279147124
10.3209409809
10.3231831822
10.3237654725
10.3227781248
10.3670868829
10.3502513662
10.3717624247
10.3753670695
10.4081058439
10.413011659
10.4331372422
10.4187624294
10.4419897361
10.4056485603
10.3922704688
10.4069578113
10.3701175449
10.387130893
10.3826095277
10.3534970472
10.385142469
10.3943687671
10.4165685797
10.3865641207
10.4087380295
10.3876617385
10.4164854162
10.3948979111
10.3946093469
10.4019938012
10.4298522167
10.4224133727
10.4209424474
10.4107349024
10.4094840519
10.3934915712
10.4234514816
10.40759056
10.4373415963
10.3898824168
10.4042712389
10.389736579
10.3815155746
10.4088980693
10.4082219414
10.3781396736
10.3993900964
10.3697785845
10.3718662961
10.326564278
10.3640847373
10.371304799
10.3575219864
10.3307166041
10.3312379595
10.3687784097
10.3335341396
10.3395124084
10.3020519718
10.3534767059
10.348357425
10.3489841068
10.3342452774
10.3209255585
10.3362071834
10.2922826054
10.2787115945
10.3371396121
10.3076385501
10.3529856795
10.3468146342
10.3177698049
10.3036756239
10.3386075437
10.3182602925
10.3261092687
10.3053800095
10.3206449248
10.2980524838
10.2989845062
10.3118685539
10.3255193936
10.2870467899
10.3015706759
10.2697290369
10.2406509677
10.2562067342
10.2709819712
10.2363373382
10.207820648
10.2150366445
10.2249648506
10.1968332265
10.2183238466
10.2091172029
10.2677149508
10.2643145678
10.3132392097
10.281440755
10.3021269026
10.3259630869
10.2757179799
10.3066541242
10.2800238676
10.2739033505
10.2465176951
10.2258525561
10.2252614059
10.2331466285
10.2249414547
10.2187097579
10.2054390047
10.1906754794
10.1763318021
10.1765363826
10.1413480879
10.1716261123
10.2065233098
10.2777851763
10.3206232246
10.3558909704
10.3314942809
10.301973318
10.3557624184
10.3323919306
10.3480235322
10.305679181
10.3266918678
10.3089614689
10.2943915395
10.3078661334
10.2792496672
10.2437638999
10.2252433883
10.1839391629
10.1773610027
10.1690952237
10.1893717888
10.2017362823
10.2144640676
10.2571963397
10.2189079197
10.2633895166
10.263245904
10.2393279103
10.2681004536
10.2532451337
10.2830051197
10.2386317939
10.2621644824
10.2479016892
10.2360570971
10.2161660296
10.1866776305
10.1653201934
10.1649457471
10.134162992
10.120774854
10.1562740911
10.1782902215
10.1629098689
10.1901441518
10.2379854192
10.2210254743
10.2501329446
10.2633918932
10.2583199852
10.27390953
10.2557021888
10.2555322586
10.2289862242
10.1933207808
10.2160298638
10.1493119903
10.1134221078
10.1345460108
10.1276280134
10.109940681
10.0999160986
10.1635516672
10.1543786283
10.2051631063
10.2016276333
10.1782572766
10.1729207991
10.1524545951
10.1676039936
10.1588465292
10.1587104305
10.1472412814
10.1745584065
10.1816367316
10.1806483146
10.160658412
10.1776282056
10.1440288377
10.1598315484
10.0883405903
10.0832259785
10.1142235535
10.1207837423
10.097494761
10.1177746024
10.1078865454
10.1496472527
10.1780419606
10.1768032028
10.2066251386
10.2047155281
10.2537595956
10.2819462156
10.2441248125
10.2795578295
10.2579098577
10.2795984026
10.2521379884
10.2984605269
10.2929657949
10.2223470524
10.2379974115
10.1755195523
10.1851592351
10.1958664409
10.1531754894
10.1768251112
10.169671568
10.1909248889
10.1875305162
10.2010320027
10.2266415772
10.239304597
10.2308343378
10.2868764339
10.2323949151
10.2659263083
10.2479075225
10.2627936518
10.2475689088
10.1968593078
10.1859267908
10.1646109263
10.1222170233
10.0801034232
10.0748355371
10.0887740183
10.1030899034
10.0927022399
10.0775122683
10.0848405419
10.0919137764
10.1065783452
10.0800564978
10.1097958171
10.0796890329
10.1021736197
10.1022741744
10.092088668
10.1428678907
10.1347182738
10.1498248067
10.1559166756
10.1785084695
10.1654317898
10.1283187624
10.2025578369
10.1742286732
10.1651647844
10.1218625608
10.1441835642
10.1360958556
10.1559276483
10.1465459078
10.1745086625
10.2014489234
10.1614827702
10.1161895531
10.1016623576
10.140383337
10.1335812987
10.1269766516
10.1413443773
10.1337198031
10.1704239548
10.0916148781
10.1142678808
10.1429980089
10.1278916478
10.1629705027
10.1830371098
10.1578232495
10.1858462378
10.1759385189
10.1903939079
10.2488169306
10.274895285
10.323557172
10.3362949371
10.3297232065
10.3595752698
10.2934191375
10.284094171
10.2573306848
10.2372330533
10.2333625283
10.2349162759
10.2226133104
10.2439579482
10.231091687
10.2517065965
10.2741223365
10.2500160506
10.2633224672
10.2903149263
10.2605770204
10.295928431
10.3148279423
10.3039499278
10.3235629381
10.3659144538
10.305226502
10.3420797547
10.2846220097
10.2716116888
10.2727137901
10.2708024805
10.2498664488
10.2252259237
10.2615890537
10.2739889892
10.3103649906
10.2942813779
10.2863757943
10.3245900494
10.2738602233
10.3117797635
10.3034323776
10.2952512038
10.2722425844
10.3370861788
10.3379286984
10.3476984448
10.3280987551
10.3368477008
10.2880709498
10.274332817
10.2745825936
10.312180044
10.2754223946
10.2896019667
10.3022659805
10.2868172572
10.2792952265
10.2847422545
10.276705495
10.2966771027
10.29439273
10.3264829064
10.3300681666
10.3424743101
10.3407628535
10.3095524704
10.3254726845
10.2558618408
10.2234774139
10.2135334696
10.1875058589
10.1760472319
10.1981581403
10.1772004978
10.1766347378
10.1479899658
10.2144800068
10.1786514399
10.1890169766
10.1762256053
10.1773488517
10.249500423
10.2258172072
10.2440940476
10.2706088132
10.3259566408
10.3452002716
10.3357204843
10.3300434296
10.3379083911
10.2456371705
10.2529044857
10.2395156535
10.2755086416
10.2585163311
10.3221619923
10.3063274781
10.3202094213
10.3338127731
10.3564690574
10.3361975332
10.3082121842
10.3234755551
10.3005870727
10.2706708607
10.2336536956
10.201070405
10.1874042098
10.1551047169
10.1431410049
10.168912541
10.203466633
10.207739916
10.2069697603
10.2263291986
10.2180083952
10.234845353
10.2078689082
10.2238431418
10.2329184704
10.2616703415
10.2421538821
10.2878813671
10.2682580299
10.2630993808
10.259925666
10.228297098
10.2028859497
10.1847621729
10.1573279657
10.1657916879
10.1264597546
10.18239831
10.1948427327
10.2317860072
10.2486107449
10.296128939
10.237488856
10.3150701982
10.2778815334
10.2977126195
10.2748708233
10.2525131264
10.2253480675
10.2293531964
10.2305839244
10.2321816214
10.1956998498
10.2092099679
10.2236254441
10.2362959283
10.2500443832
10.2043152046
10.2354263743
10.1681621845
10.2351037046
10.2058097563
10.1983266931
10.1838083215
10.1916043986
10.1828725995
10.1683177096
10.1971773376
10.1905032989
10.21142414
10.211575505
10.21941067
10.1958593701
10.1812945644
10.2235588177
10.1964806872
10.225679636
10.2327312452
10.2471033808
10.2447933429
10.2222271858
10.2072704601
10.2167538272
10.2174840289
10.1880085956
10.1878514056
10.1738504813
10.1747301672
10.145029751
10.1528476383
10.1599529924
10.1299472073
10.1581785784
10.0481573098
10.0997669087
10.1286481008
10.0954967633
10.0493914682
10.0916082232
10.0465902726
10.0383530798
10.0865438714
10.0399661628
10.0909183968
10.082694129
10.0696956151
10.0768760439
10.0415659544
10.0346410423
10.0154776917
10.0256726765
10.0129512433
9.97880715778
10.0366974337
