3.3201452554
3.30150472845
3.32667591958
3.26841644584
3.27378343448
3.21463072182
3.27633941866
3.32562124389
3.3203914558
3.41662832074
3.3594492629
3.35869306526
3.29466490963
3.36610020029
3.38684935973
3.31157723005
3.39725788743
3.33682319839
3.43433623055
3.31878534862
3.32387696686
3.29573893549
3.23574178283
3.29918764514
3.28838606361
3.31805084539
3.32726831581
3.32369822138
3.33247697249
3.37030110457
3.33901835944
3.30716520926
3.38823477351
3.3260979606
3.31999012107
3.33759026008
3.3497740539
3.26821302556
3.27148368778
3.32229922017
3.32938037471
3.27592579147
3.28315035604
3.32381563691
3.3014182607
3.3487720807
3.30547419228
3.3247259744
3.36516166648
3.30590646173
3.33484949898
3.34950423943
3.29821960456
3.31242413477
3.28047020234
3.26964655429
3.32018844629
3.34975191893
3.2962045975
3.36682195304
3.3344895426
3.34254754249
3.33872827692
3.3285272926
3.27624855465
3.32838385536
3.28682582135
3.2662372276
3.29024268385
3.31454846935
3.23255431842
3.23411501658
3.33882078633
3.26656217734
3.31248782905
3.3609840052
3.38444316866
3.26690128328
3.2970097637
3.32672356234
3.26256057466
3.29192631924
3.2835038091
3.31241069089
3.29064787322
3.28027619263
3.25218045941
3.31746035813
3.27639178327
3.29639531455
3.31760206536
3.32573814603
3.33457729537
3.35683369789
3.26133737514
3.31562821757
3.29361211618
3.29370113334
3.2835169547
3.33536228199
3.32640290362
3.2706101127
3.35365184897
3.28124582692
3.28258432397
3.34600601963
3.33743201461
3.3459594327
3.31421990476
3.33521017815
3.27344754702
3.28569869568
3.29614644507
3.3181065322
3.33770766698
3.3273902636
3.29712649849
3.24596815223
3.33069024096
3.32002684286
3.34928673741
3.32564733744
3.30335905355
3.31291534185
3.30410514077
3.33317538507
3.35674050767
3.33524763608
3.3153854827
3.35640010968
3.27350224907
3.31299329946
3.31389419872
3.34499790374
3.31670711263
3.24526491304
3.34186967138
3.29121471828
3.25106213195
3.32388942255
3.24805868042
3.33748975466
3.27413546822
3.27153165716
3.25308516395
3.26397128973
3.29369088662
3.28278186133
3.27275456111
3.28680349135
3.25365196332
3.26400284881
3.25745486163
3.32876670864
3.29564293626
3.29798851194
3.30686701271
3.24571678499
3.26704488635
3.28609894698
3.24353910174
3.27261269039
3.22472614804
3.23453893468
3.25577641158
3.34888343685
3.29774385356
3.26598467923
3.28479445207
3.29203457155
3.28225526702
3.27346754717
3.32592689175
3.29589767458
3.32420603914
3.35661064041
3.2659374266
3.35820690065
3.25486784266
3.33840066602
3.27885695182
3.30723639272
3.28502610067
3.32666303485
3.28852993412
3.3258818718
3.26383774926
3.30314625638
3.27363836614
3.29508623091
3.28508789254
3.35655509881
3.29519413372
3.37839358415
3.33652130753
3.37856144676
3.35843447839
3.27409712686
3.32916108828
3.35934558311
3.30969597815
3.31989200378
3.32922188368
3.32991564392
3.31940287396
3.26683447129
3.36132165607
3.30886851014
3.3197472684
3.26977696393
3.26586293459
3.31259137744
3.34212473294
3.26901182521
3.28869877566
3.2894378786
3.26682392947
3.31799951984
3.31814413299
3.3176902153
3.27639893291
3.3194417668
3.31799906781
3.30015519739
3.26041121981
3.31191971092
3.30102747772
3.33334419696
3.31101059052
3.25819547013
3.30019348128
3.29984666717
3.28941284474
3.26782486646
3.34071139298
3.28827864175
3.30884560084
3.32115238629
3.32089620368
3.31969956375
3.37008858739
3.29862592858
3.28566144438
3.27607008024
3.30900096713
3.34901664143
3.29639029443
3.28616154741
3.31775280213
3.32873775992
3.38953526342
3.29865822775
3.23600330254
3.29999623901
3.30060255564
3.33424514357
3.31233325772
3.33079318508
3.32826207127
3.31956914239
3.30684123828
3.25341127419
3.26647141611
3.25838076708
3.3034061469
3.26263584194
3.27403513492
3.29465442756
3.29420900595
3.33576863368
3.33526445537
3.2669722163
3.2790069349
3.30051770926
3.27928714129
3.29746396993
3.30565722014
3.24452622101
3.29475926753
3.30753787068
3.30565402568
3.32590396551
3.30615823118
3.27188884725
3.30466535349
3.29481002096
3.30488440094
3.30684463046
3.31643643302
3.27324736508
3.29756295183
3.34790181036
3.31957502577
3.33131629687
3.29953708816
3.25678188993
3.3388511784
3.27760419865
3.32947551033
3.28589626024
3.3447183424
3.35480617012
3.3868047148
3.27908198002
3.30368655544
3.24018370249
3.30369178474
3.26297821793
3.30169671749
3.3295979851
3.33259669359
3.3176276219
3.32593408968
3.3444107885
3.35117891974
3.31874359238
3.35835277824
3.29876207979
3.3866820896
3.26217594797
3.27569568668
3.28982546733
3.29310048631
3.31393434036
3.32589538586
3.30756371799
3.26640567394
3.31652470367
3.3372954912
3.28379559245
3.30099513026
3.29590847071
3.37813101127
3.3589764907
3.33898067414
3.35915872527
3.35866283642
3.37696220511
3.29562257912
3.30737733218
3.30710402815
3.28857699371
3.3203712509
3.29161919474
3.28814593046
3.32047784104
3.25714434038
3.29008372287
3.31045341251
3.29759922635
3.33828125899
3.23636814166
3.3068330645
3.34834211635
3.3271153382
3.29646509228
3.34696125097
3.31617659736
3.30370479396
3.28543682084
3.27547739547
3.37697011099
3.38519890266
3.35775957615
3.336003161
3.35677602849
3.38157496042
3.36063861475
3.37248938237
3.27999432911
3.2986116141
3.402297979
3.34110610945
3.31958554743
3.32821225613
3.3602120652
3.29722415458
3.28647331288
3.3176159173
3.33916464622
3.34994828695
3.35911838252
3.2944606547
3.25439260605
3.36878276666
3.34770634827
3.34972548438
3.30958311054
3.36250933476
3.30095961647
3.31141712632
3.3111135412
3.32090756488
3.29035046136
3.34331880664
3.33348440551
3.25842183071
3.34177724189
3.2614051186
3.33320933068
3.32314362387
3.34469604007
3.30153564544
3.23984860388
3.30156430516
3.26949997215
3.25105715262
3.32192329605
3.34206005207
3.26986405054
3.29849152089
3.2684876055
3.27956409181
3.27999269413
3.29876804001
3.31312785491
3.25999925968
3.31076052845
3.3015752481
3.31189632516
3.3132679478
3.30375540849
3.28209346857
3.29427310245
3.3235551179
3.31323929464
3.32053016099
3.32067474694
3.30950922332
3.32913402884
3.32829935634
3.27663433401
3.31683960385
3.23538723905
3.29535908995
3.33859597821
3.36987388734
3.28541852304
3.3064765078
3.31845348213
3.26476687637
3.3075865643
3.29887437584
3.34927488338
3.3311270302
3.32958837137
3.31695934006
3.28530724212
3.32733965303
3.26580295107
3.27517574699
3.32680283919
3.22196227114
3.31503629353
3.30795433044
3.28463608201
3.35466181992
3.31431885946
3.30344008104
3.31355113759
3.31675713957
3.35572365498
3.32717704863
3.30439321178
3.34785473061
3.33894274772
3.34037891446
3.3090454159
3.30154307162
3.29001136901
3.3330104947
3.31038312502
3.31007460183
3.31033241238
3.28748404503
3.37014987607
3.33678351873
3.40151969468
3.31768366992
3.35929897602
3.32945679519
3.28616478313
3.30855598395
3.28710122384
3.29006691765
3.37156345628
3.3529616718
3.3322038528
3.33199347852
3.37555347283
3.29318180234
3.27146383456
3.27209512364
3.32475173767
3.35487944391
3.32369517703
3.30462400154
3.32267463706
3.30321933522
3.26933775133
3.30120805013
3.31173909022
3.29148098364
3.25692484091
3.30949447696
3.27851282575
3.31264484564
3.26927695546
3.269316157
3.34314973128
3.26919928592
3.27052018232
3.28029785234
3.31377579275
3.3143898513
3.30096329624
3.32176272333
3.32317517545
3.27127682495
3.27729488004
3.27804387317
3.28852347675
3.25462553919
3.24483761589
3.29826120467
3.30659339248
3.36005730432
3.26371771091
3.30466782098
3.3032558073
3.2737058096
3.27197100283
3.27255526654
3.30585261392
3.2764476542
3.34797244124
3.30559318246
3.29693740937
3.33836346286
3.36083558207
3.3376926049
3.32819514127
3.3076449677
3.29664935899
3.25568822788
3.31856415076
3.32547376948
3.30507961105
3.33668479274
3.35611305577
3.32433432629
3.28613922002
3.28303979505
3.36779873744
3.30730718053
3.32560333414
3.30455217672
3.33692649033
3.29766828461
3.30814534962
3.33005445225
3.28953951051
3.29068430695
3.32254801255
3.34219082996
3.329706371
3.29865898895
3.30999985181
3.36168488131
3.33929002041
3.27646633557
3.30033374468
3.31830149062
3.27896803549
3.37290981794
3.32927663356
3.30822136403
3.27822767473
3.36995740838
3.25862280104
3.27044332179
3.31046268338
3.36449575605
3.3024663597
3.32352439885
3.29254729818
3.26174379971
3.26226027047
3.29299463627
3.34737703441
3.30613283177
3.31264146752
3.27209626532
3.35435893211
3.28360793355
3.33642158949
3.31899245539
3.28956263233
3.29883811231
3.28453799895
3.31119774252
3.31977867008
3.33718251601
3.29414670015
3.32661228095
3.30818740222
3.27557884279
3.30634885915
3.28877789512
3.32241401255
3.34364941651
3.29395898911
3.33512395568
3.23114921106
3.30173179718
3.34466548404
3.23784054701
3.31108296501
3.33884586975
3.28747671079
3.31624427403
3.2738103268
3.29457791987
3.27335321465
3.31685524722
3.32607034961
3.30613745624
3.29443462596
3.27460672245
3.31420406835
3.30699947673
3.31696142706
3.3151563525
3.39913077389
3.29581582817
3.24369238149
3.253866327
3.34935781375
3.2981340357
3.27022367009
3.2366198523
3.32959701078
3.31745085901
3.26232442643
3.29409132251
3.29391685705
3.25174764598
3.25156498658
3.27315950367
3.35607252186
3.27437789439
3.30467882187
3.34800300384
3.2348290655
3.30923217073
3.3076382518
3.28809677777
3.29939805813
3.26892179142
3.23833732679
3.20711018469
3.26977900967
3.32080173548
3.2891120569
3.26766302982
3.29621369081
3.2369719202
3.28669585691
3.27853860018
3.2999880521
3.30032878599
3.32019702615
3.26706858081
3.2985282045
3.24963446082
3.28111455731
3.24999035229
3.26115184847
3.26960494138
3.31185419707
3.22789485792
3.23849739216
3.30166630396
3.32138835743
3.27986793781
3.2599705723
3.27119708247
3.29216238343
3.22035611201
3.26214707964
3.29211180709
3.27040088454
3.31146738647
3.27969072992
3.25889867463
3.25427412016
3.26649665645
3.29733525795
3.28638990985
3.31687637546
3.33708789511
3.28545022029
3.2890795572
3.29934668637
3.28769651896
3.26730199318
3.26821060716
3.28783501813
3.25609180291
3.26678021423
3.32922879261
3.32933382326
3.23274377751
3.34801279806
3.35628704857
3.33661036501
3.36549603698
3.25149678896
3.30577174335
3.35636424593
3.30426992459
3.32647352794
3.32491118824
3.31546809734
3.29565044712
3.31656385952
3.27653263031
3.30687182151
3.30668641968
3.2963624231
3.29905735144
3.32835936704
3.27948197046
3.3413871418
3.31015225778
3.3203646713
3.30832274163
3.3219772988
3.3079314314
3.2241101258
3.32653273665
3.31571769378
3.29580030749
3.262749698
3.32516478066
3.31608577518
3.27517203955
3.22727475385
3.34081391273
3.34229538842
3.32285849301
3.26196040029
3.29182247216
3.30151355173
3.31125889491
3.3020986006
3.29297956059
3.30319609982
3.29507315819
3.32707780325
3.30431563528
3.25891085846
3.2574298212
3.26713756359
3.28847433109
3.33336260996
3.33182189836
3.3307898065
3.29694743774
3.25764709034
3.2895426909
3.27939241922
3.25093737515
3.31517626814
3.20050418472
3.29223349353
3.24210594053
3.27268879785
3.25372421297
3.27276597457
3.31272002706
3.33311824012
3.35266628016
3.29194143311
3.3119257902
3.26072453069
3.28831340841
3.34040500092
3.3325847908
3.29759027168
3.3600033086
3.36071913536
3.35145623328
3.27640023808
3.25737848366
3.29687332387
3.25704511073
3.28699140455
3.3096232809
3.30832722064
3.32869609089
3.30673667326
3.31746764407
3.28793108051
3.24439061416
3.30908722122
3.30654633336
3.3578330346
3.3402301756
3.29516466165
3.30527939188
3.30468860296
3.27261080861
3.30441530549
3.33428234965
3.30359860099
3.18835653031
3.31549678426
3.28484649051
3.30475073776
3.26435381582
3.29479000722
3.33770447252
3.35732357531
3.39040960356
3.2745346501
3.30761423505
3.31801458896
3.28632167514
3.32079438811
3.33027187175
3.31976613343
3.34217579507
3.37319335509
3.30073211374
3.33222683389
3.34022281464
3.32080962729
3.33166065004
3.35166214215
3.37392303774
3.3616024508
3.35986594778
3.36966042349
3.28712156692
3.27856388835
3.24794592801
3.28191126823
3.38601757589
3.33498621771
3.30359845553
3.3140780591
3.28460569015
3.29208841523
3.23205362754
3.28211743797
3.28505097547
3.3250347956
3.29439889445
3.2833113735
3.2953296359
3.33743717076
3.28335304252
3.31338228688
3.29304329614
3.29122639475
3.30210722594
3.29243250004
3.25830818128
3.35211102612
3.3015985926
3.34487583111
3.25010194192
3.321110231
3.24042223012
3.27106883659
3.26284532591
3.35260413832
3.3125945372
3.32139537546
3.2191075901
3.3020427156
3.26136269494
3.28059533005
3.31280060253
3.28010429079
3.28892471796
3.26729786747
3.27826614227
3.29751221153
3.40120558087
3.31648336241
3.35707433216
3.30591265515
3.28651671192
3.2831659741
3.29736233099
3.38898176659
3.37068928667
3.27659222655
3.32833490482
3.33907067084
3.32993774466
3.30695282837
3.3390085562
3.3282625369
3.38058994175
3.36740803804
3.37936787735
3.34598309997
3.32544686696
3.27432237295
3.28315416133
3.2937890632
3.29524317778
3.33701365243
3.28408084861
3.27124299595
3.3567471079
3.35819510148
3.35810719225
3.33745647683
3.25557870416
3.38120236579
3.36236809973
3.34085810672
3.34152608597
3.42362930859
3.2972228494
3.35248778116
3.4044845691
3.34327877259
3.31218852891
3.32259784176
3.30930978588
3.38016820099
3.31896449101
3.27810839055
3.3089335307
3.26604802725
3.34928177215
3.32905758612
3.28706073026
3.33238976761
3.33101135874
3.29200434317
3.34556510531
3.28878820816
3.2782869629
3.30946018431
3.31623891603
3.36958924951
3.28089581857
3.27894039081
3.35258408378
3.323072822
3.32584301058
3.30605485306
3.33911605877
3.36108845195
3.2760072093
3.26472803625
3.266039145
3.31496555141
3.27334334998
3.36480426564
3.35375916788
3.25694313121
3.31919311432
3.28603356943
3.37265472872
3.27896553331
3.28121955327
3.32211043446
3.36472454332
3.34415231683
3.28539472438
3.31532837901
3.30600254015
3.35565087369
3.30320381454
3.36195773332
3.31164140693
3.35264417988
3.34087441256
3.28740928094
3.36140264231
3.31801265842
3.3799619764
3.27845742045
3.31836651119
3.31974009109
3.34939100077
3.25505868945
3.2961631079
3.32635582387
3.3359292064
3.33745967128
3.33893745969
3.28753305438
3.34915352626
3.34210263876
3.30064915617
3.35125925939
3.35343449532
3.37404644763
3.33129739761
3.41315466371
3.28659791932
3.35829628136
3.34479865699
3.28311570035
3.35725409971
3.33537892419
3.29504252974
3.35917031186
3.39987942411
3.31865007553
3.33105111832
3.37971562927
3.29831427925
3.34995228339
3.2986671693
3.29708481586
3.36317122019
3.30895591295
3.33151383423
3.33079478582
3.28879513314
3.35303611266
3.3217786965
3.29081141069
3.36382088147
3.31053182965
3.312217168
3.33237391761
3.32068053482
3.25927045081
3.3197219732
3.29935033332
3.3640226576
3.34239258545
3.32079852039
3.28206606667
3.33425035658
3.30341337599
3.33566601675
3.30323932177
3.33720466198
3.29388528881
3.29508366578
3.27474057652
3.30476322768
3.30335942153
3.30285269764
3.37735726894
3.3550840537
3.28152605134
3.29168160402
3.34452537052
3.3429981001
3.31403407595
3.31523889623
3.25264286401
3.28441458906
3.35752538962
3.36741421787
3.40583891996
3.30828791965
3.3084648254
3.34168249828
3.37328441752
3.31297095587
3.38449574291
3.33240258389
3.39366552979
3.38357772927
3.35998860351
3.29641445451
3.28687822778
3.37919911771
3.29587312041
3.34747640906
3.36880083674
3.33833116322
3.35955850954
3.3402809084
3.37224635193
3.34126224683
3.41427700564
3.37268872476
3.35192080236
3.33531320875
3.38840455972
3.35610171306
3.3019684523
3.36178097089
3.4212130814
3.39078667766
3.36757677704
3.33598844184
3.3649255841
3.31391468513
3.32868921618
3.32909942567
3.33004519545
3.3408896794
3.38200356321
3.31874310273
3.32005950606
3.36537636006
3.3859146524
3.34445140232
3.32282788259
3.33340591001
3.23754634842
3.34465934287
3.33431455119
3.30548983857
3.38750931846
3.37752411913
3.35535754888
3.34297521466
3.36079535686
3.30894695125
3.37917410448
3.34205844476
3.31210235625
3.29330491666
3.28411596263
3.34864016357
3.37132514826
3.34212035032
3.38174301158
3.32888448512
3.35407459344
3.39194484302
3.35102979518
3.36092724877
3.34105162045
3.28077910394
3.31526749453
3.28492400053
3.3154357951
3.29328761768
3.36635636518
3.33588228753
3.35772759714
3.25339697465
3.28302095461
3.31436085568
3.36201617427
3.37245575692
3.33017005572
3.31944818947
3.35108555466
3.29884774826
3.38137589953
3.34173613044
3.30143686459
3.40431708042
3.37595519281
3.3752295784
3.39662833127
3.31197731186
3.35487495787
3.30207903888
3.27257722885
3.35601894852
3.35355698099
3.34523622545
3.28558308518
3.349099599
3.32858498049
3.32854737969
3.40015832533
3.3592703299
3.37310180641
3.37348667334
3.31944176024
3.32003912876
3.34332908056
3.35416168328
3.34411066844
3.35219440853
3.3323444113
3.32287689241
3.38444706289
3.37524993554
3.35187283215
3.3529988548
3.3528252662
3.35065167838
3.37013801501
3.38197982093
3.39387064323
3.36021012809
3.37465518393
3.34161685329
3.32140201649
3.30011600242
3.35113950958
3.37394332642
3.30309063074
3.34478842174
3.32481386591
3.27263485699
3.30191637962
3.35715763052
3.30544597344
3.28531256176
3.32437340252
3.3447075507
3.34455675251
3.30324592856
3.36288600728
3.38448055157
3.26778071326
3.31990092469
3.3738481817
3.36235124621
3.35424013798
3.331201301
3.29261279093
3.35435332835
3.3105260896
3.32332229339
3.35456901784
3.40476647128
3.28009881911
3.36398099513
3.31056690548
3.33383040022
3.33315872011
3.33330700693
3.26080951384
3.36457788443
3.35368694985
3.31062744657
3.35254667368
3.33073890083
3.34197598002
3.33122632783
3.3276517136
3.32971136346
3.28713426049
3.32983798141
3.34899454772
3.33089900792
3.36263610214
3.37308908517
3.38468773138
3.33393130517
3.3543704704
3.2810826961
3.3652884438
3.30272990326
3.32170634217
3.36406026542
3.32066660785
3.34183167604
3.27998452082
3.26827307176
3.2973981952
3.31096451381
3.37265524264
3.3625555881
3.32066615582
3.33917231635
3.3083047394
3.34001560763
3.32384729446
3.28083470744
3.34403462683
3.35298698717
3.31374553275
3.29183718428
3.27222130315
3.33307002572
3.3018645117
3.34190232052
3.34258913103
3.28181566491
3.33232246749
3.34296011178
3.33090590325
3.29060871034
3.32328502193
3.32109185879
3.32165203776
3.28131679859
3.35417844818
3.32373041635
3.31168508794
3.34430631652
3.34518513566
3.30082185739
3.36502360818
3.31342194045
3.32390927234
3.34572855629
3.3045966198
3.26183134538
3.25975778216
3.25164828827
3.27112647175
3.26119187596
3.35173523657
3.3099540566
3.29970902115
3.31857272828
3.34302356536
3.29954728658
3.39339706128
3.32146089588
3.33076465462
3.26874743459
3.35458294481
3.38480253609
3.34353334742
3.31377582698
3.33135984111
3.35352846413
3.38429962921
3.3316822575
3.32126396278
3.2763601698
3.30957462103
3.34837896345
3.30908884916
3.3678342517
3.32690947059
3.33936610281
3.32644898689
3.39827896637
3.38973957154
3.35839599679
3.35988114616
3.35222918925
3.33136188732
3.35535592798
3.30155406547
3.41658365471
3.35380048362
3.31254922215
3.37446060574
3.31121695095
3.26874250356
3.28262136196
3.33026530575
3.32156418995
3.30247135919
3.34294301756
3.32055343765
3.33260191972
3.35226840439
3.41470880242
3.40537523524
3.35140669307
3.25825631336
3.30259300484
3.30229517337
3.29245005332
3.33706987072
3.31603554619
3.36952885831
3.32636385875
3.33799445741
3.32633036303
3.30569924356
3.27523000848
3.33752904221
3.33789839502
3.36719222371
3.31567095435
3.33616362905
3.33594635944
3.35546572617
3.35535750106
3.35795397835
3.30295947189
3.3551229667
3.33433617224
3.36600012421
3.35532355331
3.32431301133
3.34645414351
3.30354497983
3.24274041749
3.30437962514
3.33515287674
3.29431724909
3.33729544994
3.34552954323
3.36659254107
3.36360794801
3.36390624511
3.36160358545
3.36225074239
3.30874926352
3.31946707513
3.36079183964
3.37183119735
3.31966770254
3.30703413737
3.38100418524
3.35994776043
3.32896572827
3.34062643749
3.2583524095
3.37232913897
3.35227245199
3.39455863242
3.35452736241
3.32223871457
3.34182436244
3.33179048261
3.36270671286
3.33074902484
3.34054189325
3.34953794819
3.35054343967
3.38016664104
3.32657516641
3.37982224707
3.3267909786
3.338814077
3.30574966323
3.30621906784
3.25637013409
3.35949753705
3.28809938156
3.32070344792
3.36035711677
3.37389481645
3.31072753259
3.32251570635
3.32346607402
3.32230849934
3.27011076825
3.33184106599
3.30221386437
3.37563646416
3.36478586624
3.32083810992
3.34982517262
3.24738905964
3.26692684639
3.30866710138
3.3206543018
3.3208434045
3.36231204468
3.30007754145
3.34074278856
3.29124320747
3.31180522147
3.30382035726
3.29405037476
3.33579108178
3.35841842426
3.31618699325
3.33608435876
3.33655991814
3.26284688586
3.29550814896
3.34723324019
3.33687211501
3.31707612006
3.32626877221
3.35656316088
3.34643001062
3.34429079537
3.25342882179
3.33587610905
3.36857448716
3.29426170702
3.30573078857
3.29502237709
3.27228182361
3.37511464395
3.35493417972
3.29148094285
3.29304857713
3.35515690084
3.28184382477
3.27045149511
3.30054696622
3.27970912979
3.29778144779
3.3086328379
3.31995331966
3.30795512539
3.3500900012
3.29666567186
3.31830967097
3.31965010893
3.28449293331
3.31677424739
3.34870283726
3.28638413927
3.33995799966
3.29853686407
3.2977851285
3.31085498352
3.33160462219
3.28929806066
3.29943603988
3.29857973929
3.27790892545
3.31822369182
3.36044165446
3.30701735231
3.3397284104
3.34074252065
3.34862898472
3.31964402215
3.37128826297
3.34893948534
3.36217359333
3.36205222918
3.30865368083
3.3700832928
3.26827016584
3.36330807783
3.27041142683
3.35283372805
3.29072877588
3.30344365708
3.3141422673
3.31540875019
3.31732247469
3.32569749385
3.30432935796
3.29162679641
3.32432599391
3.3434425393
3.2790838829
3.32183745319
3.27911576427
3.30265430009
3.29143358159
3.23953812343
3.33518846602
3.28382293996
3.30364792394
3.28220618675
3.30319767993
3.3050672442
3.30415899758
3.29398005258
3.34451748575
3.32349408399
3.30495314274
3.29566171021
3.28456356862
3.32525954183
3.30347388988
3.25253202105
3.28382451304
3.2644076384
3.34327507781
3.28369786789
3.30373825284
3.28397411207
3.35353163796
3.29984252083
3.2995876434
3.24835037682
3.30043781642
3.29037048167
3.29919090885
3.35298505663
3.35324648647
3.3659311208
3.34464670045
3.35466711893
3.34470227628
3.34561008447
3.26343083384
3.28287958328
3.41661311975
3.33269140203
3.39447520922
3.35161341383
3.30967912463
3.31809143589
3.3815091585
3.3615256344
3.36866395191
3.32870106318
3.31804821394
3.33704625374
3.37084942096
3.37201868618
3.37114029187
3.33171447523
3.28919749864
3.34287593766
3.3202706209
3.33106727093
3.25873760622
3.32170631545
3.32108527966
3.34043111218
3.35191088544
3.35381233108
3.35145536701
3.30035087314
3.2676663948
3.32973742642
3.35102629905
3.36116519593
3.33995348643
3.38323601953
3.30125003535
3.31326007005
3.2611387099
3.27207350258
3.34771772094
3.29374229704
3.29255048607
3.31567142701
3.30656494429
3.37707239942
3.29660674954
3.32562558452
3.30729228871
3.29519800487
3.34940301803
3.26291026108
3.33677445891
3.34599484229
3.32392928608
3.28520915202
3.35716576304
3.37789332158
3.29239853166
3.28269849039
3.31387054949
3.29413169689
3.35471480952
3.3149058222
3.30524821772
3.27399495446
3.32808724945
3.30568867408
3.33605700422
3.2734560405
3.30232783286
3.35382336202
3.30194954554
3.34495891091
3.37368888695
3.34552512195
3.35213603233
3.33947669976
3.33993111027
3.35968423
3.31999947472
3.29810136594
3.33942614405
3.30828189809
3.32890649235
3.3094818894
3.34941835484
3.3097249264
3.32187271971
3.32158098861
3.32008605158
3.33061913085
3.35025538226
3.32026825896
3.40342850785
3.30841383829
3.3286560634
3.32676921421
3.33627036512
3.28505108014
3.27528526415
3.33735596644
3.32969630841
3.31699329483
3.32543866645
3.35793233223
3.37844414033
3.34000586077
3.3384925173
3.34120087979
3.30188903915
3.24770688746
3.32292426773
3.32358775391
3.30211251443
3.25086545316
3.33420666244
3.29159814373
3.34315946121
3.29186295871
3.28320187744
3.33320439261
3.26924537669
3.26928091815
3.30046885871
3.32323105388
3.28979231501
3.26971274212
3.33384544215
3.30383015195
3.31626100318
3.34577911951
3.31632549289
3.29611479539
3.31501355116
3.31868082902
3.31703923967
3.25459066129
3.3387656965
3.36020170724
3.27562497879
3.31740569313
3.30890679846
3.32964297578
3.24540747404
3.3176226742
3.31788331185
3.35980623707
3.38043657795
3.30600323945
3.35621132713
3.32395501269
3.37803501521
3.35672530669
3.29481691369
3.3360558419
3.37677300476
3.29342402329
3.3357599851
3.29589254323
3.24368054502
3.25494902636
3.33901628848
3.33671151509
3.3071680698
3.30464154733
3.30333859174
3.30569525368
3.28453587116
3.27079392478
3.33525392455
3.34189991075
3.3751156334
3.31869038452
3.267626418
3.27732806002
3.31723921009
3.35918166603
3.29583713349
3.30773723323
3.35909788955
3.32700214079
3.30788480321
3.31976410785
3.32107475097
3.36182628641
3.35026768831
3.39346203069
3.30852044249
3.32866133782
3.32666670196
3.34811090665
3.32739683664
3.34619428983
3.31614344458
3.31568954048
3.34617396035
3.31417621062
3.34532537448
3.27187912102
3.29183894409
3.28288611813
3.43153343196
3.35920742733
3.33928347504
3.34078335717
3.27717192967
3.35068927964
3.34271420309
3.2907900852
3.33316276438
3.36471349175
3.3537162551
3.30239811092
3.26077224941
3.32294140275
3.27218460642
3.3539066086
3.31346116965
3.33399052092
3.33451228627
3.29339586389
3.26232274164
3.28023572457
3.29063109259
3.33479247203
3.32494048385
3.34797598305
3.33660937999
3.30513096615
3.34814226816
3.30705278206
3.25605167074
3.32742359322
3.29807991515
3.23505034911
3.2775211364
3.3370648506
3.27470691028
3.30763987011
3.30906579716
3.33005399762
3.31851702762
3.32815463852
3.28505141343
3.27386652492
3.28423055602
3.18928788703
3.25154447038
3.25471286453
3.37617245538
3.35538759756
3.33534980984
3.30261873097
3.29469259974
3.33614328551
3.25183620804
3.27450029508
3.24239477227
3.31447066747
3.27428298468
3.31382845562
3.30261508449
3.29216033066
3.27176913563
3.36456397763
3.322750274
3.32208019462
3.36202687255
3.30626595644
3.29949863328
3.34698403695
3.25515342555
3.27647786684
3.3062035331
3.35893778948
3.34940154915
3.32879950063
3.36935320548
3.28814386408
3.29794320299
3.27690313184
3.31876150213
3.27511358499
3.27774927742
3.32996990801
3.30875003175
3.31884281816
3.42570813264
3.2975840697
3.31720973849
3.29754484096
3.31516980727
3.3051878296
3.32511785784
3.30397806423
3.27370818514
3.32566944522
3.23072954585
3.3465436153
3.26356112151
3.25654781463
3.32089171108
3.32144281924
3.25064567219
3.29162796576
3.2787297219
3.26981935992
3.29314495571
3.29287533193
3.31263085391
3.25229412264
3.32483099436
3.32330212319
3.25178431339
3.33344465296
3.25053449989
3.30259987298
3.35543837866
3.27944140888
3.33249718417
3.40870736891
3.31574816484
3.26420203214
3.29445235608
3.27542404222
3.28785535907
3.37101258314
3.26723238571
3.37279808895
3.26918937999
3.29012121243
3.33243303478
3.39213731467
3.24759277636
3.31039805477
3.29908172592
3.34008948476
3.25733010973
3.31365644714
3.29551630868
3.2520976721
3.22904375944
3.29156181342
3.29344981131
3.32301695107
3.27242398286
3.35465513564
3.30199768862
3.39802028339
3.34343199045
3.29151490419
3.31210926518
3.33312689312
3.30097674445
3.37334117629
3.36234104732
3.33119811357
3.35006179351
3.28703017469
3.31488304144
3.31783162742
3.32630888041
3.31740347713
3.31542759719
3.29762952151
3.33934237459
3.2442170326
3.32994625434
3.28728345841
3.28657334451
3.25589616186
3.32074090585
3.34258551877
3.28895606895
3.2997821573
3.29021244845
3.35053363842
3.29974871598
3.31055349197
3.30817928377
3.33905547949
3.38041623748
3.27706693278
3.30758365885
3.31794845771
3.28730139922
3.3707214908
3.32892932007
3.35216751305
3.3003724806
3.33261901395
3.33349129428
3.37747253272
3.29593676535
3.33403993495
3.31498792006
3.32503191687
3.31447510938
3.29429051944
3.27425801271
3.24232895722
3.2946746322
3.37868341258
3.3360561853
3.30490669211
3.25160327489
3.30255294969
3.27224385546
3.26154151717
3.27044649562
3.21915159387
3.29526704203
3.26162400208
3.22135049003
3.2639405751
3.31682311832
3.24323671758
3.27612960209
3.31747151521
3.28739854905
3.2565913633
3.27811802571
3.27702802374
3.28875454848
3.34035139382
3.26749222184
3.27527530336
3.2761283823
3.30716357016
3.24372748191
3.27173677504
3.33454412638
3.24084876608
3.27201875223
3.3014253127
3.33471372556
3.28114641102
3.302324652
3.33395993066
3.31294388987
3.34546503289
3.31228775105
3.30190949085
3.34499801038
3.32335768495
3.38466320394
3.32335896997
3.29911901358
3.31238542778
3.27962169978
3.28820757244
3.31748300829
3.3109465458
3.26735839543
3.26597491876
3.33711895099
3.36752282259
3.3380925747
3.28598386077
3.35047652326
3.28597983333
3.39016656656
3.37017853579
3.27574281473
3.27444031116
3.32791858839
3.25604154276
3.29780994448
3.29969346291
3.32183137344
3.31068539794
3.34123884137
3.33262110095
3.31897634504
3.35148564763
3.33051698872
3.27982267715
3.30933392534
3.30726374726
3.30812047269
3.33817503241
3.33013820858
3.32745971201
3.26613913094
3.22970931901
3.25310347275
3.25390466314
3.30629369256
3.29456222273
3.30647061192
3.33683159469
3.34724586197
3.29580062062
3.30508679232
3.34780192883
3.29512852927
3.31545818438
3.33833967733
3.27452236863
3.27330938161
3.32423490335
3.32284132329
3.33542297272
3.31475259731
3.32479012362
3.29499211663
3.33805528
3.3387817138
3.28518253804
3.34807890654
3.28714689328
3.28676694425
3.26700969882
3.34796570914
3.33795027654
3.29603839679
3.29869204363
3.30704588673
3.30722444761
3.2946493234
3.32511535043
3.34449668361
3.36521894757
3.35271205473
3.43853363798
3.38631587956
3.36465392604
3.40563349078
3.33313344553
3.403848437
3.37408227059
3.29121745367
3.32288505213
3.31290880747
3.39538344928
3.36371586442
3.323865996
3.33337074951
3.31206552322
3.36505597581
3.34335111988
3.35445178643
3.30219467658
3.34533390874
3.34278163248
3.38308216974
3.39489245081
3.29848993421
3.35884138464
3.34827965925
3.31915695167
3.30687230073
3.33866415566
3.33118833951
3.32964106191
3.33028738587
3.34284534786
3.34244173158
3.2807014691
3.35462213322
3.39563707592
3.28160271128
3.39716883942
3.34487502579
3.28229484358
3.31361759603
3.31177379916
3.35536616766
3.33320937147
3.31215088029
3.35503349798
3.40356695263
3.31379296903
3.34005113549
3.30020051291
3.33081074493
3.31383984449
3.32545155749
3.34818394422
3.30597094028
3.32599861101
3.31807994984
3.307513232
3.33968662966
3.31719615841
3.35025412887
3.30647264406
3.29695726406
3.31657188737
3.31471577084
3.36815483294
3.32610446762
3.31453852216
3.38878599321
3.35674786603
3.37851068369
3.3044491073
3.31685064292
3.30584062802
3.33803451209
3.34753230505
3.29405612795
3.29387677913
3.32421372729
3.34512798628
3.33428718961
3.35474509061
3.38413292891
3.36283541734
3.36360926022
3.34070567356
3.33101252762
3.37296123383
3.36287385815
3.38172938494
3.30180819531
3.34205029161
3.33053904821
3.36226832287
3.33333888174
3.31167374736
3.36440430287
3.28124696267
3.34430472984
3.31182730862
3.39524820599
3.31126517941
3.3530168228
3.38311228031
3.32936850501
3.41189664267
3.32950943087
3.35170002491
3.30060620916
3.33053202361
3.28926940094
3.25875967931
3.31155603673
3.33363797379
3.29301509548
3.31531969928
3.27298947049
3.2837072821
3.29498555109
3.35508774801
3.28294938164
3.34635646725
3.33445305036
3.32435656307
3.32467199519
3.2827029595
3.29507506763
3.33392310466
3.26114526887
3.30274539018
3.31518489395
3.29585090843
3.3073323162
3.27594537617
3.3149339581
3.30666422785
3.28728173236
3.29399350689
3.2948438162
3.30480823403
3.2963690001
3.3158291445
3.28336694886
3.31297573044
3.32202988618
3.30201289357
3.30243737018
3.32123978206
3.33351788059
3.33500256434
3.35393205979
3.2915164979
3.33405264869
3.25134227645
3.42568729627
3.34253284183
3.36376293057
3.33962912636
3.3543083356
3.35206570405
3.3653831874
3.36680209643
3.32688405102
3.34551770327
3.3349240829
3.29257626707
3.29199940511
3.29181557683
3.29220209186
3.34377156249
3.30423958008
3.36428825394
3.33324663637
3.29242639309
3.36490195596
3.38488706721
3.33210456876
3.33271861371
3.30494018126
3.34693207843
3.36751903767
3.34996561989
3.36120190413
3.3292107204
3.33004951862
3.36940204968
3.308961219
3.30960596941
3.3183029731
3.34932788048
3.37078221575
3.36979190906
3.3173885989
3.35826474031
3.34689077629
3.35863044664
3.33676099757
3.33576252413
3.27459055922
3.32579272278
3.29387386618
3.30402050498
3.33420296766
3.31431918619
3.36522507514
3.31107928429
3.30944952178
3.31886602589
3.35118976316
3.31091918423
3.32089910257
3.3415118292
3.31127173135
3.33180844358
3.36356025039
3.34233220739
3.32299134716
3.36395201265
3.31036629167
3.3857389904
3.31307918801
3.37531735133
3.36334488366
3.3315575218
3.28860958141
3.34351009842
3.34226113151
3.34097737731
3.34097050917
3.35158156668
3.38063892438
3.34984726634
3.31910266085
3.29802129736
3.3290028775
3.28739662862
3.37095969884
3.35071298066
3.33145826543
3.36186549498
3.32109757868
3.31177172622
3.36393071436
3.3535156141
3.34324848493
3.31468598351
3.31149345646
3.27146269288
3.33375964008
3.33469609439
3.34491552594
3.30543987353
3.27259275656
3.34519906309
3.34610275917
3.31144607458
3.3764392281
3.38464639168
3.34113911188
3.28224830124
3.27067449117
3.36621289418
3.32426387224
3.30461290168
3.31537235512
3.30534169695
3.31792830507
3.3602000793
3.33982514243
3.33895444925
3.31013660477
3.35250939305
3.29814777641
3.3527185231
3.27699982965
3.35138574547
3.35941153466
3.36148704812
3.30828912718
3.34944351115
3.26641360828
3.2649979481
3.31495849211
3.3070843205
3.31731063379
3.31568088487
3.31619563219
3.31797573431
3.32690276568
3.33838545847
3.30415208162
3.28727113615
3.25623851405
3.31738168294
3.2854492831
3.24505570551
3.29514242904
3.30463291542
3.29444756791
3.32459769719
3.30505623676
3.30297581899
3.29306536266
3.34346591099
3.3107896266
3.41366411597
3.3316385357
3.2985184506
3.26620127934
3.3822265724
3.33756710144
3.31896083749
3.38038599718
3.33933214147
3.3520269883
3.38302293383
3.35230072419
3.36344257399
3.35225655036
3.31128230084
3.36397574134
3.36381272176
3.35343030865
3.31318212557
3.34076283653
3.36359292015
3.3710250281
3.29634530824
3.36025372063
3.32915321007
3.3289056528
3.30913207814
3.2989233655
3.36072313883
3.27638705872
3.3524922672
3.30988214774
3.32281637148
3.2833383168
3.34458169395
3.29526382741
3.34670088842
3.30530135373
3.27341311412
3.30659360401
3.27388542465
3.32449229262
3.39691583064
3.27314093817
3.26358193464
3.28280016356
3.36567316083
3.31451851545
3.35611818473
3.33370407081
3.28361574654
3.29311321017
3.27374901201
3.27312427534
3.24173366163
3.31552269472
3.32646391711
3.29621244445
3.28345222054
3.2642531013
3.30500419831
3.2534633602
3.27693768125
3.34036644934
3.33845314967
3.28477472425
3.28674519346
3.27568386474
3.26550130045
3.32651625066
3.28552983137
3.27172574316
3.33420341969
3.29304648356
3.29457824706
3.29395972264
3.29293665771
3.28288069777
3.26139981651
3.30517104803
3.30387498777
3.2840349281
3.34753680468
3.34593559278
3.24167073141
3.32567219161
3.31406622523
3.31471706945
3.24140769426
3.32424677098
3.28093807592
3.34368526713
3.33114572517
3.24881452763
3.33067179373
3.33189182598
3.29913949999
3.34022151603
3.39325039583
3.30898412064
3.27746205299
3.37259600017
3.29004734233
3.31952791883
3.2999259309
3.29017398748
3.33148691155
3.31093868822
3.35399451783
3.34316924887
3.34332209983
3.32224809454
3.33146191192
3.259158001
3.34425238269
3.27041351383
3.34220588548
3.37278304354
3.35059448867
3.33204217262
3.38222816658
3.36172333572
3.3223016312
3.38126844265
3.26977370805
3.31187514253
3.34397699166
3.31270482915
3.29135830775
3.28222694809
3.28398172124
3.35907006344
3.30678603747
3.37931503098
3.33742764445
3.27642296112
3.34832033623
3.29521482415
3.31667773741
3.27488722838
3.33661064437
3.30591299594
3.25202911416
3.28411910926
3.3373979078
3.3165326788
3.28577169902
3.31947716935
3.32954612501
3.3491873351
3.3591333057
3.32014884947
3.287143206
3.3605118443
3.28579334774
3.30536829029
3.33500125213
3.37830555665
3.39755614617
3.32519345137
3.40811703858
3.2727664402
3.35430302695
3.3231114263
3.24788461213
3.28045231765
3.30109117904
3.32268490394
3.36390335278
3.25902770891
3.29123868721
3.32305905196
3.29194670097
3.32253981157
3.34441742739
3.35486516318
3.31481185386
3.30252764135
3.35444474121
3.30219833666
3.29198723535
3.34131853603
3.35093840999
3.34005595789
3.33870814537
3.32863057094
3.36176047089
3.32965446885
3.32922634575
3.27030978132
3.30172616243
3.32661043782
3.33418792667
3.33141292929
3.33224147422
3.30150987804
3.32275872975
3.32385491676
3.29323241948
3.33358237077
3.33536085854
3.31636279155
3.29631671438
3.28036052612
3.28171583589
3.32694563428
3.33753638951
3.28945139266
3.37279673902
3.40820821552
3.42632983142
3.38578591423
3.33565920077
3.30767005112
3.25309717231
3.31213605412
3.32477617873
3.27423924542
3.27575579037
3.29106766008
3.3181408212
3.29347414474
3.28042335861
3.26816398881
3.29225409138
3.26209981576
3.31218212813
3.32212971963
3.34616751585
3.32249543955
3.30488452994
3.28833264846
3.28978548506
3.31937267278
3.31879648032
3.36574378514
3.31477119725
3.32156270722
3.21018037507
3.30568865391
3.32543806849
3.27515569641
3.24793045865
3.27759362656
3.29976666731
3.30776586315
3.30789044896
3.28384817327
3.33542119488
3.31175810045
3.29388848983
3.31505807828
3.36798560111
3.29469671889
3.27324022174
3.30451075631
3.32615314108
3.29673151853
3.27368575902
3.32692053362
3.30431191331
3.2597525279
3.33172593804
3.26792207052
3.36931923054
3.29593012646
3.32874989592
3.31717783648
3.30777802895
3.3329966015
3.30345152826
3.3135614089
3.3126199823
3.28103575921
3.32354849751
3.4074285734
3.42663624311
3.34311850903
3.34065570195
3.31125892258
3.28054988574
3.33114284035
3.33350684262
3.32213333063
3.34137250455
3.31076433187
3.32060080593
3.34219370868
3.24825317322
3.34092546859
3.32103834277
3.32113954984
3.34317819697
3.36430199725
3.31721331453
3.3176321292
3.31993846254
3.32916860638
3.33995382722
3.3299101935
3.35135309957
3.28813348596
3.33110846517
3.33980144141
3.34874687922
3.36764275626
3.3780407215
3.34873505942
3.28564496588
3.35791743385
3.28520624657
3.31781674264
3.2556864751
3.31724029848
3.37824705474
3.35111085429
3.30966311833
3.40298995177
3.29969298765
3.32154078143
3.27830390676
3.32183940785
3.27972163331
3.27753296324
3.2679092929
3.30978111093
3.30693297786
3.29894530672
3.32891255913
3.27699788598
3.34937609489
3.29385833847
3.2939371633
3.3451683295
3.37679671282
3.32485387277
3.32446945787
3.31324583345
3.30443359319
3.28199371188
3.36605483283
3.28285457661
3.31360045351
3.33582500186
3.3453252487
3.36460156483
3.30429142034
3.29367942074
3.31560119678
3.25340353362
3.33774730126
3.33534372306
3.33263246825
3.29016706448
3.33421320078
3.33492170737
3.33558649215
3.31205449514
3.34340218201
3.37348622084
3.32920055773
3.34228690547
3.33129940912
3.28924539731
3.31369287644
3.33241107997
3.27935977056
3.30976368295
3.36321373889
3.35268342268
3.28137314921
3.32098804137
3.29248517698
3.38435420199
3.28820336134
3.35033363544
3.34042641435
3.28890526769
3.33676515751
3.31896954275
3.33528108454
3.27029978504
3.31512407182
3.31738725554
3.41918594485
3.32320704469
3.30804390727
3.38932624048
3.29524300078
3.33991847592
3.34989054324
3.29881023442
3.36898211396
3.39646590939
3.39645856203
3.33850787938
3.28813923961
3.3392195734
3.38995952981
3.32248306218
3.335119849
3.28518314934
3.35104581357
3.32366658316
3.32249119036
3.33192518326
3.28778299818
3.29697150019
3.28803098028
3.2703219691
3.2799488475
3.28669938513
3.29619801763
3.27293691155
3.29494981145
3.29551204976
3.27798479393
3.26709256074
3.31263537111
3.3215166415
3.34141928144
3.30050266708
3.33190015597
3.28028456127
3.28807131647
3.29710657295
3.32909122443
3.31778308953
3.29943415503
3.33801414182
3.34648759843
3.30349711872
3.35285692922
3.3301466226
3.35370551509
3.3424338257
3.30474449848
3.32433941399
3.35639192016
3.3461403187
3.35777865271
3.33800263775
3.28442714286
3.27234313293
3.25068280735
3.30164515556
3.36214038615
3.35330562734
3.33048144024
3.35089481088
3.34156449255
3.38258201185
3.31071328286
3.33141054718
3.37257885811
3.3105771658
3.37331665588
3.36199533458
3.30166310997
3.3204070537
3.33314881678
3.28288313473
3.32584786064
3.30457078765
3.34622037738
3.33516550556
3.29438864116
3.30729070859
3.30693283969
3.24393544355
3.33765858671
3.35661130396
3.35568670368
3.29063224131
3.31384511892
3.3634747167
3.31415074978
3.30500756329
3.39814563695
3.32388632548
