-1.5789188144
-1.57945175297
-1.57980601085
-1.57791776914
-1.57732848334
-1.5762675308
-1.57355301735
-1.57242838169
-1.57138466468
-1.57151196504
-1.57312221651
-1.57489159127
-1.57735179542
-1.57995928719
-1.58094131828
-1.58242150094
-1.58163269048
-1.58183769256
-1.57997075151
-1.57924466496
-1.57719707309
-1.57587158989
-1.57532851087
-1.57384875312
-1.57419010982
-1.57356054756
-1.57432570794
-1.57528620898
-1.57537798923
-1.57559815774
-1.57574365649
-1.57587922536
-1.57551665199
-1.57510524682
-1.57388345616
-1.57296218658
-1.57195735033
-1.57178776727
-1.57227476172
-1.571215012
-1.57174167999
-1.57202125216
-1.57328036925
-1.57579056285
-1.57742733347
-1.5801347526
-1.58142804501
-1.58194185321
-1.58091433606
-1.57952995698
-1.57696581819
-1.57291791523
-1.57135325637
-1.56943094601
-1.56870589827
-1.56956489485
-1.57236471628
-1.57615123197
-1.57780441674
-1.57961017478
-1.57948715489
-1.57898391554
-1.57705195341
-1.5764641683
-1.57562749672
-1.5775492588
-1.57851825111
-1.58014014787
-1.58077549028
-1.58035003646
-1.58018864745
-1.58021273815
-1.58176341415
-1.58245215603
-1.58274849774
-1.58492030595
-1.58532486834
-1.58568214224
-1.58402367851
-1.58255879841
-1.58100218556
-1.58199562277
-1.58120799031
-1.58192380793
-1.58353005001
-1.58254630966
-1.58342071812
-1.58263984686
-1.58148779069
-1.58030356131
-1.58024228036
-1.57908365976
-1.58015551618
-1.57981876268
-1.58021804385
-1.58105879119
-1.5820879927
-1.58167746931
-1.58102047048
-1.57917583787
-1.57766547699
-1.57447908798
-1.5728749201
-1.57350341482
-1.57463666398
-1.57624496858
-1.5781263635
-1.5816780407
-1.58469315412
-1.587242776
-1.58658982177
-1.58487606716
-1.58399591919
-1.5811476705
-1.57893548061
-1.57620471839
-1.5735672371
-1.5721546702
-1.57155744521
-1.57132415949
-1.57352998828
-1.5752708816
-1.57759599626
-1.57951962779
-1.5798836211
-1.57936236351
-1.58034800341
-1.57896592541
-1.57707572269
-1.57416216314
-1.57307739622
-1.57116547048
-1.57098656547
-1.57006498402
-1.56893709616
-1.56900026622
-1.56937178681
-1.56874020442
-1.56955528088
-1.56954503404
-1.56991678949
-1.57081840326
-1.57130450429
-1.57236422112
-1.57260186472
-1.57321645877
-1.57296152613
-1.57411340592
-1.57352697751
-1.57306296538
-1.57261868625
-1.57343009131
-1.57385544106
-1.57516275854
-1.57756135902
-1.57936480941
-1.5802084901
-1.58032463173
-1.5802198967
-1.57924246252
-1.57833800341
-1.57587000852
-1.57373875497
-1.57315902614
-1.57256783067
-1.57308028216
-1.57266085234
-1.57360499283
-1.57519124899
-1.57524002148
-1.57549263479
-1.57541730505
-1.57453485515
-1.57378220181
-1.57296967009
-1.57261723836
-1.57144636241
-1.57155838484
-1.57148594813
-1.57251554034
-1.57202051972
-1.57346494787
-1.57371521402
-1.57391457501
-1.57374108776
-1.57368852921
-1.5742312007
-1.57495921974
-1.57474894911
-1.57616234646
-1.57674788027
-1.57844789937
-1.5787878985
-1.57973535439
-1.57968235271
-1.58086798172
-1.58069384131
-1.57988520719
-1.57984689428
-1.57865047256
-1.57791563442
-1.57728391525
-1.57693466998
-1.5759695335
-1.57572066263
-1.57812038978
-1.57872838783
-1.57935486615
-1.57970845466
-1.57812896376
-1.57689357437
-1.57506059277
-1.57255236906
-1.56938301843
-1.56677477377
-1.56597756677
-1.56590916522
-1.56796248445
-1.56844372427
-1.57106078854
-1.57338912303
-1.57509083367
-1.57623799364
-1.57549297823
-1.57527017938
-1.57307180598
-1.57192916507
-1.56862510468
-1.56745036264
-1.56698736081
-1.56666771778
-1.56774340626
-1.56951783455
-1.57045557278
-1.57205557973
-1.57320791911
-1.57244648398
-1.57301340366
-1.57245417399
-1.57143073014
-1.57021363446
-1.57064845627
-1.57079276103
-1.57132562242
-1.57240991144
-1.57521245819
-1.57631320575
-1.57888761922
-1.58055014807
-1.57975257962
-1.57919210078
-1.57838323979
-1.57680508967
-1.57658988016
-1.57582454127
-1.57563438463
-1.57588521632
-1.575755043
-1.57739759506
-1.57871672969
-1.57853824874
-1.579218731
-1.57920720506
-1.57861257229
-1.57772470374
-1.57697519809
-1.57663049438
-1.57580351663
-1.57342948471
-1.57266551419
-1.57123259375
-1.57205800421
-1.57257867174
-1.5738804177
-1.57548595163
-1.57742045188
-1.57884080824
-1.5812701771
-1.5817058401
-1.58186233074
-1.58213118393
-1.57977725414
-1.57771922376
-1.57680233588
-1.57500182011
-1.57627945552
-1.57588265933
-1.57653816405
-1.57936813723
-1.58083168203
-1.58295541558
-1.5837575496
-1.584184103
-1.58434617637
-1.58381095912
-1.58270189265
-1.58210703533
-1.57940248139
-1.57638479909
-1.57442657621
-1.57384036664
-1.57290243779
-1.57423650263
-1.57511467749
-1.57786917923
-1.57933739935
-1.58199977443
-1.58360758062
-1.58553824214
-1.58426621248
-1.58338491047
-1.58105511477
-1.57845347108
-1.57577362872
-1.57336375942
-1.57183528051
-1.57082393366
-1.57164034968
-1.56891996305
-1.57005069484
-1.56990217119
-1.57128278373
-1.57288543925
-1.57412400857
-1.5749891173
-1.57677057413
-1.57576310367
-1.57454142068
-1.57248210704
-1.57064468059
-1.56698351547
-1.56582642566
-1.56469144876
-1.5668711005
-1.56725772192
-1.57039766182
-1.57351044775
-1.57616331976
-1.57547516691
-1.57462493474
-1.57452278811
-1.5733167859
-1.57326445828
-1.57331218885
-1.57412504099
-1.57514270441
-1.57743102443
-1.57829955674
-1.58075439924
-1.58056375535
-1.58150893872
-1.57971223127
-1.57974170773
-1.57798799636
-1.57683227603
-1.57564877898
-1.57510839674
-1.57523672041
-1.57667603759
-1.57784673781
-1.57979372983
-1.58092970407
-1.58129970659
-1.58071194913
-1.57999610801
-1.57995827679
-1.57793614669
-1.57727045425
-1.57624483703
-1.57613012736
-1.57668819089
-1.57703338412
-1.57746320883
-1.57893615405
-1.57906100621
-1.58003457817
-1.58108301942
-1.58321159121
-1.58386678441
-1.58267492665
-1.58138931622
-1.58047357212
-1.5767471305
-1.57587266962
-1.5747258924
-1.57367348373
-1.5740796954
-1.57389863999
-1.57487863351
-1.57615813979
-1.57893477925
-1.58058904617
-1.58101522178
-1.58245785015
-1.58213880039
-1.58201260982
-1.58168561137
-1.58046941988
-1.57668115824
-1.57457586016
-1.57047963747
-1.5684424419
-1.5649709263
-1.56293086038
-1.5620720315
-1.56177632905
-1.56248426977
-1.56217773481
-1.56360532498
-1.56618162983
-1.56799229579
-1.57120107942
-1.57344665751
-1.57566904178
-1.57752340136
-1.57754017614
-1.57727284103
-1.57637953768
-1.57596760664
-1.57485089722
-1.57357872585
-1.57186127998
-1.57158110418
-1.5719893227
-1.57191531956
-1.57197295756
-1.5735551849
-1.5729092766
-1.57278553041
-1.5732423957
-1.57476331202
-1.57697017848
-1.57749632026
-1.57754072678
-1.57745352983
-1.5754536621
-1.5746211429
-1.57482759434
-1.57495022212
-1.57539930864
-1.57532052496
-1.57702578013
-1.57904121015
-1.58015981397
-1.58023780808
-1.57998530887
-1.57706825837
-1.57518244922
-1.57355918937
-1.57110566247
-1.57069872716
-1.56954404363
-1.57025865924
-1.57101389163
-1.57062778436
-1.57198867152
-1.57212482047
-1.57173436307
-1.57036121737
-1.57165065026
-1.57283271205
-1.57346707908
-1.5741608753
-1.57634500455
-1.57657291187
-1.57527318623
-1.57509281291
-1.57247577445
-1.57061821243
-1.56911247937
-1.56832280835
-1.56781586674
-1.56901097584
-1.57079156327
-1.57443380982
-1.576368351
-1.57721885225
-1.57749168233
-1.57409649722
-1.57160915733
-1.56825998862
-1.56729840306
-1.56751706149
-1.5690417204
-1.57207101264
-1.57442098237
-1.57679771127
-1.57817809036
-1.57852786397
-1.57542848147
-1.57129286997
-1.56682637124
-1.56414933344
-1.56161176782
-1.56321648865
-1.56484609116
-1.56957132556
-1.574075922
-1.57848065025
-1.58148524017
-1.58149899393
-1.57761339959
-1.57418341885
-1.5681487887
-1.56450190762
-1.56092914244
-1.56055208597
-1.56194577674
-1.56414228485
-1.56779264931
-1.57123432124
-1.57463521395
-1.57614544107
-1.57653537472
-1.57447259959
-1.57227501572
-1.57066054309
-1.56862886772
-1.56662685918
-1.56659074087
-1.56726444369
-1.56902334047
-1.57197759804
-1.5727042841
-1.57320815718
-1.5734776712
-1.57097752111
-1.56749635042
-1.56711058428
-1.56487981444
-1.56528979082
-1.56575150083
-1.56918384263
-1.57149976579
-1.57351146523
-1.57455863673
-1.57562779641
-1.57624341098
-1.57672897432
-1.57679892401
-1.57602514339
-1.57573390721
-1.57567734246
-1.57606964544
-1.57566955778
-1.57568290713
-1.5745224867
-1.57359353103
-1.57079529427
-1.56967633123
-1.56855153543
-1.56953046943
-1.58051998572
-1.58242918017
-1.58268596925
-1.58258635801
-1.58084758392
-1.57911866274
-1.5753139852
-1.57236427722
-1.56973094967
-1.56606285929
-1.56349618598
-1.56448210664
-1.56512978834
-1.56938472155
-1.5724961692
-1.5774205665
-1.57792648367
-1.57605389281
-1.57375694196
-1.56998313022
-1.56741112024
-1.56393249704
-1.56294871358
-1.56311583014
-1.5636963096
-1.56557408359
-1.56803372066
-1.5696256873
-1.5718110482
-1.57049974912
-1.56763590505
-1.56697787106
-1.5627544734
-1.56226925897
-1.56304876072
-1.56602547227
-1.56894875058
-1.57283645561
-1.57481667538
-1.57569173563
-1.57586460242
-1.57412208104
-1.57355296942
-1.57061117053
-1.56914838017
-1.56737779206
-1.56690602441
-1.56637787781
-1.56643606816
-1.56540421666
-1.56533872047
-1.56521817898
-1.56624243221
-1.56825866277
-1.57052282474
-1.57295676143
-1.57513596226
-1.57550512916
-1.57581536469
-1.57467372467
-1.57277567289
-1.57159469799
-1.57004703139
-1.56774834248
-1.56699885735
-1.56727664426
-1.56980813851
-1.57118838885
-1.57483792282
-1.57811576935
-1.58053184249
-1.58272151406
-1.58561145137
-1.58646583179
-1.5854348591
-1.58259246269
-1.58057037352
-1.57767074322
-1.57506132142
-1.57232416227
-1.57111090786
-1.57162803487
-1.57375870832
-1.57633609305
-1.57984605258
-1.58066143395
-1.58132761573
-1.58228866355
-1.58236621534
-1.58149635004
-1.57971683451
-1.57821302766
-1.5764240444
-1.57328490617
-1.56990025041
-1.5693846663
-1.56761594333
-1.56666845247
-1.56773050842
-1.57043642772
-1.57375402681
-1.57679611866
-1.58007706155
-1.58159732835
-1.58155770468
-1.57792845602
-1.57369670213
-1.56922580331
-1.56451820686
-1.56289070204
-1.56174147953
-1.56241735222
-1.56453428259
-1.56899272888
-1.57200868362
-1.57461164068
-1.57623766306
-1.57766357129
-1.57801954783
-1.57816621801
-1.57802567548
-1.57706539942
-1.57575862762
-1.57422538934
-1.57358432024
-1.57097782413
-1.57125974276
-1.57160083887
-1.57554636403
-1.58384577131
-1.59193712254
-1.60435238356
-1.61518081919
-1.61863614307
-1.620903259
-1.61716188552
-1.6060140851
-1.59490378429
-1.57736269098
-1.56159238297
-1.55335973085
-1.54525406354
-1.54362092173
-1.54926010277
-1.55570129714
-1.56546608133
-1.57614371824
-1.58323812798
-1.58851835327
-1.5894005736
-1.58674363245
-1.58152762813
-1.57304074267
-1.56369727717
-1.5586681802
-1.55384005494
-1.55134414358
-1.55302547685
-1.55494563455
-1.55844839865
-1.56416881394
-1.56694910448
-1.56962898762
-1.57101512465
-1.57093863487
-1.56792510083
-1.56683658594
-1.56750298816
-1.57032471615
-1.57600469606
-1.58183639271
-1.58980314465
-1.59482897112
-1.59630795476
-1.59431099031
-1.59116606407
-1.58316809006
-1.57659155752
-1.56712640657
-1.55981948188
-1.55669543137
-1.5548159993
-1.55567710018
-1.55830039591
-1.5610200952
-1.56550439168
-1.57026930733
-1.57334059489
-1.57860069506
-1.58248507279
-1.58662745198
-1.58808936409
-1.58545525963
-1.58180130204
-1.57908437327
-1.5736672771
-1.57196320682
-1.56888572586
-1.56677369811
-1.5650588321
-1.56525888595
-1.56432480635
-1.56387398657
-1.56547420209
-1.56713671926
-1.57065765504
-1.57413884694
-1.57967228501
-1.58302391612
-1.58605202757
-1.58813149922
-1.58924016791
-1.58995328942
-1.58918444663
-1.58628608357
-1.58401700985
-1.5813613359
-1.57957673676
-1.578809367
-1.57797171301
-1.5773025716
-1.57983596031
-1.58082419093
-1.5821901803
-1.58475076245
-1.58720182672
-1.59045530161
-1.59286469324
-1.59464177167
-1.59551214474
-1.59510800727
-1.59396799124
-1.59311827644
-1.59078531248
-1.58920548614
-1.58875496139
-1.58738304113
-1.58431989625
-1.58152923314
-1.579051655
-1.57674763199
-1.57480686106
-1.57599850381
-1.57949027323
-1.58383979128
-1.58973692261
-1.59436325706
-1.59843388653
-1.59914552153
-1.59756237975
-1.59576895391
-1.59113169961
-1.5868850271
-1.58232394439
-1.57821330016
-1.58013948578
-1.5825840395
-1.58734547507
-1.59054523575
-1.60195336933
-1.60256521366
-1.60174268408
-1.60133507939
-1.60073484074
-1.60057583156
-1.599129057
-1.59796077176
-1.59423205242
-1.59115378818
-1.58776769976
-1.58549527803
-1.5834470278
-1.5831168818
-1.58503017062
-1.58683959283
-1.59036156897
-1.59437431556
-1.59627769847
-1.59724519005
-1.59648070789
-1.59590368141
-1.5932358802
-1.59091857896
-1.5909399793
-1.59100007057
-1.59175611356
-1.5925714593
-1.58266337146
-1.58275063241
-1.58716126668
-1.59112957266
-1.59603956851
-1.59747241135
-1.59920671897
-1.60008792512
-1.5990329487
-1.59863436153
-1.59895011795
-1.59807064574
-1.59693751461
-1.5952574369
-1.59497826866
-1.59369048864
-1.59323579619
-1.59167988893
-1.59291405562
-1.59173408831
-1.59146372234
-1.59003338728
-1.58966673896
-1.58805371017
-1.58671658409
-1.58677401739
-1.58499177426
-1.58572344806
-1.58502733248
-1.58424192995
-1.58613481135
-1.5884657997
-1.58988800982
-1.59177272793
-1.59395683365
-1.59431328214
-1.59501200225
-1.59567039428
-1.59647091583
-1.59652462866
-1.59552200832
-1.5941738669
-1.59450824469
-1.59493808017
-1.59700913491
-1.5987518662
-1.59991308774
-1.60128702307
-1.59779828644
-1.59576507772
-1.59612204859
-1.59512397779
-1.59568215112
-1.59467249009
-1.59415621311
-1.59540734648
-1.59610862162
-1.59743232319
-1.59779784432
-1.59814684588
-1.59906757201
-1.59836670335
-1.5965099587
-1.59523961869
-1.59267523463
-1.59166256506
-1.59008785612
-1.59395787467
-1.59162622795
-1.5886178598
-1.58465729384
-1.58076992808
-1.57856184246
-1.57781338706
-1.57823862289
-1.58076627233
-1.58455073121
-1.58864513054
-1.59349716296
-1.59599038378
-1.59748466273
-1.59827872204
-1.59812875788
-1.59644339739
-1.59580418643
-1.5946176954
-1.59548477449
-1.59551616998
-1.59531747284
-1.59526850727
-1.59609045609
-1.59637259403
-1.59721929721
-1.59411097207
-1.59181366861
-1.58956986803
-1.58642301974
-1.58511525362
-1.58486909957
-1.58649567969
-1.58619477902
-1.58817899518
-1.58836449474
-1.58892305139
-1.59074579139
-1.59257342994
-1.59333016826
-1.59383312684
-1.59347649836
-1.59365726899
-1.59211256253
-1.59172787196
-1.58986746315
-1.58825668977
-1.58724200149
-1.58638085607
-1.58634577571
-1.58701986449
-1.58652901038
-1.58755634656
-1.58839646701
-1.58896461857
-1.5887476694
-1.58870336658
-1.59008722191
-1.58987232573
-1.59118702874
-1.5923444202
-1.59301643952
-1.59495054723
-1.59659143293
-1.5972374352
-1.598445727
-1.59960411648
-1.60146768269
-1.60195887394
-1.60268377837
-1.59514561968
-1.59662748173
-1.59826422882
-1.60258636251
-1.60492582265
-1.60717563682
-1.60740318331
-1.60877832566
-1.60782478456
-1.6084526704
-1.60683000529
-1.6051660095
-1.60473144491
-1.60457048612
-1.60383104223
-1.60333765903
-1.60343030641
-1.60406267752
-1.60461362933
-1.60447406704
-1.60416215987
-1.60431614756
-1.60171135277
-1.60109415439
-1.59875432407
-1.59633184805
-1.59480528405
-1.59325763342
-1.59322343414
-1.59450674874
-1.59658299301
-1.59813249096
-1.60114103867
-1.6037380976
-1.59785849173
-1.59500565056
-1.59317104975
-1.59309484347
-1.59262800721
-1.59304125002
-1.59448329953
-1.59542884765
-1.59697549455
-1.60056837977
-1.60213784927
-1.60375619511
-1.60353804445
-1.60423309614
-1.60298231854
-1.60100052384
-1.59781604767
-1.59645019508
-1.59517535227
-1.59453201271
-1.59504149267
-1.59678908669
-1.597744236
-1.59983983537
-1.60023574746
-1.60051156764
-1.60107195295
-1.60044889595
-1.59984065917
-1.59872698675
-1.59877857471
-1.59824728528
-1.59952175877
-1.60172236778
-1.60325107782
-1.60735340363
-1.61044299431
-1.61107414993
-1.61106291656
-1.61011342891
-1.60844261403
-1.60656869019
-1.60496500089
-1.60417615459
-1.60408778499
-1.60511821725
-1.60672856684
-1.60658683469
-1.6066905295
-1.60579806828
-1.60369472752
-1.60151290161
-1.60216039183
-1.6014074817
-1.60356456149
-1.60562076066
-1.60921766927
-1.61096490904
-1.61191096469
-1.61187802016
-1.61003655047
-1.60705342237
-1.60474269172
-1.60229627285
-1.60190278775
-1.59997638959
-1.59993820557
-1.60178615981
-1.60440850715
-1.60631551613
-1.60857784306
-1.60961639436
-1.61017738698
-1.60839368268
-1.60634182447
-1.60391625506
-1.60217051068
-1.6001437288
-1.5992587113
-1.60069464096
-1.60229418502
-1.60573543705
-1.60744007678
-1.61008257678
-1.61015752448
-1.61072634916
-1.61043090359
-1.60845150371
-1.60768682761
-1.60671686068
-1.60577312416
-1.60630145301
-1.60581591982
-1.60769720296
-1.60942163888
-1.6088642314
-1.60859644537
-1.60747516282
-1.60421633071
-1.60333646071
-1.60182903464
-1.60091332477
-1.60188671164
-1.60244697742
-1.60455666921
-1.60627421617
-1.60816030854
-1.60809137388
-1.60856613651
-1.60839033472
-1.60797124994
-1.60895288523
-1.61072557387
-1.6127394833
-1.61638612173
-1.61895421447
-1.62183130538
-1.62324861302
-1.62442184634
-1.62446392566
-1.62475056479
-1.62582222661
-1.62624686165
-1.62711192018
-1.62903510311
-1.63050085172
-1.6309548859
-1.63138830042
-1.6297801784
-1.6300352465
-1.62751122971
-1.62653812377
-1.62383767859
-1.62225225293
-1.6215132575
-1.62109817946
-1.62081641667
-1.62071589008
-1.62139301289
-1.62124856391
-1.62044544999
-1.62039776777
-1.61882176375
-1.61838610255
-1.61789818978
-1.61730683914
-1.61678177951
-1.61516738006
-1.61365468143
-1.6120519983
-1.61048171002
-1.60928759297
-1.60851272978
-1.60687651145
-1.60673930106
-1.60663023163
-1.60682640612
-1.6075825712
-1.60797260595
-1.61018095096
-1.61144853643
-1.61355894416
-1.61505154377
-1.61616116643
-1.6161986597
-1.61566942155
-1.61355705268
-1.61071330886
-1.60778355442
-1.60591327103
-1.60251780043
-1.60089535364
-1.60069116254
-1.60127836373
-1.60361988073
-1.60708656603
-1.60922998564
-1.61060187824
-1.61189485975
-1.61256155818
-1.61011977286
-1.61024009914
-1.60870062257
-1.60859642543
-1.60971820389
-1.61000662035
-1.61176128285
-1.61108429791
-1.61124970387
-1.61002796156
-1.60483320301
-1.60348924758
-1.60030737252
-1.59951814352
-1.5998378705
-1.60188820429
-1.60436894818
-1.60596053485
-1.60707062052
-1.60853282576
-1.61023831278
-1.61013623805
-1.61010982643
-1.60927941796
-1.60786524285
-1.6063131225
-1.60398934692
-1.60295391023
-1.60190022161
-1.60171601643
-1.60127146967
-1.60199572874
-1.60297848365
-1.6030510035
-1.60333293168
-1.60326906785
-1.60320028571
-1.60370573132
-1.60504288359
-1.60629915515
-1.60873085604
-1.61152972105
-1.61388940518
-1.6156216386
-1.61657635544
-1.61613676883
-1.61577345014
-1.61240267061
-1.60949114579
-1.60566382139
-1.60243209722
-1.5993903644
-1.59887126472
-1.59890055609
-1.59977602302
-1.6017451383
-1.60469899327
-1.60799403066
-1.61086462997
-1.61364130361
-1.61396008607
-1.61628505426
-1.61575042334
-1.61630710553
-1.61523659462
-1.61253440609
-1.6098054972
-1.60801677892
-1.60504418012
-1.60344235213
-1.60349995086
-1.60188124056
-1.60169965913
-1.60258611431
-1.60389502176
-1.60467093675
-1.60801253872
-1.61136166793
-1.61413024081
-1.61668120981
-1.61755351377
-1.6179590684
-1.61670871572
-1.61535515223
-1.61317600188
-1.61145264669
-1.61033556094
-1.6097607099
-1.61091838066
-1.61156399776
-1.61342792233
-1.61526978044
-1.61672256103
-1.61730089667
-1.61879887629
-1.61912233932
-1.61809043645
-1.61797121603
-1.61903238883
-1.61899957404
-1.62111946915
-1.62228845599
-1.62194472085
-1.62117742057
-1.6201186983
-1.61753568042
-1.61446916928
-1.61233227232
-1.61081908571
-1.61049419791
-1.6126345298
-1.61612409154
-1.62007738975
-1.62464546484
-1.62821250629
-1.62978040412
-1.62925271334
-1.63055309939
-1.62717444551
-1.62413961965
-1.61882729414
-1.61316205055
-1.60833543788
-1.60439084362
-1.60139501176
-1.60144069181
-1.60178173664
-1.60642084603
-1.60877426573
-1.61868849691
-1.62325381287
-1.62780586205
-1.63056320388
-1.63201340018
-1.63307109536
-1.63428489932
-1.63390567052
-1.63284406733
-1.62962578691
-1.62762603606
-1.62341655376
-1.62001340961
-1.61648318709
-1.61378590076
-1.61160999164
-1.61102966494
-1.61128860267
-1.61249724178
-1.61471963545
-1.6169645695
-1.61792244495
-1.62107325655
-1.62473820216
-1.62634929298
-1.62897657191
-1.63192833584
-1.63513566469
-1.63646009812
-1.63664545224
-1.6353326495
-1.6326431401
-1.62723370799
-1.62282026354
-1.61652591276
-1.6119017374
-1.60916544208
-1.61216254779
-1.61545492494
-1.61807408321
-1.62186127106
-1.62302778384
-1.62517340063
-1.62593720363
-1.62600895699
-1.6259203147
-1.62638199154
-1.62596700505
-1.62375878595
-1.62136870363
-1.61973595001
-1.61727173419
-1.61539052295
-1.61453705044
-1.61422292278
-1.61543900433
-1.61509091635
-1.61663832824
-1.61788204527
-1.61932701012
-1.6197650301
-1.62042314398
-1.62146192211
-1.621382834
-1.62186134338
-1.62207465716
-1.62257164535
-1.62173140281
-1.62008635187
-1.6196725552
-1.61904991674
-1.61793149801
-1.61842546659
-1.61774827831
-1.6179314497
-1.61745246266
-1.61824226518
-1.61907498129
-1.61896009504
-1.62050130186
-1.62260944939
-1.62436996644
-1.62632493641
-1.62793906153
-1.62860510661
-1.62787146774
-1.62821559135
-1.62762006239
-1.62643822461
-1.62395810553
-1.62305848854
-1.6193180479
-1.61525033018
-1.61241215468
-1.6095008684
-1.60839217069
-1.60855937653
-1.61006738141
-1.61337317999
-1.61625204775
-1.61836542607
-1.61948284088
-1.62058706679
-1.62013232543
-1.62086252048
-1.62146473839
-1.62383224237
-1.62352073095
-1.61745218908
-1.60763031772
-1.60648902279
-1.60775807883
-1.61189403041
-1.61451140985
-1.61967079989
-1.62220320207
-1.62159022512
-1.62092594412
-1.61768965699
-1.61533590813
-1.61318816071
-1.61292975684
-1.61526044095
-1.61948738409
-1.62244890194
-1.62503905641
-1.62566752995
-1.62441194601
-1.62069642269
-1.61667041684
-1.61337502661
-1.60855102356
-1.6081271781
-1.60983682155
-1.61149663882
-1.61448807861
-1.61779824699
-1.61913435039
-1.61912459393
-1.61852914484
-1.615231704
-1.61200994975
-1.60863737881
-1.60675604818
-1.60576636664
-1.60835989242
-1.60905798408
-1.61196086431
-1.61183952275
-1.61708627083
-1.62403569621
-1.62839901533
-1.63210733112
-1.6316886688
-1.62605685359
-1.62024517226
-1.61013890873
-1.60311100269
-1.59895799708
-1.59764314045
-1.59895730331
-1.60377611669
-1.60915500205
-1.61478364735
-1.62013106518
-1.62245501782
-1.6236549042
-1.62439544762
-1.62413380196
-1.62351748834
-1.62220938128
-1.62303896071
-1.62245890919
-1.62240027914
-1.62060010448
-1.61949638633
-1.6191862909
-1.61766124357
-1.61664721913
-1.61392733092
-1.61294682453
-1.61236340141
-1.61122849253
-1.61238354117
-1.61347031769
-1.61742330735
-1.62119025958
-1.62526446436
-1.62839765475
-1.62862564855
-1.62743400056
-1.62444658411
-1.62056360714
-1.61852646686
-1.61699687655
-1.61665800707
-1.61755325402
-1.61938869172
-1.6202407594
-1.6212362158
-1.62058570909
-1.61990311608
-1.61495368439
-1.61216124622
-1.60985392918
-1.60849685584
-1.60931253707
-1.61233037454
-1.61384275985
-1.61595563635
-1.61696531477
-1.61717104621
-1.61627833463
-1.61317105107
-1.61390658553
-1.61536092598
-1.61849009302
-1.6199344922
-1.61967430415
-1.61891585242
-1.61719320748
-1.61438167501
-1.61190929841
-1.60947579192
-1.60910309991
-1.60926227708
-1.60969730799
-1.61162184186
-1.61312308413
-1.61557093411
-1.61745007115
-1.6182596293
-1.61987444427
-1.62143888566
-1.62164772216
-1.6237579267
-1.62365571433
-1.62370133189
-1.62248440164
-1.62125391298
-1.62029049224
-1.62013432428
-1.6195000522
-1.6183498408
-1.6185187023
-1.61751857701
-1.61837506918
-1.61837051963
-1.61893652236
-1.61789658447
-1.61790094255
-1.61887488446
-1.61966803887
-1.62031115296
-1.62057979181
-1.61997286952
-1.62117523125
-1.62158446537
-1.62415113523
-1.62605285897
-1.6278177841
-1.62785700015
-1.62805701846
-1.62783485381
-1.62858780615
-1.62815526826
-1.62628156515
-1.62317269339
-1.62313312998
-1.62454382961
-1.62728997082
-1.62976675617
-1.63299027607
-1.63355134328
-1.63132887593
-1.62617061544
-1.62698142098
-1.62887227317
-1.63143711551
-1.63278662261
-1.6359540319
-1.6379651244
-1.63868786618
-1.63882749833
-1.63561107417
-1.63376349649
-1.6298822354
-1.6278198193
-1.6254342747
-1.62469596935
-1.62463656158
-1.62306757311
-1.62248499481
-1.62210690682
-1.62213709525
-1.62213802156
-1.6241357154
-1.62529792687
-1.62678764441
-1.62618546155
-1.62699017753
-1.62696818014
-1.6279511831
-1.62852721109
-1.62770235448
-1.6279341448
-1.62741083669
-1.6266756432
-1.62545655731
-1.62453818057
-1.62254646497
-1.62052421424
-1.61926898947
-1.61780338002
-1.61853836359
-1.61886934521
-1.61911577065
-1.62093040379
-1.6208227997
-1.62178613626
-1.62321742728
-1.62554899
-1.62607623765
-1.62837317282
-1.62907303756
-1.63002441961
-1.63073027971
-1.62998277954
-1.63039899909
-1.62948040076
-1.63036691597
-1.63051858415
-1.63008823429
-1.62995145178
-1.62958993708
-1.62859164455
-1.62719254664
-1.62568944164
-1.62482147987
-1.62199447932
-1.62176949542
-1.62159317238
-1.62400588792
-1.6243381813
-1.62514497764
-1.62682239873
-1.62663129457
-1.62617797265
-1.62586395247
-1.62623572205
-1.62715917024
-1.62819195307
-1.62834663362
-1.62837965577
-1.627696312
-1.62576288341
-1.62326954051
-1.6212239679
-1.6196846449
-1.61759460926
-1.61767083378
-1.61846170001
-1.61881184805
-1.62047114866
-1.62297437508
-1.62513138685
-1.62766537138
-1.6285060267
-1.63462738657
-1.6344989618
-1.63321974285
-1.6317371868
-1.63005308575
-1.62944691996
-1.62562507467
-1.62301242675
-1.62119558479
-1.61943051286
-1.61857389477
-1.63485472707
-1.63708095686
-1.63782540815
-1.63946432757
-1.64069108404
-1.64132523106
-1.64159260432
-1.63997223178
-1.63634936775
-1.63272109101
-1.62858090231
-1.62348468024
-1.6194604693
-1.61848901053
-1.61755362556
-1.61899959891
-1.62112190277
-1.62568659047
-1.6289976924
-1.63748920894
-1.63987909318
-1.64149530546
-1.64090536924
-1.64084255749
-1.63939967096
-1.63713816697
-1.6370661486
-1.63614905739
-1.6367883252
-1.63741052164
-1.63765776562
-1.63641235981
-1.63405774491
-1.62988614885
-1.62719322839
-1.62440046981
-1.62351382032
-1.62316828757
-1.62415050985
-1.62663322934
-1.6290645592
-1.63171343523
-1.63378658885
-1.63517332671
-1.63793613112
-1.63676962817
-1.63684271441
-1.63480027325
-1.63389167651
-1.63239491436
-1.63327480492
-1.63270665596
-1.63334775376
-1.63352205302
-1.63401826052
-1.6338553731
-1.63338844989
-1.63307538973
-1.63337563133
-1.6327043858
-1.6318440102
-1.63080248783
-1.62825371329
-1.62595304353
-1.62454365401
-1.62322614967
-1.62182663321
-1.62250326536
-1.62343926332
-1.62566055513
-1.62717185287
-1.62975167626
-1.63344299819
-1.63521501268
-1.63686321769
-1.63632250106
-1.63668458701
-1.63367917811
-1.63183351738
-1.62972205738
-1.62827150688
-1.62843650088
-1.63063993164
-1.63308901898
-1.63469746122
-1.63494581218
-1.63495206806
-1.63265777126
-1.63089357663
-1.62827894162
-1.62692590986
-1.62695770268
-1.62818880518
-1.62910136892
-1.63105558288
-1.63397297203
-1.63366307516
-1.63242513663
-1.6310694392
-1.62955720102
-1.62868880634
-1.62979193911
-1.63130727979
-1.63333013641
-1.63371718252
-1.63486286819
-1.63442139493
-1.63210285884
-1.6313230595
-1.62850666908
-1.62752342053
-1.62637201635
-1.62753662701
-1.62899287783
-1.63018952411
-1.63132037
-1.63047785842
-1.62958639995
-1.6281660735
-1.62851721956
-1.62954828007
-1.63104423384
-1.63385850416
-1.63583561504
-1.63709895261
-1.63708665122
-1.63525764268
-1.63243297195
-1.62750041841
-1.62341267933
-1.6199002626
-1.61897072055
-1.61912246634
-1.62164123183
-1.6239468631
-1.62730048555
-1.62960527451
-1.63081557161
-1.6311561417
-1.63097649774
-1.62970540852
-1.63038800951
-1.6296513835
-1.62788011434
-1.62571853062
-1.6250870171
-1.62299678568
-1.61927097988
-1.61982325257
-1.6182464562
-1.61845406082
-1.62004773919
-1.62011906936
-1.62183062627
-1.62238042636
-1.62453218929
-1.62870595356
-1.63059411998
-1.63157995387
-1.63280772906
-1.63150069863
-1.62737667177
-1.62444504236
-1.62034759662
-1.61820565562
-1.61490396451
-1.61328742408
-1.60977970413
-1.61020029735
-1.61147472801
-1.61666711633
-1.6215775819
-1.628741814
-1.63403014302
-1.64065751572
-1.64188933023
-1.64187862307
-1.63687951375
-1.63249227801
-1.62596776304
-1.621577742
-1.61571781802
-1.61245049376
-1.60954720714
-1.61150388435
-1.61417311009
-1.61653329104
-1.61995050209
-1.62190346677
-1.62346597402
-1.62211071961
-1.61820912463
-1.61615973515
-1.61468745926
-1.61803790074
-1.62151812455
-1.62750013573
-1.63357592398
-1.6372784047
-1.63967809375
-1.63820027876
-1.6345946066
-1.62704880794
-1.62066219901
-1.61367251787
-1.60948443732
-1.60698541135
-1.60667465212
-1.61127544075
-1.61708266839
-1.62185846447
-1.62693528714
-1.6296530163
-1.63145805794
-1.63064117357
-1.62964131179
-1.62727065694
-1.62544592536
-1.62507527602
-1.62496437137
-1.62771609714
-1.63022321734
-1.6352949998
-1.63746678432
-1.63870515689
-1.63986870365
-1.63922693667
-1.63543384573
-1.63338783584
-1.62774072213
-1.62252622076
-1.61897265217
-1.61425438788
-1.61207043842
-1.61288271983
-1.61386869966
-1.61908391962
-1.62416666414
-1.62883877723
-1.63298680947
-1.63518771781
-1.63504145517
-1.63130662693
-1.62963459837
-1.62771484092
-1.62723954286
-1.63018396782
-1.63243188121
-1.63637088391
-1.63837946377
-1.63812703786
-1.63545303158
-1.63104762233
-1.62640369063
-1.62238107097
-1.61920886839
-1.61830685452
-1.61650357097
-1.61875747423
-1.62050524942
-1.62386759176
-1.62674248963
-1.62730612473
-1.62968715787
-1.63050251528
-1.62929352438
-1.62738927447
-1.62395225433
-1.62313142858
-1.62113872891
-1.62125464895
-1.62212891982
-1.62433158796
-1.62595419673
-1.62948404571
-1.63077245649
-1.63148324657
-1.62932588428
-1.62650255839
-1.62323620875
-1.61554561192
-1.6132435309
-1.60971012529
-1.61116964883
-1.61528286708
-1.62156526175
-1.62897730834
-1.63448252602
-1.63816144059
-1.63985854232
-1.63974411657
-1.63578234633
-1.63283046446
-1.63032934075
-1.63002419497
-1.63127065236
-1.63255396144
-1.63299037983
-1.63128515066
-1.63037070716
-1.62603459335
-1.62406801027
-1.62263691323
-1.62423867548
-1.62640959301
-1.62999464128
-1.63239705633
-1.63594404333
-1.63951321301
-1.64343579101
-1.64738367816
-1.65051539414
-1.65278066927
-1.65318779374
-1.6493908931
-1.64545198214
-1.63527435218
-1.62540345408
-1.61920407524
-1.61409604628
-1.61106439809
-1.61395792427
-1.61840938234
-1.62319704941
-1.62816150867
-1.63135255864
-1.63552500481
-1.63804886184
-1.64102441223
-1.64348457546
-1.6437941419
-1.64452644122
-1.64501382409
-1.64500495216
-1.64539218888
-1.64653265038
-1.64632356876
-1.64389875885
-1.64185441493
-1.63967881683
-1.63665793597
-1.63468997155
-1.6338937749
-1.63406543216
-1.63351916385
-1.63098523958
-1.62905069755
-1.62699466079
-1.62580814498
-1.62588751404
-1.62780973498
-1.63062934111
-1.63555586734
-1.63928867436
-1.64640422339
-1.64969485043
-1.65438099492
-1.65438540117
-1.65308047759
-1.65213762173
-1.64681616077
-1.64405175539
-1.63939419503
-1.63668308693
-1.6345483975
-1.63228960377
-1.63325386143
-1.63466097616
-1.63868157654
-1.64173043294
-1.6423363712
-1.64185243447
-1.63933686625
-1.63598536635
-1.63294961697
-1.63156328875
-1.6344553617
-1.63889136837
-1.64690336632
-1.65286158023
-1.65884718043
-1.66031521164
-1.65922131556
-1.65378584197
-1.6494813293
-1.64327948784
-1.63903885426
-1.6377474035
-1.63937566282
-1.64034532304
-1.64520330446
-1.64937495028
-1.64881179951
-1.64806620014
-1.64715682441
-1.64506610346
-1.64321177097
-1.64301312738
-1.64504707732
-1.64724549818
-1.64922278227
-1.65405678987
-1.65642276392
-1.66107748036
-1.66293519881
-1.66406875874
-1.66342178517
-1.66086950163
-1.6565950873
-1.65424133935
-1.65042076361
-1.64853779702
-1.64726146836
-1.647045048
-1.64782289389
-1.64795247841
-1.64873771328
-1.6487920098
-1.64912618572
-1.65110485644
-1.65241729558
-1.65377640091
-1.65378824344
-1.65503070509
-1.65679538627
-1.65667487721
-1.65683166066
-1.65588814185
-1.65258737691
-1.64953315118
-1.64691542784
-1.644046848
-1.64325166265
-1.64067178286
-1.63850765049
-1.63744423574
-1.63833627185
-1.6404606207
-1.64321160143
-1.64737971841
-1.65003959296
-1.65367992171
-1.65421629611
-1.65348183836
-1.65040699431
-1.64746261486
-1.64555367224
-1.64188426646
-1.63988310138
-1.639232078
-1.63949744276
-1.64035243425
-1.64308283432
-1.64523812468
-1.6456277649
-1.64403368889
-1.64198079028
-1.63800555516
-1.63460797086
-1.63183392523
-1.63163068634
-1.63611377561
-1.64076149216
-1.64509993711
-1.64985089981
-1.6500626777
-1.6495095323
-1.64633679727
-1.64226140367
-1.63690875996
-1.63499349274
-1.63366342921
-1.63451008121
-1.63581154627
-1.63632400305
-1.63701112736
-1.6364782819
-1.63474894789
-1.63368932919
-1.63201888449
-1.63248748795
-1.63288231127
-1.63475654059
-1.63429004801
-1.63329974319
-1.6300472311
-1.62622929208
-1.62121445136
-1.61616841304
-1.61276491609
-1.6092654136
-1.60814215184
-1.60748101949
-1.6089068493
-1.61255054591
-1.61793505347
-1.62211431827
-1.62760847274
-1.63116970781
-1.63288343563
-1.63394712187
-1.63216750911
-1.6307458236
-1.62867631931
-1.62575243147
-1.62530313817
-1.62465948638
-1.62368909434
-1.62389215372
-1.62519486777
-1.62569120813
-1.62571788085
-1.62406168687
-1.62382536822
-1.62266522868
-1.62191520567
-1.62232255725
-1.62176998258
-1.62328204474
-1.62349164643
-1.62441635945
-1.6261625287
-1.62697917178
-1.62966330145
-1.63051916007
-1.63120963225
-1.63035172968
-1.62766945243
-1.6254039053
-1.62354381259
-1.62210946335
-1.6231905082
-1.62535832299
-1.62729507701
-1.62941622361
-1.63046524877
-1.62899493091
-1.62703688806
-1.62513485637
-1.62441338352
-1.62482223578
-1.62589843615
-1.62956022569
-1.63087963465
-1.63472107723
-1.63579378671
-1.63697988467
-1.63642689661
-1.63370037681
-1.62929329922
-1.62706448103
-1.62133276913
-1.61747891532
-1.61299572693
-1.61134658621
-1.60901619505
-1.61026968815
-1.61249465302
-1.61455265717
-1.61981958811
-1.62239950207
-1.62535171215
-1.62843220387
-1.63117607057
-1.63299762732
-1.63719293278
-1.64070610259
-1.64524918501
-1.64822120797
-1.64826621023
-1.64646722752
-1.64155721768
-1.63530941389
-1.62939350617
-1.61513635853
-1.61393321054
-1.61613235125
-1.62015451163
-1.62388561051
-1.6295618305
-1.6340348646
-1.63617323213
-1.63814057467
-1.63678579797
-1.63534670147
-1.63340359294
-1.63241615084
-1.63324504676
-1.63565481519
-1.63899463412
-1.64165419383
-1.64276348737
-1.64157497195
-1.63593338784
-1.62899123805
-1.62252393006
-1.6188859704
-1.61481715881
-1.61458088441
-1.61620184464
-1.61689709981
-1.61976029847
-1.62151941981
-1.62501099232
-1.62902849462
-1.63422868057
-1.63796397394
-1.64159033251
-1.64342091609
-1.64312693817
-1.64088871569
-1.6377726828
-1.63464471134
-1.62914864394
-1.62836812164
-1.62821099585
-1.62823754279
-1.63088583368
-1.63243735266
-1.63440212424
-1.63405566292
-1.63130582993
-1.62708575027
-1.62453491248
-1.62077907177
-1.61880723981
-1.61923525849
-1.62199080702
-1.62548384231
-1.63253165344
-1.63710965515
-1.64244865036
-1.64583697028
-1.64637796782
-1.64398459789
-1.64072628627
-1.63775461739
-1.63315569304
-1.63045867579
-1.62815280555
-1.6270786714
-1.62645216548
-1.62459223665
-1.62332599602
-1.62046159308
-1.61806823502
-1.61744335465
-1.61796910162
-1.62030907847
-1.62290939575
-1.63967120398
-1.64034223832
-1.63922165753
-1.63670139135
-1.63489246651
-1.63456568804
-1.63100731263
-1.62631820956
-1.62372077954
-1.62156665532
-1.620268243
-1.61981095686
-1.62021099092
-1.62294919029
-1.62453698135
-1.62705831785
-1.63166904251
-1.63690451222
-1.64022777297
-1.64141024714
-1.64200808758
-1.6396158473
-1.63669908526
-1.63438592761
-1.63302143269
-1.63182572298
-1.63348939333
-1.63431189531
-1.63427539182
-1.63246004671
-1.63006439925
-1.62589553074
-1.62174406533
-1.62011013366
-1.61837825941
-1.6192354262
-1.62240128593
-1.62483952918
-1.62926088801
-1.63197287497
-1.63463877853
-1.63479723163
-1.63413411697
-1.63109374081
-1.62824185271
-1.62441334184
-1.62318281282
-1.62279122345
-1.62582957286
-1.62854431976
-1.63223144285
-1.63338976426
-1.63324517855
-1.63023107099
-1.62796853462
-1.62674560159
-1.62706865271
-1.62711519743
-1.62701592262
-1.62558006481
-1.62270145441
-1.62130109153
-1.61668777601
-1.61436211131
-1.61262594379
-1.61254212742
-1.61451763008
-1.61941325975
-1.62037511179
-1.62365689156
-1.62407117861
-1.62572833133
-1.62513629331
-1.62420584863
-1.62451529458
-1.62456455363
-1.62409349406
-1.62545251729
-1.62450052683
-1.62396264386
-1.62250477598
-1.62174781836
-1.62067221359
-1.6217176219
-1.62298590666
-1.62506164698
-1.62803097944
-1.63011327676
-1.63200342971
-1.63208691796
-1.63078660694
-1.62763713787
-1.62544721144
-1.62271407583
-1.62052848399
-1.61982655389
-1.61914353299
-1.62081554941
-1.62134127516
-1.62144422875
-1.62241978549
-1.62240421219
-1.62269164005
-1.62326790148
-1.62491448874
-1.62756369407
-1.63054163094
-1.63198855268
-1.63200339516
-1.6298394606
-1.62724729767
-1.62351169901
-1.62028097456
-1.6201128028
-1.62195264461
-1.62403497776
-1.62556269197
-1.62639125882
-1.62502827351
-1.62275189183
-1.62070026045
-1.61831662321
-1.61686950443
-1.61642359865
-1.61962080803
-1.62289747272
-1.62799312061
-1.62911770353
-1.63176617374
-1.63080214244
-1.62785546488
-1.62637971223
-1.62320525603
-1.61993247325
-1.61775406497
-1.61773502985
-1.61928201545
-1.62248011389
-1.62434363888
-1.6253463971
-1.62560201475
-1.6238922511
-1.62103729079
-1.61893264989
-1.61712292466
-1.61814865234
-1.61930255569
-1.62373533384
-1.62850852356
-1.63380935459
-1.63545697655
-1.6369876214
-1.63577149254
-1.6335201982
-1.63144159515
-1.63006564201
-1.62876879839
-1.62880011793
-1.6295852775
-1.62947028377
-1.63217809236
-1.63058107502
-1.63071521419
-1.62803057589
-1.62654269749
-1.62505512911
-1.62563709739
-1.62762465617
-1.629465108
-1.62996729421
-1.62901624584
-1.62789446739
-1.62574885333
-1.6242682163
-1.62493042309
-1.62801321538
-1.62948121095
-1.63237613832
-1.63340112095
-1.63397228163
-1.63345821006
-1.63119677655
-1.62719626424
-1.62469817753
-1.62382959114
-1.62408727118
-1.62810470249
-1.63173530242
-1.63678276046
-1.63852925541
-1.63839877237
-1.63617808168
-1.63189595498
-1.62766378138
-1.62517531326
-1.6235637566
-1.62471271258
-1.62572668976
-1.62803716319
-1.63052049799
-1.63096601259
-1.6324098675
-1.63293913004
-1.6332116035
-1.63326116698
-1.63184240054
-1.63113140798
-1.63190603518
-1.63279049882
-1.63433990754
-1.63470026806
-1.63447438239
-1.63545638951
-1.63687060569
-1.63630116567
-1.63277614951
-1.63158984589
-1.62726735052
-1.62625424576
-1.62460313605
-1.6254180925
-1.62818912234
-1.63169204616
-1.63582375367
-1.63862890519
-1.63436462152
-1.63325634125
-1.63339379399
-1.63442286315
-1.63627811671
-1.63732532721
-1.63688143651
-1.63520692183
-1.63277390486
-1.63006745653
-1.62904000101
-1.6285721937
-1.62884639768
-1.63030133221
-1.63450651982
-1.63755363766
-1.6408562521
-1.64330244324
-1.64424707412
-1.64416813295
-1.64311885099
-1.64172528897
-1.63917415332
-1.63855775003
-1.63826770924
-1.6385812379
-1.63916522352
-1.63890322738
-1.6378991506
-1.63621611048
-1.63423663193
-1.63126633507
-1.62903439385
-1.62920952636
-1.63151133744
-1.63302703498
-1.63574954955
-1.63817216888
-1.64024104189
-1.64096222213
-1.64031417804
-1.63836706965
-1.63736913876
-1.63724916508
-1.63770034981
-1.6410463375
-1.64398812453
-1.64637671146
-1.63872633863
-1.63350405856
-1.62956808077
-1.62697826218
-1.62524144905
-1.62639351708
-1.62767276728
-1.62870985028
-1.63066381869
-1.63102558282
-1.62920785264
-1.62706696368
-1.62595809165
-1.62602804134
-1.62695480502
-1.62972424079
-1.6317223716
-1.63428395191
-1.63703740818
-1.63760205027
-1.63711113057
-1.63474762785
-1.63167112065
-1.62979422551
-1.62800607914
-1.62851762805
-1.62928351778
-1.63161622845
-1.63236091233
-1.63245424076
-1.63225853085
-1.63123746408
-1.62929628643
-1.62674103159
-1.62497743169
-1.6250058582
-1.62513018202
-1.62689483971
-1.62891304866
-1.6291508299
-1.62909907811
-1.62875769235
-1.62858272286
-1.62662436645
-1.62680470413
-1.62652968661
-1.62715010685
-1.62645008183
-1.6266406034
-1.6263171442
-1.62578941226
-1.6254032212
-1.62486248631
-1.62541792178
-1.62285469105
-1.62193718788
-1.61893500127
-1.61717053296
-1.61551492417
-1.61463967225
-1.61487368079
-1.61618232346
-1.61898143359
-1.62171812584
-1.62431201103
-1.62609784318
-1.62662630447
-1.62474831532
-1.62429426928
-1.62117853559
-1.61959419223
-1.61966005695
-1.61998091503
-1.62127124257
-1.62145880853
-1.62223805547
-1.62098788532
-1.61978181996
-1.61829219165
-1.61755539634
-1.61742074806
-1.61602942841
-1.61749766248
-1.61831466392
-1.61953987222
-1.62004931909
-1.62001924855
-1.62064953273
-1.62123504026
-1.62063560329
-1.62180765492
-1.62244787897
-1.62261500493
-1.62260334139
-1.6226642038
-1.62224537761
-1.62147136339
-1.6211182191
-1.61993098831
-1.61943856792
-1.61839418158
-1.61964729037
-1.61880284468
-1.61917482574
-1.61936030705
-1.61924212913
-1.61897120745
-1.62031676169
-1.62064698611
-1.62276149725
-1.62363913948
-1.62390026952
-1.62405706309
-1.62558571542
-1.6256765511
-1.6258575764
-1.62520388091
-1.62446809037
-1.62418433221
-1.62353002671
-1.62295430959
-1.62174551317
-1.62226753576
-1.62099838958
-1.62086032523
-1.62078947546
-1.62215188068
-1.6231832662
-1.62287112577
-1.62407993816
-1.62446497491
-1.62682408169
-1.62838872316
-1.63054360155
-1.6331859695
-1.63436835953
-1.63574166358
-1.63608703705
-1.63516224023
-1.63371457315
-1.62992375318
-1.6261974846
-1.62393007596
-1.62331603803
-1.62426645568
-1.62543598451
-1.62679975037
-1.62807552678
-1.62860180619
-1.62773890543
-1.62512612947
-1.62352987154
-1.62185271396
-1.61982129239
-1.62071035308
-1.62282828823
-1.62454642701
-1.62715277613
-1.62845715246
-1.62959079784
-1.63008991388
-1.62918472536
-1.627726726
-1.62806076659
-1.62811666768
-1.62791520257
-1.6276643716
-1.62868024956
-1.62777121391
-1.62715659864
-1.62673771223
-1.62608007966
-1.62633639017
-1.62597953482
-1.62537868517
-1.62551231657
-1.62440242899
-1.6245405207
-1.62345424143
-1.6230408487
-1.62327902407
-1.6253697957
-1.62452635781
-1.62563183617
-1.62538146481
-1.62789859298
-1.62910530649
-1.62916701765
-1.63153223242
-1.63194887694
-1.63307973696
-1.63217635357
-1.63032391548
-1.62644759875
-1.6243302263
-1.6217038041
-1.62099609687
-1.62142972891
-1.62338341113
-1.62438436164
-1.62739604499
-1.62822293903
-1.62950362311
-1.6298738559
-1.62939561943
-1.62891535853
-1.62693241916
-1.62654976105
-1.62598246736
-1.62759318439
-1.62940158874
-1.63094678331
-1.6312313775
-1.63109122345
-1.62923405072
-1.62653815754
-1.62373977908
-1.62218906361
-1.62264426001
-1.62383915363
-1.62451227664
-1.62765941471
-1.6301997681
-1.63223914922
-1.63350354612
-1.63435091064
-1.63458284512
-1.63465432561
-1.63357201877
-1.63261420851
-1.6328053483
-1.63133333828
-1.63111741771
-1.63109325327
-1.63140373945
-1.63015205397
-1.62906289354
-1.62951431464
-1.62830393057
-1.62714421596
-1.62589900988
-1.62605565555
-1.6267636122
-1.62632823422
-1.62853250839
-1.62988170171
-1.63045668948
-1.63073171868
-1.62940836677
-1.62947887259
-1.62736003595
-1.62740185402
-1.62608801087
-1.62592193718
-1.62491933097
-1.62502474147
-1.62476175261
-1.62570085011
-1.62566792382
-1.6261373696
-1.62500206473
-1.62497920544
-1.62445239452
-1.62580821542
-1.62747975965
-1.62838070962
-1.63105036417
-1.63281870428
-1.63158700524
-1.6290729939
-1.62608390122
-1.62127326049
-1.61813744275
-1.61558756891
-1.61480708611
-1.61698863254
-1.61942559414
-1.62129724044
-1.62340441581
-1.62442963572
-1.62470750747
-1.62468177359
-1.62478298662
-1.62697951539
-1.62901377634
-1.63048288312
-1.6304056145
-1.6298536106
-1.62558165338
-1.62437705604
-1.62322430043
-1.62210051266
-1.6241209818
-1.6243909956
-1.62555646687
-1.62514761461
-1.62487932695
-1.62336962585
-1.62367346214
-1.62253647145
-1.62300765688
-1.62300586358
-1.62357139961
-1.62438135872
-1.62568902904
-1.62554845942
-1.62527958169
-1.62676886989
-1.62735880767
-1.62547604824
-1.62289766276
-1.61850253372
-1.61699578567
-1.61223949996
-1.60667011402
-1.60289748028
-1.59923127901
-1.59651750815
-1.5963162763
-1.59814042674
-1.6026625077
-1.60883136971
-1.61173300624
-1.61524577595
-1.61646453188
-1.6160035578
-1.61444230428
-1.61362833345
-1.61291316394
-1.61282135358
-1.6143072362
-1.61558917836
-1.61632846641
-1.61492220043
-1.61267079634
-1.61116969554
-1.60867524152
