17.222438097
17.2234370708
17.2244341373
17.2254786491
17.2264339924
17.2274336815
17.2284395695
17.229439497
17.2304391861
17.2314474583
17.2324457169
17.2374351025
17.238437891
17.2394344807
17.2404253483
17.2414240837
17.2424237728
17.2434327602
17.2444195747
17.2454206944
17.2464187145
17.247420311
17.248418808
17.2494177818
17.2504589558
17.2514185905
17.2524530888
17.2534208298
17.2544152737
17.2555551529
17.2564530373
17.2574627399
17.2584543228
17.2594506741
17.2604594231
17.2614736557
17.2624335289
17.263420105
17.2644209862
17.2654128075
17.2664115429
17.2674105167
17.2684102058
17.2694530487
17.2704045773
17.2714269161
17.2744045258
17.2754034996
17.2764034271
17.2774453163
17.2784090042
17.2794044018
17.2803993225
17.2814092636
17.2824087143
17.2834050655
17.2843997478
17.285399437
17.2864058018
17.2874250412
17.2884171009
17.2894072533
17.2904081345
17.2914099693
17.292399168
17.2963871956
17.2973847389
17.2983891964
17.2993822098
17.3003864288
17.3013875484
17.3023796082
17.3033816814
17.3043847084
17.3053822517
17.3063848019
17.3073837757
17.3083879948
17.3113868237
17.3123853207
17.3133733273
17.3143866062
17.3153784275
17.3163895607
17.3173782825
17.318385601
17.319375515
17.3203799725
17.3213644028
17.3223764896
17.3233730793
17.3243646622
17.325366497
17.3263599873
17.3273639679
17.3293657303
17.3303751945
17.3313622475
17.3323755264
17.3333616257
17.3343608379
17.3353559971
17.3363754749
17.3373551369
17.3383567333
17.3393554688
17.3403525352
17.3413512707
17.3423523903
17.3433499336
17.3443498611
17.3453979492
17.3463475704
17.3473527431
17.3483483791
17.3493461609
17.3503530025
17.3514485359
17.3523585796
17.3534753323
17.3543531895
17.3553526402
17.3563501835
17.3574411869
17.3583500385
17.3593454361
17.3603482246
17.361345768
17.3623502254
17.3633499146
17.3643467426
17.3653492928
17.3663506508
17.3673405647
17.3683402538
17.3693406582
17.3703553677
17.3713450432
17.3723416328
17.3733370304
17.3743412495
17.3753740788
17.3763356209
17.3773331642
17.3783333302
17.379332304
17.3803360462
17.3813319206
17.3823339939
17.3833322525
17.3843326569
17.3853261471
17.3863296509
17.3873257637
17.3883285522
17.3893306255
17.3903284073
17.3913624287
17.3923318386
17.3933281898
17.3944661617
17.3953289986
17.3963363171
17.3973333836
17.3983290195
17.3993251324
17.4003231525
17.401320219
17.40233922
17.4033308029
17.4043233395
17.4053266048
17.4063229561
17.4073200226
17.4083151817
17.4093267918
17.4105679989
17.41132164
17.4123241901
17.4133155346
17.4143223763
17.4153149128
17.4163162708
17.4173157215
17.4183149338
17.4203178883
17.4213166237
17.4223129749
17.4233107567
17.4243116379
17.4253120422
17.4263179302
17.42730546
17.4295527935
17.4305486679
17.4315452576
17.4326076508
17.4333057404
17.4345502853
17.4355463982
17.4365532398
17.4375431538
17.4385442734
17.439573288
17.4405403137
17.4415333271
17.4425339699
17.4435379505
17.4445347786
17.4452917576
17.4465465546
17.4475352764
17.4485313892
17.4495310783
17.4505293369
17.4515297413
17.4525260925
17.4565248489
17.4575314522
17.4585270882
17.4595255852
17.4605257511
17.4615235329
17.4625287056
17.4635229111
17.4645214081
17.4655191898
17.4665193558
17.4675261974
17.4685199261
17.469524622
17.4705286026
17.4715185165
17.4725182056
17.4735181332
17.4745137691
17.4755148888
17.4765124321
17.4775109291
17.4785120487
17.479514122
17.4805283546
17.4815194607
17.482509613
17.4835202694
17.4845485687
17.4855470657
17.4865272045
17.4875626564
17.488509655
17.4895591736
17.4905633926
17.4915366173
17.4925205708
17.493316412
17.4945018291
17.4954981804
17.4964988232
17.4974997044
17.4985022545
17.4995009899
17.5005114079
17.5015172958
17.5024995804
17.5035364628
17.5045485497
17.5055587292
17.5065505505
17.5074970722
17.508500576
17.5095493793
17.5105648041
17.5115077496
17.5124993324
17.5144956112
17.515496254
17.5164942741
17.5174944401
17.5184948444
17.5195157528
17.5205390453
17.5214893818
17.5225021839
17.5234985352
17.5245380402
17.5254914761
17.526491642
17.5274856091
17.5284907818
17.529489994
17.5303995609
17.5316054821
17.5324835777
17.5334825516
17.5344822407
17.5355381966
17.5364868641
17.5374810696
17.5384843349
17.5394794941
17.5404782295
17.5414760113
17.5424747467
17.5434737206
17.5444774628
17.5454745293
17.5464820862
17.5474727154
17.5484733582
17.5494737625
17.5504720211
17.551472187
17.5524754524
17.5534725189
17.5544714928
17.555475235
17.5564780235
17.5574798584
17.5584728718
17.5594785213
17.5604743958
17.5614748001
17.5624718666
17.5634768009
17.5644705296
17.5654687881
17.5664701462
17.5674750805
17.5684671402
17.5694947243
17.5704791546
17.5714764595
17.5724790096
17.5764672756
17.5774703026
17.578471899
17.5794737339
17.5804703236
17.5814692974
17.5824556351
17.5834608078
17.5844593048
17.5854582787
17.5864589214
17.5874559879
17.5884523392
17.589471817
17.5904734135
17.5954608917
17.5964536667
17.5974576473
17.5984530449
17.5994472504
17.6004531384
17.6014475822
17.6024439335
17.6034495831
17.604445219
17.6054410934
17.6064381599
17.6074426174
17.6084702015
17.6094410419
17.6104397774
17.6114416122
17.6124408245
17.6134421825
17.6144382954
17.6154522896
17.6164376736
17.6174416542
17.6184337139
17.6194343567
17.6204311848
17.6214365959
17.6224405766
17.6234707832
17.6244442463
17.6254441738
17.6264498234
17.6274387836
17.6284406185
17.6294429302
17.6304426193
17.6314349174
17.6324341297
17.6394224167
17.6404309273
17.6414785385
17.642428875
17.6434397697
17.6444292068
17.6454262733
17.6464326382
17.6474182606
17.6484239101
17.6494266987
17.6504220963
17.6514203548
17.6524217129
17.653421402
17.654417038
17.6574547291
17.6584134102
17.6594471931
17.6604099274
17.661444664
17.6624140739
17.6634812355
17.6644086838
17.6654279232
17.6664102077
17.6674199104
17.6684062481
17.6694486141
17.670404911
17.6714055538
17.6724076271
17.6734025478
17.6744039059
17.6754000187
17.6764047146
17.6774401665
17.6784110069
17.6794133186
17.6804096699
17.6814024448
17.6824095249
17.6834056377
17.6844041348
17.6854000092
17.6863996983
17.6874043941
17.6886832714
17.6894521713
17.6904020309
17.6914014816
17.6923992634
17.6993846893
17.7004008293
17.7013981342
17.7024567127
17.7034330368
17.7043814659
17.7053871155
17.7063848972
17.7073848248
17.7083873749
17.710398674
17.7114117146
17.7123963833
17.7133743763
17.7143809795
17.7153835297
17.7163858414
17.7173867226
17.7183794975
17.7193720341
17.7203807831
17.7213790417
17.7223825455
17.7233755589
17.7243747711
17.7253713608
17.7263758183
17.7273619175
17.7283694744
17.7293622494
17.7303688526
17.7313632965
17.7323737144
17.7333664894
17.7343697548
17.7353668213
17.7363779545
17.7373661995
17.7383730412
17.7393732071
17.7403721809
17.7414667606
17.742369175
17.7433643341
17.7443695068
17.7453629971
17.7463781834
17.7473795414
17.7484021187
17.7493619919
17.750369072
17.7513570786
17.7573494911
17.7583525181
17.7593529224
17.7603445053
17.7613413334
17.762346983
17.7633478642
17.7643430233
17.7653443813
17.7663440704
17.7673418522
17.7683486938
17.7693984509
17.7703435421
17.7713394165
17.7723441124
17.7733404636
17.7743403912
17.7753436565
17.7763535976
17.7773430347
17.7783458233
17.7793409824
17.7803432941
17.7813456059
17.7823433876
17.7833442688
17.78434515
17.7853391171
17.7863399982
17.787378788
17.7883369923
17.7893407345
17.7903382778
17.7913401127
17.7923359871
17.7933373451
17.7973239422
17.7983410358
17.7993571758
17.8003499508
17.8013663292
17.8023571968
17.8033416271
17.8043236732
17.8053302765
17.8073298931
17.8083364964
17.8093292713
17.810328722
17.8113193512
17.8123188019
17.8153173923
17.8163173199
17.8173129559
17.8183145523
17.8193106651
17.8203122616
17.8213117123
17.8223063946
17.8233063221
17.8243079185
17.8253054619
17.8265945911
17.8275918961
17.828594923
17.8293087482
17.8303105831
17.8313097954
17.8323104382
17.8333108425
17.8343660831
17.8355610371
17.836558342
17.8373076916
17.8385567665
17.8415443897
17.8425536156
17.8435578346
17.8495457172
17.8505568504
17.8515622616
17.853304863
17.8545482159
17.8555421829
17.8565404415
17.8575348854
17.8585381508
17.8595266342
17.8605439663
17.8615281582
17.8625278473
17.8635280132
17.8645303249
17.865527153
17.8665232658
17.8675487041
17.8685250282
17.8695259094
17.8705253601
17.8715236187
17.8755209446
17.8765215874
17.8775186539
17.8785238266
17.8795688152
17.8805191517
17.8815245628
17.8825252056
17.8835306168
17.8845200539
17.8855202198
17.8865170479
17.8875186443
17.888522625
17.8895204067
17.8905153275
17.8915157318
17.8925123215
17.8935136795
17.8945147991
17.8955078125
17.8965096474
17.8975124359
17.8995118141
17.9005086422
17.9015152454
17.9025075436
17.9035103321
17.9045102596
17.9055142403
17.9068255424
17.9075040817
17.9085068703
17.9095060825
17.9105360508
17.91152668
17.9125115871
17.9135022163
17.914539814
17.9155211449
17.9165112972
17.9175086021
17.9185028076
17.9195039272
17.9204957485
17.9214982986
17.9224979877
17.9235010147
17.9244971275
17.9255032539
17.9264996052
17.9274959564
17.9284973145
17.9294946194
17.9304897785
17.931489706
17.9324891567
17.9344904423
17.9354951382
17.9365022182
17.9375295639
17.9385454655
17.9394898415
17.9404854774
17.9414849281
17.9424991608
17.9434931278
17.9444832802
17.9455075264
17.9465372562
17.9475440979
17.9484930038
17.9494891167
17.9504840374
17.9514911175
17.9524822235
17.9534788132
17.9545314312
17.9554831982
17.9564802647
17.957472086
17.9584774971
17.9594714642
17.9604816437
17.9614868164
17.9624929428
17.963509798
17.9644742012
17.9654679298
17.9664661884
17.9674873352
17.9684658051
17.9694657326
17.9704785347
17.9714910984
17.9724707603
17.9734663963
17.978468895
17.9794654846
17.9804718494
17.9814693928
17.982486248
17.9834868908
17.9844741821
17.9854776859
17.9864838123
17.9874715805
17.9884643555
17.9894604683
17.990475893
17.9914808273
17.9924683571
17.9934580326
17.9954612255
17.9964621067
17.9974639416
17.9984600544
17.9994590282
18.0004525185
18.0014576912
18.0024459362
18.003456831
18.0044474602
18.0054917336
18.006485939
18.0074851513
18.0084507465
18.0094463825
18.0104467869
18.011490345
18.0124511719
18.0144488811
18.0154440403
18.0164418221
18.0174953938
18.0184743404
18.0194573402
18.020450592
18.0214476585
18.0224444866
18.0234465599
18.0244469643
18.0254616737
18.0264658928
18.0274455547
18.0284461975
18.0294504166
18.0304484367
18.0314455032
18.0324501991
18.037447691
18.0384364128
18.0434405804
18.0444364548
18.0454311371
18.0464696884
18.0474317074
18.0484306812
18.0494272709
18.0504276752
18.0514287949
18.0524635315
18.0534276962
18.054425478
18.0554285049
18.0564262867
18.05742383
18.0584218502
18.0594875813
18.0604193211
18.0614221096
18.0624196529
18.0634226799
18.0644154549
18.0654158592
18.0664129257
18.0674512386
18.0684258938
18.0694315434
18.0704245567
18.0714304447
18.0724320412
18.0734682083
18.07442379
18.0754199028
18.0764245987
18.0774497986
18.07842803
18.0794277191
18.0804286003
18.0814745426
18.0824623108
18.083422184
18.0844225883
18.0854215622
18.0864365101
18.087433815
18.0884273052
18.0894346237
18.0904221535
18.0914115906
18.0924105644
18.093462944
18.0944142342
18.0954098701
18.0964031219
18.0974442959
18.0984089375
18.0994055271
18.1004018784
18.1013970375
18.102396965
18.1034111977
18.104449749
18.1053962708
18.1063971519
18.1074035168
18.1084003448
18.1094031334
18.1104147434
18.1114060879
18.1124196053
18.1134231091
18.1144149303
18.1154079437
18.1164000034
18.1174030304
18.1183998585
18.1193995476
18.1203966141
18.1213998795
18.1223869324
18.1233975887
18.1243815422
18.1253829002
18.1343796253
18.1353807449
18.1363801956
18.1373782158
18.1383779049
18.1393790245
18.140376091
18.1413662434
18.1423671246
18.1433799267
18.1443710327
18.1453695297
18.146374464
18.147361517
18.1483793259
18.1493656635
18.150377512
18.1513979435
18.152387619
18.1533665657
18.1543779373
18.1553733349
18.1563842297
18.157378912
18.1583764553
18.159368515
18.1603662968
18.161367178
18.1623711586
18.1633644104
18.1643726826
18.165361166
18.1663565636
18.1673588753
18.1683883667
18.1693804264
18.1704003811
18.1714186668
18.1723968983
18.1733686924
18.1743712425
18.1753809452
18.1763553619
18.1773538589
18.1783702374
18.1793549061
18.1803574562
18.1813540459
18.1823599339
18.1833508015
18.1843550205
18.1853544712
18.1863496304
18.1873445511
18.1883533001
18.1893486977
18.190346241
18.1913497448
18.1923453808
18.193344593
18.194340229
18.1953458786
18.1963531971
18.1973555088
18.1993465424
18.2006001472
18.2013468742
18.202350378
18.2033495903
18.2043442726
18.2053456306
18.2063379288
18.2073435783
18.2083439827
18.209341526
18.2103362083
18.2113347054
18.2123379707
18.2133421898
18.2143478394
18.2153296471
18.2163314819
18.2173500061
18.2183372974
18.2193489075
18.2203390598
18.2213284969
18.2223243713
18.2233262062
18.2243204117
18.2253336906
18.2263286114
18.2273244858
18.2283248901
18.2293229103
18.2303273678
18.23133111
18.232332468
18.2333259583
18.2343292236
18.2363226414
18.2373213768
18.2383263111
18.2393326759
18.2403228283
18.2413246632
18.2423224449
18.2436327934
18.2443194389
18.2453165054
18.2465586662
18.2475571632
18.2485604286
18.2495589256
18.2505574226
18.2515559196
18.2525575161
18.2535562515
18.2545528412
18.2555530071
18.2563071251
18.2575492859
18.2585513592
18.2595481873
18.2605447769
18.2615461349
18.2625458241
18.2635896206
18.264544487
18.2655484676
18.266546011
18.2675402164
18.2685406208
18.2695481777
18.2705411911
18.2715415955
18.2722990513
18.2735409737
18.2745437622
18.2755403519
18.2765443325
18.2775411606
18.2785358429
18.2795357704
18.2805364132
18.281570673
18.282531023
18.2835335732
18.2845401764
18.2855756283
18.2865343094
18.2875387669
18.2885327339
18.2915325165
18.2925367355
18.2955472469
18.2965321541
18.2975342274
18.2985541821
18.2995316982
18.3005487919
18.3015298843
18.3025250435
18.3035213947
18.3045244217
18.3055176735
18.3065211773
18.3075261116
18.3085215092
18.3095691204
18.3105142117
18.311514616
18.3125207424
18.3135206699
18.3145263195
18.3155517578
18.3165202141
18.3175280094
18.3185298443
18.3195331097
18.3205265999
18.3215305805
18.322510004
18.3235266209
18.3245136738
18.3255126476
18.3265221119
18.3275165558
18.3285112381
18.3295140266
18.3305141926
18.3315160275
18.3325176239
18.3335833549
18.3345179558
18.3355150223
18.3365418911
18.3375086784
18.3385083675
18.3395154476
18.3405075073
18.341506958
18.3425190449
18.3435125351
18.3445086479
18.3455109596
18.3465070724
18.3475017548
18.3485043049
18.3495061398
18.3505063057
18.3515069485
18.3525087833
18.3535070419
18.3544993401
18.355502367
18.3565135002
18.3575048447
18.358499527
18.3594925404
18.3605043888
18.3615109921
18.3624937534
18.3634929657
18.3644943237
18.365496397
18.3665001392
18.3675165176
18.3684914112
18.3694996834
18.3704969883
18.3715202808
18.3724985123
18.3734965324
18.3744838238
18.3754835129
18.3764820099
18.377477169
18.3784837723
18.3795175552
18.3804786205
18.3815734386
18.3824763298
18.383564949
18.3844876289
18.3854715824
18.3865237236
18.3874778748
18.388477087
18.3894953728
18.3904733658
18.3915164471
18.3924794197
18.3934688568
18.394466877
18.3954677582
18.3964686394
18.3974676132
18.3984644413
18.3994603157
18.4004669189
18.4014732838
18.4024598598
18.4034643173
18.4044771194
18.405456543
18.4064724445
18.4074614048
18.4084646702
18.409507513
18.4104585648
18.4114580154
18.4125118256
18.4134643078
18.4144628048
18.415460825
18.4164571762
18.4174599648
18.4184668064
18.4194614887
18.420456171
18.4214549065
18.4224529266
18.4234571457
18.4244616032
18.4254820347
18.426453352
18.4275131226
18.4284870625
18.4294917583
18.4304497242
18.431540966
18.4324519634
18.4334418774
18.4344482422
18.4354453087
18.4364500046
18.4374959469
18.4384827614
18.4394767284
18.440520525
18.4414763451
18.4424514771
18.4434456825
18.4444367886
18.4454398155
18.4464387894
18.4474334717
18.4484364986
18.4494333267
18.4504327774
18.4514305592
18.4524307251
18.4564318657
18.4574289322
18.4584357738
18.4594318867
18.4604327679
18.4614372253
18.4624414444
18.4634385109
18.4644334316
18.4654326439
18.4664335251
18.4674289227
18.4684231281
18.4694230556
18.470417738
18.471416235
18.4724173546
18.4734144211
18.4744167328
18.4754583836
18.4764266014
18.4774255753
18.4784147739
18.479414463
18.4804623127
18.4814891815
18.482408762
18.4834394455
18.4844064713
18.4854080677
18.4864046574
18.4874074459
18.4884059429
18.4894411564
18.4904031754
18.4914023876
18.4924061298
18.4934039116
18.4944090843
18.4954080582
18.4964394569
18.4973983765
18.498404026
18.4994089603
18.5004050732
18.5014131069
18.5024011135
18.503401041
18.5044052601
18.505449295
18.5064623356
18.5074021816
18.5083882809
18.5093891621
18.5104312897
18.511400938
18.5123991966
18.5134072304
18.5143892765
18.515403986
18.5163991451
18.517439127
18.518383503
18.5193810463
18.520380497
18.5213763714
18.5223772526
18.5233800411
18.524379015
18.5253739357
18.5263798237
18.5273821354
18.5283837318
18.5293734074
18.5303719044
18.5314249992
18.5323762894
18.5333771706
18.5353782177
18.5363709927
18.5373659134
18.538381815
18.5393970013
18.5403823853
18.5413730145
18.5423789024
18.543381691
18.5443780422
18.5453886986
18.5463709831
18.547362566
18.548378706
18.5493750572
18.5503773689
18.5513706207
18.5523712635
18.5543670654
18.5553641319
18.5563673973
18.5573701859
18.558362484
18.5593557358
18.5603547096
18.5613510609
18.5623762608
18.5633559227
18.5643894672
18.5653512478
18.566352129
18.5673666
18.5686013699
18.5693674088
18.5703525543
18.571352005
18.5723605156
18.5733544827
18.5743606091
18.5753512383
18.5763552189
18.5773603916
18.5783452988
18.5793499947
18.5803685188
18.5813527107
18.5823624134
18.5833604336
18.5843644142
18.594347477
18.5953521729
18.5963406563
18.5973381996
18.598338604
18.5993361473
18.6003394127
18.6013338566
18.6025903225
18.6033370495
18.6043329239
18.6053307056
18.6063461304
18.6073451042
18.6083590984
18.6093654633
18.6103680134
18.6113576889
18.6123571396
18.6133453846
18.6143431664
18.6153476238
18.6163437366
18.6173396111
18.618347168
18.6193614006
18.6203386784
18.6213629246
18.625346899
18.6263384819
18.6303298473
18.6313345432
18.6323256493
18.6333332062
18.634339571
18.6353349686
18.636329174
18.6373288631
18.6383247375
18.6393227577
18.6403231621
18.6413197517
18.6423270702
18.6433165073
18.6443161964
18.6453194618
18.6463115215
18.6473078728
18.6483142376
18.659304142
18.6605484486
18.6615450382
18.6654341221
18.6665999889
18.6673116684
18.6685571671
18.669549942
18.6706187725
18.6715471745
18.6725430489
18.6735377312
18.6745414734
18.6752922535
18.6765377522
18.6775810719
18.6785449982
18.6795403957
18.680533886
18.6815407276
18.6825323105
18.683536768
18.6845281124
18.6855704784
18.6865363121
18.6875348091
18.6883280277
18.689530611
18.6905298233
18.691526413
18.6925251484
18.695325613
18.6965305805
18.697527647
18.6985275745
18.6995251179
18.7005205154
18.7015202045
18.7025177479
18.7035241127
18.7045254707
18.7055211067
18.7065238953
18.7075192928
18.708520174
18.7095177174
18.710514307
18.711512804
18.7125167847
18.7135133743
18.7145228386
18.7155110836
18.7165334225
18.7175097466
18.7185232639
18.7195210457
18.7205080986
18.7215065956
18.7225077152
18.7235109806
18.7245061398
18.7255051136
18.7265086174
18.7275583744
18.7285044193
18.7295022011
18.7305095196
18.7315018177
18.7325541973
18.7345039845
18.7355101109
18.7365059853
18.7375099659
18.7384998798
18.7394993305
18.7405581474
18.741502285
18.7424964905
18.743496418
18.7444980145
18.7454988956
18.7464966774
18.7474989891
18.7485013008
18.7494966984
18.7505125999
18.7515332699
18.7524931431
18.7534909248
18.7564849854
18.757491827
18.7584848404
18.7594912052
18.7604942322
18.7614827156
18.7624971867
18.7635376453
18.7645068169
18.7654852867
18.7665019035
18.7674939632
18.7684850693
18.7694890499
18.7704796791
18.7714836597
18.7724831104
18.7734797001
18.7744860649
18.7754776478
18.7764787674
18.7774777412
18.7784767151
18.7795200348
18.7804825306
18.7814786434
18.7825007439
18.7835330963
18.7854757309
18.7864716053
18.7874865532
18.7884721756
18.7894735336
18.7954616547
18.7964634895
18.7975282669
18.7984628677
18.7994630337
18.8004639149
18.8014714718
18.8024654388
18.8035488129
18.8044574261
18.8054635525
18.8064961433
18.8074593544
18.8085007668
18.8094632626
18.8104743958
18.8114728928
18.8124637604
18.8134605885
18.8144581318
18.8154563904
18.8164591789
18.8174996376
18.8184578419
18.8194534779
18.8204574585
18.8214662075
18.8225007057
18.8234593868
18.8244578838
18.8254644871
18.8264615536
18.8274550438
18.8284542561
18.8294546604
18.8304533958
18.8314518929
18.8324508667
18.8354492188
18.8364448547
18.8374505043
18.8384459019
18.8394415379
18.8404417038
18.8414850235
18.8424897194
18.8434484005
18.8444390297
18.8454766273
18.8464388847
18.8474743366
18.8484413624
18.8495178223
18.8504912853
18.8515050411
18.8524649143
18.85343647
18.8554689884
18.8565313816
18.8575410843
18.8585143089
18.8595118523
18.8624339104
18.8634295464
18.8644287586
18.8654241562
18.8664629459
18.8674666882
18.8684265614
18.8695175648
18.8704259396
18.8715114594
18.8724319935
18.8734338284
18.8744688034
18.8754189014
18.8764269352
18.8774204254
18.8784201145
18.8794243336
18.8804628849
18.8814983368
18.8824739456
18.8834195137
18.8844609261
18.8854222298
18.886459589
18.8874776363
18.8884549141
18.889449358
18.8904204369
18.8914148808
18.8924114704
18.893414259
18.8944141865
18.8954133987
18.897408247
18.8984162807
18.8994133472
18.9004116058
18.9014487267
18.9054033756
18.9064068794
18.9074001312
18.9084031582
18.9094405174
18.9104413986
18.9114394188
18.9124221802
18.9134016037
18.9143977165
18.9153974056
18.9163987637
18.917388916
18.918397665
18.9193856716
18.9203834534
18.9213943481
18.9224293232
18.9234001637
18.9243853092
18.925385952
18.9264450073
18.9274067879
18.9283878803
18.9373776913
18.9383776188
18.9393794537
18.9403829575
18.9413838387
18.9423825741
18.9433791637
18.9443745613
18.9453752041
18.9463787079
18.9473810196
18.9483759403
18.9493734837
18.950371027
18.9513733387
18.9523706436
18.9533705711
18.9543721676
18.9553711414
18.9563744068
18.9573719501
18.958370924
18.9593713284
18.9603736401
18.9614744186
18.9623696804
18.9633703232
18.9643645287
18.9653630257
18.9663665295
18.9673681259
18.9683744907
18.9693813324
18.9703807831
18.9713652134
18.972370863
18.973357439
18.9743573666
18.9753680229
18.9763650894
18.9773607254
18.9783654213
18.9793572426
18.9803614616
18.9813570976
18.9823596478
18.9833528996
18.9843611717
18.9853518009
18.9863619804
18.9873466492
18.9883570671
18.9893460274
18.9903466702
18.9913499355
18.9923501015
18.9933483601
18.9943566322
18.9953463078
18.9963562489
18.9974389076
18.9983882904
18.9994533062
19.0003888607
19.0013461113
19.0023477077
19.0033500195
19.0043535233
19.005341053
19.0073871613
19.0083568096
19.0093414783
19.0103416443
19.011351347
19.0123553276
19.0133404732
19.0143377781
19.0153374672
19.0163395405
19.0173382759
19.0183355808
19.0193371773
19.0203375816
19.0213346481
19.0223610401
19.02333498
19.0243375301
19.0253367424
19.0263376236
19.0293438435
19.0303440094
19.0313749313
19.0323314667
19.0333256721
19.0343244076
19.0353219509
19.0363185406
19.0373196602
19.0383243561
19.0393257141
19.0403213501
19.0413131714
19.0423138142
19.0433154106
19.044314146
19.0453166962
19.0463137627
19.0473122597
19.0485858917
19.0493130684
19.0503103733
19.0513129234
19.0523114204
19.0533146858
19.0543141365
19.0553154945
19.05631423
19.0573101044
19.0583107471
19.0593094826
19.0603091717
19.0613062382
19.0623078346
19.0633070469
19.0643110275
19.0653057098
19.0663094521
19.0673060417
19.0683131218
19.069309473
19.0705499649
19.0715487003
19.072551012
19.073551178
19.0745508671
19.0755488873
19.0765826702
19.0775475502
19.0783081055
19.0796039104
19.0805487633
19.0815525055
19.0825486183
19.0833518505
19.0845422745
19.0853440762
19.0865371227
19.0873553753
19.0885388851
19.0895390511
19.0905847549
19.0915858746
19.0923395157
19.093539238
19.0945398808
19.0955359936
19.0965335369
19.097536087
19.0985336304
19.0995323658
19.1005339622
19.1015334129
19.1025366783
19.103533268
19.1045341492
19.1055326462
19.1065354347
19.1075239182
19.108530283
19.1095659733
19.1105268002
19.111530304
19.1125292778
19.1135380268
19.1145367622
19.1155273914
19.1195232868
19.1205246449
19.1215221882
19.1225173473
19.1235218048
19.1245238781
19.1255524158
19.1265165806
19.1275129318
19.128516674
19.1295106411
19.1305122375
19.1315112114
19.1325173378
19.1335129738
19.1345117092
19.1355125904
19.136507988
19.1375215054
19.1385173798
19.1395175457
19.1405203342
19.1415159702
19.1425149441
19.1435136795
19.1445202827
19.1455109119
19.1465065479
19.1475048065
19.1485671997
19.1495609283
19.1505053043
19.1515052319
19.1525051594
19.1535010338
19.1545023918
19.155503273
19.1564984322
19.1575102806
19.1585216522
19.1594977379
19.1605024338
19.1615025997
19.1625027657
19.163506031
19.1645021439
19.1654989719
19.1665103436
19.1674962044
19.1684994698
19.1695022583
19.1705007553
19.171495676
19.1724960804
19.1734974384
19.1744971275
19.1754956245
19.1764914989
19.1784904003
19.179489851
19.1804866791
19.1814901829
19.182497263
19.183488369
19.1845266819
19.1854856014
19.1864821911
19.1874821186
19.1884810925
19.189479351
19.1904809475
19.1914856434
19.1924791336
19.1934788227
19.1944854259
19.1954758167
19.1964781284
19.1974918842
19.198476553
19.1994905472
19.2004818916
19.2014865875
19.2024838924
19.2034788132
19.2044751644
19.2054805756
19.2064783573
19.207474947
19.2084856033
19.2094724178
19.2104744911
19.2114727497
19.2124717236
19.2134678364
19.2184650898
19.2194669247
19.2204759121
19.2214868069
19.2224733829
19.2234668732
19.2244613171
19.2254698277
19.2264685631
19.2274603844
19.2284629345
19.2294638157
19.2304649353
19.2314646244
19.2324616909
19.2334592342
19.2344594002
19.2354624271
19.2364580631
19.2375144958
19.2384576797
19.2394590378
19.2404532433
19.2414939404
19.2424943447
19.2434542179
19.2444736958
19.2455041409
19.2464995384
19.2474565506
19.2484788895
19.2494504452
19.2504549026
19.2514662743
19.2524571419
19.2534475327
19.2544457912
19.2554495335
19.2564468384
19.2574486732
19.2584462166
19.2594504356
19.2604455948
19.2614471912
19.2624428272
19.2634451389
19.264441967
19.2654550076
19.2664461136
19.2674534321
19.2684521675
19.2694432735
19.2704520226
19.271446228
19.2724387646
19.2734532356
19.2744390965
19.2754383087
19.27643466
19.2774441242
19.2784359455
19.2794370651
19.2804355621
19.2814371586
19.2824392319
19.2834379673
19.2844414711
19.2854402065
19.2864263058
19.2874381542
19.2884283066
19.2894239426
19.2904262543
19.2914228439
19.2924306393
19.293422699
19.2944259644
19.2954359055
19.2964258194
19.2974276543
19.2984244823
19.2994215488
19.3004307747
19.3014237881
19.3024234772
19.3034377098
19.3044190407
19.3054168224
19.3064146042
19.3074243069
19.3084144592
19.3094227314
19.3104193211
19.3114392757
19.3124191761
19.3134348392
19.3144128323
19.3154177666
19.3164114952
19.3174090385
19.3184151649
19.3194088936
19.3204140663
19.321413517
19.3224103451
19.3234131336
19.3244099617
19.325407505
19.3264043331
19.3274009228
19.3284056187
19.3294041157
19.3304018974
19.331400156
19.3324012756
19.3333957195
19.3343887329
19.3353989124
19.3363983631
19.3373987675
19.3384034634
19.339413166
19.3403987885
19.3414373398
19.3423891068
19.343411684
19.3443977833
19.3454105854
19.3463847637
19.3473837376
19.3483858109
19.3493962288
19.3503863811
19.351426363
19.3523852825
19.3533768654
19.3543820381
19.3553771973
19.3563809395
19.3573789597
19.3583860397
19.359402895
19.3603794575
19.3613812923
19.362432003
19.3633840084
19.3643875122
19.3654007912
19.3663887978
19.3673820496
19.3683803082
19.3693733215
19.3703722954
19.3713691235
19.3723707199
19.3733663559
19.3743665218
19.3754172325
19.3763670921
19.3773691654
19.378367424
19.3793654442
19.3803668022
19.3813583851
19.3823621273
19.3833575249
19.3843648434
19.3853609562
19.3863697052
19.3873567581
19.3883702755
19.3893535137
19.3903682232
19.3913545609
19.3923816681
19.3933551311
19.3943641186
19.395362854
19.3963649273
19.3973617554
19.3984148502
19.3995015621
19.4004275799
19.4013543129
19.4023728371
19.4033727646
19.4043655396
19.4053497314
19.4063603878
19.4073870182
19.4084641933
19.4094507694
19.4103503227
19.4113893509
19.4123628139
19.4133527279
19.4143579006
19.4153585434
19.4163579941
19.4173822403
19.4183599949
19.4193546772
19.4204163551
19.4213597775
19.4225943089
19.4234373569
19.4243431091
19.4254133701
19.4263494015
19.4273378849
19.428337574
19.4293379784
19.4303402901
19.4313774109
19.4323580265
19.4335772991
19.4343342781
19.4353375435
19.4363358021
19.4373698235
19.4383354187
19.4393351078
19.4403305054
19.4413957596
19.4425759315
19.4433305264
19.444365263
19.445567131
19.4465839863
19.4473392963
19.4485697746
19.4495666027
19.4503214359
19.4513220787
19.4523186684
19.4533209801
19.4543168545
19.455319643
19.4563150406
19.4573135376
19.4583213329
19.4615645409
19.4623131752
19.4653086662
19.4663407803
19.4673569202
19.4683363438
19.4693596363
19.470687151
19.4715611935
19.4725518227
19.4743056297
19.4753038883
19.4765453339
19.4773468971
19.4783024788
19.4793016911
19.4802992344
19.4813084602
19.4825439453
19.4833819866
19.4845974445
19.485553503
19.4865710735
19.4875376225
19.4885423183
19.4893352985
19.4905381203
19.4915540218
19.4923355579
19.4933373928
19.4945416451
19.4955384731
19.496534586
19.4972960949
19.4985353947
19.4995324612
19.5005307198
19.5015330315
19.5025391579
19.5035402775
19.5045268536
19.5053019524
19.5065331459
19.5075352192
19.5085413456
19.5095221996
19.5105378628
19.5113689899
19.5125257969
19.5135235786
19.5145225525
19.5155234337
19.5165328979
19.5175228119
19.5185217857
19.519520998
19.5205228329
19.5215218067
19.5225319862
19.5235192776
19.5245347023
19.5255255699
19.5265233517
19.5275187492
19.5285189152
19.5295114517
19.5305137634
19.5315585136
19.5325157642
19.5335104465
19.5345180035
19.5355093479
19.5365095139
19.5375084877
19.5385096073
19.5395076275
19.5405142307
19.5415058136
19.5425121784
19.5435094833
19.544563055
19.5455238819
19.5465195179
19.5475094318
19.5485122204
19.5495145321
19.5505094528
19.551500082
19.5525035858
19.5534994602
19.5545186996
19.5555179119
19.5565011501
19.557500124
19.558501482
19.5595035553
19.5605008602
19.5614998341
19.5625107288
19.5635070801
19.5645067692
19.5655024052
19.5664994717
19.567511797
19.570499897
19.5715036392
19.5725126266
19.575492382
19.5764980316
19.5774919987
19.5784926414
19.5794887543
19.5804877281
19.5814886093
19.5824873447
19.5834860802
19.5844902992
19.5854859352
19.5864858627
19.5874903202
19.5884869099
19.5894813538
19.5904836655
19.5914816856
19.592484951
19.5934793949
19.5944881439
19.5964837074
19.5974788666
19.5984978676
19.5995070934
19.6004753113
19.6015028954
19.6025178432
19.6034743786
19.6044800282
19.6054913998
19.6064724922
19.6074919701
19.6084730625
19.6094737053
19.6104726791
19.6114714146
19.6124689579
19.6134653091
19.6144695282
19.6154747009
19.6164655685
19.6174688339
19.6184642315
19.6194615364
19.6204609871
19.6214623451
19.6224617958
19.6234745979
19.6244635582
19.6254682541
19.6264662743
19.6274662018
19.6284611225
19.6294608116
19.6304647923
19.6314575672
19.6324577332
19.6334569454
19.6344530582
19.6354532242
19.6364583969
19.6374545097
19.638453722
19.639493227
19.6404521465
19.6414532661
19.6424515247
19.6434669495
19.6444635391
19.6455192566
19.6464653015
19.6474964619
19.6484599113
19.6494579315
19.6504511833
19.6515104771
19.6524839401
19.6534538269
19.6544499397
19.655452013
19.6564514637
19.6574704647
19.6584506035
19.6594519615
19.6604542732
19.6614410877
19.6624386311
19.6634643078
19.6644408703
19.6654417515
19.6664588451
19.6674630642
19.6685032845
19.6694481373
19.6704580784
19.6714344025
19.6724836826
19.6734843254
19.6744346619
19.6754956245
19.6764335632
19.6774523258
19.6784322262
19.6794645786
19.680511713
19.681432724
19.6824810505
19.6834716797
19.6844718456
19.6854712963
19.6864373684
19.6874914169
19.6884338856
19.6894469261
19.6904313564
19.6914269924
19.6924324036
19.6934728622
19.6944496632
19.6954278946
19.6964235306
19.6974160671
19.6984231472
19.6994204521
19.7004210949
19.7014248371
19.7024223804
19.7034189701
19.7044262886
19.7054171562
19.7064187527
19.7074160576
19.708417654
19.7094113827
19.7104115486
19.7114117146
19.7124118805
19.7134149075
19.7144167423
19.7154154778
19.7164151669
19.7174601555
19.7184128761
19.7194163799
19.7204141617
19.7214047909
19.7224493027
19.7234151363
19.7243990898
19.7254006863
19.7264006138
19.7304105759
19.7314038277
19.7324035168
19.7333996296
19.7344017029
19.7354066372
19.7363955975
19.7374222279
19.7383952141
19.7393980026
19.7403998375
19.7414135933
19.742395401
19.7434024811
19.7443885803
19.7453863621
19.7463941574
19.747399807
19.7484087944
19.7494058609
19.7503974438
19.7513980865
19.7524049282
19.7533872128
19.7543849945
19.7553884983
19.7563860416
19.7573800087
19.758379221
19.7594013214
19.7603783607
19.7613875866
19.7623806
19.7633872032
19.7643802166
19.7653741837
19.7663786411
19.7673780918
19.7683792114
19.7693796158
19.7703721523
19.7713706493
19.7723705769
19.7733728886
19.7743711472
19.7753674984
19.7763702869
19.7773692608
19.7783722878
19.7793648243
19.780372858
19.7813792229
19.7824141979
19.7833721638
19.7843866348
19.7854013443
19.7863743305
19.7874343395
19.788374424
19.7894408703
19.790366888
19.7913749218
19.7923591137
19.7934112549
19.7944102287
19.7953567505
19.7963616848
19.797409296
19.7983634472
19.7994086742
19.8003578186
19.8013615608
19.8023529053
19.803375721
19.804359436
19.8053500652
19.8063476086
19.8073446751
19.808359623
19.8093500137
19.8103606701
19.8113451004
19.8123581409
19.8133513927
19.8143560886
19.8153505325
19.8163585663
19.817350626
19.8183619976
19.8193466663
19.8203589916
19.8213460445
19.8223459721
19.8233437538
19.8243694305
19.8253450394
19.8263521194
19.8273789883
19.8283364773
19.8293356895
19.8303387165
19.831338644
19.8323564529
19.8333384991
19.8343384266
19.8353385925
19.8363351822
19.8373439312
19.8383984566
19.8393354416
19.8403337002
19.8413312435
19.8423333168
19.84333992
19.8443310261
19.8453319073
19.8463506699
19.8473329544
19.8483257294
19.8503286839
19.8513305187
19.852329731
19.8543264866
19.8553276062
19.8563234806
19.8573315144
19.8583250046
19.859326601
19.8603277206
19.8613255024
19.8623194695
19.8633201122
19.8643190861
19.8653230667
19.8693163395
19.8703198433
19.8713204861
19.8723146915
19.873364687
19.8743121624
19.8753552437
19.8763132095
19.8773174286
19.8783116341
19.8793542385
19.880333662
19.8813500404
19.8823115826
19.8833198547
19.8843076229
19.8853464127
19.8865749836
19.8873081207
19.8883066177
19.8894283772
19.8905463219
19.8915505409
19.8925495148
19.8935468197
19.8954687119
19.8975651264
19.8983137608
19.8995602131
19.9005537033
19.901545763
19.9025433064
19.9035465717
19.9045512676
19.9055426121
19.9085359573
19.9095363617
19.910535574
19.9115321636
19.9125390053
19.9133241177
19.9155297279
19.9163517952
19.9175345898
19.9185314178
19.919532299
19.9205348492
19.9215295315
19.9225299358
19.9235281944
19.9285197258
19.9295499325
19.9305217266
19.9315216541
19.9325170517
19.9335150719
19.9345178604
19.9355146885
19.9365131855
19.9375152588
19.9385213852
19.9395608902
19.9405634403
19.9415168762
19.9425160885
19.943523407
19.9445137978
19.9455137253
19.9465155602
19.9475126266
19.9485123158
19.9495105743
19.9505124092
19.9515075684
19.9525241852
19.9535098076
19.9545116425
19.9555108547
19.9565131664
19.9575068951
19.9585111141
19.9595115185
19.9605097771
19.9615020752
19.9625124931
19.9635050297
19.9645066261
19.9655015469
19.9665129185
19.9675164223
19.9685029984
19.9695029259
19.9704999924
19.9714977741
19.9724972248
19.9734969139
19.9744956493
19.9754960537
19.9764983654
19.9774971008
19.9784917831
19.979496479
19.9804909229
19.9815268517
19.9824950695
19.9835214615
19.9844937325
19.9854969978
19.9865009785
19.9875073433
19.9885206223
19.9964847565
19.9974834919
19.998488903
19.9994869232
20.0004918575
20.0014815331
20.0024914742
20.0034930706
20.0044846535
20.0054805279
20.0064849854
20.0074915886
20.0084803104
20.0094926357
20.0104789734
20.011500597
20.0124800205
20.0135085583
20.0144824982
20.0154764652
20.01649189
20.0174777508
20.0184841156
20.0194797516
20.0204787254
20.0214726925
20.0224707127
20.0234718323
20.0244700909
20.0254712105
20.0264685154
20.0274877548
20.0284664631
20.0294911861
20.0305075645
20.0314898491
20.0325005054
20.033462286
20.0344624519
20.0354630947
20.0364611149
20.0374572277
20.038462162
20.0394580364
20.0405111313
20.0414609909
20.0424656868
20.0435032845
20.044457674
20.0454590321
20.0464572906
20.0474982262
20.0484628677
20.0494658947
20.0504705906
20.0514736176
20.0524618626
20.0534639359
20.0544662476
20.0554640293
20.0564689636
20.057456255
20.0594553947
20.0604534149
20.0614902973
20.0624556541
20.0634539127
20.0645027161
20.0654428005
20.0664482117
20.0674476624
20.0684902668
20.0694496632
20.070483923
20.0714857578
20.0724549294
20.0734467506
20.0744478703
20.0755376816
20.0765151978
20.0774610043
20.0784487724
20.0794541836
20.0804533958
20.081448555
20.0824813843
20.0835011005
20.0844495296
20.0854547024
20.086452961
20.0874524117
20.0884597301
20.0894503593
20.0904486179
20.0914137363
20.098441124
20.099437952
20.1004393101
20.1014435291
20.1024491787
20.1034374237
20.1044335365
20.1054465771
20.1064345837
20.1074240208
20.1084265709
20.109431982
20.1104295254
20.1114249229
20.1124720573
20.1134414673
20.1144709587
20.1154308319
20.1164290905
20.1174242496
20.1184222698
20.1194243431
20.1204247475
20.1214263439
20.1224248409
20.1234312057
20.1244251728
20.1254346371
20.1264288425
20.1274242401
20.1284251213
20.1294312477
20.1334064007
20.1344180107
20.1354107857
20.1364159584
20.1374166012
20.1384186745
20.1394131184
20.1404120922
20.1414108276
20.1424093246
20.1434106827
20.1444077492
20.1454119682
20.1464102268
20.1474070549
20.1484007835
20.1493976116
20.1504108906
20.1514103413
20.1524069309
20.1534507275
20.1544110775
20.1554079056
20.1564035416
20.1574137211
20.1584088802
20.1624119282
20.1634030342
20.1644184589
20.1654047966
20.1664147377
20.1674077511
20.1684010029
20.1763849258
20.1773860455
20.1783828735
20.1793832779
20.1803839207
20.1813802719
20.1823787689
20.1833803654
20.1843798161
20.1853785515
20.1863760948
20.187381506
20.1903803349
20.1913809776
20.1923809052
20.1973850727
20.198374033
20.1993758678
20.2003765106
20.2013773918
20.2024064064
20.2034015656
20.2043764591
20.2213568687
20.2223641872
20.2233529091
20.2243506908
20.2253544331
20.2263643742
20.2273440361
20.2283494473
20.2293555737
20.2303514481
20.2313456535
20.2323865891
20.233351469
20.234351635
20.2353453636
20.2363595963
20.2373440266
20.2383561134
20.2393407822
20.2403550148
20.2413516045
20.2423417568
20.2433390617
20.2443544865
20.2453432083
20.2463576794
20.2473387718
20.2483398914
20.2493438721
20.2503654957
20.251339674
20.2523438931
20.2533423901
20.2543315887
20.2553703785
20.2713217735
20.2723543644
20.2733263969
20.2753317356
20.2763183117
20.2773168087
20.2783210278
20.2793297768
20.2803168297
20.2813184261
20.2823169231
20.2833199501
20.2846543789
20.2853770256
20.2866561413
20.2873744965
20.2883133888
20.2893145084
20.2903170586
20.2913219929
20.2923293114
20.2933251858
20.2943282127
20.2953248024
20.2963175774
20.2973132133
20.2983176708
20.299574852
20.3005707264
20.3065493107
20.3075478077
20.3083086014
20.3095567226
20.3105552197
20.3115558624
20.3125517368
20.3135502338
20.3145465851
20.3155453205
20.3165490627
20.3175430298
20.3186445236
20.3193297386
20.320584774
20.3213336468
20.3223319054
20.3233253956
