-0.5237109375
-0.5748046875
-0.7791796875
-0.8813671875
-0.4726171875
-0.843046875
-0.5237109375
-0.7280859375
-0.7791796875
-0.7280859375
-0.7791796875
-0.8302734375
-0.9324609375
-0.9835546875
-0.6258984375
-0.8813671875
-0.536484375
-0.6769921875
-0.6258984375
-0.7280859375
-0.5237109375
-0.7280859375
-0.7280859375
-0.8813671875
-0.6769921875
-0.7280859375
-0.6769921875
-0.6769921875
-0.6258984375
-0.8302734375
-0.5748046875
-0.7280859375
-0.5748046875
-0.7280859375
-0.5237109375
-0.6258984375
-0.6769921875
-0.6258984375
-0.6258984375
-0.6769921875
-0.4726171875
-0.6769921875
-0.5748046875
-0.7280859375
-0.689765625
-0.7791796875
-0.6769921875
-0.7280859375
-0.5237109375
-0.6258984375
-0.5748046875
-0.8302734375
-0.7280859375
-0.4215234375
-0.6514453125
-0.7791796875
-0.2682421875
-0.6258984375
-0.4726171875
-0.7791796875
-0.7280859375
-0.5237109375
-0.6769921875
-0.6258984375
-0.6258984375
-0.5237109375
-0.5237109375
-0.5237109375
-0.3193359375
-0.5237109375
-0.8813671875
-0.5748046875
-0.5748046875
-0.5237109375
-0.6258984375
-0.4726171875
-0.6769921875
-0.4726171875
-0.9835546875
-0.3193359375
-0.4726171875
-0.7280859375
-0.4726171875
-0.8302734375
-0.5237109375
-0.5748046875
-0.6769921875
-0.4215234375
-0.5237109375
-0.8302734375
-0.4726171875
-0.689765625
-0.4215234375
-0.6258984375
-0.4726171875
-0.6258984375
-0.7280859375
-0.6769921875
-0.5748046875
-0.7280859375
-0.613125
-0.8813671875
-0.7280859375
-0.7791796875
-0.7280859375
-0.4215234375
-0.5748046875
-0.7280859375
-0.6769921875
-0.6769921875
-0.6769921875
-0.8813671875
-1.0346484375
-1.0857421875
-0.6769921875
-0.5237109375
-0.5237109375
-0.9324609375
-0.6258984375
-0.7280859375
-0.996328125
-0.8813671875
-0.8813671875
-1.0346484375
-0.7280859375
-0.7280859375
-0.8813671875
-0.4726171875
-0.6769921875
-0.8302734375
-0.843046875
-0.9324609375
-0.5748046875
-0.6258984375
-0.5237109375
-0.4215234375
-0.8813671875
-0.9835546875
-0.8813671875
-0.6769921875
-0.6258984375
-0.76640625
-0.4726171875
-0.6258984375
-0.5748046875
-0.5748046875
-0.7280859375
-0.8302734375
-0.8302734375
-0.6769921875
-0.7280859375
-0.76640625
-0.9324609375
-0.9324609375
-0.6258984375
-0.5748046875
-0.5237109375
-0.8813671875
-0.5748046875
-0.7791796875
-0.689765625
-0.9324609375
-0.7280859375
-0.6258984375
-0.6769921875
-0.6258984375
-0.6769921875
-0.6769921875
-0.8813671875
-0.4726171875
-0.8813671875
-0.689765625
-0.8302734375
-0.9835546875
-0.6258984375
-0.8302734375
-0.6769921875
-0.4215234375
-0.6769921875
-0.8813671875
-1.0346484375
-0.7280859375
-0.6769921875
-0.8302734375
-0.7280859375
-0.7280859375
-0.8813671875
-0.4215234375
-0.6769921875
-0.8813671875
-0.6769921875
-0.7280859375
-1.0346484375
-1.0346484375
-0.6769921875
-0.9324609375
-0.6258984375
-0.6258984375
-0.8302734375
-0.7791796875
-0.9324609375
-0.843046875
-0.7280859375
-0.7791796875
-0.8302734375
-0.8302734375
-0.3704296875
-0.7280859375
-0.7280859375
-0.6769921875
-0.4726171875
-0.6258984375
-0.9580078125
-0.7791796875
-0.6769921875
-0.7791796875
-0.5237109375
-0.5748046875
-0.4726171875
-0.6769921875
-0.7280859375
-0.8813671875
-1.0346484375
-0.7791796875
-0.7280859375
-0.6769921875
-0.5748046875
-0.6769921875
-0.5237109375
-0.5748046875
-0.8302734375
-0.5237109375
-0.6258984375
-0.689765625
-0.4215234375
-0.6258984375
-0.3193359375
-0.7791796875
-0.7791796875
-0.7280859375
-0.8813671875
-0.6258984375
-0.7791796875
-0.613125
-0.2682421875
-0.5237109375
-0.7280859375
-0.7280859375
-0.9835546875
-0.9324609375
-0.9835546875
-0.7791796875
-0.5748046875
-0.8302734375
-0.6769921875
-0.6769921875
-0.7280859375
-0.6258984375
-0.6258984375
-0.5748046875
-0.8302734375
-0.7280859375
-0.8302734375
-0.3448828125
-0.7791796875
-0.6769921875
-0.6258984375
-0.6258984375
-0.8302734375
-0.4726171875
-0.4726171875
-0.7280859375
-0.8047265625
-0.5748046875
-0.6769921875
-0.4726171875
-0.4726171875
-0.7280859375
-0.5748046875
-0.3704296875
-0.8302734375
-0.6258984375
-0.7280859375
-0.6258984375
-0.7791796875
-0.7280859375
-0.9324609375
-0.7280859375
-0.5748046875
-0.5237109375
-0.8302734375
-0.6769921875
-0.6514453125
-0.9835546875
-0.8302734375
-0.8302734375
-0.7280859375
-0.5237109375
-0.5748046875
-0.5237109375
-0.5748046875
-0.8813671875
-0.4726171875
-0.76640625
-0.5748046875
-0.3704296875
-0.6258984375
-1.0346484375
-0.5748046875
-0.6769921875
-0.6258984375
-0.5748046875
-0.6769921875
-0.76640625
-0.7280859375
-0.6258984375
-0.6769921875
-0.6258984375
-0.7280859375
-0.7280859375
-0.6258984375
-0.3193359375
-1.0857421875
-0.613125
-0.6258984375
-0.5748046875
-0.6769921875
-0.7280859375
-0.5237109375
-0.8047265625
-0.7791796875
-0.3704296875
-0.7280859375
-0.9835546875
-0.6769921875
-0.8302734375
-0.4726171875
-0.5748046875
-0.5237109375
-0.689765625
-0.6769921875
-0.8813671875
-0.5237109375
-0.7791796875
-0.4726171875
-0.3193359375
-0.5748046875
-0.8302734375
-0.6769921875
-0.7280859375
-0.689765625
-0.7280859375
-0.7280859375
-0.8813671875
-0.8302734375
-0.8302734375
-0.7280859375
-0.8302734375
-0.5748046875
-1.0346484375
-0.76640625
-0.5748046875
-0.8302734375
-0.6258984375
-0.6769921875
-0.7791796875
-0.6769921875
-0.9324609375
-0.6769921875
-0.5748046875
-0.76640625
-0.8813671875
-0.6258984375
-0.3704296875
-0.6769921875
-0.7280859375
-0.4726171875
-0.6258984375
-0.6258984375
-0.6769921875
-0.76640625
-0.6258984375
-0.6769921875
-0.5237109375
-0.6258984375
-0.7280859375
-0.8302734375
-0.8302734375
-0.6769921875
-0.7280859375
-0.5748046875
-0.613125
-0.6258984375
-0.7791796875
-0.8302734375
-0.5748046875
-0.7791796875
-0.9835546875
-0.6258984375
-0.4726171875
-0.9324609375
-0.7791796875
-0.7280859375
-0.9835546875
-0.6258984375
-0.7280859375
-0.6769921875
-0.4726171875
-0.7791796875
-0.5237109375
-0.5237109375
-0.6769921875
-0.6514453125
-0.8302734375
-0.5748046875
-0.6769921875
-0.4215234375
-0.8302734375
-0.8302734375
-0.6769921875
-0.9835546875
-0.9324609375
-0.7280859375
-0.8813671875
-0.5237109375
-0.6769921875
-0.8813671875
-0.8302734375
-0.7791796875
-0.7791796875
-0.3704296875
-0.8302734375
-0.8813671875
-0.5237109375
-0.7280859375
-0.4726171875
-0.6769921875
-0.7791796875
-0.9324609375
-0.7791796875
-0.8813671875
-0.8813671875
-0.4726171875
-0.5237109375
-0.536484375
-0.6258984375
-0.8302734375
-0.7280859375
-0.5748046875
-0.8302734375
-0.5748046875
-0.5237109375
-0.7280859375
-0.6258984375
-0.6769921875
-0.9196875
-0.7791796875
-0.8813671875
-0.6769921875
-0.7791796875
-1.0857421875
-0.6769921875
-0.7791796875
-0.8302734375
-0.689765625
-0.5748046875
-0.6258984375
-1.1368359375
-0.7280859375
-0.8302734375
-0.8302734375
-0.9835546875
-0.8302734375
-0.8302734375
-0.8813671875
-0.76640625
-0.6769921875
-0.6258984375
-0.4215234375
-0.6769921875
-0.4726171875
-0.7791796875
-0.8302734375
-0.4726171875
-0.7280859375
-0.8302734375
-0.7791796875
-0.7791796875
-0.9324609375
-0.6258984375
-0.8302734375
-0.7791796875
-0.8813671875
-0.6258984375
-0.6769921875
-0.8047265625
-0.7791796875
-0.7280859375
-0.6769921875
-0.6769921875
-0.6258984375
-0.6258984375
-0.9324609375
-0.7280859375
-0.7791796875
-0.7791796875
-0.8047265625
-0.9324609375
-0.7791796875
-0.8813671875
-0.8302734375
-0.8813671875
-0.6258984375
-0.7280859375
-0.6258984375
-0.6769921875
-0.3704296875
-0.689765625
-0.7280859375
-0.7280859375
-0.4726171875
-0.6258984375
-0.7280859375
-0.5237109375
-0.3193359375
-0.5237109375
-0.843046875
-0.8302734375
-0.9324609375
-0.4215234375
-0.7791796875
-0.3704296875
-0.6258984375
-0.7791796875
-0.5748046875
-0.6769921875
-0.5237109375
-1.0346484375
-0.6769921875
-0.9835546875
-0.8813671875
-0.8813671875
-0.8813671875
-0.8302734375
-0.6258984375
-0.613125
-0.8813671875
-0.6769921875
-0.7791796875
-0.7280859375
-0.6258984375
-0.7791796875
-0.8302734375
-1.0346484375
-0.7280859375
-1.0857421875
-0.8813671875
-0.8302734375
-0.8302734375
-0.4726171875
-0.6769921875
-0.8813671875
-0.5237109375
-0.6769921875
-0.8302734375
-0.6258984375
-0.8813671875
-0.5748046875
-0.7791796875
-0.6258984375
-0.5237109375
-0.8813671875
-0.4215234375
-0.8302734375
-0.4726171875
-0.5748046875
-0.536484375
-0.7280859375
-0.6769921875
-0.4215234375
-0.5237109375
-0.6769921875
-0.7791796875
-0.7791796875
-0.5748046875
-0.7280859375
-0.6258984375
-0.843046875
-0.7791796875
-0.8813671875
-0.4726171875
-0.8813671875
-0.9324609375
-0.7791796875
-0.6258984375
-0.5748046875
-0.5237109375
-0.8047265625
-0.5237109375
-0.7280859375
-0.9835546875
-0.7280859375
-0.5748046875
-0.3704296875
-0.4726171875
-0.7791796875
-0.5237109375
-0.8813671875
-0.536484375
-0.5237109375
-0.7280859375
-0.5748046875
-0.7280859375
-0.7791796875
-0.8302734375
-0.5748046875
-0.5748046875
-1.1368359375
-0.7791796875
-0.76640625
-0.6769921875
-0.6769921875
-0.6258984375
-0.9324609375
-0.6258984375
-0.7280859375
-0.9835546875
-0.7280859375
-0.8813671875
-0.5748046875
-0.6258984375
-0.6769921875
-0.5237109375
-0.5748046875
-0.7280859375
-0.6769921875
-0.8813671875
-0.8302734375
-0.6769921875
-0.8302734375
-0.7280859375
-0.8302734375
-0.5748046875
-0.5748046875
-0.6769921875
-0.8302734375
-0.5237109375
-0.6769921875
-0.5748046875
-0.6258984375
-0.76640625
-0.5237109375
-0.8813671875
-0.6769921875
-0.5748046875
-0.6258984375
-0.6258984375
-0.8302734375
-0.5748046875
-0.4726171875
-0.4726171875
-0.76640625
-0.8302734375
-0.5748046875
-0.7280859375
-0.7791796875
-0.4726171875
-0.6258984375
-0.8302734375
-0.9324609375
-0.2171484375
-0.536484375
-0.5237109375
-0.6258984375
-0.4726171875
-0.6258984375
-0.6258984375
-0.6258984375
-0.9324609375
-0.6258984375
-0.8302734375
-0.7280859375
-0.536484375
-0.6769921875
-0.9324609375
-0.5748046875
-0.7280859375
-0.8302734375
-0.7791796875
-0.8302734375
-0.7791796875
-0.9324609375
-0.5748046875
-0.7280859375
-0.6769921875
-0.6769921875
-0.7791796875
-0.8813671875
-0.5237109375
-0.8302734375
-0.6258984375
-0.7280859375
-0.9324609375
-0.8813671875
-0.4726171875
-0.6258984375
-0.7280859375
-0.6258984375
-0.6258984375
-0.5237109375
-0.7791796875
-0.7280859375
-0.7280859375
-0.3704296875
-0.5748046875
-0.3193359375
-0.7791796875
-0.6769921875
-0.7791796875
-0.5748046875
-0.7280859375
-0.6258984375
-0.7280859375
-0.7280859375
-0.9580078125
-0.7280859375
-0.3193359375
-0.4726171875
-0.6769921875
-0.4726171875
-0.5237109375
-0.5748046875
-0.7280859375
-0.76640625
-0.7791796875
-0.6769921875
-0.5748046875
-0.5748046875
-0.5748046875
-0.7280859375
-0.6769921875
-0.3704296875
-0.2171484375
-0.2682421875
-0.6258984375
-0.8302734375
-0.5748046875
-0.8302734375
-0.3193359375
-0.6258984375
-0.7791796875
-0.5748046875
-0.4215234375
-0.5748046875
-0.45984375
-0.6769921875
-0.5237109375
-0.5748046875
-0.2682421875
-0.5237109375
-0.1660546875
-0.4726171875
-0.5237109375
-0.4215234375
-0.45984375
-0.4726171875
-0.4215234375
-0.3704296875
-0.1660546875
-0.7280859375
-0.3193359375
-0.4215234375
-0.0127734375
-0.4215234375
-0.4215234375
-0.4215234375
-0.5748046875
-0.4726171875
-0.1660546875
-0.5748046875
-0.2682421875
-0.4215234375
-0.4215234375
-0.6769921875
-0.4726171875
-0.2682421875
-0.4215234375
-0.3704296875
-0.2682421875
-0.5237109375
-0.3704296875
-0.4726171875
-0.4726171875
-0.2682421875
-0.6769921875
-0.15328125
-0.3193359375
-0.5748046875
-0.3704296875
-0.3193359375
-0.3448828125
-0.7280859375
-0.4215234375
-0.3704296875
-0.3704296875
-0.3193359375
-0.4215234375
-0.4215234375
-0.3704296875
-0.3193359375
-0.1916015625
-0.1660546875
-0.3193359375
-0.0638671875
-0.4215234375
-0.2682421875
-0.3704296875
-0.3704296875
-0.2171484375
-0.3193359375
-0.3704296875
-0.4215234375
-0.2171484375
-0.5748046875
-0.4215234375
-0.1149609375
-0.4215234375
-0.4215234375
-0.3704296875
-0.3704296875
-0.4726171875
-0.5748046875
-0.2171484375
-0.1149609375
-0.15328125
-0.4215234375
-0.5237109375
-0.4215234375
-0.2171484375
-0.1660546875
-0.3704296875
-0.1149609375
-0.3448828125
-0.4215234375
-0.4215234375
-0.5237109375
-0.4726171875
-0.3193359375
-0.3193359375
-0.1660546875
-0.1660546875
-0.2171484375
-0.0638671875
-0.5237109375
-0.2171484375
-0.2682421875
-0.1149609375
-0.4215234375
-0.1149609375
-0.2682421875
-0.1149609375
-0.2682421875
-0.1149609375
-0.3065625
-0.0127734375
-0.1660546875
-0.5237109375
-0.2682421875
-0.1660546875
-0.4215234375
-0.4726171875
-0.2682421875
-0.2171484375
-0.4215234375
-0.3193359375
-0.3193359375
-0.5237109375
-0.1660546875
-0.1149609375
-0.1149609375
-0.3704296875
-0.1916015625
-0.0638671875
-0.0127734375
-0.4215234375
-0.2682421875
-0.3193359375
-0.2682421875
-0.4726171875
-0.3704296875
-0.4215234375
-0.1660546875
-0.1149609375
-0.0638671875
-0.0127734375
0.0383203125
-0.1149609375
0.1405078125
-0.1916015625
-0.1660546875
-0.0127734375
0.0383203125
-0.1660546875
-0.3193359375
-0.1660546875
-0.2682421875
0.0383203125
-0.4726171875
-0.2171484375
-0.1660546875
-0.1660546875
-0.3193359375
-0.0638671875
-0.0127734375
-0.2171484375
-0.0127734375
-0.1149609375
-0.0638671875
-0.1149609375
0.0894140625
-0.2682421875
-0.0638671875
-0.3704296875
-0.2682421875
-0.15328125
-0.5237109375
-0.2171484375
-0.2171484375
-0.1660546875
-0.1660546875
-0.5237109375
-0.1660546875
-0.4215234375
-0.0127734375
-0.1149609375
-0.2682421875
-0.2171484375
-0.3193359375
-0.5237109375
-0.0638671875
0.0383203125
-0.1149609375
-0.2171484375
-0.1149609375
-0.1149609375
-0.3704296875
-0.3065625
-0.3193359375
-0.1660546875
-0.4215234375
-0.0638671875
-0.1149609375
-0.0127734375
-0.1149609375
0.0383203125
-0.0638671875
-0.3065625
-0.4215234375
-0.1149609375
0.1405078125
-0.0127734375
0.2426953125
-0.0638671875
-0.2171484375
-0.1660546875
-0.1660546875
-0.2682421875
-0.1660546875
-0.0638671875
-0.3704296875
0.1405078125
0.0383203125
-0.0638671875
-0.2171484375
-0.1149609375
-0.3193359375
0.0383203125
-0.1660546875
-0.0638671875
-0.2171484375
-0.1660546875
0.0383203125
0.1405078125
-0.0638671875
-0.0638671875
-0.1149609375
-0.2682421875
-0.1149609375
-0.2171484375
-0.0127734375
-0.0638671875
-0.2171484375
0.076640625
-0.1660546875
-0.1660546875
-0.0638671875
0.0383203125
-0.1660546875
-0.0638671875
0.0383203125
0.0894140625
0.0894140625
-0.1149609375
-0.4726171875
0.0383203125
-0.2682421875
-0.1916015625
0.1916015625
0.0383203125
-0.2682421875
-0.0127734375
-0.2171484375
-0.1149609375
-0.0638671875
0.0383203125
-0.2682421875
0.1405078125
0.0
-0.1660546875
0.2426953125
-0.0127734375
-0.1149609375
-0.1149609375
-0.1149609375
-0.1660546875
-0.0638671875
-0.0127734375
-0.15328125
-0.0638671875
-0.2171484375
-0.2682421875
-0.1660546875
-0.0127734375
-0.0638671875
-0.1660546875
-0.2171484375
0.0383203125
-0.2171484375
0.076640625
-0.0638671875
-0.1660546875
-0.0127734375
-0.1660546875
-0.2171484375
-0.0638671875
-0.1660546875
-0.1149609375
0.2937890625
0.076640625
0.1916015625
0.0383203125
0.0894140625
-0.1149609375
-0.1660546875
0.0383203125
-0.0638671875
0.0894140625
-0.0127734375
0.229921875
-0.0638671875
-0.4215234375
0.1405078125
-0.1149609375
-0.0638671875
-0.1660546875
-0.0638671875
-0.1149609375
-0.1660546875
0.0894140625
6.93889390391e-18
-0.0127734375
-0.1149609375
-0.2682421875
0.0383203125
-0.0638671875
-0.0127734375
-0.0638671875
0.0894140625
0.0383203125
0.1149609375
-0.1149609375
-0.0127734375
0.2426953125
0.0383203125
0.1405078125
-0.1149609375
0.0383203125
-0.0638671875
0.0383203125
0.0894140625
0.3448828125
-0.0638671875
-0.2682421875
-0.0638671875
0.0383203125
-0.0638671875
-0.1149609375
0.0894140625
-0.0638671875
-0.1660546875
-0.0127734375
-0.15328125
-0.0127734375
0.0894140625
0.1916015625
0.0383203125
-0.0127734375
-0.0127734375
-0.0127734375
0.2426953125
0.0383203125
0.15328125
0.4981640625
0.2937890625
-0.0638671875
0.0894140625
0.3448828125
0.3959765625
0.3959765625
0.2426953125
0.0894140625
0.0894140625
0.1916015625
-0.0127734375
0.1916015625
0.2426953125
0.1916015625
0.2937890625
0.1916015625
-0.1149609375
0.1916015625
0.0383203125
0.1916015625
0.0383203125
0.1405078125
-0.0638671875
-0.1149609375
-0.2682421875
-0.1660546875
0.1405078125
0.0383203125
-0.2171484375
0.076640625
-0.0638671875
0.2937890625
-0.1149609375
-0.0127734375
0.1916015625
0.0894140625
-0.2171484375
-0.2171484375
0.0894140625
0.1916015625
0.1405078125
0.0383203125
0.0383203125
-0.0638671875
0.3448828125
0.4470703125
0.1916015625
0.0894140625
0.1405078125
-0.0638671875
0.1149609375
0.0383203125
-0.1660546875
0.0894140625
0.0383203125
0.2426953125
0.0383203125
0.0383203125
0.1916015625
0.0383203125
-0.1149609375
-0.0638671875
-0.0127734375
-0.1660546875
-0.0638671875
-0.0127734375
0.1405078125
0.1916015625
-0.2682421875
0.1916015625
0.1916015625
-0.0383203125
0.1916015625
0.0383203125
-0.0638671875
-0.0638671875
0.0894140625
-0.1660546875
-0.0127734375
0.0383203125
0.1405078125
0.1149609375
0.1405078125
-0.1149609375
0.0383203125
0.0383203125
-0.0127734375
-0.1149609375
0.1405078125
-0.0127734375
0.1916015625
0.1405078125
0.0383203125
0.0894140625
-0.1660546875
-0.0638671875
0.0894140625
-0.1149609375
0.2937890625
-0.0127734375
-0.2171484375
0.0894140625
-0.1916015625
0.1916015625
0.0383203125
0.1405078125
0.0383203125
-0.1149609375
0.2937890625
0.2937890625
0.0383203125
0.2937890625
-0.0127734375
0.15328125
0.1916015625
0.1916015625
0.2937890625
0.0383203125
0.0383203125
-0.0127734375
0.1916015625
-0.0127734375
-0.0638671875
0.1916015625
0.3065625
-0.0638671875
0.1405078125
-0.0127734375
0.0894140625
0.0894140625
0.1405078125
0.0894140625
-0.0127734375
-0.2171484375
0.1149609375
-0.0127734375
0.2426953125
-0.1149609375
-0.0127734375
-0.0127734375
0.3959765625
0.0894140625
-0.0638671875
0.2937890625
0.0894140625
0.4215234375
-0.0127734375
0.0383203125
-0.0127734375
-0.0127734375
0.3959765625
0.2426953125
0.2426953125
0.0383203125
-0.0127734375
6.93889390391e-18
-0.0638671875
0.1916015625
0.4470703125
-0.0127734375
0.1405078125
0.2426953125
0.2426953125
0.0383203125
0.2426953125
0.2426953125
0.229921875
-0.0638671875
0.1405078125
0.1916015625
-0.0638671875
0.0894140625
0.1405078125
-0.1149609375
0.1405078125
0.0894140625
0.1916015625
-0.0127734375
-0.1149609375
-0.0127734375
-0.1149609375
-0.0127734375
0.0894140625
-0.1149609375
0.3959765625
-0.1660546875
-0.2171484375
-0.1149609375
-0.0638671875
0.2426953125
0.1405078125
-0.0638671875
0.1916015625
-0.0127734375
-0.0127734375
0.2937890625
0.1916015625
0.0383203125
-0.1149609375
-0.0127734375
-0.0638671875
0.0894140625
-0.1149609375
0.1405078125
0.0894140625
0.0383203125
0.0894140625
0.229921875
-0.1149609375
0.1916015625
-0.1149609375
0.1405078125
-0.0638671875
0.2426953125
0.0383203125
-0.2171484375
0.2426953125
0.0383203125
0.0383203125
0.0383203125
0.0383203125
0.1916015625
0.1916015625
0.1916015625
0.3448828125
0.0894140625
0.1916015625
-0.1149609375
-0.076640625
-0.1660546875
0.0894140625
0.0894140625
-0.1149609375
0.2937890625
-0.1149609375
0.0894140625
0.0383203125
-0.2171484375
0.2426953125
0.1405078125
0.1916015625
-0.0127734375
-0.1149609375
-0.1149609375
0.2937890625
0.2682421875
0.2937890625
0.0383203125
0.0894140625
0.0383203125
0.0383203125
0.3448828125
-0.0638671875
-0.0127734375
-0.0638671875
-0.0638671875
0.0383203125
-0.1149609375
-0.0638671875
-0.1660546875
0.0383203125
0.1405078125
0.2426953125
0.0894140625
0.1405078125
0.1916015625
6.93889390391e-18
0.1405078125
0.3959765625
0.2426953125
0.1916015625
0.0383203125
0.0383203125
-0.1660546875
-0.1149609375
-0.1149609375
-0.0127734375
-0.1916015625
-0.1660546875
-0.0638671875
0.1916015625
0.1405078125
0.1916015625
0.1405078125
-0.0638671875
-0.0127734375
0.0894140625
-1.73472347598e-18
-0.0638671875
-0.1149609375
-0.4215234375
0.1916015625
0.0894140625
0.0383203125
0.0383203125
0.0383203125
-0.1149609375
0.0894140625
0.1916015625
-0.1149609375
-0.1149609375
0.1405078125
0.0383203125
0.3448828125
-0.1660546875
-0.0638671875
-0.0638671875
-0.0638671875
-0.0638671875
0.1405078125
-0.0638671875
-0.1660546875
-0.1660546875
-0.1149609375
-0.1149609375
-0.0638671875
0.1916015625
0.0383203125
0.0894140625
0.2426953125
-0.0638671875
-0.2171484375
-0.2171484375
0.0383203125
0.2426953125
-0.2682421875
0.0894140625
0.1405078125
0.3448828125
0.1916015625
0.0383203125
-0.1660546875
0.1405078125
-0.0638671875
0.15328125
-0.0127734375
0.0383203125
0.1405078125
-0.0638671875
0.0894140625
0.3448828125
-0.1149609375
-0.0127734375
0.1916015625
-0.0638671875
-0.1660546875
-0.15328125
-0.0638671875
0.1405078125
-0.0638671875
0.1405078125
-0.0127734375
0.0894140625
-0.2171484375
0.0383203125
-0.1660546875
0.1405078125
-0.0383203125
0.0894140625
-0.1149609375
0.1405078125
0.1405078125
0.1916015625
0.0383203125
0.2937890625
0.0894140625
0.2426953125
0.0383203125
0.1405078125
-0.0638671875
0.0894140625
0.0383203125
-0.0127734375
0.0894140625
-0.0127734375
-0.2682421875
0.0383203125
-0.2682421875
-0.2171484375
0.2937890625
-0.0638671875
0.1916015625
-0.1660546875
-0.2171484375
0.1405078125
0.2426953125
0.15328125
0.0894140625
-0.0127734375
-0.1660546875
-0.1149609375
0.0894140625
-0.1660546875
-0.0127734375
0.0383203125
0.2426953125
0.1405078125
-0.1149609375
0.0383203125
0.0383203125
-0.0127734375
0.0383203125
-0.2682421875
-0.1149609375
0.0894140625
-0.3704296875
-0.3193359375
-0.0127734375
-0.0127734375
0.0894140625
-0.0638671875
-0.0127734375
-0.0127734375
0.0383203125
-0.1660546875
0.3448828125
-0.0127734375
0.1916015625
-0.0638671875
0.2937890625
0.0383203125
0.1916015625
0.1405078125
0.0383203125
0.0383203125
0.1405078125
-0.1149609375
0.1916015625
0.2426953125
0.1405078125
0.2426953125
-0.0638671875
0.1916015625
0.1916015625
-0.0127734375
-0.0127734375
0.076640625
-0.0638671875
0.0894140625
-0.1149609375
0.1916015625
-0.0127734375
-0.0638671875
0.0894140625
-0.0127734375
0.0894140625
0.2937890625
0.1149609375
0.0383203125
-0.0638671875
-0.0127734375
-0.2682421875
-0.1660546875
-0.1660546875
-0.4215234375
-0.0127734375
-0.1149609375
0.15328125
0.2426953125
0.1405078125
-0.2171484375
-0.0127734375
-0.1660546875
-0.0638671875
0.2426953125
0.0894140625
0.0894140625
-0.076640625
-0.1660546875
0.1405078125
-0.0127734375
0.1405078125
-0.1660546875
-0.0638671875
0.1405078125
0.0383203125
0.0383203125
-0.2682421875
-0.3193359375
-0.1149609375
0.0383203125
0.0383203125
0.1405078125
-0.0127734375
-0.2171484375
0.0894140625
0.0383203125
0.1405078125
-0.0638671875
-0.1660546875
0.1916015625
0.0383203125
-0.1149609375
0.0894140625
-0.0127734375
0.1149609375
-0.1149609375
0.1405078125
-0.1660546875
-0.2171484375
-0.5748046875
-0.2171484375
-0.1660546875
0.1405078125
-0.0127734375
0.0383203125
-0.1149609375
-0.3193359375
-0.1660546875
-0.3704296875
0.0894140625
0.0894140625
0.0383203125
-0.0638671875
0.0383203125
0.0
-0.0127734375
0.1405078125
-0.1149609375
0.1405078125
-0.2171484375
-0.0638671875
0.1916015625
-0.0127734375
-0.2171484375
-0.1149609375
-0.229921875
-0.2171484375
-0.1149609375
0.0383203125
0.1405078125
-0.0638671875
0.0383203125
0.2426953125
0.0383203125
-0.3704296875
-0.1916015625
-0.1149609375
-0.3704296875
0.0383203125
-0.1660546875
0.0383203125
-0.2171484375
0.0894140625
-0.0638671875
-0.0383203125
0.1405078125
0.0383203125
0.0894140625
0.0894140625
0.0894140625
0.1405078125
-0.1660546875
-0.1660546875
-0.1149609375
-0.1149609375
-0.1149609375
-0.3704296875
-0.1149609375
0.0383203125
-0.0127734375
0.1916015625
-0.1660546875
-0.0638671875
-0.0127734375
-0.1660546875
0.0383203125
-0.1660546875
0.0383203125
0.2426953125
0.1149609375
0.1916015625
0.2426953125
0.0894140625
-6.93889390391e-18
0.1405078125
0.0383203125
-0.2171484375
-0.2682421875
-0.2682421875
-0.2682421875
-0.2171484375
-0.1660546875
-0.1149609375
0.229921875
-0.2171484375
0.1916015625
-0.2682421875
-0.2171484375
-0.1660546875
-0.0127734375
-0.0127734375
-0.1660546875
-0.0127734375
-0.15328125
0.1916015625
-0.2171484375
-0.1660546875
-0.2682421875
0.0383203125
0.1405078125
-0.0127734375
-0.0127734375
-0.1149609375
0.0383203125
-0.2682421875
-0.0127734375
-0.1149609375
-0.1149609375
-0.1660546875
-0.2171484375
0.1405078125
-0.2171484375
-0.2682421875
-0.0638671875
0.076640625
-0.1660546875
-0.0638671875
-0.0638671875
-0.0638671875
0.0383203125
-0.0638671875
0.0383203125
-0.1660546875
0.0383203125
-0.0383203125
-0.0127734375
-0.1660546875
-0.1149609375
-0.1149609375
-0.1660546875
0.4470703125
-0.1149609375
-0.1149609375
-0.0638671875
-0.1149609375
0.0383203125
-0.2682421875
-0.1149609375
-0.1660546875
-0.0127734375
0.0383203125
-0.0638671875
0.0383203125
-0.1149609375
0.0383203125
-0.15328125
-0.1660546875
-0.1660546875
-0.1149609375
0.0894140625
-0.3704296875
-0.1149609375
-0.1149609375
-0.0638671875
0.0894140625
0.3065625
-0.3193359375
-0.2682421875
0.1405078125
-0.0638671875
0.1405078125
-0.0127734375
-0.1149609375
-0.0127734375
-0.0638671875
-0.1149609375
-0.1149609375
0.0894140625
0.0383203125
-0.1660546875
0.1405078125
0.1916015625
-0.1660546875
-0.0127734375
-0.0127734375
-0.2682421875
-0.0127734375
-0.0638671875
0.0383203125
0.0383203125
-0.2171484375
-0.0638671875
-0.3193359375
-0.1149609375
-0.0127734375
-0.076640625
-0.0638671875
-0.1149609375
-0.0127734375
0.0383203125
0.0894140625
-0.0638671875
-0.1149609375
-0.0638671875
0.1916015625
-0.1149609375
-0.076640625
-0.0638671875
0.2937890625
0.0383203125
-0.0638671875
-0.0638671875
-0.1149609375
-0.5748046875
0.1405078125
-0.0127734375
6.93889390391e-18
0.1916015625
-0.2171484375
-0.0638671875
-0.0127734375
0.1405078125
-0.0638671875
0.0894140625
0.1916015625
0.1405078125
0.15328125
0.0383203125
-0.1149609375
0.2937890625
-0.1149609375
0.0383203125
0.1405078125
-0.0127734375
0.0894140625
0.3448828125
0.2426953125
0.15328125
0.4470703125
0.0383203125
0.3448828125
0.2937890625
0.1405078125
0.1405078125
0.3448828125
0.3959765625
0.229921875
0.2937890625
0.2937890625
0.0383203125
0.2426953125
0.4470703125
0.2426953125
0.1916015625
-0.1149609375
0.0383203125
0.3065625
0.4470703125
0.0383203125
0.1916015625
0.2426953125
-0.0127734375
0.1405078125
0.3448828125
0.2426953125
0.1916015625
0.2426953125
0.1149609375
0.1916015625
0.2426953125
-0.1149609375
0.2937890625
0.6514453125
-0.0127734375
0.2426953125
0.3959765625
0.1916015625
0.1405078125
0.2426953125
0.1916015625
0.1916015625
0.3448828125
0.2426953125
0.3448828125
0.2937890625
0.3448828125
0.1916015625
0.383203125
0.2426953125
0.1916015625
0.3448828125
0.1405078125
0.1405078125
0.3959765625
0.1916015625
0.1405078125
0.1149609375
0.3959765625
0.0383203125
-0.0638671875
0.2937890625
0.2937890625
0.1405078125
-0.0127734375
0.0383203125
0.0383203125
0.3065625
0.3959765625
0.1916015625
0.2937890625
0.2426953125
-0.0127734375
0.2426953125
0.0383203125
0.1916015625
0.2937890625
0.0894140625
6.93889390391e-18
-0.0638671875
0.2426953125
-0.0127734375
0.0894140625
0.2937890625
0.1916015625
0.2937890625
0.3448828125
0.1405078125
0.1916015625
0.1405078125
0.1405078125
0.1916015625
0.1405078125
-0.0638671875
0.2937890625
0.2937890625
0.2937890625
-0.0127734375
0.0894140625
0.1149609375
0.3959765625
0.1405078125
-0.0127734375
-0.1149609375
0.1405078125
0.3448828125
0.6514453125
0.2937890625
0.1405078125
0.1149609375
0.3448828125
0.3448828125
0.0383203125
0.2426953125
0.4470703125
0.3448828125
0.0894140625
0.3959765625
0.1405078125
0.2426953125
0.2682421875
0.3448828125
0.2426953125
0.3448828125
0.3959765625
0.5492578125
0.3448828125
0.4470703125
0.2426953125
0.3448828125
0.3448828125
0.2937890625
0.2426953125
0.1405078125
0.1405078125
0.2937890625
0.6514453125
0.3448828125
0.2426953125
0.3959765625
0.229921875
-0.1149609375
0.1405078125
0.1916015625
0.3959765625
0.0894140625
0.3448828125
0.3448828125
0.3959765625
0.4981640625
0.3448828125
0.15328125
0.3959765625
0.4981640625
0.2937890625
0.2937890625
0.2937890625
0.2937890625
0.45984375
0.7280859375
0.4470703125
0.4215234375
0.0894140625
0.1916015625
0.3959765625
0.1916015625
0.3448828125
0.3959765625
0.2937890625
0.3959765625
0.1916015625
0.1916015625
0.3065625
0.4981640625
0.3959765625
0.4470703125
0.2937890625
0.1405078125
0.3448828125
0.4981640625
0.1405078125
0.1916015625
0.383203125
0.3448828125
0.1405078125
0.3959765625
0.4981640625
0.4470703125
0.4470703125
0.2426953125
0.3448828125
0.3448828125
0.1405078125
0.4215234375
0.2937890625
0.2426953125
0.3448828125
0.4981640625
0.2937890625
0.3448828125
0.2426953125
0.4981640625
0.2937890625
0.45984375
0.4981640625
0.2937890625
0.3448828125
0.4470703125
0.3959765625
0.3448828125
0.2426953125
0.6514453125
0.1405078125
0.383203125
0.6514453125
0.2937890625
0.3448828125
0.4470703125
0.6003515625
0.2937890625
0.3959765625
0.3959765625
0.5492578125
0.4470703125
0.383203125
0.3959765625
0.4470703125
0.3448828125
0.4981640625
0.4981640625
0.3959765625
0.6514453125
0.3959765625
0.4215234375
0.2426953125
0.6514453125
0.4470703125
0.3448828125
0.6003515625
0.2937890625
0.3448828125
0.4981640625
0.3959765625
0.4470703125
0.2682421875
0.2937890625
0.2937890625
0.3959765625
0.2426953125
0.6003515625
0.3959765625
0.2937890625
0.3959765625
0.5492578125
0.3448828125
0.5492578125
0.4981640625
0.4470703125
0.3448828125
0.5492578125
0.6514453125
0.2937890625
0.5492578125
0.2426953125
0.45984375
0.3959765625
0.4981640625
0.6514453125
0.6003515625
0.3959765625
0.5492578125
0.5492578125
0.4981640625
0.2937890625
0.1916015625
0.4981640625
0.4470703125
0.3959765625
0.1916015625
0.6003515625
0.4981640625
0.3959765625
0.2426953125
0.4470703125
0.4981640625
0.3448828125
0.6003515625
0.4981640625
0.3448828125
0.4470703125
0.4981640625
0.4470703125
0.3959765625
0.3448828125
0.5492578125
0.7536328125
0.3448828125
0.3959765625
0.2937890625
0.4981640625
0.4981640625
0.4981640625
0.7025390625
0.6514453125
0.4470703125
0.6003515625
0.4981640625
0.4215234375
0.4981640625
0.9069140625
0.7025390625
0.7025390625
0.3448828125
0.7536328125
0.4470703125
0.5492578125
0.3959765625
0.76640625
0.4981640625
0.4981640625
0.3959765625
0.6003515625
0.6514453125
0.2937890625
0.3959765625
0.4470703125
0.2426953125
0.6003515625
0.4215234375
0.5492578125
0.3448828125
0.2426953125
0.4981640625
0.2937890625
0.4981640625
0.1916015625
0.3959765625
0.1405078125
0.3065625
0.3448828125
0.4470703125
0.4470703125
0.7025390625
0.5492578125
0.4470703125
0.6514453125
0.3448828125
0.2937890625
0.5492578125
0.4215234375
0.2426953125
0.8047265625
0.6514453125
0.2937890625
0.3959765625
0.2937890625
0.3448828125
0.7536328125
0.5492578125
0.5748046875
0.5492578125
0.6003515625
0.6003515625
0.2937890625
0.8047265625
0.2937890625
0.2426953125
0.4981640625
0.4470703125
0.5492578125
0.613125
0.4981640625
0.5492578125
0.3448828125
0.5492578125
0.4470703125
0.0894140625
0.3959765625
0.3959765625
0.6003515625
0.4981640625
0.383203125
0.5492578125
0.6003515625
0.4981640625
0.3959765625
0.4470703125
0.4470703125
0.5492578125
0.2426953125
0.4470703125
0.613125
0.3448828125
0.4981640625
0.1916015625
0.3448828125
0.1916015625
0.6003515625
0.2937890625
0.7025390625
0.4470703125
0.5492578125
0.45984375
0.2937890625
0.3959765625
0.5492578125
0.4981640625
0.3959765625
0.4470703125
0.4981640625
0.5492578125
0.3959765625
0.4215234375
0.4470703125
0.4981640625
0.5492578125
0.4981640625
0.4981640625
0.7536328125
0.5492578125
0.6003515625
0.4215234375
0.3448828125
0.6514453125
0.3959765625
0.5492578125
0.6003515625
0.8047265625
0.8558203125
0.4981640625
0.4470703125
0.3959765625
0.613125
0.4981640625
0.6003515625
0.4470703125
0.7025390625
0.4470703125
0.7025390625
0.3448828125
0.5492578125
0.4981640625
0.4981640625
0.3959765625
0.6003515625
0.2937890625
0.4981640625
0.6003515625
0.6003515625
0.3959765625
0.4470703125
0.3448828125
0.6514453125
0.536484375
0.3959765625
0.8558203125
0.6003515625
0.6514453125
0.4470703125
0.4470703125
0.6003515625
0.3448828125
0.7025390625
0.7280859375
0.3959765625
0.4470703125
0.4981640625
0.4470703125
0.4470703125
0.7025390625
0.3959765625
0.4981640625
0.4470703125
0.5492578125
0.4981640625
0.4470703125
0.6003515625
0.5492578125
0.6514453125
0.5492578125
0.4470703125
0.3959765625
0.5492578125
0.7536328125
0.3959765625
0.3065625
0.5492578125
0.6003515625
0.5492578125
0.4981640625
0.7536328125
0.4981640625
0.3959765625
0.2682421875
0.8047265625
0.7536328125
0.7536328125
0.4981640625
0.4981640625
0.2426953125
0.6514453125
0.6514453125
0.7025390625
0.4470703125
0.2937890625
0.3448828125
0.6514453125
0.6514453125
0.5492578125
0.6514453125
0.7025390625
0.1916015625
0.6003515625
0.8047265625
0.5492578125
0.6003515625
0.6514453125
0.689765625
0.2426953125
0.4981640625
0.5492578125
0.7025390625
0.5492578125
0.6514453125
0.2937890625
0.8047265625
0.4470703125
0.2426953125
0.4215234375
0.0894140625
0.4981640625
0.6003515625
0.4981640625
0.0894140625
0.7536328125
0.4470703125
0.3959765625
0.5492578125
0.613125
0.6003515625
0.8558203125
0.4470703125
0.6514453125
0.6003515625
0.4470703125
0.2937890625
0.3959765625
0.6003515625
0.4470703125
0.6514453125
0.6514453125
0.6514453125
0.4981640625
0.6003515625
0.3959765625
0.4470703125
0.6514453125
0.3959765625
0.4981640625
0.4470703125
0.613125
0.0383203125
0.5492578125
0.4470703125
0.4981640625
0.1405078125
0.5492578125
0.3959765625
0.6003515625
0.4981640625
0.5748046875
0.5492578125
0.8047265625
0.5492578125
0.5492578125
0.3959765625
0.3959765625
0.5492578125
0.2426953125
0.4470703125
0.5492578125
0.536484375
0.4470703125
0.7025390625
0.6003515625
0.4981640625
0.4981640625
0.7025390625
0.2937890625
0.2937890625
0.5492578125
0.7025390625
0.613125
0.6003515625
0.6003515625
0.4470703125
0.6003515625
0.3959765625
0.5492578125
0.7536328125
0.3959765625
0.6003515625
0.45984375
0.6003515625
0.4981640625
0.5492578125
0.3448828125
0.3448828125
0.4981640625
0.3448828125
0.6514453125
0.4470703125
0.4981640625
0.2682421875
0.6003515625
0.5492578125
0.3448828125
0.5492578125
0.6003515625
0.3959765625
0.4981640625
0.6003515625
0.5492578125
0.7025390625
0.7025390625
0.3959765625
0.8047265625
0.5492578125
0.3959765625
0.6003515625
0.2937890625
0.4215234375
0.6003515625
0.7536328125
0.8047265625
0.4470703125
0.6514453125
0.4981640625
0.3448828125
0.3448828125
0.4981640625
0.5492578125
0.536484375
0.7025390625
0.8047265625
0.4981640625
0.4470703125
0.7536328125
0.3448828125
0.6003515625
0.4981640625
0.3959765625
0.8558203125
0.4981640625
0.5492578125
0.6514453125
0.4470703125
0.6514453125
0.5492578125
0.5492578125
0.4470703125
0.3448828125
0.5492578125
0.843046875
0.8047265625
0.6003515625
0.7025390625
0.5492578125
0.8047265625
0.6514453125
0.6003515625
0.5492578125
0.8047265625
0.6514453125
0.4981640625
0.5492578125
0.7025390625
0.8558203125
0.7025390625
0.7025390625
0.6003515625
0.4470703125
0.6003515625
0.6003515625
0.4981640625
0.5748046875
0.4470703125
0.5492578125
0.7025390625
0.2937890625
0.6003515625
0.9580078125
0.4470703125
0.4981640625
0.5492578125
0.536484375
0.6514453125
0.4981640625
0.6003515625
0.5492578125
0.7025390625
0.4470703125
0.4981640625
0.4981640625
0.4981640625
0.4981640625
0.5748046875
0.5492578125
0.6514453125
0.7025390625
0.8047265625
0.9069140625
0.2937890625
0.6003515625
0.6514453125
0.3959765625
0.6003515625
0.536484375
0.4981640625
0.4981640625
0.6514453125
0.3959765625
0.6003515625
0.8047265625
0.4470703125
0.5748046875
0.7025390625
0.4981640625
0.6003515625
0.4981640625
0.4981640625
0.6514453125
0.2937890625
0.7025390625
0.5492578125
0.3448828125
0.536484375
0.6003515625
0.4981640625
1.0601953125
0.4470703125
0.4470703125
0.9069140625
0.4981640625
0.6514453125
0.7025390625
0.6003515625
0.536484375
0.4470703125
0.6003515625
0.6514453125
0.4981640625
0.4470703125
0.5492578125
0.4470703125
0.5492578125
0.3448828125
0.6514453125
0.613125
0.8047265625
0.6514453125
0.8047265625
0.4981640625
0.6003515625
0.8047265625
0.7025390625
0.4981640625
0.5492578125
0.4981640625
0.3959765625
0.6003515625
0.6003515625
0.5492578125
0.3959765625
0.4470703125
0.7025390625
0.536484375
0.2937890625
0.4981640625
0.4470703125
0.4981640625
0.5492578125
0.7536328125
0.6003515625
0.4981640625
0.3959765625
0.6514453125
0.689765625
0.6003515625
0.6514453125
0.8558203125
0.4470703125
0.4470703125
0.7025390625
0.6003515625
0.4470703125
0.4470703125
0.3959765625
0.843046875
0.4981640625
0.5492578125
0.7025390625
0.3448828125
0.8047265625
0.6514453125
0.4981640625
0.6514453125
0.5492578125
0.45984375
0.6003515625
0.8047265625
0.5492578125
0.4981640625
0.4470703125
0.6003515625
0.7025390625
0.3448828125
0.4981640625
0.613125
0.4981640625
0.4981640625
0.6514453125
0.4981640625
0.3959765625
0.7025390625
0.5492578125
0.6514453125
0.4981640625
0.4981640625
0.6514453125
0.7536328125
0.4470703125
0.6514453125
0.3959765625
0.3959765625
0.5492578125
0.5492578125
0.5492578125
0.45984375
0.3448828125
0.5492578125
0.2937890625
0.4470703125
0.7025390625
0.5492578125
0.5492578125
0.5492578125
0.3959765625
0.3448828125
0.4981640625
0.5492578125
0.8047265625
0.2937890625
0.7025390625
0.3959765625
0.8047265625
0.5492578125
0.6003515625
0.6003515625
0.6003515625
0.4215234375
0.6514453125
0.6514453125
0.6514453125
0.4981640625
0.5492578125
0.6514453125
0.4470703125
0.3448828125
0.4981640625
0.4981640625
0.45984375
0.4470703125
0.3448828125
0.3448828125
0.5492578125
0.4470703125
0.5492578125
0.6514453125
0.383203125
0.4470703125
0.4470703125
0.2426953125
0.6514453125
0.4470703125
0.6003515625
0.8047265625
0.6003515625
0.7536328125
0.5492578125
0.536484375
0.2937890625
0.6514453125
0.7536328125
0.4981640625
0.3448828125
0.2937890625
0.6003515625
0.4470703125
0.5492578125
1.0601953125
0.3065625
0.4470703125
0.4470703125
0.6514453125
0.6003515625
0.9069140625
0.5492578125
0.3959765625
0.3959765625
0.4981640625
0.689765625
0.3448828125
0.3448828125
0.9069140625
0.4981640625
0.5492578125
0.4470703125
0.6514453125
0.3959765625
0.8047265625
0.4981640625
0.6514453125
0.7025390625
0.3959765625
0.3959765625
0.4470703125
0.8558203125
0.7025390625
0.6514453125
0.3959765625
0.7025390625
0.8558203125
0.76640625
0.7025390625
0.7025390625
0.4981640625
0.7025390625
0.3959765625
0.5492578125
0.3448828125
0.5492578125
0.4981640625
0.6514453125
0.7025390625
0.6003515625
0.6003515625
0.4981640625
0.3959765625
0.6003515625
0.689765625
0.3959765625
0.5492578125
0.6003515625
0.6003515625
0.4470703125
0.7025390625
0.4981640625
0.6514453125
0.3959765625
0.5492578125
0.5748046875
0.2937890625
0.6514453125
0.4981640625
0.3959765625
0.7536328125
0.5492578125
0.4981640625
0.6514453125
0.6514453125
0.4215234375
0.6514453125
0.8047265625
0.1916015625
0.3959765625
0.5492578125
0.3448828125
0.5492578125
0.6003515625
0.6514453125
0.6003515625
0.536484375
0.6003515625
0.4470703125
0.9069140625
0.4981640625
0.6514453125
0.3959765625
0.7536328125
0.6003515625
0.6003515625
0.4981640625
0.5748046875
0.9580078125
0.6514453125
0.7025390625
0.4981640625
0.6003515625
0.8047265625
0.6514453125
0.4981640625
0.6514453125
0.613125
0.6003515625
0.4470703125
0.4981640625
0.3959765625
0.5492578125
0.3448828125
0.3959765625
0.4470703125
0.6003515625
0.6003515625
0.6514453125
0.7025390625
0.4981640625
0.6514453125
0.6514453125
0.7536328125
0.7025390625
0.6514453125
0.6003515625
0.4981640625
0.4981640625
0.4981640625
0.6003515625
0.5492578125
0.7025390625
0.6514453125
0.9069140625
0.4981640625
0.7025390625
0.6514453125
0.5492578125
0.3065625
0.6003515625
0.3959765625
0.5492578125
0.5492578125
0.3959765625
0.4470703125
0.4470703125
0.3959765625
0.4470703125
0.4981640625
0.3959765625
0.4981640625
0.6003515625
0.4981640625
0.3959765625
0.4470703125
0.3959765625
0.7536328125
0.3959765625
0.7025390625
0.536484375
0.6003515625
0.4981640625
0.3959765625
0.4470703125
0.5492578125
0.7025390625
0.6003515625
0.6003515625
0.5492578125
0.5492578125
0.45984375
0.7536328125
0.7536328125
0.6514453125
0.5492578125
0.7025390625
0.6003515625
0.5492578125
0.6514453125
0.3959765625
0.6003515625
0.7025390625
0.4981640625
0.4981640625
0.5492578125
0.4470703125
0.5492578125
0.4981640625
0.6003515625
0.5748046875
0.3959765625
0.4981640625
0.5492578125
0.4470703125
0.4981640625
0.4470703125
0.1405078125
0.3448828125
0.5492578125
0.3959765625
0.3448828125
0.4470703125
0.3959765625
0.7536328125
0.6003515625
0.4470703125
