-1.5566726508
-1.55968486623
-1.56407287083
-1.56961216747
-1.57400684719
-1.57862361254
-1.58203332345
-1.58441264846
-1.58574433773
-1.58683866643
-1.58784162684
-1.58319555826
-1.58020845267
-1.5768836312
-1.57469718244
-1.57197689162
-1.57106086204
-1.57022814975
-1.57154907769
-1.57243828013
-1.57499799529
-1.57835790922
-1.58190542475
-1.58443169937
-1.58570571778
-1.58646514674
-1.58678009323
-1.58546322814
-1.58510570029
-1.58370337224
-1.58415149412
-1.58246772199
-1.58057685321
-1.57739410346
-1.57311473702
-1.56816916394
-1.56392220959
-1.56112364126
-1.55954972742
-1.56045914672
-1.5625881923
-1.56547027649
-1.56685143101
-1.56956086521
-1.57019629459
-1.5704028052
-1.57129440643
-1.57051531906
-1.57249115858
-1.57257640696
-1.57183507642
-1.57228413448
-1.57119416069
-1.56865823481
-1.56710227708
-1.56498441652
-1.56356987926
-1.56191433296
-1.56195204781
-1.5617650142
-1.56157232537
-1.56165054653
-1.56241009342
-1.56445786509
-1.56565140776
-1.56891767607
-1.56647695747
-1.56595780802
-1.56559720776
-1.5673811154
-1.56889904217
-1.5709323045
-1.57193693741
-1.57014766158
-1.56952871721
-1.56678248922
-1.56299161153
-1.56085509346
-1.55726855651
-1.55689662401
-1.55738029824
-1.55628634285
-1.55412229678
-1.55388901102
-1.55521254821
-1.5573688845
-1.56129274454
-1.56277793622
-1.56592968302
-1.56828372445
-1.56795622346
-1.56729763764
-1.5672007159
-1.56600926864
-1.56490058813
-1.56314756821
-1.56133368588
-1.55937179637
-1.55732215293
-1.55487813737
-1.55326738748
-1.55183896686
-1.55376754147
-1.55604037218
-1.56037690453
-1.5648101186
-1.56970498409
-1.57257668611
-1.57600428088
-1.5786875983
-1.58116526586
-1.58202998342
-1.58234338172
-1.58134262903
-1.58019290177
-1.57850115325
-1.57712573341
-1.57392614042
-1.57044743965
-1.56741099674
-1.56401972905
-1.56176382286
-1.56010435824
-1.56100118902
-1.56492108574
-1.56902043472
-1.57133185272
-1.57657726393
-1.57884796127
-1.58124554761
-1.58287774204
-1.58260469123
-1.58197391236
-1.58078076998
-1.57773457061
-1.57578905578
-1.57340859843
-1.57065681631
-1.56667561514
-1.56310621202
-1.55939194587
-1.55625796804
-1.55499947438
-1.55515637973
-1.55712101348
-1.55844207944
-1.56096059177
-1.56295619085
-1.56586993323
-1.56729948208
-1.57120413145
-1.57218792152
-1.57450127069
-1.5746066853
-1.57447943622
-1.57205851207
-1.56891100953
-1.5640914849
-1.55912775291
-1.55665529213
-1.5536178177
-1.55159424057
-1.54901698175
-1.547276949
-1.54460471162
-1.5422967987
-1.54124330174
-1.53880826168
-1.53935554275
-1.54117849795
-1.54398945689
-1.54642003386
-1.55018838156
-1.55189262672
-1.55586155429
-1.55724880882
-1.55889994562
-1.55890621639
-1.55970084137
-1.55910256183
-1.55941632233
-1.55984618565
-1.55810319742
-1.55727315115
-1.55488716836
-1.54753995411
-1.54368478835
-1.53875433156
-1.53701591254
-1.5376484331
-1.53935715025
-1.54350549581
-1.54879494081
-1.55366514122
-1.55545922997
-1.55596056692
-1.55756978342
-1.55895122111
-1.56064935024
-1.56271906019
-1.5651022906
-1.56475385089
-1.56515120074
-1.56314775581
-1.56228748013
-1.55918691854
-1.55539379749
-1.55103774365
-1.54739339283
-1.5454029509
-1.54556761947
-1.54866460126
-1.55377746071
-1.55797058147
-1.56583895934
-1.57183626528
-1.57588541723
-1.58560881852
-1.5882440549
-1.59053117952
-1.59113707345
-1.59001389158
-1.58818388214
-1.58394289005
-1.57932970848
-1.57279819257
-1.56786269311
-1.56549515902
-1.56526159284
-1.5659026722
-1.56730058029
-1.5666944517
-1.56771645504
-1.56618353406
-1.56406826044
-1.56238653274
-1.56248536694
-1.56473822767
-1.56840718485
-1.57262118295
-1.57716006862
-1.57896695489
-1.58021389934
-1.57870636045
-1.5745243482
-1.57112108465
-1.56971217809
-1.56873838327
-1.56924474478
-1.56855099168
-1.56709976541
-1.56541902637
-1.56088739005
-1.55651662467
-1.55223804365
-1.54812262159
-1.54516680562
-1.54426607066
-1.54507590404
-1.54833989873
-1.55312703567
-1.55956078108
-1.56456571376
-1.56917411504
-1.57164811186
-1.57135944598
-1.57001037413
-1.56881528261
-1.56777756824
-1.56833824471
-1.56990880439
-1.57079752912
-1.57137816584
-1.56870173256
-1.56066931852
-1.55656591836
-1.55178749195
-1.54988300946
-1.5479101912
-1.54632015683
-1.54507199561
-1.54294267854
-1.5418767711
-1.53906321718
-1.53791387533
-1.53721569107
-1.54062392246
-1.54653817448
-1.55500237889
-1.56175282232
-1.56970310235
-1.57663223946
-1.58030701134
-1.5813708122
-1.58091246215
-1.57997529555
-1.57639660607
-1.57333391923
-1.56980278482
-1.56530431906
-1.56126578504
-1.55618318524
-1.55184765369
-1.54847379448
-1.5442398746
-1.54055541262
-1.53850327644
-1.5386079245
-1.54004490411
-1.54249522717
-1.54649663243
-1.5522179622
-1.55931648174
-1.56430312278
-1.56904996218
-1.57058917236
-1.57200668863
-1.57137650809
-1.56885866234
-1.56736422981
-1.56655269245
-1.56702058919
-1.56730178915
-1.57065372725
-1.57256802085
-1.57159848428
-1.57067573368
-1.56875228427
-1.5656607063
-1.56387575825
-1.56355717388
-1.56412314011
-1.56493977138
-1.56227293461
-1.5617733249
-1.56230387835
-1.56313495851
-1.5652943042
-1.5652468092
-1.56652207055
-1.56566579444
-1.56477750649
-1.56409922416
-1.56353421987
-1.56507282945
-1.56683682416
-1.56707973786
-1.56799511323
-1.55896377313
-1.55757048018
-1.55757917658
-1.55690149234
-1.55653720415
-1.55720595055
-1.5581019824
-1.559830671
-1.5601702151
-1.56159484054
-1.56297163302
-1.56415135095
-1.56530552967
-1.56644205433
-1.56694555864
-1.5660450731
-1.56446794516
-1.56282444326
-1.56128119783
-1.55930223362
-1.55750369341
-1.55731745264
-1.55684868762
-1.55647120736
-1.55679533405
-1.55735455965
-1.56001227213
-1.56267959791
-1.56443407015
-1.56807382256
-1.56916770809
-1.57148908036
-1.57160066048
-1.5719648713
-1.57394567872
-1.57347768632
-1.5733113616
-1.57182725122
-1.56196672092
-1.56170441717
-1.55886271749
-1.55959343101
-1.56080548656
-1.56437068408
-1.56708922745
-1.57137378435
-1.57404777963
-1.57374445901
-1.57353009848
-1.57026091271
-1.56626885152
-1.56414341481
-1.56043854804
-1.55847824864
-1.54949110738
-1.5458050601
-1.54420915118
-1.54338126939
-1.54235655172
-1.54164223483
-1.54220703191
-1.54351182673
-1.54576946322
-1.54726163787
-1.54940234316
-1.5516647917
-1.5535662855
-1.55474855638
-1.55652625238
-1.55911627149
-1.5614498507
-1.56239713034
-1.56247063672
-1.56268559516
-1.56229897945
-1.56228980294
-1.56339716128
-1.56298458468
-1.56225397067
-1.56161538787
-1.55932623881
-1.55894203252
-1.55947262804
-1.5620264782
-1.56636927579
-1.57079537815
-1.57482829958
-1.57783510376
-1.57666498892
-1.576235422
-1.56707146804
-1.56515049453
-1.56210730707
-1.55999556942
-1.55776744018
-1.55509042392
-1.55342914543
-1.55195594327
-1.55255730485
-1.5532830439
-1.55327104964
-1.55314945839
-1.55226456321
-1.5522565464
-1.55198475754
-1.55386754136
-1.55629228556
-1.55947853694
-1.56192723585
-1.5640977791
-1.56304190874
-1.56099236589
-1.55905956669
-1.55813173409
-1.55825859489
-1.55809558812
-1.55946157466
-1.5604379619
-1.56206103671
-1.56138882819
-1.56088686271
-1.56027090802
-1.55974481053
-1.55854938971
-1.55928512108
-1.5597635821
-1.55955454864
-1.55929497065
-1.55835765483
-1.55732537822
-1.55608697432
-1.5553183109
-1.55585803889
-1.55625100301
-1.55667416129
-1.55580705621
-1.55617787093
-1.55504592304
-1.55392607595
-1.55413365987
-1.55596409399
-1.5571784217
-1.55364565782
-1.55384129971
-1.55227586952
-1.55208343762
-1.55140103614
-1.54935921274
-1.54573561685
-1.54404731603
-1.54214869541
-1.54025425415
-1.53914823791
-1.53768491814
-1.5377086013
-1.53623437698
-1.53642347269
-1.53730614946
-1.53730495979
-1.5363183819
-1.538353246
-1.54022745306
-1.54132997581
-1.54570601873
-1.54748161061
-1.55159646713
-1.55372392502
-1.55578408325
-1.5559392583
-1.55736244308
-1.55549726158
-1.55392798396
-1.55131487346
-1.55039481094
-1.54743063563
-1.54552670071
-1.54378035572
-1.54080216172
-1.5404636031
-1.54014149513
-1.54156224649
-1.54319238963
-1.54554115754
-1.54865297386
-1.55116702925
-1.55434999831
-1.55699279732
-1.55714861495
-1.55501683449
-1.55368681129
-1.55399425517
-1.55435535464
-1.55376330905
-1.5529557594
-1.54854030564
-1.54879352777
-1.54761170824
-1.54829348785
-1.55094407593
-1.55304126801
-1.55520602751
-1.55683676879
-1.55577611771
-1.5547310268
-1.55411810254
-1.55452562457
-1.55582212693
-1.55823505171
-1.55974263668
-1.55971867262
-1.55774528367
-1.55617402086
-1.55368839581
-1.55238039095
-1.55169061278
-1.55221840384
-1.55293452676
-1.55314973678
-1.5529671191
-1.55316063315
-1.55426308382
-1.5586262628
-1.55718427989
-1.55641643001
-1.55260558214
-1.54985907897
-1.54874337985
-1.54766306823
-1.54814850041
-1.54975962412
-1.55065789012
-1.55108699624
-1.55154413946
-1.55215119209
-1.55133354528
-1.55240259177
-1.55420289768
-1.55411143715
-1.55349242192
-1.55235603457
-1.550273942
-1.54931500506
-1.5483376113
-1.540637246
-1.54051425219
-1.54020716109
-1.54090044869
-1.54076725931
-1.54119920799
-1.54026554443
-1.54051847258
-1.54070746633
-1.54363669229
-1.54692967392
-1.5493365902
-1.55313169476
-1.55595881073
-1.5578347496
-1.55877759904
-1.56069009172
-1.56006747793
-1.55895940105
-1.55714900946
-1.55689658786
-1.55424594845
-1.55285613457
-1.54656765399
-1.54311246335
-1.54061468112
-1.53804704204
-1.53713855297
-1.53678285505
-1.53817668569
-1.53783231023
-1.538833219
-1.53997569194
-1.54123330031
-1.54131379901
-1.54347152832
-1.54724703519
-1.54741195589
-1.54821631634
-1.5485974619
-1.54907589286
-1.54914876409
-1.54936834656
-1.54916029963
-1.54984552277
-1.54730192536
-1.54479624567
-1.54026803479
-1.53743253183
-1.53448472463
-1.53362694169
-1.53317621728
-1.53315550839
-1.53289018589
-1.53404905161
-1.53321479686
-1.53390846078
-1.53401399951
-1.53484493017
-1.53706050346
-1.53978864992
-1.54230037326
-1.54368661749
-1.54308837038
-1.54368316999
-1.54264889377
-1.54182206401
-1.54154613771
-1.54036734081
-1.53988602782
-1.53709405323
-1.53509725247
-1.53277464695
-1.53206846946
-1.52954387121
-1.53081649118
-1.53152398897
-1.53322115384
-1.53543813343
-1.53646910697
-1.53787250918
-1.53792855315
-1.54009347651
-1.53973928159
-1.54150735489
-1.54345137806
-1.54361444344
-1.54208054242
-1.5405348907
-1.53834670941
-1.53752468235
-1.53638028764
-1.53569967649
-1.53568688855
-1.53504989048
-1.53420354808
-1.53208898009
-1.51149547293
-1.51264444237
-1.51605592109
-1.519461849
-1.52210095202
-1.52325793294
-1.52310302177
-1.52057007514
-1.51926146026
-1.51887897534
-1.52005402451
-1.52161552698
-1.52383903947
-1.52725279517
-1.52780405761
-1.52719371628
-1.52377555359
-1.52246022956
-1.52211860095
-1.52249332127
-1.52398915584
-1.52598136102
-1.52819096381
-1.52954006151
-1.5300299955
-1.52932446287
-1.5275402626
-1.52653268689
-1.52335372307
-1.52363179173
-1.52401692433
-1.5239670434
-1.52631917748
-1.52808762511
-1.53076850528
-1.52978724878
-1.52972219741
-1.52828711645
-1.52749814467
-1.52894047489
-1.5301779244
-1.53187343361
-1.53349742272
-1.53281978599
-1.53181984961
-1.53168692361
-1.53126487783
-1.53462748423
-1.53552237225
-1.53943523236
-1.54047474004
-1.54251665929
-1.54070544249
-1.52807333337
-1.52598277694
-1.52443066519
-1.52317371901
-1.52216166106
-1.52190705981
-1.52260750104
-1.52292618765
-1.52647240966
-1.52994592105
-1.53393914842
-1.53452499692
-1.53815170085
-1.53943637283
-1.53950078663
-1.53982175693
-1.53886487595
-1.53609577176
-1.53338978671
-1.5306779518
-1.52778213215
-1.52466747422
-1.52406195152
-1.52511955189
-1.52664907368
-1.52977760055
-1.5341814223
-1.53817756302
-1.54197087956
-1.54364758341
-1.54491900698
-1.54693609729
-1.54923825161
-1.5525820631
-1.55312388675
-1.55359268712
-1.55274222397
-1.55024463865
-1.54639094578
-1.54448584571
-1.53980206251
-1.53897357463
-1.53636124712
-1.53603025525
-1.53481819094
-1.53377847761
-1.53346005205
-1.53293130895
-1.53156733778
-1.53114476323
-1.53085179306
-1.53032938758
-1.53136951141
-1.53079115753
-1.53128665689
-1.53023343512
-1.53084193139
-1.53016118047
-1.53059979222
-1.53159860192
-1.53311196176
-1.53518365009
-1.53515612593
-1.53632247304
-1.53738795669
-1.53898845311
-1.54233495194
-1.54374549209
-1.54622911162
-1.54502436714
-1.54451694701
-1.54413100107
-1.54223855645
-1.54177461006
-1.54198101315
-1.54176929818
-1.53939826676
-1.53663186776
-1.53227957324
-1.53032080363
-1.52557101666
-1.52440976956
-1.523819408
-1.52512372426
-1.52653982794
-1.55456596883
-1.5578536049
-1.56085623609
-1.56005956616
-1.557037733
-1.5532777549
-1.54904540149
-1.54662909491
-1.54343789403
-1.54220759844
-1.54049225915
-1.5392043769
-1.53793256475
-1.53664517273
-1.53617155387
-1.536678751
-1.54005391852
-1.54447352054
-1.5491093453
-1.55346494822
-1.556279839
-1.55646215507
-1.55530902862
-1.55395384737
-1.54938275126
-1.54696412535
-1.54544859319
-1.54250609646
-1.53933550866
-1.53687897671
-1.53687107929
-1.53858333549
-1.54075555038
-1.54340119264
-1.54455909028
-1.54410855753
-1.54372577068
-1.54276712631
-1.54242119625
-1.54354164584
-1.54504706643
-1.54893663463
-1.55051288674
-1.55133028299
-1.5490239735
-1.54755390095
-1.54299776562
-1.53997821542
-1.53563470653
-1.53475863598
-1.53453665345
-1.53601032004
-1.53650972028
-1.53833078622
-1.53986162916
-1.54008307381
-1.53957411349
-1.54015543452
-1.54020321127
-1.54094212272
-1.54111388363
-1.54272988846
-1.54289137332
-1.54388543032
-1.54522284047
-1.54550698276
-1.54420882993
-1.54231767099
-1.53789680721
-1.53366452334
-1.53163861402
-1.53251072424
-1.53378604817
-1.53654905596
-1.53979235358
-1.54047473681
-1.53821936936
-1.53545953621
-1.52988345434
-1.52546088741
-1.52249793098
-1.5231547329
-1.52648239932
-1.53199146187
-1.53594319616
-1.53832778027
-1.53865568537
-1.53672548639
-1.53440220691
-1.53222841643
-1.53448009485
-1.5376455127
-1.54384847814
-1.54813522524
-1.55310326562
-1.55353589393
-1.55019995523
-1.5445805348
-1.53861056231
-1.53113225497
-1.52634070749
-1.52648403622
-1.52886248469
-1.52943261867
-1.52886449982
-1.52623505243
-1.52447306175
-1.52067786787
-1.51786682124
-1.52034507239
-1.52574997465
-1.53079069498
-1.53833756311
-1.5424685924
-1.54444860883
-1.54284301212
-1.54070986559
-1.53594936186
-1.5341967723
-1.53165366536
-1.53232261822
-1.53335199939
-1.53463467478
-1.53571886189
-1.53533108071
-1.53220510017
-1.52830320459
-1.52431539948
-1.52166211716
-1.51953803953
-1.51885451794
-1.52065631268
-1.52241705026
-1.52532401632
-1.52643197532
-1.52658586734
-1.52589847113
-1.52460206324
-1.5224861584
-1.52220479159
-1.52427273177
-1.52484721177
-1.52721906839
-1.52677123177
-1.52643862228
-1.52192760425
-1.51825211384
-1.51309822644
-1.51069425688
-1.51235350998
-1.51766745169
-1.52101313495
-1.523839444
-1.51580003704
-1.51186919034
-1.51090110435
-1.51466691115
-1.51833450562
-1.51969056227
-1.51831980182
-1.51593469396
-1.51370466762
-1.51046823674
-1.5101663313
-1.51178079035
-1.51622320306
-1.52012595377
-1.52381986013
-1.5253076648
-1.52341892741
-1.52115565507
-1.51684929319
-1.51128178175
-1.50898363895
-1.5075755195
-1.50668844675
-1.50924206417
-1.51064846533
-1.5120496114
-1.51184679487
-1.51124339473
-1.50790150155
-1.50619051259
-1.50308270552
-1.5037400241
-1.50528538552
-1.50704478483
-1.50977968468
-1.51145074057
-1.51206624907
-1.51036252715
-1.50781606181
-1.50575395671
-1.50478533458
-1.50446653798
-1.50603132281
-1.50745316576
-1.50967120542
-1.50952103778
-1.50802381763
-1.50465286809
-1.50216681127
-1.49613549694
-1.49204242256
-1.4898088969
-1.49098192603
-1.49311139001
-1.49754197215
-1.49972656584
-1.5039911311
-1.50576751279
-1.50665769108
-1.5073594954
-1.50814989579
-1.51083179396
-1.51439007601
-1.5172612677
-1.52134118392
-1.52175098731
-1.52146086096
-1.52025151069
-1.51759266469
-1.51756571405
-1.51888529345
-1.52208641065
-1.5241559355
-1.52516075966
-1.52304545616
-1.52197920118
-1.52059579445
-1.51811458116
-1.5183859097
-1.5204632243
-1.52277887856
-1.52667693018
-1.52809325138
-1.52798344306
-1.52692720408
-1.52571282901
-1.52495934678
-1.526025149
-1.52762982483
-1.53170599294
-1.53349149073
-1.53446480005
-1.5329566891
-1.53043793669
-1.5255257411
-1.52307826353
-1.52228592649
-1.52363183768
-1.5270059464
-1.53012214557
-1.53103136405
-1.530138414
-1.52941010149
-1.52708985886
-1.52434531414
-1.52538074464
-1.5278964772
-1.52997442321
-1.53406530044
-1.53618326853
-1.53499891182
-1.53141351323
-1.52686323646
-1.52321301758
-1.52094467619
-1.52113614227
-1.52256267151
-1.52550974936
-1.53032306882
-1.53174045392
-1.5336672297
-1.53345103617
-1.53165954845
-1.53151162838
-1.53121282957
-1.53015392018
-1.53099233364
-1.52990098408
-1.52848303718
-1.52457224603
-1.52062063113
-1.51677650092
-1.51323902608
-1.51161888462
-1.50972207569
-1.5095534974
-1.51007920244
-1.51085311427
-1.51350741347
-1.51741196518
-1.52052126906
-1.52315422804
-1.52531334639
-1.526765896
-1.528616366
-1.53025145331
-1.52966135416
-1.5297893154
-1.52829436258
-1.52764563616
-1.52362006259
-1.52230543644
-1.52006676687
-1.51958781547
-1.51888728792
-1.51777470838
-1.51684182555
-1.51614691542
-1.5168886921
-1.51704050113
-1.51959873862
-1.51939879144
-1.51965578386
-1.52040390202
-1.52299286658
-1.52526949905
-1.52878297051
-1.52832432761
-1.5278485412
-1.5258730134
-1.52360639022
-1.52250116213
-1.52372166958
-1.52669618755
-1.52904006768
-1.53369785354
-1.53526268969
-1.53501415999
-1.53216634765
-1.52993135757
-1.52614252397
-1.52240212918
-1.52073937624
-1.51958239717
-1.52021195286
-1.5219436213
-1.52204898865
-1.52120316579
-1.51913896026
-1.51809715676
-1.51572701771
-1.51469707352
-1.51826284924
-1.52074041551
-1.52666159581
-1.53184718592
-1.5345330536
-1.53453760546
-1.53269091846
-1.52816176529
-1.52640248235
-1.5225259101
-1.52052623389
-1.52158637289
-1.5214254917
-1.52067962434
-1.51728980605
-1.51333200432
-1.50515091388
-1.49731306588
-1.49477735128
-1.49524228339
-1.49887903352
-1.50810052472
-1.51462369229
-1.52111562891
-1.52372919515
-1.52207344575
-1.51971662449
-1.51669265062
-1.5144172608
-1.51564139858
-1.51756195642
-1.5207064619
-1.52191395298
-1.52142599824
-1.51845086724
-1.51214907927
-1.50507839718
-1.50066809741
-1.49644773065
-1.49584274583
-1.49642295238
-1.4987041828
-1.50071740651
-1.50275704179
-1.50139350938
-1.50079535146
-1.50193193562
-1.50537317351
-1.51084221266
-1.51728246895
-1.52227791935
-1.52463382612
-1.52544895665
-1.52291197071
-1.51920424115
-1.51547062746
-1.51133888757
-1.51103802637
-1.51032987687
-1.51134768917
-1.51321926746
-1.51348668657
-1.5155845033
-1.51510785383
-1.51079007571
-1.50800534986
-1.50664895838
-1.50498317714
-1.50788507859
-1.50992718293
-1.51180571653
-1.51595980556
-1.51792793158
-1.5206476071
-1.5217003653
-1.52248972547
-1.52035118839
-1.51868664447
-1.51772284712
-1.51821097107
-1.51835533379
-1.51931744641
-1.51978374137
-1.51818685523
-1.51687539729
-1.51218421339
-1.50784521227
-1.503450654
-1.50032311158
-1.50021062211
-1.50281192099
-1.50503734943
-1.50873291146
-1.51016021841
-1.51204341462
-1.51653139125
-1.51210586487
-1.50536060072
-1.50085657752
-1.49566687431
-1.4929053855
-1.49304040481
-1.49533739886
-1.49875787096
-1.4995145059
-1.49874476691
-1.49802827613
-1.49545668767
-1.4948428554
-1.49541674916
-1.49715200138
-1.5020706777
-1.50718775201
-1.51063533658
-1.51162113379
-1.51118134631
-1.50888834156
-1.5059217826
-1.5029245143
-1.50165540986
-1.50208665451
-1.5035880121
-1.50449135673
-1.5037978545
-1.50158176403
-1.49545851515
-1.49629829969
-1.49772206711
-1.49827766418
-1.49949287599
-1.49878997122
-1.49844589213
-1.49823357636
-1.49868159827
-1.49858414521
-1.4988862554
-1.50127850348
-1.5034051165
-1.50394946195
-1.50483613073
-1.50369805675
-1.502104214
-1.50041058591
-1.49752716397
-1.48582692797
-1.48711844373
-1.48962021616
-1.505795036
-1.50709071575
-1.50753705193
-1.50729579776
-1.5084752284
-1.50900834677
-1.51119705025
-1.51308577345
-1.51321813233
-1.5125679869
-1.51143064729
-1.50799835663
-1.50614983213
-1.50469011692
-1.50231440475
-1.50218525998
-1.5007013388
-1.50076176301
-1.49800932659
-1.49495203262
-1.49455085988
-1.49327988116
-1.49304965731
-1.49285838517
-1.49257653541
-1.49329260057
-1.49476487788
-1.492951763
-1.49680440951
-1.49936237315
-1.50310788047
-1.50602037357
-1.50886689471
-1.51029366605
-1.50981341172
-1.51027164152
-1.51119946769
-1.51382920107
-1.51588981186
-1.5166195984
-1.51813430394
-1.5175139942
-1.51451154809
-1.51081878164
-1.50418883017
-1.49873262924
-1.49637166913
-1.4958779987
-1.49687981917
-1.50119041756
-1.50388933336
-1.50761348988
-1.51191687271
-1.51302309526
-1.51647826624
-1.51943923539
-1.52398980213
-1.52746967542
-1.52940487468
-1.53349794902
-1.53429919208
-1.53383686047
-1.5328911052
-1.53113021409
-1.52804923723
-1.52501265758
-1.52286780531
-1.52088743056
-1.5195836104
-1.51677936534
-1.51382556284
-1.51110103877
-1.50931544007
-1.50963732395
-1.51058597065
-1.51362261987
-1.51620807827
-1.5185987585
-1.51982513823
-1.52091423552
-1.52208676799
-1.52287428655
-1.52400994695
-1.52583534356
-1.52711406887
-1.5274831672
-1.52091402374
-1.51827834118
-1.51564916516
-1.51471376851
-1.51435186765
-1.51566455336
-1.51596834791
-1.5155890078
-1.51438381052
-1.5125735631
-1.51028371143
-1.5094981121
-1.50895070781
-1.50968638283
-1.51166371826
-1.51257415032
-1.51259161802
-1.51150343522
-1.50957063374
-1.50803583547
-1.50586027301
-1.50451308271
-1.5046454049
-1.50429111186
-1.50347513031
-1.50221864997
-1.50072637952
-1.49873452075
-1.49396514721
-1.49192000058
-1.49094669358
-1.48916467916
-1.49060782821
-1.49615400482
-1.49616064043
-1.49590398894
-1.49545002986
-1.49534075413
-1.49602012414
-1.49396632847
-1.49433403516
-1.49525307469
-1.49561882567
-1.49670914129
-1.49676507248
-1.49700252059
-1.49615648263
-1.49442107684
-1.49202359958
-1.48913390526
-1.48772833872
-1.48808418406
-1.48748528496
-1.48729759186
-1.48678003237
-1.48492533272
-1.48207748417
-1.47991492437
-1.477106614
-1.47689482444
-1.47921432475
-1.48315872981
-1.48807463012
-1.49407198361
-1.49635978782
-1.50061130359
-1.50056506415
-1.50166447375
-1.50314345739
-1.50710052036
-1.5096846505
-1.51014783194
-1.50700684884
-1.50499839224
-1.5004452241
-1.49817650318
-1.49681506326
-1.49566410913
-1.49458894658
-1.49311415035
-1.49308695374
-1.49298247337
-1.49339695355
-1.4935574991
-1.49602451938
-1.49749697804
-1.50004403756
-1.50238814457
-1.50421720388
-1.50580774078
-1.50771863022
-1.50794279859
-1.50747511345
-1.50741010816
-1.50661986362
-1.49993171423
-1.49778251361
-1.49514342411
-1.49313780255
-1.49287111695
-1.49337528261
-1.49317424771
-1.4931735366
-1.492367437
-1.49034191711
-1.48837828704
-1.48558441475
-1.48425074723
-1.48360098726
-1.48302322897
-1.48177347906
-1.48269770255
-1.483581741
-1.48398900859
-1.48507990575
-1.48579025934
-1.4871512896
-1.48861716257
-1.48830968858
-1.48880191216
-1.49029413517
-1.49037774277
-1.49121784341
-1.49279107379
-1.49245199573
-1.49148779156
-1.490694976
-1.48922233224
-1.48718355999
-1.48052790389
-1.47875794289
-1.4775663485
-1.47726426756
-1.47857664653
-1.49548430194
-1.4969567305
-1.49963822838
-1.49943663207
-1.49857420775
-1.49668734651
-1.49598551208
-1.49605131634
-1.49543683785
-1.49635754432
-1.49546311047
-1.49426000195
-1.49296375009
-1.4898058953
-1.48798626416
-1.48752444033
-1.48798997053
-1.48957416842
-1.49290412079
-1.49494591199
-1.4960639042
-1.49755261395
-1.49906644063
-1.49943929538
-1.49947133658
-1.49992620367
-1.49997904422
-1.5002174581
-1.49934892579
-1.49871553025
-1.49919771018
-1.49829932238
-1.49862818782
-1.49899167864
-1.49868498879
-1.49944823567
-1.49797370048
-1.49627434499
-1.49502676042
-1.49169693524
-1.4898323135
-1.4892879437
-1.48987161832
-1.49052674104
-1.49064343014
-1.49134613138
-1.49041265377
-1.48987073705
-1.48748670907
-1.48829536143
-1.48881745505
-1.49112870389
-1.49339439665
-1.49579729045
-1.49725076395
-1.49723567494
-1.49592358331
-1.49354099172
-1.490612638
-1.48879331128
-1.48763670575
-1.48738882415
-1.48667721501
-1.48632458652
-1.48442110794
-1.4832255137
-1.48126063464
-1.47946459989
-1.47877693132
-1.47945211345
-1.48064212317
-1.48231606519
-1.48485475657
-1.48741745485
-1.48994201642
-1.4918318672
-1.49380359164
-1.49572132532
-1.49836614578
-1.49677982047
-1.49623324754
-1.49547062825
-1.49489044438
-1.49335388935
-1.49289029987
-1.49317565352
-1.49352681801
-1.49307444346
-1.49048815556
-1.48978348102
-1.48635166505
-1.48439404187
-1.48350187772
-1.48265336427
-1.48353469392
-1.48301494084
-1.48295412574
-1.48136942141
-1.48014293746
-1.47917775353
-1.48046919876
-1.48350729095
-1.48552564391
-1.48746716801
-1.48849303173
-1.4890690834
-1.48966519855
-1.4899404153
-1.49266762887
-1.49404876761
-1.49456335584
-1.49463670724
-1.49272028555
-1.48312432084
-1.48264206988
-1.48177313089
-1.48165328317
-1.48348162485
-1.48244350791
-1.48306339113
-1.4827648785
-1.48353989115
-1.48376008978
-1.48492134071
-1.48450402304
-1.48217268487
-1.48139734425
-1.48014619415
-1.48008583932
-1.48153086562
-1.48253561259
-1.48414369561
-1.48636039288
-1.48629309322
-1.4842303964
-1.48180351457
-1.47894527214
-1.47487407827
-1.47269197846
-1.47037653599
-1.46769854181
-1.46594145019
-1.46602431657
-1.46767934958
-1.46786481018
-1.4690964871
-1.46811735547
-1.46680841134
-1.46581938018
-1.4658963222
-1.46631718238
-1.46768049023
-1.46800102147
-1.46982083455
-1.47008648961
-1.47335626299
-1.47467320317
-1.47641079953
-1.47627260558
-1.47530093545
-1.47300539537
-1.47005521753
-1.46525416532
-1.46243317699
-1.46216982731
-1.46019575349
-1.46021489595
-1.45843712258
-1.45503935701
-1.45228016403
-1.44846954252
-1.44742949054
-1.4488693638
-1.45290099226
-1.46039598279
-1.46846432367
-1.47315370628
-1.47885462206
-1.48220449635
-1.483861665
-1.48478024504
-1.48403353993
-1.48254289517
-1.48104719309
-1.47862535449
-1.47657735169
-1.4717926624
-1.46849624207
-1.46418295332
-1.45896485263
-1.45638825359
-1.45429276804
-1.45329348506
-1.45374312161
-1.45486879196
-1.45689818451
-1.45890040966
-1.4616906661
-1.46393213416
-1.46707988225
-1.47633407082
-1.47742468705
-1.47593883454
-1.47568237197
-1.47162717632
-1.46758260956
-1.46507198022
-1.46143209907
-1.45923324143
-1.45700776898
-1.45506315041
-1.45213875432
-1.44894176014
-1.44831610434
-1.4487544559
-1.44834726975
-1.45097850017
-1.45307390831
-1.45587576812
-1.45924524704
-1.46170987336
-1.46461677925
-1.4682927643
-1.47108290668
-1.47271933109
-1.47347618104
-1.47391378679
-1.47294969053
-1.47000850165
-1.4684178324
-1.46499595246
-1.4626575064
-1.45956131319
-1.45677992887
-1.4543252123
-1.4514557009
-1.45020497161
-1.44846308538
-1.44685948531
-1.44615964765
-1.44679156506
-1.44716139345
-1.44777136989
-1.44936233786
-1.44958154357
-1.45111260536
-1.45213444985
-1.45420645854
-1.45573524846
-1.45797011036
-1.45769305938
-1.45731428702
-1.45415756047
-1.45236771665
-1.44935343883
-1.44740129137
-1.44652764256
-1.44557583474
-1.43874202501
-1.43611197972
-1.43114348908
-1.42946352935
-1.42888698701
-1.43122198411
-1.43419489116
-1.43919731924
-1.44352124487
-1.44790307059
-1.45042312156
-1.45191490778
-1.45217909837
-1.45206683313
-1.45189939616
-1.45090542863
-1.44960266622
-1.4482273861
-1.44644135444
-1.44528564511
-1.44492086222
-1.44340200687
-1.44240931598
-1.43974367069
-1.43850778534
-1.43496496905
-1.43388770857
-1.43397645752
-1.43427948306
-1.43407734773
-1.43590996443
-1.43699720698
-1.44006746581
-1.44295161252
-1.44436679533
-1.4450154517
-1.44941464203
-1.4543761601
-1.46153961166
-1.46440663835
-1.46354716935
-1.46098939969
-1.45424966339
-1.45111749659
-1.44828212739
-1.44607077311
-1.44455199678
-1.44165427616
-1.43863152358
-1.43442561191
-1.43090562159
-1.43070360262
-1.43328594887
-1.43566222908
-1.43995262333
-1.44298281281
-1.44695728038
-1.45094191
-1.45263483864
-1.45611614625
-1.45878164068
-1.45886709773
-1.45914279073
-1.45736104128
-1.45256111726
-1.45129623972
-1.44712859672
-1.44502830193
-1.44191907037
-1.43959696076
-1.43703480292
-1.43436919071
-1.43298870778
-1.43253334369
-1.43223680416
-1.43198444027
-1.43231747241
-1.43265863129
-1.432439877
-1.43296823062
-1.43340680447
-1.4344639421
-1.43627535014
-1.43767137451
-1.43912459973
-1.43771218503
-1.43627181576
-1.4367586669
-1.43798702748
-1.43809573216
-1.43998053889
-1.44101515836
-1.44080582292
-1.44039707834
-1.43948762642
-1.43915576453
-1.43885516584
-1.44005189501
-1.44080825544
-1.44231482397
-1.44434973397
-1.44253006387
-1.44008480882
-1.43968339734
-1.43789431596
-1.43814222384
-1.43839426661
-1.43923347536
-1.43914773339
-1.4376489167
-1.43514913783
-1.43155702913
-1.43006902113
-1.42801712639
-1.42820958037
-1.42741848055
-1.42809209394
-1.42909801238
-1.42806739163
-1.42658295856
-1.42508144348
-1.42412298421
-1.42106057284
-1.4215611871
-1.42050900327
-1.42179820414
-1.42269098789
-1.42249565984
-1.42303991029
-1.42166945834
-1.42101829094
-1.42061033488
-1.42075813556
-1.42100493747
-1.42187112035
-1.42170102314
-1.42183884832
-1.42133042588
-1.42066058504
-1.41970501582
-1.41953446443
-1.42003695844
-1.41963544195
-1.41916779193
-1.41826130853
-1.4170828396
-1.41668648776
-1.41783432363
-1.41870590481
-1.42076382497
-1.42287436665
-1.42387572911
-1.42486831148
-1.42443462012
-1.42289717096
-1.42324447574
-1.42339180972
-1.42298319369
-1.4235954842
-1.42286665593
-1.42188654964
-1.4210541365
-1.41873188542
-1.41637403334
-1.41436472413
-1.41339834376
-1.41352086246
-1.41207942045
-1.41101852179
-1.41028081203
-1.41081629576
-1.41064902678
-1.41108481441
-1.41138860896
-1.41029894372
-1.41091239626
-1.40905724385
-1.40835652101
-1.40800516916
-1.40884104394
-1.40907103798
-1.40959545996
-1.41181112892
-1.41233201547
-1.41389617842
-1.41383426605
-1.41455254078
-1.41305222568
-1.41313181651
-1.41328830199
-1.41330481984
-1.41542935232
-1.41760023422
-1.4201042692
-1.42207943689
-1.42105789798
-1.41923308671
-1.41838464141
-1.41742229096
-1.4184235459
-1.42070460058
-1.42262334159
-1.42455503743
-1.42503138861
-1.42335554009
-1.42038022315
-1.41838125248
-1.41648376377
-1.41560475202
-1.41562432512
-1.41745022808
-1.41942928171
-1.42142224635
-1.42299101661
-1.42296290324
-1.42220877289
-1.42086998798
-1.41760158791
-1.41632462825
-1.41444752732
-1.41436926805
-1.41415056769
-1.414646953
-1.41380243935
-1.41220965823
-1.41067634651
-1.4101180354
-1.40943478517
-1.40912816404
-1.41037023726
-1.41055014459
-1.41295478991
-1.414373966
-1.41544639699
-1.41682376299
-1.41720324646
-1.41691537799
-1.41585968191
-1.41471618184
-1.41327281121
-1.41310556019
-1.41265107212
-1.4113395542
-1.40870503125
-1.40738032491
-1.40524494054
-1.40439339907
-1.40442656022
-1.40354124125
-1.40297948118
-1.40315156336
-1.40340065449
-1.40421724378
-1.40601109042
-1.40666605958
-1.40715219502
-1.40576821623
-1.40298454247
-1.40205146514
-1.39963193414
-1.39972330771
-1.40060826774
-1.40263602812
-1.4025826563
-1.40245390885
-1.40267283637
-1.40066873393
-1.39968751765
-1.3990281511
-1.40034300115
-1.4005283133
-1.40154243908
-1.40201868831
-1.4016236799
-1.40087093874
-1.39718731089
-1.39739256609
-1.39725348785
-1.399022573
-1.39549592797
-1.39345836136
-1.39204279948
-1.39273567893
-1.39401602209
-1.39622153344
-1.39643115725
-1.39613580187
-1.39317592673
-1.391981857
-1.39103231821
-1.3920006651
-1.39264587548
-1.39362975985
-1.39300717271
-1.39273883287
-1.39157134675
-1.38861874489
-1.38739655625
-1.38702746677
-1.38564757474
-1.38570086899
-1.38494169726
-1.38506691732
-1.38501642753
-1.38291875141
-1.38139693557
-1.38296136595
-1.38180124466
-1.38382994345
-1.38494623943
-1.38643964043
-1.38785286886
-1.3878078666
-1.38752459882
-1.38757033573
-1.38816751894
-1.39003753581
-1.39158452368
-1.39224473384
-1.39136746703
-1.38962339907
-1.38705762428
-1.38528710541
-1.38343612627
-1.38139693963
-1.38114946981
-1.38035065464
-1.37959785587
-1.37748328702
-1.37553953922
-1.37429804037
-1.37221684031
-1.37075311339
-1.36971619426
-1.36734724877
-1.3671062463
-1.3673763551
-1.3683483552
-1.37001739503
-1.37062978002
-1.37130673485
-1.37188027053
-1.37270922809
-1.37340617843
-1.37675628513
-1.37721164038
-1.37876214382
-1.3786807941
-1.37863899569
-1.3779549385
-1.37732338598
-1.3759415772
-1.37622938795
-1.37531927971
-1.3745932575
-1.37435370078
-1.37337659817
-1.3715283687
-1.37144073757
-1.37149316483
-1.37115310251
-1.37092039136
-1.37048640885
-1.36958661206
-1.3698566165
-1.37190764653
-1.37350471137
-1.37766180305
-1.3803292355
-1.38314253201
-1.38390747062
-1.38596017233
-1.38625154615
-1.38726806994
-1.38752155318
-1.38892710142
-1.38805798945
-1.38837206076
-1.38718652601
-1.38446499149
-1.38307458358
-1.37500272808
-1.37255124315
-1.37088319619
-1.36971862504
-1.37116064444
-1.37314872512
-1.37602957213
-1.37816690583
-1.38192426456
-1.38484132163
-1.38761741537
-1.38991081185
-1.39098911885
-1.3926998262
-1.39320458036
-1.39279205736
-1.3921377416
-1.39049837076
-1.38799719869
-1.38445229227
-1.38040981886
-1.37800691848
-1.37510837695
-1.37148860635
-1.37113323774
-1.37100956571
-1.37024618993
-1.36926935112
-1.36847907004
-1.36897163969
-1.36986084209
-1.37258254204
-1.37474874861
-1.37587590552
-1.376334115
-1.37567948823
-1.37473490548
-1.37327779063
-1.37137742502
-1.37157641497
-1.37126408699
-1.37202282053
-1.37248301251
-1.37328188132
-1.37235951773
-1.37085805015
-1.36874883849
-1.36750827006
-1.3668076458
-1.3668366508
-1.36836647228
-1.36880422125
-1.37194625748
-1.3733515408
-1.37207730459
-1.37126622135
-1.36978546494
-1.36683328156
-1.36667148045
-1.36727352936
-1.36563249014
-1.36618475484
-1.36761762396
-1.36701672823
-1.36626414607
-1.36415615985
-1.36254630338
-1.36207299534
-1.36142971605
-1.3614380564
-1.3634753058
-1.36434923556
-1.36509376759
-1.36480823456
-1.36503090466
-1.36439087734
-1.36447829327
-1.36558996247
-1.36993400678
-1.37083190789
-1.37275941307
-1.37450997036
-1.37220328473
-1.37159507149
-1.37064722783
-1.36997817594
-1.37181337235
-1.37305765655
-1.37344372275
-1.37276660636
-1.37049662478
-1.36581583878
-1.36154027652
-1.35830930397
-1.35690196238
-1.35762870232
-1.36048614582
-1.36222874321
-1.36478029825
-1.36557787629
-1.36340616393
-1.3630165593
-1.36166648699
-1.36122632474
-1.36227384903
-1.36357239028
-1.36249035343
-1.36197945423
-1.35949018472
-1.35855980961
-1.35497102826
-1.35622893427
-1.35672242811
-1.35706792522
-1.35796319231
-1.35839202411
-1.35911360449
-1.35863978868
-1.3587359391
-1.35883378058
-1.35885624482
-1.35827518852
-1.35808597876
-1.35791633658
-1.35874628709
-1.35919860529
-1.35905621161
-1.35881873566
-1.35829600192
-1.35646990215
-1.35524755763
-1.35294047946
-1.35084924048
-1.34932095919
-1.34867959023
-1.34893011105
-1.35127820987
-1.35069946756
-1.35158838523
-1.35249957037
-1.35446201601
-1.35736603458
-1.35857593734
-1.3595628683
-1.3603937793
-1.35935498027
-1.35857124953
-1.35960002064
-1.35934429829
-1.3602353907
-1.36095879771
-1.36218148316
-1.36378573795
-1.36330615299
-1.36332487711
-1.36279558125
-1.36171101129
-1.36198478738
-1.36205043279
-1.36333575817
-1.36326796913
-1.36322762961
-1.36308989155
-1.36237167619
-1.36411160373
-1.36401007346
-1.36416955511
-1.3659833482
-1.366253828
-1.36477955778
-1.36414956617
-1.36211919111
-1.36272575422
-1.36210353987
-1.36203704
-1.36235920573
-1.36212175744
-1.35963248793
-1.3587584418
-1.35687386468
-1.35510882413
-1.35485141701
-1.35478084161
-1.35638324926
-1.35615466138
-1.35667512557
-1.35759840451
-1.35823308326
-1.35831803656
-1.35871638731
-1.35857219163
-1.35889763665
-1.35923346271
-1.35880634022
-1.35817488899
-1.35535109821
-1.35531830951
-1.35399600392
-1.35367350369
-1.35374822753
-1.35380092392
-1.35390450529
-1.35243332345
-1.35212718359
-1.3520352995
-1.35205132783
-1.35209097655
-1.35221782534
-1.35108392831
-1.35161944999
-1.35261717836
-1.35328996039
-1.35388606373
-1.35362563061
-1.35263346295
-1.35306233653
-1.352567724
-1.3524302105
-1.35288074324
-1.35321504507
-1.35310550352
-1.35279901057
-1.35264703138
-1.3512478682
-1.3508209499
-1.34900857907
-1.3473463056
-1.34657071329
-1.34625023091
-1.34661820965
-1.34502505452
-1.34358404268
-1.34111115197
-1.33969337186
-1.33865913511
-1.33979119349
-1.3401459393
-1.3416685715
-1.34240815856
-1.34302998362
-1.34280987282
-1.34234450417
-1.34140463553
-1.34081426759
-1.34176174404
-1.342756202
-1.34283017508
-1.34221973034
-1.34068637257
-1.338701754
-1.33879475312
-1.33951294154
-1.3395806135
-1.34174121845
-1.34450171686
-1.3457654595
-1.34666272848
-1.34596236863
-1.34539655738
-1.34531882574
-1.34475625487
-1.34551628575
-1.34671186407
-1.34613202117
-1.34634585587
-1.34469064964
-1.34544732335
-1.34495367906
-1.34347184707
-1.34361645486
-1.34324196939
-1.34336111158
-1.34443263095
-1.34612003397
-1.34655326586
-1.34644917009
-1.34690039424
-1.34606500683
-1.34521073604
-1.34479305117
-1.34474613612
-1.34472130803
-1.34422380021
-1.3436793053
-1.34196534735
-1.34008641365
-1.33897212593
-1.33738779045
-1.34046919913
-1.340779217
-1.34086886301
-1.34042244058
-1.34050327496
-1.34084924974
-1.34223426237
-1.34340831703
-1.34386206388
-1.3430673291
-1.34272678022
-1.34155212605
-1.34008012684
-1.33873557075
-1.33818175791
-1.3382738295
-1.33753608964
-1.33707703373
-1.33510236809
-1.3341806579
-1.33322738177
-1.3336939608
-1.33593023646
-1.33706338589
-1.3377001215
-1.33910718872
-1.33703007997
-1.33777560089
-1.33868966148
-1.3403885722
-1.34111538975
-1.34107862361
-1.33961202124
-1.33823651721
-1.3346667172
-1.33419484735
-1.33596917592
-1.33727146278
-1.33857902954
-1.33696265453
-1.33578174674
-1.33147650647
-1.33029106667
-1.33028065298
-1.32997672083
-1.32892289547
-1.32927758881
-1.32615219068
-1.32547604891
-1.32274311166
-1.32367701752
-1.32521977484
-1.32704387793
-1.32930634769
-1.32966379184
-1.33216719395
-1.33460565537
-1.33569826039
-1.33686474835
-1.33669029688
-1.33656958741
-1.33545195211
-1.33368942255
-1.33286185157
-1.33095453314
-1.33006128665
-1.32828654371
-1.32481574565
-1.32281427339
-1.3190099806
-1.31706153399
-1.31711161167
-1.31674059361
-1.31710337971
-1.31791169412
-1.31733787268
-1.31612784779
-1.31454964294
-1.31361013348
-1.31349488233
-1.31471920223
-1.31660124256
-1.31821309812
-1.32084992219
-1.32226027173
-1.32270451522
-1.32297503315
-1.32356361947
-1.32290300903
-1.32401916514
-1.3243789185
-1.32468264102
-1.3245536562
-1.32101958612
-1.31831306301
-1.31354541905
-1.30981571318
-1.30630252267
-1.30505774813
-1.30375665713
-1.30367255343
-1.30451348014
-1.30512317583
-1.30600366997
-1.30686255605
-1.30934649442
-1.31211032855
-1.31629497341
-1.31882467441
-1.32189260456
-1.32489131437
-1.31964888632
-1.31718512467
-1.31340796487
-1.308836943
-1.30675206119
-1.30353608738
-1.30418702516
-1.30404547564
-1.30623220374
-1.30837740867
-1.30919585441
-1.30914054211
-1.30825559332
-1.30760543708
-1.30754139984
-1.31013712579
-1.31180337287
-1.31392772829
-1.31589863919
-1.31692147021
-1.31579827009
-1.31359745755
-1.31088750962
-1.30900091403
-1.30845865493
-1.30896981768
-1.30912539005
-1.30728768562
-1.30631064876
-1.30473341943
-1.30482297763
-1.30535505558
-1.30658383451
-1.30729417642
-1.30877874098
-1.30883941603
-1.30706206397
-1.30587459175
-1.30562026898
-1.30583378132
-1.30622102873
-1.30867834411
-1.31005411197
-1.31036258738
-1.31129241018
-1.31039847608
-1.31230975645
-1.31385994817
-1.31738667724
-1.31950178014
-1.31962685931
-1.31899638913
-1.31829256052
-1.31639135377
-1.31508200018
-1.31533130353
-1.31616840381
-1.31640784733
-1.31620952264
-1.31508703307
-1.31405074111
-1.31189902011
-1.31140000744
-1.31147108537
-1.31253527696
-1.31483650838
-1.31685124354
-1.31676026865
-1.31844475014
-1.31760911405
-1.31868772959
-1.31901199959
-1.31803108019
-1.31833454247
-1.31747209971
-1.31585961843
-1.31469697832
-1.31401217995
-1.31352085343
-1.31343622668
-1.31318344657
-1.31315750326
-1.31146874212
-1.30955153743
-1.30659327617
-1.30586263862
-1.30300107824
-1.30189593173
-1.30130058786
-1.30204463248
-1.30314629467
-1.3040081302
-1.30397653776
-1.30327443211
-1.30293178847
-1.30685847565
-1.30461459519
-1.30313138191
-1.30011379315
-1.29572558643
-1.29238956256
-1.28956127794
-1.28771726333
-1.28889767799
-1.29108683309
-1.29358342636
-1.29596923365
-1.29729178436
-1.29694037858
-1.29603760751
-1.29472463064
-1.29204920123
-1.29100723532
-1.29177424534
-1.29314290399
-1.29442260808
-1.29666655428
-1.29670371911
-1.29669069389
-1.29624205026
-1.29628399179
-1.29896067676
-1.30122088723
-1.30453933361
-1.30606591958
-1.30632920782
-1.30526443528
-1.2984473163
-1.29867157409
-1.29812211999
-1.29895859844
-1.29798439001
-1.29505271223
-1.29351036933
-1.29140965233
-1.2903767684
-1.28959749367
-1.29091223091
-1.29296477016
-1.29698531835
-1.29807946352
-1.29970683075
-1.30070294438
-1.29996873108
-1.29914595478
-1.29882126624
-1.29807893731
-1.29800312262
-1.29732895396
-1.2971170268
-1.29522503083
-1.29454743569
-1.2931377865
-1.29034377183
-1.28799858178
-1.28726263521
-1.28610406296
-1.28467305289
-1.28589308036
-1.28601202418
-1.28242340008
-1.28784767699
-1.29510335227
-1.29954003758
-1.30486557822
-1.30638945942
-1.30746665411
-1.30695153688
-1.30688769887
-1.3056565128
-1.3048108774
-1.30164654236
-1.296062942
-1.29218176722
-1.2903786119
-1.27926214941
-1.27826271784
-1.27962204409
-1.28045111347
-1.28382564711
-1.28644192998
-1.29049638849
-1.29451434809
-1.28072057742
-1.27902085175
-1.27799427258
-1.27818309949
-1.27992717629
-1.28058828265
-1.28424634119
-1.28599977161
-1.2871547938
-1.28830585706
-1.28951389255
-1.28970648557
-1.29077498529
-1.2916884179
-1.29280903747
-1.29306915617
-1.29329136982
-1.29318786668
-1.29168883393
-1.29194731239
-1.29071858852
-1.28954117825
-1.28828225268
-1.28640350406
-1.28719879497
-1.28485469368
-1.28474793422
-1.28402021962
-1.28289923872
-1.28152296587
-1.28230080009
-1.28251015623
-1.28313520343
-1.28508221073
-1.28602968486
-1.28245694171
-1.28236787026
-1.28255067946
-1.28586521457
-1.28667555573
-1.28734965567
-1.28622588057
-1.28669754599
-1.28641016563
-1.28834913058
-1.29026820699
-1.29119851635
-1.29308348847
-1.29438070856
-1.29382161039
-1.29137132382
-1.29028427067
-1.28970827174
-1.29017109401
-1.28941673433
-1.29026282362
-1.28940326293
-1.28982541095
-1.28876075478
-1.28685168251
-1.28483001415
-1.28436025751
-1.28498080367
-1.28448644581
-1.28526709389
-1.28530639866
-1.28560626781
-1.28570466953
-1.2868845734
-1.28631893839
-1.2870160855
-1.28788111822
-1.28824959519
-1.28731395328
-1.28688852153
-1.2860674785
-1.28452970368
-1.28320423806
-1.28258393717
-1.28023613092
-1.28067845538
-1.28051481492
