9.58122766541
9.66356768222
9.5985817398
9.80190515326
9.56350089187
9.7087368495
9.69384410867
9.67389523679
9.74199689029
9.65843355
9.63224756199
9.87474294709
9.67477223328
9.79331214581
9.44048636032
9.70232341217
9.70109571808
9.6732880388
9.79724321625
9.72577114086
9.59654171285
9.72241533787
9.57952459338
9.9285112195
9.84707768182
9.67389523679
9.7519736962
9.72207969387
9.5574936135
9.47560937948
9.57441355969
9.43170246788
9.7303331756
9.80715550191
9.51739390718
9.60266049355
9.7519736962
9.85085479304
9.84595089444
9.6394947305
9.75605521693
9.55756189923
9.68158311517
9.77096167705
9.59876022154
9.75960007044
9.71872261625
9.87223112658
9.67868401867
9.738713694
9.5354801764
9.6514710909
9.64321779127
9.57618569362
9.69397875872
9.71099693351
9.49185021609
9.5540787044
9.62730010145
9.5985817398
9.67441807119
9.66377028937
9.62452027542
9.50868106035
9.7246974099
9.56616200202
9.43523084034
9.68367262307
9.46437591986
9.68367262307
9.58390939015
9.67929087816
9.77910716492
9.83998339977
9.95845729072
9.55483008912
9.67018398698
9.72228108166
9.53890174374
9.73368624882
9.63204429176
9.57693534387
9.59756178053
9.63651524624
9.77623698876
9.57441355969
9.73435672486
9.62967248877
9.82504880587
9.7487608064
9.54526259679
9.51679386847
9.76848998185
9.50868106035
9.70662752328
9.65518953356
9.55018421854
9.71872261625
9.7303331756
9.91675426875
9.82652668258
9.87917012756
9.68960167435
9.82345444242
10.0292472923
9.5915077912
9.63759880164
9.8835292918
9.33649159991
9.56097556424
9.62452027542
9.880623396
9.73335099348
9.81946740122
9.51218087903
9.70924940538
9.82199271524
10.0358176099
9.66984653
9.94763788443
9.88017752955
9.80190515326
9.81488030157
9.73335099348
9.4525077319
9.60891121999
9.58980654485
9.56350089187
9.73690411277
9.63651524624
9.7959941064
9.72449607214
9.56909518876
9.68475090238
9.70924940538
9.91431892053
9.75846318223
9.72952826608
9.9823494665
9.60612607258
9.99221692136
9.7617564504
9.59756178053
9.68475090238
9.68158311517
9.76434681971
9.55018421854
9.50971055249
9.45802967183
9.62452027542
9.59456927447
9.58482866591
9.96468131689
9.77129564196
9.57761679319
9.58415624137
9.58122766541
9.62635098281
9.71549873042
9.86178038109
9.73132245234
9.72449607214
9.61352870997
9.79724321625
9.65471635675
9.57230020198
9.83135729053
9.57577676874
9.68663760235
9.72483163275
9.62173964626
9.73313307131
9.73060146398
9.63163773844
9.89468263947
9.77910716492
9.75023351231
9.65877140573
9.7708948827
9.62268921973
9.71744662267
9.56519828802
9.55756189923
9.53684895064
9.54444207976
9.65843355
9.71972986128
9.78631226728
9.86449334717
9.62635098281
9.79864203025
9.72468063191
9.99117182483
9.92655543418
9.73435672486
9.5462881439
9.79724321625
9.58653930554
9.73060146398
9.6519444268
9.72449607214
9.76717037499
9.90167181915
9.61753326537
9.6666738586
9.81042410887
9.70555167445
9.69189147275
9.68960167435
9.65471635675
9.6737603072
9.58735621975
9.81396594943
9.70951827633
9.73690411277
9.77850650009
9.85516025848
9.58415624137
9.4021784581
9.73690411277
9.57693534387
9.76655226996
9.78557032011
9.45285294764
9.78651233329
9.53212584883
9.82484952459
9.621671816
9.56616200202
9.77910716492
9.6514710909
9.62994358153
9.45989259905
9.44368318933
9.62492712938
9.70407218755
9.45022899169
9.53253664623
9.74454228093
9.62824912652
9.80736346101
9.66674137308
9.87613078436
9.66644599372
9.5531223111
9.5025017653
9.5613168637
9.75565383159
9.80882736827
9.8367992557
9.52431733168
9.62940138837
9.67783266553
9.60286438576
9.68818711675
9.84707768182
9.75391430427
9.76748776508
9.50552325587
9.79411181338
9.53684895064
9.67389523679
9.69781549919
9.60801123016
9.63224756199
9.95983346294
9.65518953356
9.66984653
9.7487608064
9.5147191574
9.59293660498
9.60986206107
9.94535775141
9.69673867266
9.89804597401
9.63204429176
9.77363307681
9.66235195008
9.58864952491
9.62282486543
9.84614974864
9.77944085167
9.98896696575
9.52356353958
9.8705782645
9.70703093585
9.69142008789
9.67389523679
9.80935964402
9.80649832218
9.55851784832
9.63007912505
9.69397875872
9.89026240287
9.76381209008
9.54423693948
9.90167181915
9.70924940538
9.63759880164
9.73268044815
9.63759880164
9.72389203387
9.88379342178
9.39543420443
9.55086757654
9.65356711653
9.60632989123
9.70178526403
9.5354801764
9.60979414697
9.74855996563
9.57441355969
9.70333235951
9.59179697307
9.64795415438
9.64078104132
9.39988751697
9.5574936135
9.64321779127
9.49734928157
9.78224337094
9.60599019107
9.56247719078
9.43839487565
9.57230020198
9.65201204431
9.48318272171
9.67699809817
9.51739390718
9.62122242844
9.67787481348
9.41265413634
9.66896908674
9.57305015651
9.60979414697
9.60286438576
9.6464658337
9.38564338629
9.41029639163
9.49145484803
9.62452027542
9.61189926092
9.64518028103
9.61386814377
9.72228108166
9.42609586761
9.71213937804
9.52116471314
9.8158776795
9.57952459338
9.67419038872
9.69189147275
9.66235195008
9.68663760235
9.97207957374
9.53684895064
9.67389523679
9.47560937948
9.76073682622
9.65627099346
9.79816745502
9.8244509499
9.60286438576
9.60266049355
9.57318650556
9.63224756199
9.65863626485
9.65877140573
9.51807961938
9.77062770073
9.61626081202
9.70461020888
9.61821183833
9.81807155429
9.74213087479
9.59456927447
9.77363307681
9.68475090238
9.68475090238
9.63007912505
9.59302164671
9.69842116156
9.70333235951
9.59654171285
9.76387893289
9.45899567989
9.60286438576
9.71523002497
9.78564535103
9.65539231652
9.42291038723
9.71674979229
9.63604115244
9.85688191809
9.7620740165
9.70777048202
9.53253664623
9.63258633616
9.5540787044
9.50572923162
9.77129564196
9.63224756199
9.59279203231
9.65093010716
9.45989259905
9.62824912652
9.86449334717
9.43626834586
9.60306827364
9.424503262
9.62994358153
9.45520008047
9.58452225045
9.6514710909
9.50545459629
9.55756189923
9.48276978628
9.71939412454
9.56964079873
9.97705230687
9.8417740281
9.85224599531
9.56472918855
9.92000321096
9.41993168144
9.52705789109
9.71972986128
9.70508095308
9.89072431105
9.85688191809
9.6133929331
9.69821927831
9.78717919045
9.56616200202
9.52365776685
9.60395173778
9.51218087903
9.49858613257
9.61223875225
9.56875416673
9.75324517269
9.71825253285
9.66113606496
9.56616200202
9.42259004837
9.51458197048
9.73194279492
9.77456789425
9.68657022654
9.68212238618
9.5354801764
9.61495425138
9.75565383159
9.57761679319
9.60979414697
9.68230775366
9.80822852353
9.73844562911
9.80063998963
9.7297294997
9.69586366305
9.67018398698
10.0371181528
9.55428363336
9.66317933997
9.92201784308
9.54293761531
9.61922960801
9.64321779127
9.6705889198
9.58538189123
9.74487715126
9.73395444478
9.64206718053
9.68973638335
9.69110020654
9.59082732887
9.77376662764
9.48276978628
9.72207969387
9.64254097805
9.64518028103
9.39335874334
9.61230664908
9.55018421854
9.80290385132
9.70084343293
9.64721002274
9.93385068814
9.733485097
9.79744305905
9.71099693351
9.75070205391
9.47485171232
9.74213087479
9.73071883782
9.68677235257
9.5358908293
9.8158776795
9.80063998963
9.77944085167
9.37750411113
9.56220418531
9.77002651457
9.58354335767
9.35904282811
9.54052655836
9.74922941878
9.85463045655
9.73844562911
9.73060146398
9.55885923554
9.50868106035
9.40370544212
9.66181157558
9.463410461
9.58939820081
9.6351775645
9.67389523679
9.83805976929
9.79331214581
9.57230020198
9.76006816238
9.59654171285
9.49343152366
9.46658231322
9.48154808032
9.63367033347
9.54861230956
9.72248246529
9.7932455039
9.59307267139
9.59905768371
9.68097639937
9.79877524021
9.59531748848
9.58122766541
9.77498519459
9.33649159991
9.61732968415
9.61189926092
9.70232341217
9.72389203387
9.9556388207
9.58735621975
9.66902814792
9.59239232007
9.60612607258
9.66633627908
9.65843355
9.3818181108
9.70951827633
9.6705889198
9.75351283083
9.57952459338
9.61074490069
9.70232341217
9.60734891965
9.61814398319
9.18333761165
9.60979414697
9.56309142458
9.41993168144
9.69317083037
9.47560937948
9.65126822555
9.49377525132
9.60952248577
9.51684530184
9.5540787044
9.45368141401
9.50751416783
9.5524391144
9.63367033347
9.51979368379
9.76434681971
9.61076187758
9.40994961465
9.8831991194
9.43384732215
9.45078146401
9.38536523701
9.43758235579
9.89072431105
9.65201204431
9.42387999524
9.5574936135
9.90237211349
9.60306827364
9.64105182173
9.57857074078
9.7095854929
9.79191257042
9.95426206857
9.59184800426
9.62343524744
9.58572232171
9.63121422715
9.51506211606
9.67699809817
9.64808944487
9.77456789425
9.58245368984
9.68677235257
9.55483008912
9.57489070493
9.55346389113
9.80190515326
9.65344880463
9.62879138457
9.67389523679
9.60313623531
9.71805106157
9.69586366305
9.77910716492
9.66356768222
9.44843323353
9.69781549919
9.91892583161
9.84839486535
9.69317083037
9.54218529414
9.59184800426
9.80663142543
9.84595089444
9.9654017425
9.86594877751
9.80896043991
9.86548570933
9.6556542382
9.71865546287
9.51807961938
9.64910406312
9.62343524744
9.5358908293
9.84011605008
9.62635098281
9.82763909481
9.52705789109
9.90970986774
9.76514050501
9.82763909481
9.62343524744
9.56909518876
9.54642487519
9.86105238515
9.78170961965
9.54642487519
9.48682953745
9.49405022449
9.48611576642
9.32663015882
9.77269816996
9.73690411277
9.64808944487
9.7109297267
9.77944085167
9.53917541611
9.62343524744
9.56882237211
9.68104381411
9.58482866591
9.63651524624
9.52034211922
9.80430185769
9.65937951625
9.7886461163
9.63604115244
9.52431733168
9.24220655797
9.58470099399
9.60587129318
9.424503262
9.52356353958
9.55483008912
9.81634308785
9.59184800426
9.81634308785
9.79191257042
9.81634308785
9.73060146398
9.80430185769
9.58444564506
9.44870952623
9.71435668095
9.67247838219
9.50133411388
9.83149005722
9.66120361814
9.77910716492
9.86178038109
9.87507340223
9.84283498747
9.63799663906
9.65167395198
9.57318650556
9.61753326537
9.48586636389
9.47347398041
9.47560937948
9.5540787044
9.63380582455
9.59463729634
9.59470531772
9.52760590838
9.54293761531
9.64795415438
9.7246974099
9.36001905219
9.48786140061
9.56875416673
9.56063425259
9.52185015379
9.47381843217
9.52388904803
9.52123325943
9.56875416673
9.80530031164
9.6519444268
9.79411181338
9.71119855113
9.85840467403
9.72241533787
9.77456789425
9.5546764016
9.61352870997
9.52774290778
9.75886445201
9.54642487519
9.68104381411
9.424503262
9.65518953356
9.51595375072
9.59302164671
9.37903511233
9.68818711675
9.47643585639
9.58864952491
9.39933205321
9.50806331156
9.39988751697
9.62757126102
9.58837726464
9.74896164304
9.65126822555
9.47560937948
9.66795655326
9.76381209008
9.92024169897
9.74661829148
9.53452191751
9.63759880164
9.61549725917
9.57441355969
9.5293610641
9.53212584883
9.53027704138
9.28736077464
9.44007155723
9.51705103255
9.50950466298
9.80063998963
9.5367805166
9.73563050214
9.49238307741
9.75143828808
9.4895121483
9.6716011777
9.93049948021
9.76006816238
9.68245941532
9.92405672763
9.71334887874
9.48276978628
9.56643489454
9.42095355292
9.45664948913
9.3799396774
9.70595513173
9.65863626485
9.80290385132
9.71368482443
9.90331949173
9.80530031164
9.66113606496
9.85575625161
9.75784452565
9.40301138922
9.82883438255
9.58572232171
9.49528750522
9.59028292425
9.56350089187
9.58238558149
9.602524563
9.40847566985
9.63319609966
9.5466983319
9.42457251132
9.43633750884
9.52365776685
9.65539231652
9.56643489454
9.63265408957
9.52123325943
9.51341580175
9.5806827153
9.52520809998
9.64518028103
9.55735704056
9.61878010635
9.59375297446
9.64017175759
9.77603671246
9.49899838044
9.43474663205
9.53657521151
9.58579040635
9.40641175913
9.46437591986
9.37534636689
9.58452225045
9.33509344797
9.63170549852
9.45423368458
9.49466888501
9.61549725917
9.42671898786
9.68427916996
9.621671816
9.53814910424
9.63759880164
9.64396223095
9.31948984567
9.5194937448
9.53575394697
9.40537096013
9.45423368458
9.62289268757
9.35604378868
9.66248703898
9.71925982659
9.60197232537
9.51739390718
9.54840725887
9.44193802765
9.55483008912
9.60673751557
9.70978713984
9.39717932103
9.23577831407
9.25850436324
9.36552583806
9.31808914267
9.46906389123
9.51965656999
9.34208211518
9.4895121483
9.33327553732
9.49776158313
9.5578350373
9.39460928526
9.69916136422
9.32184430321
9.19328176876
9.50950466298
9.64910406312
9.39460928526
9.60768857177
9.5613168637
9.45209345636
9.42824199734
9.85449800162
9.50057849825
9.48552234963
9.50799467033
9.55346389113
9.5405436602
9.51657098732
9.34208211518
9.49686824046
9.37219586457
9.52664685744
9.62791019973
9.59783378027
9.50641578521
9.25399182855
9.39954035597
9.51979368379
9.4382047177
9.59783378027
9.62187530535
9.49191897407
9.39592912117
9.66950906125
9.45423368458
9.45395755333
9.46761638311
9.54021872
9.81348380218
9.5158851664
9.61461485593
9.36949707856
9.53472726681
9.50408130065
9.61827969299
9.5081319523
9.47622924392
9.55961024452
9.40405244936
9.48159970488
9.74521201007
9.69094868011
9.30526291932
9.41736785488
9.403913648
9.8035695935
9.80310357872
9.38244417169
9.57904767896
9.66761901853
9.62811355724
9.78130928707
9.55578631149
9.64850376021
9.44546257659
9.49212524502
9.46147924774
9.29347244088
9.3793830323
9.57795749967
9.35604378868
9.37478944905
9.54314278352
9.53007159619
9.6468294787
9.47939680691
9.50799467033
9.40537096013
9.45920266878
9.42748052336
9.38244417169
9.69317083037
9.48875559126
9.55271239894
9.57857074078
9.64408911834
9.45865068833
9.62933361208
9.53575394697
9.41750645795
9.29269992345
9.4274112954
9.53007159619
9.48813654517
9.35478809135
9.32696254019
9.51197504299
9.55271239894
9.6519444268
9.52938674691
9.50572923162
9.73308278089
9.50511129098
9.61597236585
9.48159970488
9.40772993923
9.56507035409
9.2792056246
9.48414616781
9.40495460828
9.42469369641
9.52664685744
9.67962800588
9.43163327091
9.33453412855
9.54321117195
9.55346389113
9.56541150745
9.61570087919
9.35443925662
9.48936599993
9.61556513299
9.47712453209
9.56691243772
9.67578405353
9.45706356509
9.5147191574
9.55401039377
9.50263912662
9.62811355724
9.55448855793
9.48959811687
9.29347244088
9.60286438576
9.40412184928
9.62560518109
9.55346389113
9.43114887792
9.48971847157
9.51629666488
9.35499738594
9.56431977385
9.81062368318
9.44027896105
9.45706356509
9.58452225045
9.56711709179
9.3957901998
9.55578631149
9.31577752227
9.59103147264
9.57932020439
9.41508060974
9.37889594073
9.43121807844
9.50366927326
9.48123832703
9.39224701074
9.57904767896
9.29199757915
9.60694132125
9.46513442559
9.50332590345
9.44166153679
9.37813046001
9.57598123336
9.66766121102
9.53992797464
9.55401039377
9.48070483931
9.6765259878
9.72650926214
9.36552583806
9.41875379374
9.38425255743
9.50270780654
9.45471689487
9.53621591698
9.31598769328
9.656811678
9.40259493288
9.42886497576
9.77823952609
9.65113297962
9.29347244088
9.61393602909
9.65985246463
9.48154808032
9.34285054942
9.57870701126
9.39099615425
9.67787481348
9.73851264603
9.41494197096
9.46678913624
9.40301138922
9.63807281882
9.19535802919
9.65113297962
9.37478944905
9.56623022588
9.52712639498
9.36552583806
9.44166153679
9.51423899451
9.47905255786
9.56507035409
9.61366448493
9.43434887093
9.27899462047
9.7377754346
9.39460928526
9.44027896105
9.53992797464
9.81208710403
9.39099615425
9.54013320758
9.50195230015
9.56427712548
9.5147191574
9.44020982695
9.24580724589
9.35464855902
9.30442123778
9.58926208227
9.40266434355
9.55175586884
9.63814053365
9.61699037253
9.41354680463
9.47712453209
9.39460928526
9.52664685744
9.56527504756
9.45243868723
9.71321449721
9.36775551367
9.49521877163
9.30484208807
9.52644133396
9.61137302566
9.46699595473
9.37833923368
9.40453823799
9.55161921386
9.68899546067
9.65093010716
9.57598123336
9.50572923162
9.91135620407
9.4912227765
9.53944908063
9.79104606635
9.27955728749
9.35653206991
9.55776675352
9.58415624137
9.54731358085
9.75337900268
9.53951749553
9.91168543852
9.69602352647
9.5397227373
9.51595375072
9.54218529414
9.76454733577
9.40849301172
9.80110612154
9.63990095246
9.52835938068
9.54521986327
9.49157517918
9.65099773179
9.33012831646
9.22984057676
9.37952219667
9.6813134684
9.5278799052
9.49102508146
9.53979115024
9.69000579574
9.54768100228
9.77603671246
9.695190525
9.40328901653
9.7497649482
9.57986523201
9.57836633144
9.68003254365
9.343409371
9.37924386586
9.35188364551
9.60225269614
9.50270780654
9.37799127499
9.49521877163
9.43488497981
9.37868717946
9.36726781748
9.67551424514
9.44124678533
9.46720276871
9.42531690936
9.41722924978
9.5278799052
9.65133584781
9.70037248309
9.71556590562
9.68906281962
9.80017383554
9.60313623531
9.55209749773
9.61137302566
9.19214583814
9.53910699875
9.47980988928
9.48985601792
9.35297400869
9.19299779927
9.21993585022
9.50566057353
9.46637548569
9.54102249928
9.54521986327
9.79044613399
9.27941662393
9.86171420186
9.33467396155
9.34131361772
9.24305390485
9.45589030278
9.44034809465
9.51506211606
9.55498377417
9.5178739109
9.54040684462
9.42748052336
9.62784241295
9.34089441064
9.6262153868
9.51506211606
9.32907900689
9.5904870796
9.28040122406
9.35918229493
9.60164096755
9.44173066027
9.5896704321
9.47877714962
9.49068125419
9.50717093689
9.57598123336
9.36984535269
9.49040618341
9.49524454679
9.54102249928
9.31759884687
9.34194239307
9.58953431742
9.51753105357
9.73187573277
9.43197925067
9.55161921386
9.84058031209
9.46699595473
9.81867810739
9.49191897407
9.52835938068
9.51032819428
9.47698680095
9.36740716184
9.26773410622
9.40453823799
9.50188361477
9.46720276871
9.38077458313
9.50382378562
9.6382759619
9.67612130343
9.31388576975
9.41528856408
9.6384791007
9.33012831646
9.30666555274
9.39057916507
9.46692701574
9.26710029582
9.36531677875
9.56670777928
9.4776065753
9.30624478492
9.14552256639
9.48517832289
9.36441080117
9.52835938068
9.52137035052
9.49542497091
9.48201269127
9.61325715431
9.49508130296
9.57795749967
9.56670777928
9.34927498088
9.33222658163
9.51993079561
9.56370561894
9.58946625936
9.48123832703
9.53992797464
9.63651524624
9.52452290099
9.20654756656
9.66390535845
9.53760169275
9.5295237207
9.82724063326
9.55462517187
9.6806393186
9.52134464609
9.47857058818
9.60666957938
9.82577946933
9.45609735965
9.49040618341
9.55257575765
9.61393602909
9.40363603914
9.49542497091
9.27747349038
9.63922390635
9.49569989631
9.58946625936
9.72811951417
9.7246974099
9.62594418904
9.2851820824
9.36448049486
9.52959220686
9.60809613846
9.60143704936
9.55175586884
9.73046732071
9.62655437326
9.60585430764
9.55763018448
9.44027896105
9.40259493288
9.48290743342
9.56205061631
9.54505747415
9.55223414586
9.56363737707
9.63942702518
9.5561277963
9.3957901998
9.36636202861
9.44069375503
9.62797798605
9.51725675881
9.42695264734
9.57863887626
9.59688174745
9.41785295668
9.54074887989
9.43467745741
9.53123572705
9.67470477483
9.64741297342
9.6659311681
9.55598266675
9.62784241295
9.67767250162
9.40606483893
9.64111951564
9.56861775452
9.66836157938
9.38515661964
9.57482254278
9.66836157938
9.42928027185
9.38972775464
9.74018791903
9.42900340982
9.54539934277
9.42928027185
9.79104606635
9.53967997896
9.39099615425
9.61332504395
9.56916339171
9.4981051541
9.36503802575
9.2971936706
9.41715994646
9.40668928608
9.41556582938
9.59946561685
9.59608264701
9.64369153226
9.56677599924
9.52472846586
9.42865732086
9.33453412855
9.58415624137
9.39078766197
9.59497739844
9.52835938068
9.70084343293
9.37290090319
9.41480333014
9.62797798605
9.52959220686
9.66295983527
9.67612130343
9.6806393186
9.63963013972
9.41819944267
9.59688174745
9.69413023779
9.57700349099
9.43246360102
9.51993079561
9.70743433166
9.53979115024
9.31759884687
9.46844355771
9.34159307866
9.57509518847
9.56670777928
9.65314456735
9.50332590345
9.70575340519
9.55346389113
9.36503802575
9.48641676075
9.18561151096
9.5896704321
9.61658318279
9.47877714962
9.56013079566
9.68919753611
9.49569989631
9.3939145603
9.48029179595
9.41452604238
9.32411067267
9.44511709073
9.36406232491
9.54040684462
9.41757575871
9.77363307681
9.47905255786
9.55640097535
9.75652347894
9.54745029745
9.71166897598
9.38592152733
9.55510330528
9.38466982773
9.506003859
9.65113297962
9.49604354186
9.60143704936
9.33593236426
9.52959220686
9.72324600697
9.41785295668
9.68919753611
9.536438339
9.70561891849
9.44546257659
9.61963668573
9.67483969125
9.54745029745
9.43695995284
9.38112243858
9.30940008007
9.31010111155
9.37451097772
9.48552234963
9.50126542403
9.70743433166
9.59504541741
9.43592252336
9.52918128252
9.55592290688
9.56941914844
9.36733748992
9.45595932224
9.11950980249
9.37903511233
9.49040618341
9.26280332666
9.42484950351
9.58946625936
9.6574874911
9.65579786966
9.5571521775
9.50814911241
9.65579786966
9.41819944267
9.51705103255
9.49604354186
9.48999356228
9.37451097772
9.68710921993
9.46706489323
9.61800827147
9.47939680691
9.58980654485
9.64538327442
9.51753105357
9.50682769356
9.66748400134
9.49693696211
9.32635024952
9.6891301781
9.72785115734
9.37722572041
9.40230860845
9.46802997944
9.47857058818
9.55530821227
9.67767250162
9.55571801307
9.35457879207
9.51437618638
9.5767820111
9.58463290161
9.38265284937
9.61902606269
9.61773684229
9.52452290099
9.34711072007
9.56595732752
9.36650138645
9.50682769356
9.48758624807
9.55344681241
9.57836633144
9.54498909895
9.38592152733
9.78551196233
9.45630441198
9.76661909401
9.59497739844
9.4141794212
9.50778874366
9.24524252483
9.61267158631
9.4345391066
9.3845307397
9.42415700778
9.27604005865
9.4179222549
9.3957901998
9.45630441198
9.64633052043
9.63990095246
9.58456480874
9.58456480874
9.61699037253
9.46444487744
9.41411009543
9.27399945471
9.62784241295
9.55633268132
9.60380733093
9.58456480874
9.46616865364
9.63482194697
9.54950081165
9.68475090238
9.46892604285
9.54601467544
9.55578631149
9.55578631149
9.48552234963
9.61267158631
9.49721184374
9.43758235579
9.53554861978
9.55879095908
9.34536498335
9.44698256429
9.6794931562
9.23478895631
9.34459675588
9.4471034619
9.67483969125
9.53493261168
9.83560493591
9.53007159619
9.49501256788
9.65552750279
9.50620982434
9.56452448339
9.52472846586
9.68205497895
9.68935750951
9.76227457925
9.60585430764
9.73475898832
9.57045915537
9.37555520255
9.40578729355
9.55483008912
9.55489839389
9.60632989123
9.53059376071
9.53760169275
9.38550431268
9.57686719628
9.60510691443
9.52959220686
9.51705103255
9.48923704363
9.36441080117
9.32446064201
9.62244335702
9.7177824267
9.53554861978
9.6056504789
9.59599763241
9.53595926973
9.55592290688
9.54601467544
9.89521029696
9.65717493342
9.56827671547
9.49150641871
9.78924615898
9.57448172475
9.72483163275
9.69599828506
9.61468273598
9.77730505971
9.7470200489
9.57647533817
9.60666957938
9.67483969125
9.51581658159
9.45782265726
9.73482603062
9.62845247687
9.6150900062
9.51437618638
9.49996022258
9.57509518847
9.48552234963
9.5758449241
9.50717093689
9.6517415714
9.71878976917
9.62594418904
9.45554519792
9.49528750522
9.6947361304
9.63529610076
9.6298080361
9.68609858272
9.46175515948
9.59620166619
9.62492712938
9.61665104894
9.73496011382
9.88511396583
9.72475613262
9.55489839389
9.52534513386
9.81607714292
9.72577114086
9.70797216666
9.56472918855
9.49693696211
9.536438339
9.53890174374
9.70622409394
9.3971532769
9.58919402227
9.69566172655
9.72483163275
9.47526499283
9.80569966475
9.38564338629
9.66788904726
9.79511130604
9.4023866978
9.5541384758
9.70622409394
9.88214249358
9.52438585527
9.58599465739
9.51444478158
9.55735704056
9.58715199772
9.61488637324
9.66561044319
9.40703618326
9.87527167
9.65600063984
9.66687640065
9.60551459066
9.71603611901
9.67605385439
9.5758449241
9.48517832289
9.68784186598
9.75645658575
9.59171192049
9.49597481374
9.64504494972
9.72476452155
9.53835437545
9.52575622368
9.83514043905
9.57441355969
9.6161081063
9.6245880856
9.62594418904
9.4141794212
9.46734064218
9.59799527646
9.82690856963
9.82803754021
9.60551459066
9.64218563209
9.78584543068
9.52438585527
9.58041022862
9.62824912652
9.67834685806
9.65904168179
9.62696114125
9.54642487519
9.61726182278
9.64492653328
9.57686719628
10.1974840488
9.6986903327
9.39731822186
9.7569248285
9.52760590838
9.83839145655
9.90793151724
9.55489839389
9.52327228574
9.60700925552
9.58701584729
9.67605385439
9.809160044
9.78491169067
9.62553737807
9.70467745945
9.75552003281
9.68535738174
9.83056065269
9.76889083978
9.61468273598
9.68535738174
9.67531188391
9.54697178077
9.46672019574
9.5968137415
9.72718023288
9.4583056842
9.82524808311
9.47752049795
9.62594418904
9.53664364703
9.41847662228
9.73790947719
9.56459271893
9.71523002497
9.74507806793
9.71643914095
9.67470477483
9.55260137804
9.72476452155
9.70696370159
9.87586644944
9.6880523862
9.78944616503
9.34599348613
9.65600063984
9.66552604013
9.75598832052
9.59087836522
9.51444478158
9.56827671547
9.54567282886
9.68609858272
9.54553608679
9.42422625964
9.59599763241
9.48621036567
9.74728787798
9.8563522087
9.64431751144
9.68609858272
9.5758449241
9.75645658575
9.73516123516
9.80390244764
9.46492756642
9.60578636521
9.50490530185
9.70595513173
9.62442703563
9.84011605008
9.54874900757
9.6973444023
9.75598832052
9.58776465075
9.56452448339
9.55558141476
9.75578762854
9.70575340519
9.52273258597
9.40502400153
9.60605813206
9.57448172475
9.31899962357
9.70656028622
9.56643489454
9.61800827147
9.55489839389
9.79691013586
9.59348085902
9.79691013586
9.52452290099
9.4743006436
9.67470477483
9.62696114125
9.71523002497
9.68993844335
9.59565756647
9.85549137023
9.5296692532
9.55510330528
9.6153615101
9.57795749967
9.8563522087
9.3952344938
9.48634796289
9.50648443784
9.79524456402
9.91767559591
9.81607714292
9.89799652149
9.71523002497
9.56902698533
9.57802563951
9.58476908589
9.4143180712
9.60632989123
9.63184101725
9.42796510482
9.58456480874
9.63494895474
9.73663599806
9.6577578031
9.59599763241
9.59579359429
9.67969543002
9.52452290099
9.33572264226
9.60755271236
9.40280316335
9.41783563205
9.38564338629
9.41057380402
9.59123561206
9.2857443745
9.67875144938
9.60612607258
9.39481769273
9.46465174716
9.50154018044
9.53068791848
9.31372810637
9.68495306639
9.43592252336
9.33264617805
9.42284112569
9.55592290688
9.50572923162
9.41064315584
9.46858141311
9.48719930132
9.18141857107
9.25850436324
9.34466659735
9.3572993175
9.47919025898
9.55797160341
9.5295237207
9.86627952719
9.56950439916
9.58130429653
9.46506547304
9.41833803349
9.5295237207
9.50778874366
9.40433004594
9.21476701985
9.46078943318
9.48923704363
9.26061885694
9.48923704363
9.44749205089
9.31948984567
9.23796865775
9.43654499474
9.51890240881
9.41736785488
9.30904954453
9.41722924978
9.44414966308
9.36624008881
9.43689079443
9.42138651588
9.46616865364
9.59769778136
9.43045684476
9.61773684229
9.47051117811
9.38119200813
9.35095019362
9.29635125847
9.36318236464
9.49838000192
9.50662174162
9.50154018044
9.34564432314
9.70656028622
9.65417555487
9.38752067838
9.66309491567
9.47790783986
9.34368876925
9.34466659735
9.55510330528
9.49068125419
9.5092301367
9.71603611901
9.54553608679
9.8060990016
9.71509566947
9.68784186598
9.55373714635
9.57986523201
9.26843828916
9.43896532652
9.42692668546
9.46734064218
9.42699591698
9.44698256429
9.2896794662
9.53684895064
9.43248089879
9.35150853118
9.7496310686
9.57795749967
9.6464658337
9.74213087479
9.33726049424
9.6891301781
9.55175586884
9.38661684387
9.67449396416
9.56554796539
9.64707471991
9.38752067838
9.4871735043
9.61488637324
9.57891141333
9.55004754108
9.44041722774
9.32404067722
9.39433140144
9.45060018759
9.44414966308
9.55592290688
9.60367991132
9.60578636521
9.79790934306
9.41064315584
9.63671842216
9.31850937568
9.31010111155
9.26702106647
9.33040811241
9.53383738791
9.57448172475
9.47175153371
9.47478283048
9.53383738791
9.55530821227
9.67834685806
9.4460844193
9.48923704363
9.36537775487
9.37033291473
9.37973093936
9.6178047003
9.58613082233
9.43011080914
9.53383738791
9.29578960797
9.24736005097
9.54266405084
9.67024304074
9.36406232491
9.57748050721
9.39585966074
9.4460844193
9.61916176005
9.76835635889
9.61183136121
9.67767250162
9.52260408152
9.5096933952
9.43654499474
9.49631844935
9.68057190104
9.754650296
9.51115165428
9.59293660498
9.51094579596
9.64518028103
9.82611157112
9.71865546287
9.7938952432
9.42658052026
9.64118720908
9.74213087479
9.33089773514
9.59946561685
9.32215060156
9.58743280189
9.62221444471
9.55599120384
9.51031103811
9.43626834586
9.42020881008
9.57761679319
9.42886497576
9.44214539048
9.28440887517
9.34801837432
9.50353192682
9.46616865364
9.33726049424
9.46147062537
9.80955923998
9.4031502039
9.46506547304
9.29901863507
9.61570087919
9.64321779127
9.55851784832
9.43689079443
9.42609586761
9.76604272153
9.55175586884
9.41930811218
9.63644751998
9.64991568091
9.74501109616
9.60619401261
9.45761563817
9.49240026599
9.69350747537
9.52006790546
9.73645166492
9.65978490199
9.53951749553
9.73516123516
9.77790579835
9.49982282252
9.43322467276
9.66788904726
9.48173736901
9.33089773514
9.39027509877
9.8186697987
9.51890240881
9.59293660498
9.44642986979
9.7732324134
9.46078943318
9.55797160341
9.67726786519
9.55592290688
9.66621812346
9.48662315134
9.41445671917
9.54266405084
9.79824238948
9.73355214807
9.64152566914
9.67295069012
9.61977237448
9.53486416388
9.58837726464
9.51555938415
9.64518028103
9.73093681405
9.49240026599
9.59089537728
9.56786745257
9.4224255458
9.60666957938
9.37625128783
9.57624532704
9.39794325018
9.49961671871
9.61549725917
9.50154018044
9.5464932401
9.45678751646
9.57073192536
9.54061206726
9.754650296
9.78964616699
9.72445412625
9.80989189088
9.733485097
9.57761679319
9.45761563817
9.53794382861
9.57270927537
9.5092301367
9.57270927537
9.5613168637
9.44585986971
9.62078997908
9.70911496711
9.65640616744
9.58061459435
9.78651233329
9.57707163762
9.52356353958
9.46816784087
9.63136669336
9.55659731798
9.55373714635
9.49920449767
9.52698938672
9.73918278981
9.55373714635
9.67092635088
9.75023351231
9.67767250162
9.55004754108
9.54745029745
9.49029443362
9.41494197096
9.59273250176
9.42609586761
9.68347043234
9.66815906844
9.67295069012
9.51746248062
9.73093681405
9.39877655663
9.55844103452
9.57373188237
9.59966957692
9.43322467276
9.58483717731
9.26724114632
9.74501109616
9.47250944885
9.48352682084
9.41085120824
9.63461873106
9.52111330311
9.46858141311
9.59123561206
9.43730573733
9.62757126102
9.49920449767
9.61026953558
9.63671842216
9.41237678526
9.43322467276
9.46761638311
9.54798860005
9.34857688698
9.50758281253
9.41182205859
9.47113137622
9.57073192536
9.60755271236
9.35527643812
9.52054777437
9.47250944885
9.57624532704
9.61855110686
9.58735621975
9.49439392976
9.50511129098
9.39919318214
9.54950081165
9.46278975686
9.44504799204
9.34773910547
9.31374562465
9.32900904873
9.18006789463
9.42041665122
9.37722572041
9.28736077464
9.57891141333
9.36740716184
9.20569685943
9.37625128783
9.47526499283
9.44842459926
9.39189956732
9.63488968466
9.21079992368
9.3403354386
9.43011080914
9.58483717731
9.24693658454
9.35095019362
9.39967922191
9.53267357477
9.33679741774
9.51746248062
9.40856237888
9.40703618326
9.46878819246
9.47250944885
9.49954801645
9.33040811241
9.48449023199
9.35060121572
9.70419828898
9.63035020637
9.47354287176
9.46410008452
9.33907762919
9.47925910879
9.39940148798
9.44815693275
9.31731866626
9.25497913352
9.66059562245
9.48154808032
9.53205738087
9.35060121572
9.40113719043
9.56077077871
9.49501256788
9.45630441198
9.33467396155
9.50353192682
9.46410008452
9.44760430696
9.40262096194
9.44014069234
9.16519731649
9.58735621975
9.18390613926
9.42471100843
9.40544035031
9.50037241083
9.22715320226
9.40571790593
9.42188872798
9.33040811241
9.35841520171
9.3561135447
9.30161508257
9.3561135447
9.27329569406
9.3497636156
9.45029805249
9.50579788921
9.40051237447
9.49555384318
9.38905004626
9.5825899051
9.41085120824
9.46761638311
9.43246360102
9.4556142199
9.58735621975
9.33369508659
9.54273244269
9.37423249812
9.41494197096
9.40828490718
9.57148200276
9.44760430696
9.59966957692
9.46589287054
9.55032089405
9.24347754916
9.65139501689
9.43322467276
9.49961671871
9.29291061639
9.33005836616
9.27329569406
9.67956058127
9.40301138922
9.38731210891
9.50552325587
9.47250944885
9.42913318991
9.65782537992
9.37339700968
9.55599120384
9.47113137622
9.46506547304
9.37151688836
9.42041665122
9.42034737135
9.3271899522
9.53567694979
9.49274403099
9.66363521841
9.42872653967
9.60789235728
9.50346325286
9.42346446117
9.39280289349
9.54498909895
9.43045684476
9.38661684387
9.35682851393
9.4224255458
9.55278071886
9.39801269521
9.35715982262
9.49501256788
9.74501109616
9.36441080117
9.37033291473
9.71012320875
9.5378326358
9.50353192682
9.63814053365
9.22715320226
9.25610735311
9.30512264435
9.38049628948
9.4031502039
9.47733112504
9.42471100843
9.63035020637
9.53567694979
9.34515547303
9.35374154814
9.55032089405
9.36357443636
9.39016215736
9.55544481449
9.31465653012
9.46099638283
9.57523150841
9.60313623531
9.47511862471
9.48455904332
9.54321117195
9.59014681826
9.37722572041
9.62533396614
9.37722572041
9.34368876925
9.39863767735
9.45257677606
9.51437618638
9.48449023199
9.6589065447
9.66842908208
9.47733112504
9.48662315134
9.2767436111
9.45029805249
9.48476547434
9.32215060156
9.31262438792
9.54656160452
9.45432860284
9.52054777437
9.29059273125
9.66019027072
9.40793805605
9.45354334132
9.46871926651
9.47182043759
9.43322467276
9.64653348962
9.47930213967
9.66788904726
9.35785727624
9.62078997908
9.48056716019
9.55032089405
9.45692554178
9.46044450704
9.59830976126
9.26717072134
9.53760169275
9.44912395013
9.3859910613
9.34857688698
9.49322528109
9.43730573733
9.41452604238
9.48449023199
9.59497739844
9.45333622851
9.38007883352
9.22724161519
9.40363603914
9.61257823159
9.4556142199
9.37680811885
9.39328926391
9.35527643812
9.38905004626
9.514033203
9.56384210122
9.67679576798
9.36412330919
9.42685745344
9.11893726004
9.20746907726
9.41397144236
9.26231010434
9.56616200202
9.40703618326
9.34285054942
9.29782542961
9.21738720023
9.53444491038
9.31759884687
9.34019569037
9.64497728336
9.51883384574
9.49604354186
9.57148200276
9.59273250176
9.21497949467
9.38731210891
9.44997864203
9.33005836616
9.52020501333
9.34019569037
9.51087717554
9.39280289349
9.36252887529
9.67092635088
9.46734064218
9.51629666488
9.68205497895
9.39434008544
9.3667800959
9.4210401471
9.36441080117
9.36935776528
9.18170289869
9.31101237356
9.33907762919
9.27864293625
9.18006789463
9.27195840167
9.31814167283
9.40363603914
9.38654731453
9.42471100843
9.28321379186
9.50353192682
9.38341796117
9.46451383451
9.47526499283
9.42512648755
9.38409607629
9.43322467276
9.3195598753
9.45043617259
9.48049831988
9.56193117205
9.47733112504
9.59075927998
9.30729666882
9.40571790593
9.41916953563
9.40574392635
9.34333952013
9.35060121572
9.1304527676
9.37221327357
9.50346325286
9.3324363822
9.38056586366
9.24347754916
9.33005836616
9.04080589644
9.34396815915
9.14316731697
9.37973093936
9.33369508659
9.3723525444
9.67423255254
9.61013371266
9.45331896891
9.31059180217
9.48586636389
9.55079924294
9.34515547303
9.37680811885
9.51883384574
9.41230744622
9.65708200892
9.40828490718
9.45043617259
9.46938265793
9.61026953558
9.59830976126
9.52740040559
9.42471100843
9.5540787044
9.49075002064
9.73489307245
9.36740716184
9.34368876925
9.42339520371
9.21999778781
9.31059180217
9.55674243819
9.56616200202
9.64978041602
9.46099638283
9.43011080914
9.49666207252
9.53055096141
9.62078997908
9.35737778246
9.35869415197
9.3832093005
9.42131724314
9.59014681826
9.34857688698
9.49659334888
9.29536834783
9.60028143113
9.50351475838
9.47829516594
9.48247727946
9.48290743342
9.39363665593
9.31871948507
9.41071250715
9.57734421928
9.52472846586
9.41494197096
9.47492059365
9.56384210122
9.47733112504
9.44166153679
9.57713978376
9.38341796117
9.19051269189
9.26843828916
9.41424874646
9.41618964646
9.57713978376
9.60870745609
9.40051237447
9.51440190964
9.40703618326
9.66842908208
9.35374154814
9.50037241083
9.59246035737
9.54498909895
9.52986614658
9.49755543459
9.65782537992
9.59749377939
9.34497214765
9.41112860427
9.47829516594
9.39419245645
9.49006233372
9.54895405092
9.41057380402
9.63529610076
9.70656028622
9.58613082233
9.63529610076
9.49238307741
9.43031843204
9.42727283796
9.41764505897
9.503257228
9.72409338413
9.47925910879
9.35527643812
9.35306123226
9.36085573466
9.57966085029
9.65329668719
9.45816767902
9.67767250162
9.61155975759
9.60959040179
9.67052143218
9.63224756199
9.54074887989
9.59141423049
9.43626834586
9.46899496729
9.46389320274
9.62696114125
9.7052826936
9.68178534532
9.29838695713
9.56718530883
9.43218683244
9.49734928157
9.25988764915
9.44504799204
9.66363521841
9.54656160452
9.54115930603
9.4277574301
9.29024148609
9.56616200202
9.57148200276
9.40141487309
9.42851888172
9.36373126045
9.51855958853
9.2682270399
9.55079924294
9.44173066027
9.60823199019
9.56841313255
9.37095974293
9.48731108756
9.17003823733
9.43730573733
9.3222906203
9.31458646363
9.6464658337
9.59368494632
9.514033203
9.48889315157
9.70306331714
9.5336748049
9.48903070989
9.49143765774
9.49501256788
9.46899496729
9.53267357477
9.50826923229
9.41424874646
9.36935776528
9.39891543385
9.35178768746
9.37744321386
9.4860039661
9.19129379804
9.52849636925
9.38946710336
9.32823947426
9.38244417169
9.66363521841
9.58483717731
9.37465021442
9.46278975686
9.33608965267
9.6474806227
9.43087207075
9.35046162091
9.10217446063
9.47450729812
9.60007748406
9.44173066027
9.51732533324
9.59368494632
9.50444180996
9.46410008452
9.32600035109
9.52164452678
9.35416017947
9.41660550156
9.52472846586
9.43218683244
9.43370895917
9.35841520171
9.16656798365
9.3195598753
9.17025174851
9.41313948106
9.29782542961
9.43689079443
9.55018421854
9.57148200276
9.42512648755
9.44760430696
9.54115930603
9.58674354062
9.5579033206
9.3667800959
9.50682769356
9.60313623531
9.36448049486
9.48290743342
9.58245368984
9.35060121572
9.4430611885
9.30161508257
9.29024148609
9.22262532779
9.51238671062
9.39363665593
9.35702032565
9.18461674928
9.35702032565
9.482494486
9.14109705136
9.35690698284
9.51773676945
9.30259733318
9.29585981614
9.20080376696
9.20392430035
9.32998841533
9.52164452678
9.38654731453
9.41424874646
9.42173287192
9.54006479709
9.29059273125
9.42851888172
9.32900904873
9.19803695459
9.37221327357
9.38995364656
9.32823947426
9.43488497981
9.45340526662
9.3085587726
9.30039589513
9.32460062607
9.52308382263
9.68374001905
9.35702032565
9.47478283048
9.29557898029
9.57373188237
9.37258755924
9.30196589826
9.57713978376
9.53123572705
9.6994978013
9.37799127499
9.4860039661
9.44919301902
9.47492059365
9.48586636389
9.32243063695
9.60824048085
9.45678751646
9.35178768746
9.46451383451
9.52986614658
9.38042671477
9.32215060156
9.35374154814
9.37799127499
9.29024148609
9.40085949957
9.58965341787
9.47753771349
9.46506547304
9.26449417529
9.41424874646
9.6934401473
9.43087207075
9.35353222545
9.55974678526
9.74018791903
9.43551616573
9.54594630711
9.57291380551
9.56738995706
9.50270780654
9.49425644915
9.3667800959
9.4396567359
9.64734532367
9.35220640626
9.41916953563
9.59034247001
9.60014546689
9.59273250176
9.37569442374
9.46278975686
9.52849636925
9.34396815915
9.37875676707
9.27223995294
9.43218683244
9.40634237611
9.58498186996
9.60170893932
9.23097186881
9.54115930603
9.24467776928
9.42547270616
9.5058665463
9.47326730334
9.35702032565
9.54115930603
9.45432860284
9.41681342222
9.45354334132
9.36441080117
9.38056586366
9.35353222545
9.33684110518
9.47287115969
9.39891543385
9.38341796117
9.60823199019
9.4712691925
9.46278975686
9.46630654218
9.45340526662
9.56193117205
9.3324363822
9.55551311487
9.39574678645
9.44484069294
9.44663713402
9.48008526752
9.3222906203
9.47505835482
9.51087717554
9.70178526403
9.46272078722
9.55038923107
9.63982478715
9.52808539765
9.44034809465
9.40585668066
9.5718229276
9.30743691103
9.50126542403
9.48290743342
9.37534636689
9.4396567359
9.49734928157
9.38010492506
9.32558045564
9.51238671062
9.70534993951
9.50305119868
9.32900904873
9.45333622851
9.59327676737
9.66957655594
9.27582898251
9.53944908063
9.54375826169
9.28405739605
9.38793780342
9.39162160332
9.45340526662
9.57039096165
9.49006233372
9.51732533324
9.60150502257
9.57788935934
9.57555526048
9.40974154232
9.26717072134
9.44760430696
9.3374701817
9.47182043759
9.39078766197
9.57489070493
9.35583451749
9.4712691925
9.41424874646
9.70714859469
9.5523024692
9.49143765774
9.47829516594
9.38793780342
9.35946122233
9.49047495185
9.36357443636
9.52082197431
9.44760430696
9.57659460103
9.49029443362
9.39801269521
9.38140071366
9.44332036049
9.524180283
9.43426239891
9.65207966136
9.55401039377
9.65660892485
9.45623539504
9.5608219755
9.36015850446
9.53636990201
9.46816784087
9.44456428706
9.38717306002
9.6236386995
9.38946710336
9.31465653012
9.32823947426
9.37384087219
9.46416904411
9.61413968217
9.4860039661
9.4405554924
9.21505031851
9.33977643311
9.3613437649
9.44725889942
9.27470316195
9.3422218352
9.44205034975
9.40974154232
9.48008526752
9.38717306002
9.68791765378
9.51087717554
9.36726781748
9.54533097003
9.3845307397
9.34459675588
9.41112860427
9.35219768314
9.44725889942
9.5438266457
9.36782518248
9.46099638283
9.20676023107
9.33509344797
9.29557898029
9.35400319492
9.44857138089
9.2362729532
9.56554796539
9.16818759883
9.25497913352
9.09794306746
9.31409598345
9.44338947182
9.41709064263
9.26477595339
9.4509886328
9.32593036983
9.46534128024
9.53171503372
9.61162765922
9.39113514654
9.40571790593
9.33012831646
9.33544300559
9.23429423768
9.27618077341
9.25504965127
9.16761809644
9.23810995241
9.48221917772
9.55858612674
9.37799127499
