17.3209313516
17.3681871336
17.3482939732
17.4325643767
17.4278811635
17.4643164262
17.4667152552
17.4836523529
17.5402694917
17.4725100995
17.5116879891
17.5693628452
17.5459369196
17.5439333224
17.556784717
17.544524308
17.531158282
17.5055224377
17.4907444249
17.4836756049
17.484063556
17.4888039152
17.5078375381
17.5144706865
17.5048434251
17.4373679765
17.5057488919
17.5183852094
17.5175311314
17.5456731913
17.4897192099
17.4466288987
17.4669275838
17.4625281109
17.4317615918
17.4323537701
17.4272170307
17.359433103
17.3341851403
17.3365524987
17.3429743701
17.3061488791
17.3213489101
17.2962983271
17.3200661713
17.3164453147
17.3357136606
17.3285820372
17.3464659067
17.3651724055
17.342268011
17.325245991
17.368682571
17.3522502163
17.4117291834
17.3603592131
17.401744777
17.402113512
17.3990144391
17.3988441897
17.3808048358
17.3871216581
17.3806321143
17.3704840077
17.4056433659
17.439569494
17.3729451733
17.3782985952
17.3434014385
17.3700557868
17.3846705355
17.4086126291
17.4136351754
17.409922738
17.3812550424
17.4006099116
17.3822174941
17.3871853722
17.4185493122
17.3939339684
17.3866579698
17.3754226005
17.3366227194
17.3970653566
17.4113850738
17.376073505
17.3965496726
17.4139191885
17.4356780857
17.4666677692
17.4846648076
17.4599587843
17.4178330517
17.452713768
17.3985533557
17.4423909554
17.4191557919
17.3611151119
17.3720020178
17.3627909147
17.3920578255
17.377288128
17.334252819
17.3819162627
17.4064980659
17.4258219886
17.4539706903
17.3681673414
17.4062880604
17.4173065978
17.4676512075
17.4463520425
17.4363217881
17.4420846766
17.4137017274
17.39154639
17.4553672534
17.4167410701
17.4364637712
17.4233716778
17.4310565981
17.402580965
17.4281001459
17.4339981789
17.4236755617
17.4289107449
17.453347821
17.4505558187
17.5200520953
17.4862874258
17.537279796
17.4949493169
17.5253626049
17.5584389533
17.524833526
17.4850605289
17.474805192
17.494763932
17.4982481325
17.4668027702
17.5060195593
17.4249943276
17.5168527176
17.4052876896
17.4223369682
17.4401914336
17.4235157702
17.403836389
17.4155712248
17.443600012
17.4252672846
17.4217352065
17.377505166
17.4378879935
17.419027564
17.3767744412
17.3824914204
17.3716873454
17.380905728
17.3504091885
17.3303287355
17.3511744543
17.3194702374
17.3057943595
17.3015003999
17.3164824014
17.328091483
17.3247285192
17.3853708193
17.3978471501
17.3710724538
17.3669383486
17.3285990974
17.3458759349
17.3890004428
17.40151811
17.3860002073
17.3865865526
17.4356489112
17.4041932031
17.4125032127
17.3961181093
17.373494635
17.3892172066
17.4223764611
17.3724045116
17.3830003738
17.3549512732
17.3267463969
17.3871214774
17.3647124195
17.3976690079
17.3778201235
17.4442734857
17.4154860834
17.4266903235
17.4719919047
17.4231407304
17.4168677756
17.4658009195
17.4719377944
17.5051690082
17.4711283467
17.4624623472
17.4303858602
17.4497446072
17.5232226448
17.461521353
17.4080464743
17.4356015294
17.4471468539
17.4122905928
17.4875539369
17.4759014813
17.475424285
17.5112957105
17.5136423099
17.5141013991
17.5023361245
17.5451940387
17.567236769
17.4972843349
17.5535969409
17.5133145369
17.5218495901
17.5269389356
17.528611253
17.5130549581
17.4930874828
17.5321042257
17.5039166193
17.5294464216
17.5011678027
17.4810422557
17.5169259092
17.5163567461
17.4726495852
17.488176972
17.4472457848
17.5041326069
17.4556536136
17.4607813266
17.429323588
17.4787626842
17.4486908595
17.4462673659
17.4581953831
17.5261389743
17.4181230355
17.4553152544
17.4365288716
17.4221529022
17.4244947608
17.406766711
17.4440674521
17.4154558655
17.3866700568
17.4099132237
17.4400410008
17.4412288919
17.4296983041
17.4518963753
17.467283898
17.4416708227
17.5017125038
17.4864125077
17.4735213235
17.5156451612
17.4807150688
17.5289717432
17.472874668
17.522069729
17.4791289351
17.5250120654
17.4946098447
17.5095141209
17.5180966241
17.4880152618
17.4751786073
17.4692747258
17.4600112472
17.4091907113
17.4520055854
17.4502576209
17.4383051254
17.4436306048
17.4584246643
17.4435539525
17.4407376749
17.4821230895
17.5233991909
17.499156902
17.5377093568
17.5051168327
17.4905092903
17.5160183785
17.5147852621
17.4941381519
17.4531178228
17.4511216724
17.4567471057
17.4595284217
17.4107407162
17.4805645329
17.4440042928
17.4570696929
17.4235307035
17.4066236872
17.4382204405
17.4362352402
17.4219346436
17.4373832036
17.4710691037
17.4955989431
17.5351334377
17.5295164056
17.4982580084
17.4870940174
17.5119753045
17.4979376224
17.5343463277
17.5582413611
17.5502249157
17.5271783397
17.5930537375
17.5416767034
17.5200959314
17.5521196686
17.5878863107
17.5644591023
17.5515200454
17.5683047936
17.586152691
17.5686013254
17.619085991
17.6131175609
17.5548697845
17.5648587342
17.6138907255
17.6102550055
17.6083302971
17.5872208047
17.6217760869
17.6433455284
17.6689617673
17.6203999141
17.5946564656
17.5667377866
17.6000525478
17.5522582192
17.5764217883
17.5580499495
17.5290105125
17.4803149079
17.4982894011
17.5341496306
17.5028134516
17.534635146
17.536271238
17.515490663
17.5506157354
17.541052255
17.5101844516
17.5361056854
17.5219144708
17.55067342
17.5089564546
17.5272961999
17.507312198
17.5279295422
17.5121650807
17.5525258526
17.5785653262
17.5683285558
17.5909785711
17.5779766092
17.5526555243
17.5855697213
17.6171189797
17.6547612302
17.6486526823
17.6137049666
17.6352411877
17.6667307843
17.6372250621
17.6383114255
17.651858914
17.5968586089
17.6118780539
17.6126678152
17.59335274
17.6588863392
17.6271356814
17.5950396883
17.6150754635
17.6221789927
17.5749969527
17.5672369046
17.5318342948
17.5345025559
17.4890847272
17.5334690229
17.5014116394
17.4673974553
17.4713843451
17.5118228774
17.4824359525
17.4940376167
17.4676863058
17.4945724855
17.482128191
17.4994783625
17.5137595692
17.5365191998
17.5841509469
17.5497499323
17.5535527405
17.5506702989
17.5674423691
17.594146061
17.533280587
17.5686124167
17.5653323894
17.5932185675
17.5970447404
17.6084775201
17.6599976329
17.6427350317
17.6054209757
17.6204490596
17.6344308382
17.6390261518
17.6384438731
17.6490706955
17.6935625733
17.6723920862
17.6763254292
17.6931613538
17.6594032149
17.6406400959
17.6459458582
17.5852081842
17.6209454406
17.5538453535
17.5921141708
17.5443189856
17.5549546871
17.5910842794
17.5890398417
17.5457062372
17.577070047
17.5718951926
17.5512654481
17.5665092079
17.5607199714
17.5766089226
17.5609091064
17.5851565236
17.6154957736
17.5970256534
17.5972570133
17.5952207464
17.6217014733
17.592371138
17.6093267581
17.6156579932
17.6566344883
17.6395545408
17.6476849115
17.6457002726
17.6086649538
17.6703931504
17.6520449665
17.6542684505
17.6594373185
17.651627136
17.6570005917
17.6593912117
17.6659677287
17.615982394
17.6143699874
17.586176895
17.6264742242
17.6317757479
17.616791407
17.5975962967
17.5960193921
17.5912736174
17.6033693295
17.6074231305
17.5775004388
17.5835644145
17.586276963
17.5656868134
17.5522191789
17.5793447454
17.5564710295
17.5381680492
17.5056976744
17.5215817613
17.4920363773
17.4382218574
17.4609887547
17.4594840145
17.4657219253
17.4679134857
17.4879179005
17.4776620935
17.4960326947
17.4818919465
17.5463979378
17.5174938875
17.5255211307
17.491738054
17.5369362246
17.511873089
17.5486075891
17.522157127
17.5384777212
17.6125976704
17.5214278618
17.5286394465
17.5308397428
17.5070184142
17.5419999705
17.5114794887
17.4806541515
17.5029754247
17.457168713
17.4582228748
17.5041349273
17.4798789434
17.5873320378
17.5539922634
17.5602664276
17.5880091932
17.543936783
17.5369918086
17.5175778469
17.5442414946
17.5892313818
17.512734886
17.5102133572
17.5719304598
17.576363059
17.5779962478
17.5482577411
17.6311474457
17.6339479345
17.6280620963
17.6392165877
17.6825927964
17.6519805989
17.6514742114
17.6588544473
17.6311316291
17.6645767635
17.6439431511
17.6514211358
17.6482631678
17.6274539135
17.621421001
17.6287500398
17.6322893342
17.6490700856
17.6295681853
17.6216544107
17.6317631666
17.6326469286
17.6583384365
17.5818709634
17.5754580282
17.5572879253
17.5383575918
17.545731197
17.5605729982
17.4937708996
17.5213419539
17.5232562666
17.5378497784
17.5513355594
17.5138649796
17.5243452206
17.5233649912
17.5123621902
17.5312414129
17.5490600066
17.4947725425
17.4540032089
17.5218953495
17.4928571694
17.5627539769
17.5190231461
17.5894506068
17.5406263965
17.574302667
17.5638906696
17.5888626619
17.6149011849
17.5268364168
17.5814995875
17.6175822352
17.5704842854
17.6317201561
17.6029889215
17.6005956843
17.5945999505
17.5489637962
17.5977255331
17.5921290163
17.6456051638
17.6254713142
17.6100426347
17.5771366581
17.6152873381
17.6065424075
17.5268445988
17.5363584128
17.5351250289
17.559908991
17.5441926787
17.5471715632
17.5784631904
17.5672070636
17.5477231624
17.51816156
17.5302691757
17.5680195685
17.5763522417
17.524466008
17.5030403874
17.5107434598
17.5526777877
17.5263845805
17.5288344397
17.486400675
17.5292358503
17.525236002
17.5063091496
17.513633067
17.4722265702
17.4573240846
17.4863730445
17.4707728921
17.4517366361
17.4556844045
17.4641418787
17.4603999261
17.48175902
17.478594304
17.5004460373
17.4665674093
17.4869235512
17.49615191
17.460983061
17.4908914748
17.5180659722
17.5249463236
17.5029451399
17.5137469871
17.4692515879
17.451854427
17.4687083994
17.5154162271
17.4434945274
17.4655068087
17.470153215
17.4221439329
17.4997291747
17.464462879
17.5066788109
17.5008546063
17.5036449737
17.4983591736
17.5340901864
17.5422253223
17.5513740874
17.5339261143
17.5593922635
17.5016800299
17.5094362053
17.561452384
17.5865675978
17.5411902646
17.6118680068
17.614571069
17.590606378
17.5296701631
17.500128021
17.3753194295
17.4064146473
17.4348525939
17.4227362728
17.4281111304
17.3823616894
17.402552382
17.3783113207
17.3687209174
17.4012501619
17.4131261036
17.4433380509
17.4251684778
17.3995419782
17.3910586567
17.3935191763
17.415859431
17.4483847604
17.4375761123
17.4734170802
17.4082597765
17.4509888457
17.5400997488
17.5495855071
17.4846000823
17.5120953548
17.4639644612
17.5269586859
17.4830721091
17.4727437539
17.4649423038
17.4689523398
17.490807958
17.524164513
17.5152829146
17.4748904112
17.5248771167
17.4718905738
17.497087715
17.5040507393
17.490828599
17.4399363245
17.498416911
17.4943207671
17.462319182
17.4550989839
17.4600117996
17.4969769249
17.4963032468
17.5199116304
17.4903811818
17.5114100601
17.4831109666
17.4640581948
17.4523126454
17.5166649431
17.4609658726
17.4675916755
17.4784225563
17.4456959804
17.4359173712
17.3867985501
17.4888538002
17.5028616788
17.4577360322
17.5191183564
17.4886107934
17.5260486567
17.4984749784
17.4879701093
17.4834439967
17.4539607845
17.4939225686
17.5070450945
17.4878234439
17.4917741508
17.4943547582
17.4723022493
17.4660420788
17.4735043082
17.555519229
17.5237306995
17.5245686767
17.5513925876
17.5951110492
17.6463845698
17.646256184
17.6302360258
17.568541491
17.5960428063
17.5866143895
17.6014555531
17.5307731495
17.55397876
17.5311293428
17.5373606422
17.5295548988
17.5684517413
17.5525232804
17.5255884529
17.5731781259
17.6079598676
17.5627655603
17.5287043342
17.5720838007
17.5229592973
17.5097514811
17.5007963405
17.4719146024
17.4954038836
17.4852554534
17.5175497443
17.513392988
17.518374816
17.5551236132
17.5107237689
17.5357410906
17.5413892159
17.5572161231
17.55755263
17.5836422145
17.5555569662
17.6093670134
17.5951481434
17.5802398477
17.5742991298
17.6167194383
17.6128271128
17.6038496627
17.57525772
17.526231694
17.546032054
17.5839896034
17.5575189658
17.4862049705
17.5427006919
17.5358213464
17.5370526446
17.5315154661
17.5144893749
17.5730215611
17.6240038307
17.5928645282
17.5766124945
17.6093267963
17.6349453945
17.5773904844
17.5843481388
17.5976616883
17.5786390838
17.5892596137
17.5884047431
17.5939764908
17.5334257798
17.5691001435
17.585736786
17.5842911936
17.6365341247
17.6064670487
17.6234998305
17.6179902979
17.6483079997
17.5850699216
17.588737958
17.5487436512
17.5912155293
17.57012836
17.6138985544
17.6017670199
17.6311093284
17.6470191829
17.6376813761
17.6356094837
17.6013952357
17.6317371821
17.6205027538
17.6183068755
17.6169737027
17.5895450231
17.662591194
17.627397717
17.6582528977
17.6499921113
17.6306862025
17.5907460521
17.5395204408
17.5531060823
17.5316709629
17.5303750977
17.5035727009
17.5433517284
17.5688847595
17.5950794745
17.6069371984
17.6288846251
17.644466327
17.5927478104
17.5653481158
17.6239438033
17.6092216536
17.6386302273
17.6146689543
17.6074852052
17.6210820518
17.6165898556
17.5646747299
17.5934220045
17.5527746406
17.6193821892
17.6036016798
17.6877062037
17.6763404888
17.6136593456
17.5915517833
17.5569810861
17.5778428139
17.5251984882
17.5124124466
17.5133425772
17.5361800409
17.6192353447
17.6016039564
17.6122602411
17.6423324291
17.5941368133
17.6061003264
17.5624137812
17.5867310978
17.6151990446
17.5728544432
17.6226711155
17.684128046
17.653868673
17.6551955059
17.6657802606
17.6944234216
17.6326463355
17.5668568407
17.6319679966
17.6498831992
17.6308432483
17.5963819224
17.627909849
17.6203907574
17.5739707812
17.5573953288
17.5715301225
17.5661033155
17.6729578205
17.6236455103
17.6773710372
17.6518206525
17.638305432
17.6076440544
17.6274968208
17.623809393
17.566265574
17.6260843333
17.5713856765
17.5836620808
17.5454177847
17.5701907688
17.5879388613
17.5762321995
17.5510091703
17.5480493688
17.5299981462
17.5948850199
17.557633876
17.5739957768
17.6312353067
17.6072938153
17.6523148137
17.6193777875
17.5716243948
17.61265153
17.6232996334
17.6303988239
17.6280610145
17.6020515023
17.63905469
17.637641684
17.6223589421
17.6240252242
17.5457990466
17.6135840603
17.6370872083
17.6181612604
17.6695227611
17.641178672
17.6401666296
17.5395596509
17.5524935963
17.6794466896
17.6725588488
17.6555034437
17.6220791869
17.6265894353
17.6160104269
17.6188918027
17.6030963892
17.6412067201
17.7084234511
17.6680235409
17.718671754
17.6576495507
17.6471938989
17.6242599589
17.6439345826
17.6361129339
17.5851857331
17.5769662945
17.6329633451
17.5947621105
17.6118048936
17.6133835734
17.5302364975
17.5538431954
17.5438908809
17.5603683619
17.5298720188
17.5599328706
17.6016682907
17.6001697878
17.6229495424
17.5893862593
17.5948008594
17.641925691
17.5831206001
17.5979862387
17.5856947298
17.5865056384
17.588640997
17.6142921707
17.6179459664
17.6096109363
17.6275473174
17.5953964935
17.52812079
17.6016529525
17.5662452513
17.515450879
17.551928021
17.5318294647
17.5471470752
17.5417090582
17.5583446153
17.5404100724
17.5198216044
17.5993991528
17.5648946472
17.5761501511
17.5713290742
17.6020147008
17.5435436605
17.5552855571
17.504643605
17.6123548161
17.5994986212
17.6620099719
17.6476283829
17.6557545435
17.6278884822
17.6221154365
17.5913344948
17.58913735
17.6092876862
17.5699558235
17.5929275436
17.5770025713
17.614779715
17.5944110813
17.5976189038
17.6298450811
17.6538738613
17.632481766
17.5803036226
17.6234400501
17.6415550817
17.6267688847
17.6163155017
17.6050762366
17.5833558765
17.6185832506
17.6678961916
17.6897215972
17.6744557123
17.6174377377
17.6315634712
17.7293301683
17.6214627138
17.6213960438
17.5873390652
17.6046576336
17.6229416646
17.5963551142
17.6049609142
17.6161395313
17.6035010785
17.6562915786
17.6362007931
17.611819177
17.6491136513
17.58634054
17.6020150659
17.5951086722
17.6218198564
17.641521833
17.6474220333
17.6643217564
17.6890447804
17.6575510716
17.6911655402
17.6297182668
17.6324582273
17.6377458408
17.6351374534
17.6291160213
17.6970131723
17.6827465735
17.6730872529
17.6723804374
17.6780373246
17.6501925849
17.5904004677
17.5660225063
17.5625365774
17.5987705146
17.6185165817
17.6272991303
17.6800953353
17.6929990815
17.6612120619
17.6735916954
17.6608099828
17.6925682435
17.7130942032
17.7258816215
17.691612876
17.748695147
17.7725159071
17.7970094307
17.7993960956
17.733229403
17.7651862962
17.7445678502
17.7038893804
17.7076359086
17.6952938565
17.6858878647
17.7307215359
17.5453739289
17.6298534855
17.607043641
17.6554068244
17.6624058721
17.6985029935
17.713769112
17.6592967649
17.6537968379
17.665237124
17.6725551322
17.6296387292
17.6918162194
17.711459128
17.7501108757
17.7741965217
17.7495584526
17.7233128252
17.677095267
17.6710919629
17.7143722089
17.6722993185
17.6820545418
17.6910327569
17.6863018327
17.7112865754
17.6420953691
17.648561017
17.5826898831
17.5820770214
17.6593888648
17.6083948951
17.5996843646
17.6176102519
17.6406176455
17.6399506753
17.628834543
17.6444657599
17.6388861523
17.6693200709
17.6617602843
17.7059097297
17.7483474309
17.7483302098
17.7461882115
17.6849394912
17.7076755436
17.6534043454
17.6579265658
17.6695522506
17.6464555216
17.7068050854
17.6861188262
17.7581402621
17.7440457932
17.7544811101
17.6850971645
17.7183695657
17.7174525581
17.6340466336
17.678958338
17.6722366861
17.7170481326
17.7068089606
17.7345913288
17.7145312455
17.6828933309
17.6430300104
17.6611537544
17.6404864627
17.6633023449
17.6565502795
17.7025978755
17.7045559733
17.6820703313
17.658309915
17.6444037989
17.669610953
17.6581293345
17.7125584676
17.7311185633
17.7841482166
17.7880339377
17.7498184936
17.7307912337
17.7248159862
17.6819421062
17.7198526281
17.7230658895
17.683236035
17.6834979915
17.6881199227
17.6580392557
17.6619186562
17.6830611251
17.6880747306
17.6276897354
17.6080269283
17.5957214261
17.6446848378
17.6647337995
17.6975146801
17.6636670437
17.7340573568
17.7223077288
17.6995712222
17.6885053226
17.6623160752
17.6885986381
17.7192262742
17.6843115194
17.7813439234
17.7757007041
17.7230877892
17.7358708617
17.711871326
17.6992093306
17.6640213907
17.6513637615
17.6306312111
17.6092497979
17.6799784762
17.6548381121
17.7052020646
17.6596402814
17.6604422885
17.6886683005
17.6323355489
17.6016478593
17.6400401806
17.6183512543
17.6036795779
17.6093859679
17.5697562363
17.627084951
17.6334173506
17.6304302004
17.609560985
17.6446227565
17.6296177841
17.6299929254
17.6423170613
17.6730029714
17.6939577825
17.7298315731
17.7004764396
17.724396871
17.7284038064
17.6799699348
17.6905638157
17.6312847922
17.6640080886
17.6350694585
17.6709255388
17.6790166555
17.6627943859
17.6843532668
17.5947001633
17.6338157914
17.6158468765
17.6547246356
17.6213943556
17.6599009198
17.6664287608
17.6779818532
17.6545146545
17.6694246298
17.7146751932
17.7713413725
17.6636009649
17.7304706238
17.6648095152
17.6821641903
17.6714077066
17.6779288695
17.6231759793
17.6290977953
17.6200294322
17.579508685
17.6424249741
17.7056625962
17.7047579976
17.6872086952
17.7213116976
17.7147023209
17.7397008828
17.7377743407
17.7228721952
17.7383387641
17.7110327525
17.6713409239
17.6782450757
17.6723437581
17.6892976848
17.676966738
17.6924941818
17.6581151292
17.6452701344
17.6382101025
17.6486968522
17.6448827945
17.6651370873
17.6420887502
17.6011907518
17.6057104469
17.6790240179
17.6565376429
17.6939835311
17.6804905542
17.715428306
17.6775231699
17.7086544827
17.7409148608
17.7157242437
17.7351347541
17.6825337706
17.7389029716
17.7752274749
17.7651992253
17.7185022261
17.7173054705
17.6722717472
17.692845539
17.6297193886
17.650094341
17.5689217327
17.6386494405
17.6020407037
17.6362815096
17.6394253082
17.6550388622
17.6565679597
17.6964393891
17.7045764639
17.6621241879
17.6419363638
17.6622235808
17.662491047
17.6955653986
17.6458164537
17.6650595679
17.6668388602
17.6704693866
17.7341945871
17.7069465774
17.7325973278
17.7080616432
17.7003306807
17.6705708591
17.6384832697
17.6434543629
17.6180140027
17.6653093655
17.6388215552
17.608277633
17.6185956309
17.5936559538
17.5829165249
17.6642974619
17.6461095551
17.6471396459
17.6485366542
17.6806976101
17.673149105
17.6831976999
17.6837360694
17.649713219
17.689514034
17.6578144661
17.6727026012
17.7205533269
17.6837634842
17.7478109539
17.699508315
17.6329289539
17.6736548924
17.6528579014
17.7111914588
17.6926983141
17.6712691566
17.6793527504
17.742174319
17.700524725
17.6727190156
17.6782979828
17.6908295374
17.6917501421
17.7277585456
17.7147290017
17.6956147291
17.6999477414
17.7024031599
17.628124514
17.6536738906
17.59662768
17.6591791264
17.6330368393
17.640789852
17.6465448243
17.6238375411
17.6364684376
17.6146983629
17.6100767908
17.6361124435
17.6822401927
17.6147751304
17.6814771188
17.6496355114
17.6210976572
17.5934611193
17.6506283963
17.5926116233
17.6054424382
17.5955347833
17.5727408764
17.5825892735
17.5924281905
17.641086626
17.6184398378
17.5980455309
17.5738329734
17.6055524939
17.5774925483
17.5725088298
17.5504293016
17.6120599103
17.6059582396
17.5618718534
17.6071867857
17.5853611952
17.6174162478
17.5818458858
17.633142949
17.6323827607
17.6762282108
17.6719708313
17.7186702759
17.6791463139
17.7275408494
17.7062102389
17.6898308804
17.7002081053
17.7315404747
17.6635610863
17.6800953832
17.7561083368
17.6929488754
17.7303363181
17.7582068146
17.7746006683
17.7441487486
17.7181437667
17.7733135821
17.7362859517
17.7596671417
17.7328962791
17.7555249855
17.76082752
17.7621475901
17.7286541912
17.7536283177
17.7338584743
17.7126670767
17.6985409692
17.7067094601
17.6997794003
17.7194009551
17.7034918038
17.6876874629
17.6639856501
17.681378299
17.6254588323
17.6121290297
17.6684041525
17.6006584443
17.6770719384
17.6873955458
17.6245180397
17.6068218914
17.6772515599
17.6924556063
17.6928257293
17.6803866608
17.6754118384
17.639319442
17.6260043388
17.6286336029
17.6958263041
17.668244947
17.6605147044
17.6685654971
17.6366809047
17.6538467275
17.6491885595
17.5997957655
17.6705370471
17.6819266511
17.6731793982
17.6781550788
17.6836997036
17.6742683806
17.6636855802
17.6843942295
17.6242958155
17.6259485617
17.6806830106
17.6480603592
17.7115973507
17.6258994375
17.6661959025
17.648627578
17.6318725387
17.6647380764
17.6565389849
17.6869028118
17.6969502509
17.6457754297
17.7326589444
17.7167718712
17.6825316952
17.709106053
17.6637642544
17.7114437383
17.7118517513
17.7312213249
17.7082192399
17.7364566776
17.7444718405
17.7121079658
17.7231797685
17.7318809326
17.6911631142
17.6900574194
17.6885116396
17.708971635
17.6862779107
17.67725936
17.6280779216
17.6354526548
17.6511817587
17.6511658715
17.6676240327
17.6638366018
17.6439963007
17.6353065614
17.6196723442
17.7048895535
17.6573083696
17.6788975868
17.7164806818
17.6570407598
17.6561666907
17.6524700302
17.681739491
17.6562789249
17.6707810031
17.6808988677
17.6546402504
17.6514174746
17.6332152991
17.6502545186
17.6599495897
17.6720108666
17.6715916277
17.6643478677
17.6764715789
17.6402797466
17.6550335548
17.6894576549
17.6819734129
17.64416908
17.716400279
17.6913281765
17.7397639508
17.7340471517
17.7288922368
17.7020626124
17.7110729984
17.6526828233
17.6795279721
17.6907054047
17.7111609675
17.7006496053
17.7068160379
17.7245641759
17.6790536209
17.7077229949
17.6950926991
17.7242695735
17.7381494956
17.6879468255
17.6458861068
17.6806788491
17.6710176485
17.6256906033
17.6577944166
17.6149845159
17.6657483547
17.6414067671
17.5869726983
17.5827877873
17.609031408
17.6579700575
17.68651573
17.6626693416
17.6433210418
17.6374134811
17.6799310074
17.6482663796
17.6833813262
17.6896849004
17.6943215213
17.7339916568
17.6835835347
17.6808191482
17.6822997626
17.6779466013
17.6995125818
17.6541947253
17.6723955648
17.6796385364
17.6629180496
17.6580470601
17.6990337251
17.7061032276
17.6842624048
17.6223163869
17.6348831698
17.6568643331
17.6249806959
17.6438955744
17.6144160199
17.6826867276
17.664007645
17.6514530424
17.6655736635
17.6108936945
17.6134904557
17.5970624711
17.6195493089
17.6155674135
17.6231613233
17.5564700382
17.6045141804
17.588814643
17.5754635201
17.5992512921
17.5673949261
17.5591624301
17.5159662347
17.5552639225
17.5122870978
17.5906992599
17.6138923173
17.5450148559
17.5485664267
17.5631545912
17.5948244445
17.5441840933
17.5584811752
17.5730187937
17.584360007
17.5910904644
17.547400537
17.5711711019
17.5843437277
17.5634361292
17.4865916208
17.5240898734
17.5309189724
17.5457766671
17.5255878071
17.5789311569
17.5939995291
17.5686372703
17.5387075505
17.6125735602
17.5563833675
17.5764907833
17.5665409073
17.5932642548
17.5788508897
17.5778675883
17.5640065492
17.5823503694
17.623736081
17.5821467584
17.5579445403
17.5645689996
17.6175084263
17.6040026919
17.6334689201
17.6398295209
17.6584957229
17.6066178806
17.6493705395
17.6300066473
17.629656334
17.6532185475
17.5795111176
17.6357699732
17.6391360492
17.5850148081
17.5786803173
17.5988509522
17.5614693262
17.5391522896
17.5603817521
17.5049731599
17.5412988146
17.520620596
17.4797108084
17.5183188282
17.530464237
17.4768788055
17.5601573539
17.5292717991
17.5511851492
17.5976805125
17.5621063914
17.5957501039
17.5660156333
17.5727362768
17.5976668378
17.6239358888
17.5826465416
17.6062492859
17.6195187205
17.6105968583
17.6267771344
17.5687296105
17.5682868671
17.5981894072
17.5767293971
17.5881194549
17.5436506339
17.5779091
17.5719316396
17.5967131739
17.589211587
17.5657249842
17.5557812109
17.5410135368
17.5526876685
17.5274731771
17.532504562
17.5301666065
17.494748883
17.5196080917
17.4460901056
17.4976573631
17.4658061871
17.4697347178
17.4524192496
17.4411592932
17.4105051105
17.4158926531
17.4579000044
17.4672041073
17.4131078024
17.4374865303
17.4363479275
17.4590615918
17.4408717516
17.4177428252
17.5167976293
17.4555909264
17.4962059113
17.4925409525
17.4518385659
17.4700480493
17.5026884438
17.5191659597
17.5452838007
17.5706172531
17.4751877037
17.4867223324
17.5287794355
17.4689597335
17.4856001912
17.4945048233
17.4878200338
17.4791256707
17.4221757663
17.4445674162
17.4726974281
17.4978278273
17.4782521905
17.470048193
17.4732966842
17.4767887494
17.4317105223
17.4370691865
17.529253382
17.4818106412
17.4617136579
17.505325273
17.4770044346
17.5132623722
17.4635120991
17.5337009965
17.5522748794
17.462469612
17.4904634629
17.5161128163
17.5345951105
17.5659471274
17.5150194533
17.5525849304
17.5313433816
17.564936988
17.5951052409
17.561489204
17.5342736633
17.583324453
17.5833356326
17.6051770333
17.5472165667
17.62362478
17.5705593918
17.5868490155
17.514551582
17.5447303445
17.5219925735
17.5073966467
17.4868703982
17.4352129362
17.5354546094
17.5021100895
17.4356339571
17.4681532642
17.5017598381
17.4460667604
17.4455044289
17.4559909251
17.4350990723
17.4600254841
17.4284780008
17.4636338415
17.4648380265
17.4341969731
17.5132814037
17.5025306255
17.460970386
17.4777933992
17.4838886646
17.4402857569
17.5137441586
17.5400549397
17.508711145
17.4994540132
17.5160124269
17.5002843757
17.5168803355
17.5556370182
17.563398647
17.5606764667
17.5297708041
17.5534510665
17.5096418211
17.5176274351
17.4873918829
17.5298400208
17.4885774887
17.4769438065
17.5210642303
17.5037616678
17.4905557824
17.4656799794
17.4715723992
17.4873761596
17.4147957006
17.4122522427
17.4037510898
17.4060818992
17.3917788649
17.4135367375
17.3393477683
17.3404225267
17.3346949625
17.3212979531
17.3082297247
17.2926010666
17.3188732969
17.323835538
17.3315821219
17.3092609215
17.2802524431
17.3319071205
17.3169017932
17.3001867982
17.2912499973
17.3139396156
17.3339149672
17.3476737316
17.3479132694
17.3894146417
17.3703229258
17.3743341201
17.3622672108
17.4168887401
17.4239657964
17.3937461927
17.4265446201
17.4238903222
17.4095546747
17.3899431036
17.436334825
17.4385535037
17.5123650348
17.459999837
17.4389020709
17.443603957
17.4249150418
17.4448263244
17.4580948266
17.4198148942
17.427070828
17.3961561947
17.4227775894
17.3883195481
17.3554904661
17.3895014889
17.3723119963
17.3500054917
17.3994720204
17.3667631937
17.3138147943
17.3749841276
17.3531060503
17.3167320802
17.2846030399
17.3101920792
17.3237428265
17.3661162891
17.3788924965
17.352896214
17.3572822594
17.3702210739
17.3728050126
17.3515859019
17.3749452292
17.3910740461
17.3929846584
17.413062542
17.376871887
17.4279404027
17.4747382344
17.4265148452
17.4228212187
17.4541371429
17.4550690622
17.4618302626
17.430702182
17.4529130762
17.4652059347
17.4440595269
17.4153302341
17.4323988719
17.486777998
17.4354513488
17.4210678837
17.4339987459
17.4100635478
17.4642429324
17.4162515924
17.4617387313
17.4252256351
17.4168691123
17.4489618876
17.4219174827
17.4371886372
17.4383713231
17.4266026679
17.4187531568
17.4520613363
17.4263498857
17.4034097427
17.4370754713
17.3902076976
17.4243382337
17.384564403
17.3654939932
17.3819472731
17.3949278105
17.3944779666
17.3610107839
17.3799057616
17.3937721928
17.3976667939
17.3493259494
17.3613153851
17.3252733094
17.3835092208
17.2965898445
17.381054475
17.3759075965
17.3622232891
17.3591924168
17.3716467546
17.3849677031
17.4299991702
17.3748033741
17.3372074477
17.3598150306
17.3603930068
17.3412837571
17.3211717278
17.3465706778
17.361856645
17.3551760127
17.395549086
17.3383294381
17.36354115
17.3674871378
17.3578259895
17.3240086836
17.3129694259
17.3793005527
17.3004973238
17.322477661
17.3379604772
17.3855576252
17.3094163866
17.3733278098
17.3588161663
17.3940612677
17.3579776381
17.359598883
17.3689616872
17.3295406861
17.4244140135
17.3786109602
17.368158395
17.4392222167
17.3678879925
17.4073351527
17.3828208982
17.3922035145
17.3190759358
17.365403839
17.3680088272
17.3248059527
17.3008310288
17.3149589832
17.3649141577
17.3476367726
17.3592228803
17.3074526396
17.3564173768
17.280940026
17.3524684131
17.3317358736
17.3353192073
17.3355814539
17.3155370185
17.3335281478
17.3210590009
17.2890872617
17.3080059099
17.3022397034
17.2613842692
17.2795981796
17.2669065164
17.28615239
17.2506537264
17.3122821273
17.283168208
17.2465791637
17.2473661043
17.265949577
17.2903477087
17.2670346626
17.3026707264
17.2984332904
17.2598853682
17.2601033976
17.256301513
17.2930093876
17.2186294291
17.2428892349
17.2456289383
17.3262909966
17.3272350589
17.2691498145
17.2955362209
17.2417794112
17.2480790627
17.253777197
17.2415264925
17.2651927188
17.2929505434
17.250177607
17.2686575555
17.2803198701
17.2359376288
17.2589208353
17.2623627723
17.2831298822
17.2891161837
17.2748833455
17.2967281328
17.2753498109
17.2687952172
17.2158929904
17.2459684799
17.2413299901
17.2586467863
17.2810493515
17.2686627339
17.2639416811
17.2524890598
17.2506925147
17.2597206461
17.2714537676
17.2952234813
17.2726477163
17.318672571
17.2903643906
17.2990953696
17.3224719022
17.2954142603
17.2883750147
17.3216001009
17.3071303273
17.3593299384
17.3649153244
17.3743863293
17.3760715244
17.3922993789
17.4125225094
17.3947235189
17.3728633577
17.3913836229
17.3808471016
17.3525995153
17.3549924317
17.3519338075
17.421978947
17.3705366565
17.3664302068
17.3297771957
17.3231676562
17.3411602937
17.3141142407
17.3281512201
17.3722806479
17.3816257315
17.3450349068
17.3386664585
17.3360111663
17.3748587069
17.3475600407
17.3713786314
17.3925837792
17.3441962373
17.3533930574
17.3767963043
17.3641331918
17.398039072
17.3654469369
17.3655645315
17.3399642556
17.3878498567
17.3916095811
17.4119815463
17.3753903794
17.398084055
17.3844155333
17.32483043
17.3298166495
17.3236621332
17.3340532352
17.3806162917
17.3852965949
17.3422295864
17.2956171126
17.2999659457
17.314163197
17.2769243013
17.3056104301
17.2923277777
17.2640888192
17.2203836671
17.2149725885
17.2156116798
17.2531846282
17.2446261719
17.2218024926
17.2671775098
17.2355532447
17.1903946322
17.1701597498
17.2204287099
17.2128528189
17.1951413751
17.1920978509
17.1911000145
17.199212294
17.1435165754
17.1813154541
17.205710984
17.2196842339
17.2103263049
17.2081953164
17.2236866518
17.2427837103
17.2019631202
17.212330953
17.2583334841
17.2163120241
17.214575152
17.2207036229
17.2547072752
17.2382012165
17.2445371009
17.2361057658
17.2415987188
17.2336104174
17.2236974415
17.193433089
17.2433841552
17.2050090032
17.2783755872
17.2645128972
17.3090243012
17.2759820841
17.2676685132
17.2236900836
17.2123028115
17.1946628437
17.1706463182
17.1542969449
17.1715262538
17.2071894308
17.208040189
17.1751000815
17.1557263966
17.1524026052
17.1525629044
17.1808606107
17.0991370085
17.1281619205
17.1520711936
17.1234864629
17.0969590725
17.1544267412
17.1204894261
17.1207593901
17.1939140009
17.1525521646
17.0844708732
17.1213449606
17.1088662231
17.133365067
17.1384628331
17.1307202821
17.1355993067
17.0894476894
17.1365256471
17.160209048
17.1649249405
17.1617371921
17.1135662152
17.1659374577
17.1492869495
17.1162601525
17.0980133274
17.1043893326
17.0693277115
17.1255315472
17.1119391394
17.1021979879
17.0890893244
17.0960933872
17.0649358311
17.1366189879
17.1270241364
17.0999225255
17.1439122551
17.127353469
17.1515480996
17.1022768886
17.1621692028
17.1313035776
17.1067134602
17.1612678854
17.1079284436
17.1568887018
17.1390513591
17.1218686418
17.1305342061
17.1103251142
17.1232928285
17.159927055
17.1648034
17.1583921842
17.1852306639
17.1813503421
17.1924563513
17.1455467042
17.1614945667
17.1846106043
17.1551249255
17.1911170254
17.2361195927
17.2020178958
17.221991527
17.1788922803
17.1482388956
17.1464371846
17.204294967
17.1618692723
17.183868143
17.1618035989
17.2193812529
17.161235358
17.1537369866
17.2236872382
17.1680793934
17.2284959737
17.1761248191
17.1237956635
17.1858439977
17.1949776591
17.196975741
17.1460881199
17.1570044402
17.147537678
17.1500496371
17.1218328094
17.1386912788
17.1208564266
17.0924432631
17.1164486039
17.1109282847
17.1246484378
17.1136445229
17.1390623321
17.1011177562
17.0970212926
17.1190623295
17.0684229699
17.0968531806
17.0809348456
17.1155275223
17.1184842963
17.1476934124
17.0810936189
17.1060420095
17.1183075588
17.1032648235
17.10900615
17.0971488688
17.1521166173
17.0813537202
17.1174858522
17.0986331147
17.1112694479
17.0904980553
17.096800524
17.1277706329
17.0898234363
17.0963737164
17.0593840601
17.061239597
17.069931081
17.0076749248
17.0218295111
17.0000718275
17.0232774245
17.0108741501
16.9735039455
16.9793366795
16.9544917015
16.9570610697
17.0232297161
17.0063103929
16.9561431989
16.9499067745
16.9336367487
16.9859238238
16.9754732456
16.9364434993
16.9817328575
16.9435243625
16.9922470461
16.9497798032
16.97589203
16.9253901374
16.9567431575
16.9618202269
16.988018825
16.9450583796
17.0041974518
16.9452289391
16.9577555321
16.9813747442
17.026158609
16.9648738268
17.0194131255
17.0478146117
17.0110833525
17.0515421554
17.0529138822
17.0633426484
17.0423272006
17.0260618227
17.0500525242
17.1167649029
17.0797162539
17.0445307461
17.0380570652
17.0761542577
17.0378607661
17.0241214888
17.0300846053
17.0226476457
17.0674563981
17.0403854756
17.0566760127
17.0168740494
17.0224972305
17.0156139709
16.9807612754
17.0497391913
17.0488540637
17.0507919716
17.0431849987
17.0086066974
17.0149772364
16.9783550632
16.9853530829
16.983867411
16.9918683034
16.9811375255
16.9871330509
16.9620371575
17.0526253364
16.9870243404
17.0498155394
16.9530293937
16.9414426976
16.9511878381
16.9307512974
16.9644073977
16.9866617827
16.9754806069
17.0085979715
17.0060962541
16.9903927499
16.9612788995
16.9972269574
17.0086278412
17.0011006951
16.9707479574
16.9978601865
16.9999052432
16.9855527703
16.9746606455
16.9961489257
17.0167907373
17.0065079428
16.987869432
17.0131437736
17.0051668065
16.9973210144
16.9374906495
16.952701537
16.917841257
16.9716951328
16.9478665735
16.9669984637
16.9959209499
16.9467369642
17.0082395942
16.9502324481
16.9943768762
16.9683348424
16.9866971913
16.999447019
16.9794728968
16.9776337763
16.9554215359
17.0074348702
16.9910078537
16.9804622392
16.9767657037
17.0517773619
17.0338654945
16.995032619
17.0049390477
17.0224133283
17.0356662867
17.0090583108
17.0052204635
16.9711051033
17.0025646781
17.019612577
17.0065671619
17.0188147623
16.9984093144
16.9517321356
17.0024364055
16.965980919
16.9413471241
16.9695037492
16.9442313507
16.9549555487
16.9910494789
16.9402340947
16.9495465483
16.9638807941
16.9138324066
16.9456494972
17.006203473
16.9178446188
16.9565035097
16.9039625088
16.9468834593
16.9647344709
16.9185201625
16.8941565212
16.8945219923
16.9117810225
16.8818006552
16.8899444697
16.9057027317
16.8454439129
16.8639248495
16.8558710857
16.9066018318
16.913717763
16.93651335
16.9314451568
16.9283683469
16.9157989671
16.962496452
16.9709730097
16.9413359478
16.9427765178
16.9020435703
16.9872015748
16.949672231
16.9640029179
16.9536738641
16.9581149029
16.9089050635
16.9604618073
16.9899242344
16.9226014267
16.9142395806
16.9139140766
16.9295717812
16.9356282106
16.9430250547
16.9142294265
16.9870549206
16.9639672646
16.9353089742
16.9528209665
16.9530973221
16.9425534579
16.9442975408
16.9322712592
16.9640476717
16.932701847
16.9926414021
16.9836276552
17.022893566
17.0175639058
17.0410197675
17.0415611882
17.0339616755
17.0342092477
17.071046679
17.0670906647
17.0460374045
17.0048770242
16.9878712572
17.0083683614
16.9795996247
16.9624582383
16.9576258602
16.9830767451
16.976660664
17.0213382667
16.9908323531
16.9569873669
16.9706700031
16.9606513167
16.9601346261
16.9993125056
16.9891261291
16.9563105771
17.001220785
16.948790124
16.9939293308
16.9677639195
16.9969775014
16.9493576325
16.9957165496
17.0248079232
17.0468385513
17.0201606088
17.0302928943
17.0390473918
17.0270121046
17.0233096681
17.0569952587
17.0548963841
17.0377750868
17.1054906027
17.016052322
17.0364035786
17.0423193323
17.0283211986
17.0126458986
17.0449108489
17.0057453828
17.0141057489
17.0452126566
17.0147684893
17.0071287914
17.0120703198
16.9864769179
16.9641624236
16.9474594226
16.9611942835
16.9615854332
16.9149226824
16.8760241848
16.8831248873
16.8753511848
16.8835330853
16.8276472503
16.8464385541
16.8125560714
16.8158110612
16.8743824264
16.8723812242
16.8525834527
16.8264143701
16.8334125844
16.8450054032
16.8021695288
16.8427820723
16.855701896
16.8169253708
16.8688160642
16.8798537425
16.8826151214
16.8381339178
16.869333176
16.8283821
16.9303097111
16.8948375269
16.9124320947
16.9269185048
16.91588168
16.842524056
16.9123567669
16.8849271829
16.8961132955
16.9255234615
16.926857112
16.9201993231
16.925828778
16.9621196919
16.9762261128
16.9444549883
16.9589737975
16.9782130492
16.9602179214
16.9545307372
16.992442514
17.0483414873
16.9690616889
16.9896851259
16.9667501629
17.0017107533
16.9652440588
16.9704272154
17.0008764322
16.9866259232
16.9528650419
16.9481385557
16.9194217548
16.9542226595
16.9585051478
16.8961914581
16.8977742833
16.9051716962
16.8761886151
16.8807768374
16.8721174049
16.8584089168
16.9126963869
16.885104987
16.9506219018
16.8933459066
16.9100026456
16.9184479507
16.9339210021
16.9163462186
16.9278254653
16.9351490816
16.9019726053
16.9238984454
16.9470984254
16.9441779358
16.9354631958
16.9474108777
16.9466827225
16.95911895
16.9405264174
17.0430229231
17.0235485504
16.9996119681
17.0391406416
16.8976245285
16.8603749835
16.8454565676
16.8876401037
16.8793202318
16.8708310788
16.8949326515
16.847261921
16.8411337933
16.877929278
16.8420326489
16.8502313268
16.8384276301
16.8911392431
16.8720754136
16.8865187567
16.8312374168
16.8343562002
16.8854130258
16.8409933756
16.8691530509
16.8332014752
16.8554622324
16.8632029196
16.8537379642
16.8283278369
16.8453794367
16.8487874915
16.8272079238
16.8468808157
16.8210360729
16.8291149995
16.8533276283
16.8702754182
16.8215547382
16.9248294437
16.8711491628
16.8989650925
16.8768613255
16.8924464608
16.9236360205
16.8625189507
16.9115742643
16.9098453028
16.9504212063
16.8898091104
16.9009635546
16.8975904402
16.8690091272
16.9249769703
16.9223973475
16.8947035498
16.9486450021
16.953715768
16.956565732
16.964516366
16.9390379083
16.9436748245
16.9663080512
16.8705397602
16.9081835339
16.9313814091
16.8958547325
16.9065576417
16.8647742215
16.8622666332
16.8722233875
16.8444178329
16.8323929467
16.8710874615
16.8926218698
16.8593804489
16.858015161
16.8761449183
16.8122586583
16.8034993247
16.8077454048
16.8329632767
16.819979268
16.8309661011
16.8265849194
16.8725100705
