-3.0783984375
-3.0783984375
-3.1805859375
-2.7718359375
-2.8740234375
-3.0783984375
-3.4360546875
-3.065625
-3.2827734375
-3.1294921875
-3.1805859375
-3.1294921875
-3.1294921875
-3.1805859375
-2.9762109375
-3.3338671875
-3.0273046875
-3.3849609375
-3.1294921875
-3.1805859375
-2.8740234375
-3.1294921875
-3.0273046875
-3.1294921875
-3.2572265625
-3.0273046875
-3.0783984375
-3.0783984375
-3.0273046875
-3.2827734375
-3.1805859375
-2.8740234375
-2.9251171875
-3.1805859375
-3.1805859375
-3.3338671875
-3.0273046875
-3.0273046875
-2.9762109375
-2.9762109375
-3.0783984375
-3.0273046875
-3.0273046875
-2.9762109375
-3.0273046875
-3.0783984375
-3.1294921875
-2.9762109375
-3.2827734375
-3.0783984375
-3.1805859375
-3.0273046875
-2.8740234375
-3.1039453125
-3.0273046875
-2.9762109375
-3.2316796875
-3.0273046875
-3.1294921875
-3.0273046875
-3.0783984375
-3.0783984375
-3.0783984375
-3.0273046875
-3.1805859375
-3.0273046875
-3.0783984375
-3.1294921875
-2.9251171875
-3.4360546875
-3.142265625
-3.0783984375
-3.2316796875
-3.1294921875
-3.1294921875
-3.1294921875
-3.1805859375
-3.0273046875
-3.1805859375
-3.0783984375
-3.1294921875
-2.9762109375
-3.1805859375
-3.1294921875
-3.1294921875
-2.9762109375
-3.0783984375
-3.0273046875
-3.065625
-3.1294921875
-3.0273046875
-3.2827734375
-3.1805859375
-3.1805859375
-3.2827734375
-3.1294921875
-2.9251171875
-3.3338671875
-3.1805859375
-3.3338671875
-3.2316796875
-3.1294921875
-3.1805859375
-3.1805859375
-3.2827734375
-3.1805859375
-3.1294921875
-3.3338671875
-3.0783984375
-3.2827734375
-3.0273046875
-3.1805859375
-3.0783984375
-3.0783984375
-3.1294921875
-3.1805859375
-3.0273046875
-3.2316796875
-3.142265625
-3.2827734375
-3.1294921875
-3.1294921875
-3.2316796875
-3.1294921875
-3.1294921875
-3.1294921875
-3.1805859375
-3.4360546875
-3.1805859375
-3.2827734375
-3.0273046875
-2.9762109375
-2.9251171875
-3.0783984375
-3.2316796875
-3.2316796875
-3.2827734375
-3.0783984375
-3.4105078125
-3.1805859375
-3.3849609375
-3.1294921875
-3.1805859375
-3.1294921875
-3.0783984375
-3.1805859375
-3.1294921875
-3.2316796875
-3.1294921875
-3.1039453125
-2.9762109375
-3.0273046875
-3.1805859375
-3.2316796875
-3.2316796875
-3.0783984375
-3.1294921875
-3.2316796875
-2.9251171875
-2.988984375
-2.9762109375
-3.0783984375
-3.4360546875
-3.1805859375
-3.1294921875
-3.2316796875
-3.4360546875
-3.2316796875
-3.3338671875
-3.142265625
-2.9251171875
-3.2827734375
-3.2316796875
-3.2316796875
-3.3849609375
-3.3338671875
-3.2316796875
-3.2827734375
-3.1805859375
-3.1294921875
-3.1039453125
-3.0273046875
-3.1294921875
-3.2316796875
-3.0783984375
-3.1294921875
-3.2316796875
-3.2316796875
-3.1294921875
-3.3721875
-3.1805859375
-3.4360546875
-3.2827734375
-3.1294921875
-3.2316796875
-3.2827734375
-3.3338671875
-3.2572265625
-3.5382421875
-3.3338671875
-3.0783984375
-3.2827734375
-3.3338671875
-3.2827734375
-3.3338671875
-3.2316796875
-3.1294921875
-3.1805859375
-3.2316796875
-3.0273046875
-3.2827734375
-3.1805859375
-3.5382421875
-3.2316796875
-3.2316796875
-3.2827734375
-3.1805859375
-3.0273046875
-3.1805859375
-3.2316796875
-3.2827734375
-3.1294921875
-3.1805859375
-3.3338671875
-3.0273046875
-3.1294921875
-3.3338671875
-3.142265625
-3.1294921875
-3.3849609375
-3.0273046875
-3.4360546875
-3.3338671875
-3.2316796875
-3.3338671875
-3.2827734375
-3.21890625
-3.4360546875
-3.5382421875
-3.2827734375
-3.2827734375
-3.3338671875
-3.4871484375
-3.3338671875
-3.2316796875
-3.3338671875
-3.295546875
-3.4360546875
-3.2316796875
-3.2827734375
-3.3849609375
-3.3849609375
-3.2316796875
-3.2316796875
-3.2827734375
-3.3849609375
-3.2316796875
-3.448828125
-3.2316796875
-3.2316796875
-3.2316796875
-3.3338671875
-3.4360546875
-3.4360546875
-3.5382421875
-3.1805859375
-3.21890625
-3.2827734375
-3.1805859375
-3.2827734375
-3.2827734375
-3.2316796875
-3.4360546875
-3.4360546875
-3.3338671875
-3.4360546875
-3.3338671875
-3.4360546875
-3.3849609375
-3.3338671875
-3.2316796875
-3.4360546875
-3.4871484375
-3.3849609375
-3.3338671875
-3.3849609375
-3.2316796875
-3.21890625
-3.2827734375
-3.2316796875
-3.3849609375
-3.1294921875
-3.3338671875
-3.3338671875
-3.2827734375
-3.3849609375
-3.2316796875
-3.1805859375
-3.2827734375
-3.3849609375
-3.2827734375
-3.3849609375
-3.3338671875
-3.2316796875
-3.3338671875
-3.4360546875
-3.4360546875
-3.21890625
-3.4360546875
-3.1805859375
-3.5893359375
-3.3338671875
-3.3849609375
-3.3849609375
-3.5382421875
-3.4360546875
-3.5382421875
-3.5382421875
-3.2572265625
-3.5382421875
-3.4360546875
-3.3338671875
-3.2827734375
-3.4360546875
-3.2827734375
-3.2827734375
-3.3849609375
-3.4360546875
-3.3721875
-3.4360546875
-3.4871484375
-3.4871484375
-3.5893359375
-3.4871484375
-3.3849609375
-3.4105078125
-3.4871484375
-3.2827734375
-3.4871484375
-3.3849609375
-3.6404296875
-3.4871484375
-3.4871484375
-3.4871484375
-3.5893359375
-3.1805859375
-3.4105078125
-3.5893359375
-3.3338671875
-3.3849609375
-3.4871484375
-3.5382421875
-3.2827734375
-3.448828125
-3.3849609375
-3.3849609375
-3.3849609375
-3.4360546875
-3.3849609375
-3.5382421875
-3.5893359375
-3.4871484375
-3.3849609375
-3.67875
-3.7426171875
-3.7426171875
-3.3849609375
-3.5893359375
-3.5893359375
-3.3849609375
-3.4360546875
-3.3338671875
-3.2316796875
-3.4871484375
-3.6404296875
-3.3338671875
-3.3338671875
-3.5893359375
-3.4871484375
-3.5382421875
-3.4360546875
-3.4360546875
-3.5382421875
-3.5893359375
-3.3338671875
-3.3849609375
-3.4871484375
-3.4871484375
-3.4871484375
-3.4360546875
-3.3338671875
-3.5893359375
-3.5893359375
-3.5893359375
-3.3849609375
-3.5382421875
-3.5893359375
-3.3338671875
-3.4871484375
-3.3849609375
-3.4871484375
-3.5893359375
-3.3338671875
-3.5893359375
-3.5382421875
-3.4360546875
-3.52546875
-3.4360546875
-3.3338671875
-3.3849609375
-3.6404296875
-3.5382421875
-3.4871484375
-3.5893359375
-3.3338671875
-3.3849609375
-3.6404296875
-3.2316796875
-3.4871484375
-3.3849609375
-3.2827734375
-3.5893359375
-3.5893359375
-3.3849609375
-3.5893359375
-3.5382421875
-3.52546875
-3.3338671875
-3.6404296875
-3.5382421875
-3.5893359375
-3.6915234375
-3.4360546875
-3.4871484375
-3.5637890625
-3.4360546875
-3.4105078125
-3.3721875
-3.5893359375
-3.4360546875
-3.3849609375
-3.4360546875
-3.5637890625
-3.4871484375
-3.3338671875
-3.3849609375
-3.5893359375
-3.5382421875
-3.6404296875
-3.5893359375
-3.6915234375
-3.6404296875
-3.67875
-3.2827734375
-3.4871484375
-3.6404296875
-3.7937109375
-3.6404296875
-3.5893359375
-3.5893359375
-3.5382421875
-3.4871484375
-3.2827734375
-3.3721875
-3.6915234375
-3.4871484375
-3.5382421875
-3.5382421875
-3.3849609375
-3.5382421875
-3.5893359375
-3.6915234375
-3.3849609375
-3.602109375
-3.6404296875
-3.5382421875
-3.1805859375
-3.4871484375
-3.6915234375
-3.5893359375
-3.4871484375
-3.7426171875
-3.6915234375
-3.602109375
-3.5893359375
-3.6404296875
-3.7426171875
-3.5382421875
-3.5893359375
-3.4871484375
-3.5382421875
-3.3849609375
-3.4360546875
-3.4871484375
-3.3849609375
-3.7426171875
-3.4360546875
-3.5893359375
-3.4360546875
-3.6404296875
-3.2827734375
-3.6404296875
-3.6915234375
-3.4360546875
-3.5382421875
-3.4871484375
-3.3849609375
-3.4871484375
-3.6404296875
-3.5637890625
-3.6404296875
-3.5382421875
-3.4360546875
-3.7426171875
-3.7937109375
-3.4871484375
-3.3849609375
-3.5382421875
-3.6915234375
-3.4871484375
-3.6404296875
-3.4360546875
-3.5893359375
-3.7426171875
-3.5893359375
-3.7426171875
-3.4360546875
-3.6404296875
-3.5893359375
-3.5893359375
-3.6404296875
-3.7937109375
-3.6404296875
-3.4871484375
-3.4871484375
-3.7426171875
-3.6404296875
-3.5382421875
-3.5893359375
-3.6915234375
-3.5893359375
-3.6915234375
-3.4871484375
-3.6915234375
-3.4871484375
-3.6404296875
-3.5893359375
-3.4360546875
-3.7426171875
-3.6915234375
-3.6404296875
-3.6915234375
-3.6915234375
-3.5893359375
-3.6404296875
-3.602109375
-3.5893359375
-3.5382421875
-3.5893359375
-3.6404296875
-3.7426171875
-3.6915234375
-3.6404296875
-3.6915234375
-3.5382421875
-3.7426171875
-3.6404296875
-3.6915234375
-3.8448046875
-3.6404296875
-3.6915234375
-3.6915234375
-3.4360546875
-3.4871484375
-3.7426171875
-3.5382421875
-3.4871484375
-3.5382421875
-3.5382421875
-3.67875
-3.8448046875
-3.6404296875
-3.7426171875
-3.7937109375
-3.5893359375
-3.5382421875
-3.4871484375
-3.5893359375
-3.5893359375
-3.4871484375
-3.4871484375
-3.6915234375
-3.6915234375
-3.7937109375
-3.4871484375
-3.5382421875
-3.4360546875
-3.602109375
-3.7937109375
-3.6404296875
-3.7426171875
-3.5893359375
-3.5893359375
-3.4871484375
-3.9469921875
-3.7937109375
-3.7426171875
-3.7426171875
-3.6404296875
-3.7937109375
-3.7426171875
-3.6915234375
-3.8448046875
-3.6404296875
-3.7426171875
-3.9469921875
-3.5382421875
-3.6404296875
-3.8448046875
-3.8448046875
-3.7426171875
-3.7426171875
-3.4871484375
-3.6915234375
-3.5893359375
-3.7170703125
-3.7426171875
-3.5382421875
-3.8958984375
-3.7426171875
-3.6404296875
-3.5893359375
-3.6404296875
-3.7426171875
-3.5893359375
-3.6915234375
-3.67875
-3.5893359375
-3.6915234375
-3.6915234375
-3.5893359375
-3.6404296875
-3.7426171875
-3.7937109375
-3.8958984375
-3.7937109375
-3.7937109375
-3.7937109375
-3.7937109375
-3.7426171875
-3.8958984375
-3.5893359375
-3.5382421875
-3.4360546875
-3.6404296875
-3.7937109375
-3.6915234375
-3.755390625
-3.6915234375
-3.6404296875
-3.6404296875
-3.7426171875
-3.4871484375
-3.7937109375
-3.6915234375
-3.8448046875
-3.6404296875
-3.7937109375
-3.7426171875
-3.5893359375
-3.6915234375
-3.4360546875
-3.8448046875
-3.6404296875
-3.6404296875
-3.6404296875
-3.6915234375
-3.5637890625
-3.7937109375
-3.4871484375
-3.6404296875
-3.6404296875
-3.6915234375
-3.8958984375
-3.8958984375
-3.7426171875
-3.7937109375
-3.6915234375
-3.6404296875
-3.6404296875
-3.6915234375
-3.7426171875
-3.5893359375
-3.67875
-3.5893359375
-3.4871484375
-3.8448046875
-3.7426171875
-3.6404296875
-3.8448046875
-3.5893359375
-3.6915234375
-3.6404296875
-3.7937109375
-3.7937109375
-3.6915234375
-3.6915234375
-3.6404296875
-3.6915234375
-3.5893359375
-3.8448046875
-3.5893359375
-3.7426171875
-3.67875
-3.6915234375
-3.7937109375
-3.7937109375
-3.6404296875
-3.6404296875
-3.4871484375
-3.5893359375
-3.8448046875
-3.5382421875
-3.7426171875
-3.7426171875
-3.8958984375
-3.7937109375
-3.8958984375
-3.7426171875
-3.7426171875
-3.9469921875
-3.8958984375
-3.7937109375
-3.755390625
-3.7937109375
-3.6915234375
-3.8958984375
-3.9469921875
-3.6404296875
-3.7426171875
-3.8448046875
-3.8958984375
-3.7937109375
-3.5893359375
-3.7426171875
-3.67875
-3.6404296875
-3.8448046875
-3.7426171875
-3.8958984375
-3.6915234375
-3.6404296875
-3.8448046875
-3.9469921875
-3.6915234375
-3.6915234375
-3.908671875
-3.7937109375
-3.8448046875
-3.8958984375
-3.7426171875
-3.7937109375
-3.6915234375
-3.6404296875
-3.7426171875
-3.6915234375
-3.7937109375
-3.8958984375
-3.8958984375
-3.8958984375
-3.7937109375
-3.9469921875
-3.8448046875
-3.8958984375
-3.7937109375
-3.6915234375
-3.7937109375
-3.7937109375
-3.6915234375
-3.9469921875
-3.7426171875
-3.7426171875
-3.6404296875
-4.0491796875
-3.7426171875
-3.9980859375
-3.8448046875
-3.9469921875
-3.8448046875
-4.0491796875
-3.8958984375
-3.9469921875
-3.7937109375
-3.8448046875
-3.8448046875
-3.8448046875
-3.9469921875
-3.67875
-3.9469921875
-3.7937109375
-3.9469921875
-3.6404296875
-3.7426171875
-3.9980859375
-3.7937109375
-3.7426171875
-3.9469921875
-3.6915234375
-3.9853125
-3.9469921875
-3.7426171875
-3.7937109375
-3.8448046875
-3.6915234375
-3.9469921875
-3.7426171875
-4.0491796875
-3.9980859375
-3.908671875
-3.8448046875
-3.6915234375
-3.5893359375
-3.7426171875
-4.1002734375
-3.8448046875
-3.9469921875
-3.7937109375
-3.8958984375
-3.9469921875
-3.8958984375
-3.9853125
-3.7426171875
-4.1513671875
-3.7937109375
-3.7426171875
-3.7426171875
-4.1002734375
-3.5893359375
-3.7937109375
-3.8958984375
-3.9469921875
-3.9469921875
-3.8958984375
-3.9980859375
-3.9469921875
-3.8958984375
-3.9469921875
-4.1002734375
-3.7426171875
-3.7426171875
-3.7426171875
-3.8703515625
-3.9469921875
-3.9469921875
-3.9469921875
-3.8958984375
-3.7937109375
-3.8448046875
-4.1002734375
-3.9469921875
-3.8448046875
-4.0236328125
-3.8958984375
-3.7937109375
-4.1002734375
-3.8448046875
-3.9980859375
-3.9980859375
-4.2024609375
-3.9980859375
-3.9980859375
-3.908671875
-3.8448046875
-3.7937109375
-3.9469921875
-4.1002734375
-3.9980859375
-3.9980859375
-3.8958984375
-3.9469921875
-3.8958984375
-3.9980859375
-3.9469921875
-3.9980859375
-3.8958984375
-3.8448046875
-3.9980859375
-3.8958984375
-3.9980859375
-3.7937109375
-3.7426171875
-3.83203125
-3.7937109375
-3.6915234375
-3.9980859375
-3.9469921875
-3.8958984375
-3.9980859375
-3.9469921875
-3.8448046875
-3.9469921875
-4.0491796875
-4.061953125
-4.0491796875
-3.8958984375
-3.9469921875
-3.8958984375
-4.0491796875
-4.1002734375
-3.8448046875
-4.2535546875
-3.9980859375
-3.755390625
-3.9469921875
-3.8448046875
-4.1002734375
-3.9980859375
-4.0491796875
-3.8448046875
-3.8958984375
-4.0491796875
-3.9469921875
-3.9853125
-3.9980859375
-3.9980859375
-4.0491796875
-3.9980859375
-4.0491796875
-3.9980859375
-3.9980859375
-4.0491796875
-3.83203125
-3.7937109375
-4.2024609375
-3.9469921875
-4.1513671875
-4.1002734375
-3.9980859375
-3.8958984375
-4.0491796875
-4.0491796875
-3.9853125
-4.1513671875
-4.0491796875
-4.1002734375
-4.2535546875
-4.0491796875
-3.7937109375
-3.9469921875
-4.1513671875
-3.8448046875
-3.908671875
-3.9980859375
-4.0491796875
-3.9469921875
-4.1513671875
-3.9469921875
-4.1002734375
-3.9980859375
-3.8958984375
-4.3046484375
-3.9469921875
-3.908671875
-3.8958984375
-4.0491796875
-4.2024609375
-4.0491796875
-4.0491796875
-3.8448046875
-4.2024609375
-4.0491796875
-3.9980859375
-4.215234375
-3.9469921875
-4.2024609375
-4.1513671875
-3.9980859375
-4.2024609375
-3.9469921875
-3.9980859375
-3.9469921875
-3.9980859375
-4.1513671875
-4.1513671875
-3.8958984375
-4.0491796875
-4.1002734375
-4.1513671875
-3.8958984375
-4.2535546875
-4.3557421875
-4.1513671875
-3.9980859375
-3.8958984375
-4.2535546875
-4.2024609375
-4.2024609375
-4.2024609375
-4.1002734375
-3.9853125
-4.1513671875
-3.8448046875
-3.9980859375
-3.8448046875
-4.1513671875
-4.0491796875
-3.9980859375
-4.1002734375
-3.83203125
-4.1002734375
-4.1002734375
-3.9469921875
-4.1002734375
-4.1002734375
-4.0491796875
-3.9469921875
-3.8448046875
-4.2535546875
-3.9980859375
-3.9469921875
-4.1513671875
-3.9980859375
-3.9980859375
-3.9980859375
-3.9980859375
-4.0491796875
-4.0491796875
-4.1513671875
-4.1002734375
-4.0236328125
-4.2024609375
-4.0491796875
-4.0491796875
-4.0491796875
-4.1513671875
-4.0491796875
-4.1513671875
-4.1002734375
-4.1002734375
-4.0236328125
-4.1002734375
-4.0491796875
-4.1513671875
-4.2024609375
-4.2024609375
-4.2535546875
-3.8448046875
-4.1513671875
-4.2535546875
-4.2535546875
-4.0491796875
-3.9980859375
-4.0491796875
-4.2024609375
-4.1513671875
-4.1513671875
-3.9980859375
-4.1002734375
-4.0491796875
-4.1513671875
-4.291875
-4.0491796875
-4.2535546875
-4.2024609375
-4.2024609375
-3.9980859375
-4.2024609375
-4.2024609375
-3.8448046875
-4.0491796875
-4.13859375
-4.3046484375
-4.2535546875
-4.1002734375
-3.8448046875
-4.1002734375
-4.1002734375
-4.3046484375
-4.2024609375
-4.3046484375
-4.061953125
-4.0491796875
-4.3046484375
-4.2024609375
-4.1002734375
-4.4068359375
-4.2024609375
-4.3557421875
-4.1002734375
-4.1002734375
-3.9469921875
-4.2535546875
-3.8958984375
-4.1002734375
-4.0491796875
-4.0491796875
-3.8958984375
-4.1513671875
-4.3557421875
-4.2024609375
-4.2024609375
-4.1769140625
-4.1002734375
-4.1002734375
-4.3557421875
-4.2024609375
-4.2024609375
-4.2024609375
-4.1513671875
-4.2535546875
-4.0491796875
-4.061953125
-3.9469921875
-4.2024609375
-4.2024609375
-4.2535546875
-4.3046484375
-4.1513671875
-4.0491796875
-4.1002734375
-4.2024609375
-3.908671875
-4.1002734375
-4.3046484375
-4.1002734375
-4.2024609375
-4.1002734375
-4.4068359375
-4.4579296875
-4.3046484375
-4.2024609375
-4.5090234375
-3.908671875
-4.2024609375
-4.3557421875
-4.3046484375
-4.1513671875
-4.3046484375
-4.291875
-4.2535546875
-4.2024609375
-4.3557421875
-4.2024609375
-3.9980859375
-3.8958984375
-4.1002734375
-4.2535546875
-4.4068359375
-4.1002734375
-4.3301953125
-4.3046484375
-4.2024609375
-4.3557421875
-4.3046484375
-4.4068359375
-3.9980859375
-4.2024609375
-3.9469921875
-4.2024609375
-4.1002734375
-4.2024609375
-4.1002734375
-4.0491796875
-4.2535546875
-4.2535546875
-4.1002734375
-4.1002734375
-4.4068359375
-4.3557421875
-4.3301953125
-4.0491796875
-4.3046484375
-4.1513671875
-3.9980859375
-4.2024609375
-4.2024609375
-4.2024609375
-4.3046484375
-4.2535546875
-4.3046484375
-4.215234375
-4.1002734375
-4.2024609375
-4.1002734375
-4.1513671875
-4.3046484375
-4.2535546875
-4.1513671875
-4.2535546875
-4.3046484375
-4.291875
-4.2024609375
-4.5090234375
-4.3046484375
-4.0491796875
-4.2024609375
-4.3046484375
-4.4068359375
-4.3046484375
-4.3046484375
-4.3557421875
-4.1769140625
-4.2535546875
-4.4579296875
-4.3046484375
-4.1513671875
-4.3557421875
-4.4068359375
-4.4579296875
-4.2024609375
-4.3046484375
-4.3301953125
-4.4068359375
-4.5090234375
-4.5090234375
-4.5090234375
-4.5090234375
-4.3557421875
-4.5090234375
-4.3557421875
-4.291875
-4.3046484375
-4.5090234375
-4.2535546875
-4.3046484375
-4.3046484375
-4.3046484375
-4.4068359375
-4.2535546875
-4.3557421875
-4.2535546875
-4.368515625
-4.2024609375
-4.2535546875
-4.0491796875
-4.2535546875
-4.2024609375
-4.3557421875
-4.3046484375
-4.2024609375
-4.3046484375
-4.44515625
-4.3046484375
-4.6112109375
-4.3046484375
-4.4579296875
-4.5090234375
-4.2535546875
-4.4579296875
-4.2535546875
-4.3046484375
-4.061953125
-4.1513671875
-4.3046484375
-4.1513671875
-4.3046484375
-4.1513671875
-4.1513671875
-4.3557421875
-4.3046484375
-4.2535546875
-4.2535546875
-4.1769140625
-4.3046484375
-4.3557421875
-4.3557421875
-4.2535546875
-4.3557421875
-4.2535546875
-4.2024609375
-4.1513671875
-4.2535546875
-4.2535546875
-4.3557421875
-4.4834765625
-4.2535546875
-4.3046484375
-4.2024609375
-4.3557421875
-4.3557421875
-4.2024609375
-4.5090234375
-4.3557421875
-4.5090234375
-4.368515625
-4.3046484375
-4.4068359375
-4.2535546875
-4.4068359375
-4.3557421875
-4.5090234375
-4.4068359375
-4.2535546875
-4.6112109375
-4.4068359375
-4.1513671875
-4.3046484375
-4.3046484375
-4.521796875
-4.4068359375
-4.4068359375
-4.3046484375
-4.3046484375
-4.3557421875
-4.4068359375
-4.4068359375
-4.2535546875
-4.2024609375
-4.215234375
-4.3557421875
-4.4068359375
-4.3557421875
-4.5601171875
-4.4068359375
-4.3557421875
-4.3046484375
-4.3301953125
-4.4579296875
-4.3557421875
-4.3557421875
-4.4068359375
-4.2535546875
-4.3046484375
-4.5601171875
-4.3046484375
-4.4068359375
-4.4579296875
-4.4068359375
-4.3046484375
-4.3557421875
-4.2535546875
-4.2535546875
-4.2535546875
-4.5601171875
-4.4068359375
-4.4068359375
-4.6112109375
-4.44515625
-4.6112109375
-4.4579296875
-4.4068359375
-4.4579296875
-4.2024609375
-4.3046484375
-4.3557421875
-4.4068359375
-4.3557421875
-4.5601171875
-4.5090234375
-4.6112109375
-4.5090234375
-4.4068359375
-4.3046484375
-4.4579296875
-4.4068359375
-4.6112109375
-4.5601171875
-4.4579296875
-4.3046484375
-4.3046484375
-4.4068359375
-4.3557421875
-4.4068359375
-4.5090234375
-4.4068359375
-4.5601171875
-4.4834765625
-4.4068359375
-4.4579296875
-4.4068359375
-4.4579296875
-4.4068359375
-4.4068359375
-4.4579296875
-4.4579296875
-4.5090234375
-4.44515625
-4.3557421875
-4.4068359375
-4.5601171875
-4.2535546875
-4.1002734375
-4.2535546875
-4.3557421875
-4.5090234375
-4.6112109375
-4.368515625
-4.4068359375
-4.3557421875
-4.4579296875
-4.3557421875
-4.3557421875
-4.4068359375
-4.3557421875
-4.5601171875
-4.4068359375
-4.521796875
-4.4579296875
-4.5601171875
-4.4579296875
-4.4068359375
-4.3046484375
-4.4068359375
-4.3046484375
-4.1769140625
-4.3046484375
-4.6112109375
-4.4068359375
-4.5601171875
-4.5601171875
-4.5090234375
-4.4068359375
-4.5090234375
-4.2024609375
-4.4834765625
-4.6112109375
-4.4068359375
-4.4068359375
-4.6623046875
-4.5601171875
-4.3557421875
-4.4068359375
-4.2535546875
-4.3557421875
-4.675078125
-4.5601171875
-4.5601171875
-4.3046484375
-4.5601171875
-4.4068359375
-4.5601171875
-4.5601171875
-4.5601171875
-4.5090234375
-4.6112109375
-4.4068359375
-4.6623046875
-4.4068359375
-4.675078125
-4.4579296875
-4.6112109375
-4.3046484375
-4.5090234375
-4.3557421875
-4.4579296875
-4.3046484375
-4.5090234375
-4.5090234375
-4.3557421875
-4.5601171875
-4.4068359375
-4.5090234375
-4.3046484375
-4.5601171875
-4.5090234375
-4.4579296875
-4.6112109375
-4.5601171875
-4.5090234375
-4.675078125
-4.5601171875
-4.6112109375
-4.5090234375
-4.3046484375
-4.4068359375
-4.6112109375
-4.5090234375
-4.4068359375
-4.4068359375
-4.5090234375
-4.5984375
-4.5601171875
-4.6112109375
-4.7133984375
-4.4579296875
-4.8155859375
-4.5090234375
-4.6112109375
-4.5984375
-4.7133984375
-4.6623046875
-4.4068359375
-4.4579296875
-4.6623046875
-4.6623046875
-4.5601171875
-4.5601171875
-4.5090234375
-4.7133984375
-4.6112109375
-4.5090234375
-4.6623046875
-4.5090234375
-4.5090234375
-4.4068359375
-4.6112109375
-4.521796875
-4.7133984375
-4.3046484375
-4.7644921875
-4.5090234375
-4.5601171875
-4.6623046875
-4.6112109375
-4.5601171875
-4.5601171875
-4.5601171875
-4.4579296875
-4.4579296875
-4.4579296875
-4.3557421875
-4.5090234375
-4.4068359375
-4.6623046875
-4.6623046875
-4.6623046875
-4.6623046875
-4.7133984375
-4.7644921875
-4.7133984375
-4.5601171875
-4.4579296875
-4.5601171875
-4.5601171875
-4.4579296875
-4.5090234375
-4.4579296875
-4.6112109375
-4.4068359375
-4.6623046875
-4.5090234375
-4.7133984375
-4.6623046875
-4.6623046875
-4.368515625
-4.8666796875
-4.6112109375
-4.6623046875
-4.6112109375
-4.6623046875
-4.5601171875
-4.8155859375
-4.5090234375
-4.6112109375
-4.7133984375
-4.6623046875
-4.5090234375
-4.7133984375
-4.6112109375
-4.6623046875
-4.6112109375
-4.5601171875
-4.6112109375
-4.7133984375
-4.7133984375
-4.7133984375
-4.5601171875
-4.6112109375
-4.6112109375
-4.6623046875
-4.5601171875
-4.6112109375
-4.6112109375
-4.5601171875
-4.5090234375
-4.5601171875
-4.5601171875
-4.3557421875
-4.7133984375
-4.7133984375
-4.6623046875
-4.4579296875
-4.6112109375
-4.5601171875
-4.8666796875
-4.8155859375
-4.4579296875
-4.4579296875
-4.75171875
-4.4068359375
-4.6112109375
-4.6623046875
-4.5601171875
-4.6623046875
-4.6623046875
-4.6623046875
-4.5601171875
-4.5601171875
-4.5601171875
-4.75171875
-4.4068359375
-4.6112109375
-4.5601171875
-4.3046484375
-4.6112109375
-4.7133984375
-4.9177734375
-4.5090234375
-4.7133984375
-4.6367578125
-4.7133984375
-4.7133984375
-4.4579296875
-4.6623046875
-4.4068359375
-4.7133984375
-4.5090234375
-4.6112109375
-4.5090234375
-4.6112109375
-4.6367578125
-4.6623046875
-4.7133984375
-4.6112109375
-4.7644921875
-4.5601171875
-4.9177734375
-4.6112109375
-4.8666796875
-4.7133984375
-4.75171875
-4.5090234375
-4.8666796875
-4.6112109375
-4.7133984375
-4.6112109375
-4.5601171875
-4.6112109375
-4.7644921875
-4.6112109375
-4.5984375
-4.6623046875
-4.5090234375
-4.6112109375
-4.7644921875
-4.5090234375
-4.7133984375
-4.7644921875
-4.7133984375
-4.7133984375
-4.6367578125
-4.5601171875
-4.4068359375
-4.5601171875
-4.6112109375
-4.6623046875
-4.7133984375
-4.6623046875
-4.7133984375
-4.6367578125
-4.6623046875
-4.6623046875
-4.8666796875
-4.5090234375
-4.7644921875
-4.8155859375
-4.7133984375
-4.5601171875
-4.8155859375
-4.7900390625
-4.7133984375
-4.8155859375
-4.7133984375
-4.5090234375
-4.5601171875
-4.6623046875
-4.5601171875
-4.7133984375
-4.6112109375
-4.828359375
-4.6623046875
-4.8155859375
-4.6112109375
-4.4579296875
-4.7133984375
-4.4579296875
-4.5090234375
-4.6623046875
-4.8155859375
-4.5090234375
-4.7900390625
-4.7133984375
-4.7133984375
-4.6623046875
-4.6112109375
-4.7644921875
-4.7644921875
-4.6623046875
-4.5601171875
-4.6112109375
-4.675078125
-4.7133984375
-4.5601171875
-4.6112109375
-4.7133984375
-4.7133984375
-4.6112109375
-4.7133984375
-4.6623046875
-4.7644921875
-4.75171875
-4.7644921875
-4.7133984375
-4.6623046875
-4.7133984375
-4.8155859375
-4.5090234375
-4.5601171875
-4.8155859375
-4.6112109375
-4.5090234375
-4.6367578125
-4.6623046875
-4.7133984375
-4.7133984375
-4.6623046875
-4.5601171875
-4.6623046875
-4.7133984375
-4.6623046875
-4.4068359375
-4.75171875
-4.6112109375
-4.6112109375
-4.6623046875
-4.7133984375
-4.6112109375
-4.8666796875
-4.7644921875
-4.5090234375
-4.7644921875
-4.8155859375
-4.675078125
-4.7644921875
-4.7644921875
-4.7133984375
-4.6623046875
-4.7644921875
-4.8666796875
-4.5090234375
-4.7133984375
-4.7133984375
-4.6112109375
-4.6623046875
-4.7644921875
-4.6623046875
-4.7644921875
-4.6623046875
-4.6623046875
-4.7644921875
-4.8155859375
-4.7133984375
-4.6623046875
-4.6623046875
-4.6623046875
-4.5601171875
-4.6112109375
-4.6623046875
-4.7133984375
-4.8666796875
-4.8666796875
-4.905
-4.6623046875
-4.9177734375
-4.8666796875
-4.6112109375
-4.6623046875
-4.6623046875
-4.7133984375
-4.8155859375
-4.7133984375
-4.7644921875
-4.8666796875
-4.9177734375
-4.7133984375
-4.6623046875
-4.5090234375
-4.7644921875
-4.6623046875
-4.5090234375
-4.6623046875
-4.6623046875
-4.7133984375
-4.7133984375
-4.7644921875
-4.8155859375
-4.6623046875
-4.7133984375
-4.6112109375
-4.5090234375
-4.4579296875
-4.7644921875
-4.6112109375
-4.7133984375
-4.6623046875
-4.9177734375
-4.8155859375
-4.9688671875
-4.6623046875
-4.6623046875
-4.6623046875
-4.6112109375
-4.8666796875
-4.7644921875
-4.7644921875
-4.6112109375
-4.7133984375
-4.8155859375
-4.8155859375
-4.8155859375
-4.5090234375
-4.9177734375
-4.7644921875
-4.75171875
-4.8666796875
-4.8666796875
-4.8666796875
-4.6623046875
-4.6112109375
-4.8666796875
-4.9177734375
-4.5601171875
-4.8155859375
-4.6367578125
-4.7644921875
-4.7644921875
-4.7644921875
-4.9177734375
-4.9688671875
-4.8666796875
-4.6367578125
-4.8155859375
-4.7644921875
-4.7644921875
-4.8666796875
-4.9177734375
-4.6112109375
-4.7644921875
-4.7644921875
-4.8155859375
-4.8666796875
-4.7133984375
-4.7644921875
-4.8155859375
-5.0710546875
-4.9688671875
-4.6623046875
-5.0199609375
-4.8666796875
-4.7644921875
-4.6623046875
-4.9433203125
-4.8155859375
-4.7644921875
-4.9688671875
-5.0199609375
-4.8155859375
-4.8666796875
-4.6623046875
-4.5090234375
-4.7644921875
-4.828359375
-4.7133984375
-4.5601171875
-4.8155859375
-4.6112109375
-4.8666796875
-4.9177734375
-4.8155859375
-4.7644921875
-4.7644921875
-4.7644921875
-4.7133984375
-4.6623046875
-4.7644921875
-4.6623046875
-4.6112109375
-4.7133984375
-4.8666796875
-4.6112109375
-4.6623046875
-4.7644921875
-4.7900390625
-4.8666796875
-4.9177734375
-4.8666796875
-5.0199609375
-4.7644921875
-4.7644921875
-4.6623046875
-4.9688671875
-4.5090234375
-4.8666796875
-4.5984375
-4.6623046875
-4.8666796875
-4.7644921875
-4.9688671875
-4.9688671875
-4.6112109375
-4.4579296875
-4.7133984375
-4.8666796875
-5.0199609375
-4.8666796875
-4.8155859375
-4.8666796875
-4.7644921875
-4.7133984375
-4.7133984375
-4.9177734375
-4.7644921875
-4.8666796875
-4.8155859375
-4.828359375
-4.9688671875
-4.6112109375
-4.6112109375
-4.5601171875
-4.5090234375
-4.4579296875
-4.6623046875
-4.7644921875
-4.8155859375
-4.7900390625
-4.7133984375
-4.8155859375
-4.7644921875
-4.8155859375
-4.8155859375
-4.7133984375
-4.8155859375
-4.7133984375
-4.7133984375
-4.8155859375
-4.828359375
-4.5601171875
-4.7133984375
-4.6623046875
-4.9177734375
-4.6623046875
-4.7133984375
-4.7133984375
-4.6112109375
-4.6112109375
-4.905
-4.9688671875
-4.8155859375
-4.8155859375
-4.8666796875
-5.0199609375
-5.0710546875
-4.7644921875
-4.6623046875
-4.8666796875
-4.7133984375
-4.75171875
-4.7644921875
-4.6623046875
-4.7644921875
-4.8666796875
-4.8155859375
-4.7644921875
-4.7133984375
-4.6112109375
-4.7644921875
-4.7133984375
-5.0199609375
-4.6623046875
-4.8666796875
-4.7133984375
-4.7644921875
-5.0199609375
-5.0199609375
-4.7644921875
-4.7644921875
-4.7133984375
-4.828359375
-4.7133984375
-4.7644921875
-4.8155859375
-4.6623046875
-4.8666796875
-4.9177734375
-4.8666796875
-4.8666796875
-4.8666796875
-4.8666796875
-4.8155859375
-4.7644921875
-4.7644921875
-4.8666796875
-4.9177734375
-5.0199609375
-4.9177734375
-4.8666796875
-4.8666796875
-4.9177734375
-4.8666796875
-4.7133984375
-4.9688671875
-4.9177734375
-4.8666796875
-4.9177734375
-4.7644921875
-4.7133984375
-4.7644921875
-4.8155859375
-4.905
-4.6623046875
-4.7644921875
-4.8155859375
-4.6623046875
-4.8666796875
-4.5601171875
-4.8666796875
-5.0199609375
-4.8155859375
-4.7133984375
-4.981640625
-4.6623046875
-4.8666796875
-5.0710546875
-4.8155859375
-4.9177734375
-4.8666796875
-4.8155859375
-4.7133984375
-4.6112109375
-4.7900390625
-4.5601171875
-4.7644921875
-4.7644921875
-4.8155859375
-4.8666796875
-4.9177734375
-4.7644921875
-4.9688671875
-4.7133984375
-4.8666796875
-4.905
-4.7644921875
-4.8155859375
-4.8666796875
-4.8666796875
-4.8666796875
-4.7644921875
-4.7644921875
-5.0199609375
-4.8666796875
-4.8666796875
-4.5601171875
-4.9688671875
-4.9177734375
-4.8155859375
-4.7133984375
-4.9177734375
-4.8666796875
-4.6623046875
-4.8666796875
-4.9177734375
-4.7133984375
-4.6623046875
-4.8666796875
-4.5601171875
-4.7644921875
-4.8666796875
-4.8155859375
-4.8666796875
-4.8155859375
-5.0199609375
-5.0710546875
-4.7644921875
-4.7644921875
-4.7644921875
-4.8155859375
-4.8666796875
-4.905
-5.1221484375
-4.9177734375
-4.8666796875
-4.7644921875
-4.9688671875
-4.8666796875
-4.9177734375
-4.8666796875
-4.675078125
-4.7644921875
-4.7644921875
-4.8155859375
-4.8666796875
-4.8666796875
-4.9688671875
-4.7644921875
-4.7644921875
-4.9177734375
-4.9688671875
-5.0199609375
-4.9177734375
-4.8155859375
-4.7133984375
-4.9177734375
-4.9177734375
-5.0710546875
-4.8666796875
-4.9688671875
-5.0199609375
-4.8666796875
-4.9177734375
-4.7133984375
-4.9177734375
-4.7644921875
-4.9177734375
-4.9177734375
-4.9688671875
-4.8666796875
-4.9177734375
-4.9433203125
-4.7644921875
-4.7644921875
-4.8666796875
-4.7133984375
-4.8155859375
-5.0199609375
-4.9177734375
-4.7644921875
-5.0199609375
-4.981640625
-4.9177734375
-4.8155859375
-4.9177734375
-4.9177734375
-4.8155859375
-5.0199609375
-4.9177734375
-5.1221484375
-4.8666796875
-4.9177734375
-4.905
-4.9177734375
-5.0710546875
-5.0710546875
-5.1221484375
-4.9177734375
-5.0710546875
-5.0710546875
-4.7133984375
-4.9688671875
-4.9433203125
-4.9177734375
-4.7133984375
-5.0199609375
-4.8155859375
-4.9177734375
-5.1221484375
-5.1221484375
-4.9177734375
-4.9177734375
-4.9433203125
-5.2243359375
-5.0199609375
-4.8666796875
-4.9177734375
-4.9688671875
-4.9688671875
-5.1221484375
-4.9688671875
-4.8155859375
-5.05828125
-4.9688671875
-5.0710546875
-4.8155859375
-4.9177734375
-4.9688671875
-5.0199609375
-5.0710546875
-5.0199609375
-5.0710546875
-4.9688671875
-5.0199609375
-4.8666796875
-5.0199609375
-4.8155859375
-5.0710546875
-4.9688671875
-4.9433203125
-4.8666796875
-4.8666796875
-5.0710546875
-4.8155859375
-4.9688671875
-4.7133984375
-4.8155859375
-4.9177734375
-4.9688671875
-4.828359375
-4.8666796875
-5.0199609375
-4.9688671875
-5.2243359375
-5.1732421875
-4.9688671875
-4.9177734375
-4.8666796875
-4.7133984375
-5.0199609375
-4.9177734375
-4.9177734375
-5.0710546875
-5.0710546875
-4.9177734375
-4.9688671875
-4.8666796875
-5.0710546875
-5.0199609375
-5.05828125
-4.9688671875
-4.8666796875
-5.0710546875
-4.7133984375
-4.8666796875
-5.0199609375
-4.9177734375
-5.0710546875
-4.9688671875
-4.8666796875
-5.0710546875
-4.7644921875
-4.8666796875
-4.9177734375
-4.9177734375
-5.0710546875
-4.6112109375
-5.0710546875
-4.9177734375
-5.0199609375
-4.9688671875
-4.9688671875
-5.1732421875
-5.1732421875
-5.0710546875
-5.0199609375
-5.2243359375
-4.9177734375
-5.1221484375
-4.9688671875
-5.1732421875
-4.9177734375
-5.1221484375
-4.9688671875
-5.0199609375
-5.0710546875
-5.1221484375
-4.9177734375
-5.0710546875
-4.9177734375
-4.7900390625
-5.0710546875
-5.0710546875
-5.1221484375
-5.0710546875
-5.2754296875
-4.9177734375
-5.1221484375
-5.0710546875
-5.1221484375
-5.05828125
-5.0710546875
-5.0710546875
-4.9688671875
-4.8155859375
-5.1732421875
-5.1221484375
-4.9688671875
-4.8155859375
-4.9688671875
-5.0199609375
-4.7133984375
-4.9688671875
-4.9177734375
-5.1221484375
-4.6623046875
-5.1732421875
-5.0710546875
-4.8155859375
-4.9177734375
-4.8666796875
-4.905
-4.9688671875
-5.0710546875
-5.1221484375
-5.0199609375
-5.2243359375
-5.0199609375
-4.8155859375
-4.9688671875
-5.0710546875
-5.0966015625
-4.8666796875
-4.9688671875
-5.0199609375
-5.0199609375
-4.9688671875
-4.8666796875
-5.1221484375
-4.9177734375
-4.905
-4.7644921875
-4.9177734375
-5.0710546875
-4.9177734375
-4.9688671875
-4.9177734375
-5.0710546875
-5.0710546875
-4.8666796875
-5.0199609375
-5.0199609375
-4.9688671875
-4.9688671875
-4.8666796875
-4.9688671875
-4.8666796875
-5.0710546875
-5.0199609375
-5.0710546875
-5.0710546875
-5.1221484375
-5.0710546875
-4.9688671875
-4.9688671875
-5.0199609375
-5.1732421875
-4.9688671875
-5.05828125
-5.0199609375
-4.9688671875
-5.3265234375
-5.0710546875
-5.1221484375
-5.0710546875
-4.9177734375
-4.8155859375
-5.0199609375
-4.8666796875
-5.2498828125
-5.0199609375
-5.0199609375
-5.1221484375
-5.0710546875
-5.0199609375
-5.0710546875
-5.1732421875
-5.1221484375
-5.2754296875
-5.05828125
-5.2243359375
-5.1732421875
-4.9177734375
-5.0199609375
-4.8155859375
-4.9177734375
-5.0199609375
-5.2243359375
-4.8155859375
-5.0966015625
-4.9177734375
-4.9177734375
-5.0199609375
-5.0199609375
-5.0199609375
-5.0710546875
-5.1732421875
-5.0199609375
-5.0199609375
-4.8155859375
-4.981640625
-4.8666796875
-5.1221484375
-4.9688671875
-5.0710546875
-4.9688671875
-4.9177734375
-4.9177734375
-5.1221484375
-5.1221484375
-4.981640625
-5.0199609375
-4.9688671875
-5.0199609375
-5.3265234375
-5.0199609375
-5.1221484375
-5.0199609375
-5.0199609375
-4.9688671875
-5.1732421875
-5.0199609375
-5.0710546875
-4.9177734375
-4.9177734375
-4.9177734375
-5.0199609375
-4.8666796875
-5.0199609375
-5.0199609375
-5.1732421875
-4.9433203125
-4.9177734375
-4.8666796875
-5.0199609375
-4.9688671875
-4.8155859375
-4.9177734375
-5.0199609375
-4.9688671875
-4.8666796875
-4.9433203125
-4.9688671875
-4.7644921875
-4.7133984375
-4.9177734375
-5.0199609375
-5.0199609375
-4.9688671875
-4.8666796875
-4.9177734375
-4.981640625
-4.9688671875
-4.8666796875
-5.0710546875
-5.0199609375
-5.0710546875
-5.1221484375
-4.8666796875
-5.2243359375
-4.9688671875
-5.2243359375
-4.981640625
-4.9688671875
-4.8666796875
-4.9688671875
-5.0199609375
-4.9177734375
-4.9688671875
-4.9177734375
-5.1221484375
-5.0199609375
-5.05828125
-4.9688671875
-5.0710546875
-4.9177734375
-4.9688671875
-5.0710546875
-5.1732421875
-5.1732421875
-5.1732421875
-5.1732421875
-5.05828125
-4.9688671875
-5.0199609375
-4.9688671875
-5.1732421875
-4.9688671875
-4.8666796875
-5.2243359375
-4.828359375
-4.8155859375
-4.9688671875
-5.2243359375
-4.8666796875
-4.9688671875
-4.8666796875
-5.0199609375
-4.8666796875
-5.0710546875
-5.1732421875
-4.9688671875
-5.1221484375
-4.9688671875
-5.2243359375
-4.9688671875
-5.0710546875
-4.8666796875
-5.0710546875
-5.0710546875
-5.1221484375
-5.0199609375
-4.8666796875
-4.8155859375
-5.1221484375
-5.0199609375
-5.0710546875
-4.9177734375
-4.8666796875
-5.0199609375
-4.9688671875
-5.0199609375
-5.2243359375
-5.0710546875
-4.7644921875
-5.1732421875
-5.0199609375
-5.0710546875
-4.9177734375
-5.1732421875
-5.2243359375
-5.0199609375
-4.8155859375
-5.2243359375
-5.0710546875
-5.1221484375
-5.0710546875
-5.0199609375
-4.9688671875
-5.0710546875
-4.9688671875
-5.1732421875
-5.1221484375
-4.8666796875
-5.134921875
-4.9688671875
-5.1732421875
-5.0199609375
-5.1732421875
-5.1221484375
-5.0710546875
-5.0199609375
-5.1732421875
-5.3776171875
-5.1732421875
-5.1732421875
-5.0710546875
-4.9688671875
-5.0710546875
-5.4798046875
-5.2243359375
-5.1221484375
-5.1732421875
-4.8155859375
-4.981640625
-5.1732421875
-5.1732421875
-5.2243359375
-4.8666796875
-4.9177734375
-4.9177734375
-4.9177734375
-5.0199609375
-5.1221484375
-5.3265234375
-5.0199609375
-5.1221484375
-5.1221484375
-5.1221484375
-5.0199609375
-4.9177734375
-5.1732421875
-5.1221484375
-5.3265234375
-5.2243359375
-5.0199609375
-5.0710546875
-5.0710546875
-4.8666796875
-5.1221484375
-5.3776171875
-5.0710546875
-4.8155859375
-5.0199609375
-5.2243359375
-5.36484375
-4.9177734375
-5.0199609375
-5.1221484375
-5.2498828125
-5.1221484375
-5.2243359375
-5.0710546875
-5.0710546875
-5.0710546875
-5.1221484375
-4.9177734375
-5.1221484375
-5.1732421875
-5.1732421875
-4.8666796875
-5.1732421875
-5.1732421875
-5.1732421875
-5.1221484375
-5.3776171875
-5.2754296875
-5.1221484375
-5.0710546875
-5.2498828125
-5.1221484375
-5.0710546875
-5.0199609375
-5.3265234375
-5.2243359375
-5.1732421875
-5.0710546875
-5.1732421875
-5.0710546875
-5.0199609375
-5.1732421875
-5.2243359375
-5.0710546875
-5.3265234375
-5.0710546875
-5.4287109375
-5.3265234375
-5.2243359375
-5.2754296875
-5.1732421875
-5.2498828125
-5.0710546875
-5.1221484375
-5.2754296875
-5.2754296875
-5.0710546875
-5.2243359375
-5.0710546875
-5.1732421875
-5.2754296875
-5.2243359375
-5.05828125
-5.1732421875
-5.1221484375
-5.1732421875
-5.3265234375
-5.0710546875
-5.2243359375
-5.0199609375
-5.2243359375
-5.3265234375
-5.2498828125
-5.1732421875
-5.3776171875
-5.3265234375
-5.3265234375
-5.1221484375
-5.2243359375
-5.2243359375
-5.3776171875
-5.4287109375
-5.3265234375
-5.2115625
-5.1221484375
-5.2754296875
-5.4287109375
-5.2243359375
-5.2754296875
-5.3776171875
-5.3265234375
-5.3776171875
-5.1221484375
-5.134921875
-5.3265234375
-5.0710546875
-5.2754296875
-5.2243359375
-5.1732421875
-5.4798046875
-5.0199609375
-5.0710546875
-5.3776171875
-5.05828125
-5.3265234375
-5.3265234375
-4.9688671875
-5.0710546875
-5.134921875
-5.2243359375
-5.4798046875
-5.2243359375
-5.1221484375
-5.1221484375
-5.0199609375
-5.1221484375
-5.1221484375
-5.0199609375
-5.2498828125
-5.1732421875
-5.2243359375
-5.2243359375
-5.1221484375
-5.1221484375
-5.2754296875
-5.0199609375
-5.2243359375
-5.1732421875
-5.2115625
-5.2754296875
-5.2754296875
-5.2243359375
-5.2243359375
-5.3265234375
-5.3776171875
-5.1732421875
-5.0199609375
-5.2498828125
-5.0710546875
-5.0710546875
-5.3265234375
-5.0199609375
-5.1732421875
-5.2243359375
-5.3265234375
-5.2243359375
-5.2243359375
-5.134921875
-5.3265234375
-5.1221484375
-5.3265234375
-5.3776171875
-5.2754296875
-5.1221484375
-5.2754296875
-5.1221484375
-5.1732421875
-5.288203125
-5.3776171875
-5.2243359375
-5.4287109375
-5.2243359375
-5.2243359375
-5.2243359375
-5.2754296875
-5.36484375
-5.2243359375
-5.3265234375
-5.2243359375
-5.4287109375
-5.1732421875
-5.1732421875
-5.2243359375
-5.2754296875
-5.0199609375
-5.4287109375
-5.0710546875
-5.1732421875
-5.1732421875
-5.3265234375
-5.3265234375
-5.3776171875
-5.2754296875
-5.2243359375
-5.1221484375
-5.4287109375
-5.3265234375
-5.3776171875
-5.2754296875
-5.2243359375
-5.4798046875
-5.3776171875
-5.2754296875
-5.288203125
-5.3265234375
-5.1732421875
-5.6841796875
-5.3265234375
-5.1732421875
-5.5308984375
-5.3776171875
-5.1732421875
-5.3265234375
-5.2243359375
-5.2754296875
-5.1732421875
-5.5308984375
-5.3776171875
-5.3265234375
-5.3265234375
-5.1221484375
-5.0199609375
-5.2243359375
-5.2243359375
-5.2243359375
-5.2243359375
-5.2754296875
-5.3265234375
-5.5308984375
-5.3265234375
-5.1221484375
-5.1221484375
-5.3265234375
-5.2754296875
-5.2754296875
-5.4798046875
-5.6330859375
-5.2754296875
-5.1221484375
-5.3776171875
-5.6330859375
-5.0710546875
-5.3776171875
-5.1732421875
-5.288203125
-5.3265234375
-5.5308984375
-5.1221484375
-5.3265234375
-5.1732421875
-5.1732421875
-5.2243359375
-5.4798046875
-5.1221484375
-5.2498828125
-5.2243359375
-5.3776171875
-5.2754296875
-5.2243359375
-5.2754296875
-5.2243359375
-5.3776171875
-5.1732421875
-5.3265234375
-5.4798046875
-5.3265234375
-5.5308984375
-5.2243359375
-5.2243359375
-5.3776171875
-5.36484375
-5.3265234375
-5.3265234375
-5.2243359375
-5.2243359375
-5.2243359375
-5.2754296875
-5.4287109375
-5.0710546875
-5.3776171875
-5.441484375
-5.2243359375
-5.2754296875
-5.1732421875
-5.0710546875
-5.5819921875
-5.2243359375
