10.5241420532
10.3112184717
10.2034343478
10.2612848401
10.2238182012
10.1235516074
10.2147495343
10.0588123662
10.1170382671
10.227711427
10.0200106711
10.1577263118
10.0726876923
10.2271371099
10.3343582731
10.2364498322
10.0844731807
10.2502757111
10.3150154392
10.3574463775
10.1811668981
10.1637640998
10.2178797725
10.1597821318
10.1279344672
10.5688366679
10.3277251089
10.299122138
10.4240250502
10.1714667061
10.1745461159
10.2690572956
10.0646501144
10.1312847865
10.1406855355
10.1027716578
10.1603602563
10.365886539
10.2612848401
10.4454780275
10.1701833435
10.1341832073
10.2070795907
10.2102121804
10.2019630915
10.1804457144
10.2102121804
10.1193603346
10.0157027629
10.2197319108
10.3167868791
10.3055283137
10.1975480489
9.95734310723
10.3801058904
9.95393424238
10.1147156665
10.294114787
10.0633531297
10.177688719
10.1655779469
10.2431421039
10.2214560138
10.1279344672
10.0700956262
10.0675028927
10.2547476063
10.2075910996
10.2150689903
10.2713291108
9.98993063069
10.2102121804
9.97482796955
10.2202427865
10.2275758273
10.1500132782
10.2102121804
10.343006577
10.4025905695
10.4042843708
10.1518135102
10.3909774666
10.2995023437
10.3863914263
9.93457334949
10.3147623515
10.0326305675
10.2121935265
10.1235516074
10.3038103608
10.1897370605
10.2978546844
10.2733621975
10.2392547452
10.3169213063
10.0619262534
9.9578674444
10.2263713035
10.4272802351
10.2671981638
10.1161996117
10.1908258359
10.2672617294
10.4861986796
10.2810620427
10.4817165666
10.1016087842
10.4394781383
10.1170382671
10.2472190589
10.1520063733
10.2868212485
10.2531404948
10.4247137317
10.4025905695
10.2714561905
10.2797764904
10.2121935265
10.0665952782
10.2961433745
10.2351108528
10.1485342773
10.0184391914
10.0907488345
10.1143123829
10.1979960389
10.0017483825
10.1235516074
10.1338612015
10.1336679931
10.0708085108
9.89408899116
9.86958641438
10.3907262292
10.2419234801
10.4132506508
10.0583581771
10.3150154392
10.2400195881
10.2240735401
10.1435169294
10.1209080836
10.1801251719
10.1979960389
10.2672617294
10.1312847865
10.2037541581
10.2923394449
10.0379634153
10.0818841447
10.1312847865
10.1975480489
10.1459133442
10.2178797725
10.177688719
10.2017071992
10.1654976951
10.2515490471
10.2271371099
10.3060903467
10.2178797725
10.0880967149
10.2431421039
10.1815995838
10.2392547452
10.3840662214
10.4971468991
10.3587695438
10.1706325388
10.2410392898
10.4042843708
10.4857007617
10.2907540593
10.2882010751
10.2300083733
10.1455756287
10.0700956262
10.3802945118
10.1966520099
10.1735839005
10.260330759
10.4280938725
10.4356639164
10.2890574261
10.1650482728
10.1603602563
10.330757941
10.3333477802
10.0818841447
10.0391986709
10.3757666505
10.1745461159
10.3628639878
10.3073805319
10.1003811612
10.0087932118
10.4007709941
10.281680955
10.0646501144
10.0387435944
10.1745461159
10.0410837681
10.3628639878
10.2472190589
10.2060165294
10.2062483341
10.1668458426
10.1100688647
10.2389997848
9.96251972751
10.3589585538
10.2150689903
10.1003811612
10.3840662214
10.3368998575
10.2961433745
10.1406855355
10.238043627
10.0237144797
10.0889377064
10.2649095394
10.2830773383
10.1510420213
10.088355489
10.1009465324
10.0803304039
10.3282306428
10.0824020051
10.195499844
10.3150154392
10.0386785818
10.247155369
10.1560395862
10.2676431149
10.2641465512
10.213279908
10.1019318181
10.2392547452
10.2150689903
10.1714667061
10.1205856554
10.0501792634
10.0770036222
10.299122138
10.1403637361
10.1019318181
10.0067063721
10.2730445543
10.2456903909
10.2034343478
10.12612999
10.1915943132
10.0470130164
10.4560319671
10.2966504589
10.0886789472
10.3102057109
10.3112184717
10.1161996117
10.1402993751
10.1455756287
10.3613051402
10.0651040196
10.1968440249
10.1019318181
10.2978546844
10.3907262292
10.3744456521
10.4061660489
10.2577224847
10.3787225616
10.3468549557
10.4969603774
10.3310106368
10.349377706
10.1131024356
10.2121935265
10.3060903467
10.3962520509
10.2593129748
10.339219889
10.3916604878
10.1949877285
10.3559970014
10.3863285898
10.1434525884
10.2846004493
10.1764061411
10.4656554887
10.1336679931
10.249193251
10.1283855363
10.146411856
10.1219397848
10.2178797725
10.2441614948
10.3071035119
10.365886539
10.1419082798
9.89567197418
10.0719101425
10.1450609931
10.2920857996
10.0449178737
10.0391986709
10.095921696
10.0453077008
10.2264989418
10.1650482728
10.1975480489
10.1455756287
10.0784526475
10.2710114046
10.1833301428
10.3127374265
10.2830773383
10.0907488345
10.179363843
10.0517376648
10.0350372033
10.0726876923
10.2971575184
10.2730445543
10.1603602563
10.095921696
9.99169438676
10.4066050582
10.0632882761
10.2928387908
10.3167868791
10.2641465512
10.2017071992
9.9503274414
9.98777450585
10.2676431149
10.1187395562
10.1338612015
10.2075910996
10.0535554945
10.2038820794
10.2456903909
10.2399558534
10.3660754192
10.2345369509
10.0097712682
10.2970466013
10.1193603346
10.0690586129
10.0701604359
10.5109403212
10.3216567712
10.2019630915
10.1858933935
10.2708207762
10.1795080992
10.2797764904
10.2864405741
10.2067598847
10.1833942319
10.2338354715
10.3843804687
10.2410392898
10.3863914263
10.2197319108
10.1569070801
10.0737891184
10.0784526475
10.1577263118
10.3199494083
10.1975480489
10.1915943132
10.2212644611
10.1975480489
10.1518135102
10.2178797725
10.2954064729
10.0779345842
10.2464547534
10.12612999
10.1200697489
10.1699266515
10.3872082666
10.2878997494
10.0907488345
10.2933539636
10.2952638407
10.0148556216
9.97594020021
10.2140466959
10.0517376648
10.0408887744
10.2351108528
10.0784526475
10.1650482728
10.177688719
10.0384591611
10.2212644611
10.0069020318
10.3409240702
9.85290840354
10.2777446724
10.2456266915
9.90292407531
10.0646501144
10.1236724838
10.195499844
10.0510234275
10.1070989561
10.0453077008
10.177688719
9.9636988344
10.2607760079
10.0009653174
10.3216567712
10.1815274708
10.1147156665
10.1435169294
10.0943701159
10.2577224847
10.1338612015
10.1016087842
10.3047604162
9.99985587016
10.2294341851
10.0040972102
10.109955895
10.227711427
10.1745461159
10.3789112082
10.1577263118
10.3162807844
10.2980448124
10.1636998869
10.2485564564
10.2472190589
10.2173049027
10.195499844
9.98117256286
10.1836505844
10.3653828417
10.2593129748
10.1008980733
10.2830773383
10.302480136
10.1654976951
10.1884479921
10.3838776685
10.1441603179
10.1688356385
10.3413658491
10.2896758575
10.2713291108
10.3211509154
10.2338354715
10.583708346
10.3592499374
9.97508968204
10.3223522826
10.019546581
10.3462872522
10.3633048314
10.177688719
10.1976120487
10.177688719
10.0040972102
10.2469404125
10.2669438974
10.0306137523
10.2364498322
10.1597821318
10.0907488345
10.2733621975
10.2464547534
10.3162807844
10.1915943132
10.195435831
10.2940513872
10.3223522826
9.92491161909
10.2050972517
10.2472190589
10.3055283137
10.3694117353
10.1138768186
10.0719101425
10.0583581771
10.2933539636
10.1745461159
10.2515490471
10.1455756287
10.12612999
10.2313081526
10.3147623515
10.2456266915
10.2830773383
10.0350372033
10.1139413478
10.1541276252
10.201131418
10.0630288574
10.0753438679
10.2364020146
10.0880967149
10.1383039785
10.3167868791
10.2392547452
10.2330701663
10.0505039503
10.227711427
10.195947924
10.120480864
10.3107121038
10.3322108576
9.99215160603
10.1867263111
10.1138768186
10.2485564564
10.3167868791
10.2123453074
10.1500132782
10.1203921936
10.1147156665
10.1897370605
10.1183928712
10.5462113561
10.2965870747
10.2042898178
10.4066050582
10.2102121804
10.0761211528
10.1518135102
10.1081320668
10.238553589
10.0205887182
10.1908898779
10.0943701159
10.4385403441
10.2070795907
10.2238182012
10.0768336112
10.2431421039
10.2271371099
10.2819983315
10.1975480489
10.1577263118
10.0484907225
10.2409914935
10.0844731807
10.3757666505
10.1455756287
10.2830773383
10.2710114046
10.1636998869
10.1579833121
10.1714667061
10.2330701663
10.2861312658
10.2612848401
10.1006396206
10.0230633597
10.1897370605
10.2300083733
10.1633788162
10.0182437571
10.2564499151
10.2492569283
10.1810226654
10.0633531297
10.2556226601
10.0701604359
10.1518135102
10.2392547452
9.96998504936
10.310648806
10.1200697489
10.1158770335
10.3013952422
10.0943701159
10.2907540593
10.1805098217
10.1541276252
10.4272802351
10.1949877285
10.0074726841
10.1763420079
10.1323154311
10.310648806
10.2602671505
10.3660754192
10.1544489884
10.2515490471
10.503175983
9.91978116525
10.2102601207
10.3518367955
10.2344094127
10.088355489
10.0250816939
10.2518036954
10.2397009105
10.2102121804
10.2443526193
10.2587404268
10.0855247868
10.2167938802
10.1899932534
10.1161996117
10.1341832073
10.2351108528
10.2649095394
10.3167868791
10.4089252282
10.3872789517
10.1518135102
10.2364498322
10.0523220031
10.1341832073
10.3160277278
10.2150689903
10.3438268433
10.3428803764
10.2351108528
9.95288512599
10.347359555
10.0921069673
10.1510420213
10.3262083588
10.4756751322
10.3298102766
10.2797764904
10.213279908
10.1603602563
10.1543204443
10.2244166417
10.2067598847
10.3893443145
10.105032418
10.2091254725
10.1714667061
10.1026424563
10.2672617294
10.0473865231
10.1701833435
9.91622775765
10.2671981638
10.2971575184
10.2019630915
9.9452757225
10.0907488345
10.4597763664
10.3589585538
9.9257006843
10.2600763224
10.1563287591
9.968806686
10.1326374861
10.4298461068
10.2238182012
10.2300083733
10.3231741901
10.1518135102
10.302480136
10.2165862699
9.9636988344
10.2264351229
10.4615232941
10.1975480489
10.2137911064
10.1572122918
10.2141105923
10.3430696767
10.2150689903
10.2864405741
10.1902494399
10.0990241411
10.0889377064
10.2897392843
10.2013873247
10.4341003079
10.2212644611
10.1892887074
10.224009706
10.095921696
10.2312363899
10.0943701159
10.4911765594
10.227711427
10.0880967149
10.0568008016
10.227711427
10.1081966327
10.3216567712
10.310648806
10.0487667534
10.2431421039
10.0701604359
10.0901667216
10.0130307662
10.1008980733
10.0386785818
9.96874121729
10.2587404268
10.1231647934
10.1639567361
9.95229494943
10.0140084087
10.0907488345
10.2150689903
10.1076800938
10.1853167183
10.1584972931
10.2330701663
10.0753438679
10.2502757111
10.1258721813
10.130318462
10.2240735401
10.0196117177
10.3113450598
10.0263836293
10.3705839123
10.227711427
10.3127374265
10.0324354095
10.2017071992
10.1510420213
10.1455756287
10.2238182012
10.3167868791
10.3468549557
10.248803219
10.2386810755
9.93069664139
10.3223522826
10.2456266915
10.183137873
10.1975480489
9.98280711377
10.2300083733
10.5072762685
10.0251386571
10.3294311865
10.310648806
10.1323154311
10.0243004514
10.1231647934
10.0502442017
9.9503274414
10.1654976951
10.3141928815
10.0597206829
10.2443526193
9.95826067916
10.1885200562
10.0833081968
10.1450609931
10.0130307662
10.2980448124
10.0835590033
10.2523766308
10.1833301428
10.0844731807
10.2443526193
10.1415865193
10.1892887074
10.2389997848
10.4537846837
10.1326374861
10.2338354715
10.2278629776
10.2547953385
10.0921069673
10.2150689903
10.1858933935
10.1928109505
10.1915943132
10.1338612015
10.0957277616
10.0943701159
10.1924107569
10.2523766308
10.5232273088
10.3521520212
10.343006577
10.2140466959
10.0818841447
10.1383039785
10.2705030543
10.260330759
10.1996118393
10.1518135102
10.1013503497
10.2212644611
10.2364498322
10.0700956262
10.1279344672
10.4179501601
10.1510420213
10.0643258839
10.3257422294
10.4560319671
10.3085597624
10.1867263111
10.2344094127
10.2556226601
10.1572122918
10.2612848401
10.1326374861
10.201131418
10.2128485645
10.1892887074
10.3277251089
10.3574463775
10.2325599311
10.1406855355
10.0761211528
10.1372739428
10.0386785818
10.224009706
10.1800851034
10.1136832284
10.0264487216
9.98437603089
10.1474409642
10.266562486
10.2819983315
10.2330701663
9.94107493761
10.1336679931
10.0230877775
10.1341832073
10.0803304039
10.1393982769
10.095921696
10.2472190589
10.0614722049
10.1668458426
10.0523220031
10.2996924413
10.2572771033
10.3201944639
10.0671787541
10.0410187706
10.2034343478
10.3252602769
10.3962520509
10.195499844
10.0253420945
10.1426563336
10.1583045532
10.1636998869
9.96297828566
10.1735839005
10.1455756287
10.1518135102
10.3005161569
10.120972568
10.1491130425
10.3364026402
10.2212644611
10.4179501601
10.3780308281
10.2980448124
10.3146990786
10.1892887074
10.2228606234
10.1271611592
10.2671981638
9.9452757225
10.1323717915
10.2961433745
10.1699266515
10.2091254725
10.2730445543
10.3102057109
10.2536497059
10.3107121038
10.0824020051
10.4066050582
10.1100285185
10.0505039503
9.96297828566
10.1567625029
9.96297828566
10.1518135102
10.1006396206
10.195499844
9.91188297394
10.1465405003
10.2759188684
10.3960009409
10.4126865671
10.195499844
10.1450609931
10.2338992443
10.4235867746
10.2037541581
10.0196117177
10.2389997848
10.2229803255
10.0267090867
10.0336713457
9.98881995784
10.2411030178
10.1673593756
10.1579833121
10.1245830392
10.0726876923
9.97692147723
10.1019318181
10.1087938478
10.0592016548
10.3617932894
9.96749723
10.2600763224
10.3127374265
9.92491161909
10.18416327
10.1823046619
10.2169216382
10.0622019157
10.2300083733
10.2695498296
10.4615232941
10.1577905625
10.0182437571
10.0726876923
10.3483056123
9.86548570933
10.0825961959
10.0994926568
10.1763420079
10.0711973358
10.0803304039
10.4157573196
10.1763420079
10.0150511221
10.1341832073
9.85595490798
10.1271611592
10.0391905447
9.93812019756
10.2733621975
9.98437603089
10.1445463313
10.1510420213
10.3167868791
10.0324354095
10.0464770913
10.0943701159
10.4974577613
10.0866167232
10.1040635827
10.2075910996
10.3530976405
10.2641465512
10.1326374861
10.3628639878
10.2108513663
10.3333477802
10.1572122918
10.0566547853
10.1138768186
9.85032475954
9.83062704164
10.0943701159
10.0410837681
10.5057233183
10.1636998869
10.0190254717
9.99411088028
10.1898891758
10.0690586129
10.0958570516
10.2150050999
10.2485564564
10.0345819381
10.2996924413
10.2536497059
10.1193603346
10.1833301428
10.2287243801
10.3060903467
10.1701833435
10.0568008016
10.2779986716
10.3147623515
10.1544489884
10.2733621975
10.1518135102
10.1763420079
10.2279028589
10.0682564747
10.1198762772
10.195499844
10.1714667061
10.1258721813
10.1081966327
9.84157508549
10.1455756287
10.0901667216
10.0371831755
10.0820297956
10.2868212485
10.1543204443
10.2671981638
10.4341003079
10.2851081028
10.1908258359
10.3167868791
10.2119378906
10.2364498322
10.2189575663
10.3574463775
10.1107143815
10.0846673317
10.2710114046
10.2894855749
10.0646501144
10.3150154392
10.0957277616
9.98881995784
10.075400547
10.2940513872
10.0319149698
10.103030056
10.1424230755
10.0205887182
10.0784526475
10.1147156665
10.3322108576
10.1265811394
10.1107789309
9.94690797067
10.0253420945
10.0825961959
10.1776245939
10.177688719
10.0943701159
10.4994470612
10.1978680438
10.3524041948
10.1424230755
10.0949115798
10.1161996117
10.2456903909
10.3479902695
10.3167236186
10.3457826006
10.2960799872
10.12612999
9.9245828234
10.1283855363
10.2419234801
10.1181993675
10.2624932154
10.2965870747
10.0726876923
10.1013503497
10.1518135102
9.97135963061
10.0133566576
10.2086779709
10.2885578967
10.3604705093
10.1170382671
10.3102057109
10.1990199422
10.0076846324
10.2310928631
10.2528222251
10.2086779709
10.2204343583
10.1341832073
10.1430182754
10.0974084033
9.93201094926
10.1326374861
10.0379634153
10.2050972517
10.0701604359
10.2410392898
10.2137911064
10.0351672753
10.1324442543
10.227711427
10.3038103608
10.2846004493
10.3216567712
10.1603602563
10.0763154646
10.2207536366
10.2996924413
10.0943701159
10.3214038464
10.1107789309
10.4061660489
10.1263233422
10.1158770335
10.0678270209
10.1541276252
10.1008980733
10.1579833121
10.0646501144
9.85107839237
10.2333890504
9.93030231511
10.1006396206
10.2351108528
10.0957277616
10.1567625029
10.2197319108
9.95773636269
10.3208347429
10.213279908
10.308623073
10.135793083
10.1006396206
9.91319977615
10.0061845941
10.0818841447
10.0880967149
10.0505039503
10.1833301428
10.0292472923
10.1211015356
9.95688428955
10.2769191316
10.2961433745
10.5232273088
10.1455113007
10.2864405741
10.2713291108
10.0205235878
10.2819983315
10.0518675207
10.1016087842
10.1892887074
10.1805098217
10.1828174153
10.0958570516
10.195435831
10.1424230755
10.3124368178
10.2649095394
10.1510420213
10.4316606106
10.5053505761
10.3468549557
10.2472190589
10.1219397848
10.1008980733
10.3208347429
10.1225845446
10.2029865966
10.1636998869
10.2150689903
10.2264351229
10.2935441747
10.1805098217
10.0726876923
10.3030502534
10.4101791588
9.96363333212
10.2034263524
10.3150154392
10.1026424563
10.1836505844
10.2695498296
10.1905056199
10.1326374861
10.2593129748
10.3927359588
10.0250816939
10.1604485779
10.1978680438
10.2582314684
10.1979960389
10.3583915136
10.2564499151
10.2733621975
10.1999157732
10.2456903909
10.1341832073
10.3258844406
10.3299366369
10.302480136
10.1735839005
10.2386810755
10.2269456636
9.97594020021
10.2169216382
10.2197319108
10.1255499111
10.1863579136
10.2300083733
10.2876459947
10.2896758575
10.2935441747
10.2971575184
10.0744369599
10.0675028927
10.1597821318
10.1567625029
10.4406502626
10.1326374861
10.2050972517
10.1833942319
10.2769191316
10.2577224847
10.12612999
10.1013503497
10.0803304039
10.18416327
10.2746326725
10.1161996117
10.0614722049
10.3167236186
10.1198762772
10.1341832073
10.1766626696
10.4149427184
10.2587404268
10.2279028589
10.0784526475
10.0840686877
10.1956278689
10.0588123662
10.0958570516
10.1572122918
10.1597821318
10.1200697489
10.066854605
10.2338354715
10.18416327
10.0586988208
10.2671981638
10.1400419266
10.2271371099
10.3047604162
10.2894855749
10.1603602563
10.0061845941
9.99744076527
10.3310106368
10.2092533264
9.92537191475
10.1928109505
10.2456266915
10.1361794151
10.0907488345
10.2016432251
10.2238182012
10.3462872522
10.2137911064
10.2409914935
10.3208347429
10.088355489
10.2710114046
10.0770926745
10.2472190589
10.1688356385
10.0643258839
10.1158125166
10.2769191316
10.2042898178
10.2214560138
10.2797764904
10.2710114046
10.2589312797
10.2137911064
10.2923394449
10.1326374861
10.2212644611
10.1214884285
10.1933471853
10.2204343583
10.1579833121
10.308623073
10.1804457144
10.3231741901
10.3127374265
10.1764061411
10.0477113002
10.2577224847
10.0761211528
10.0726876923
10.0818841447
10.2676431149
9.95104890618
10.0277504795
10.1283855363
9.9951556695
10.1571962282
10.3865170982
10.1107789309
10.1915943132
10.1999157732
10.0907488345
10.4061660489
10.0243004514
9.95950582014
10.0150511221
10.2536019685
10.0583581771
9.99463328854
10.0761211528
10.1415865193
10.0711973358
10.2150689903
10.3524041948
10.4290951853
10.1620302088
10.2861312658
10.5624125467
10.4126865671
10.3404191569
10.1765985381
10.3524041948
10.3438268433
10.2150689903
9.80396901711
10.2649810666
10.2641465512
10.1836505844
10.434663234
10.1543204443
10.1279344672
10.3017199304
9.98274173687
10.4414159795
10.2766015983
10.2777446724
10.2237703244
10.3214038464
10.1565456333
10.2909443185
10.4255901698
10.1776245939
10.0331509701
10.0844731807
10.3060903467
10.1230922641
10.1265811394
10.2417402758
10.2102121804
10.1899932534
10.2894855749
10.250084697
10.1100688647
10.0768336112
10.1198762772
10.2585416179
10.1915943132
10.177688719
10.0547239257
10.1283855363
10.3248810197
10.0661414403
10.0614722049
10.1589309443
10.4098656903
10.1363725756
10.1776245939
10.18416327
10.0196117177
10.2067598847
10.1579833121
10.2909443185
10.227711427
10.1688998189
10.0350372033
10.4227727853
10.1908898779
10.1701833435
10.0958570516
10.1639567361
9.98274173687
9.90575754418
10.2669438974
10.2214560138
10.2223339174
10.1279344672
10.1823046619
10.1383039785
10.2849177357
10.0630288574
10.2708207762
10.2037541581
10.0794806006
10.3229213024
10.0665304455
10.1892887074
10.2577224847
10.2400195881
10.1577905625
9.93917087244
10.0990241411
10.4156946603
10.2553919714
10.1804457144
10.3102057109
10.1805098217
10.3325898457
10.2410392898
10.2995023437
10.3407347306
10.1211015356
10.3047604162
10.2433571401
10.1776245939
10.2137911064
10.1518135102
10.354169238
10.0150511221
10.2907540593
10.2593129748
10.2766015983
10.2075910996
10.2075910996
10.247155369
9.94639125776
10.1637640998
10.1111016719
10.1692207153
10.06361254
10.2271371099
10.3589585538
10.1897370605
10.2456903909
10.365886539
10.3426910726
10.205928602
10.2091254725
10.4061660489
10.3518367955
10.3772761571
10.2472190589
10.2909443185
10.1717153389
10.0456325451
10.1510420213
10.2372148847
9.91135620407
9.83746270404
9.46265181708
9.54786043552
9.79411181338
9.36587425986
9.54437370016
9.94947473376
9.99169438676
10.3262083588
10.4994470612
10.4952193482
10.3989511004
10.1081966327
10.3802945118
10.4539719758
10.1509053974
9.96245421748
10.1426161171
10.1975480489
10.1714667061
10.2037541581
10.0087932118
9.99613506023
10.0796991283
9.99169438676
9.89375917115
10.1543204443
10.0504390138
10.0794239445
9.7809089381
9.87864161331
10.1245830392
10.1136832284
10.0087932118
10.1518135102
10.1219397848
10.0324354095
10.0880967149
10.3167868791
10.3462872522
10.3122944211
10.3112263835
10.1441603179
10.4738059418
10.4088625277
10.2779351724
10.2899295622
10.3017199304
10.1633788162
10.1146753389
10.0371831755
9.84429361989
10.0067063721
10.0646501144
10.1341832073
10.1720441664
10.0006390222
10.2876459947
10.1170382671
9.96254429366
10.2995023437
10.1654976951
10.0568008016
10.1312847865
9.84986095683
10.1395913761
10.0338502186
10.0087932118
9.99411088028
10.0583581771
10.114909237
10.1069052361
10.242568652
9.91609612551
10.1207146279
10.18416327
10.1897370605
9.89243153442
10.0958570516
10.1271611592
10.5029274294
10.6606944082
10.4298461068
10.2456903909
10.2528222251
10.2261399548
10.1081320668
10.1901213475
10.1522635183
10.0842143071
10.1162641262
10.088355489
9.95799852438
10.1544489884
10.1764061411
10.0271891172
10.3004527965
10.310648806
10.2222221884
10.0211748727
10.0391986709
10.2450533786
10.3273459423
10.087773238
10.2940513872
10.2689142974
10.3798543898
10.1639567361
10.0719101425
10.1107789309
10.3031769418
9.91872843645
10.2008115255
10.4595267815
10.4414159795
10.4282190419
10.3593916886
10.3223522826
10.3223522826
10.3343582731
10.2140466959
10.0289869931
10.104774071
10.2386810755
10.0907488345
10.0687345243
9.9843351768
10.2333890504
10.0629640017
10.343006577
10.0473865231
10.1161996117
9.87487513047
10.1766626696
10.0237144797
9.98280711377
9.99778348459
10.0844731807
10.0387435944
10.1474409642
10.2766015983
10.0410187706
10.0675028927
10.0080759097
10.1668458426
10.0243004514
10.1009465324
10.0211748727
10.2140466959
10.302480136
10.1219397848
10.1750592602
10.177688719
10.1455756287
10.18416327
10.0091192412
10.0808645293
9.82604515166
10.0464770913
9.95380310888
9.9948291846
9.91879423528
9.82418522446
10.2150689903
10.1107789309
9.99411088028
9.77590319265
10.0414574953
9.93733211851
10.0017483825
9.99776716489
9.9803224906
10.1198762772
10.2536497059
9.95126205622
9.8816141383
9.97508968204
9.95950582014
9.97594020021
9.82637724447
9.85621977691
9.95773636269
9.8744124809
9.98881995784
10.1233098504
10.2587404268
10.0444630564
10.0523220031
10.2086779709
9.99633092686
10.0386785818
9.96533625141
10.0324354095
10.0143342683
10.0074726841
10.0449178737
9.98274173687
10.0539449867
9.76267569238
9.89303352843
9.97508968204
10.1395913761
10.0568008016
10.2628747781
10.2116183366
10.2400195881
10.1579833121
10.2143581871
9.88980047312
10.0784526475
9.92806750368
10.2443526193
10.1636998869
10.1279344672
9.96297828566
10.0204503156
9.93917087244
10.0700956262
10.0237144797
9.89356127387
9.85840467403
10.1209080836
10.105032418
10.3220361469
10.0901667216
10.0444630564
10.1476499891
10.1577263118
10.1577905625
10.183137873
10.3413658491
10.1161996117
10.1081966327
10.2338354715
10.1341832073
10.1706325388
9.95950582014
10.1688998189
9.9660811871
10.2443526193
9.98280711377
10.1654976951
10.0115315289
10.130318462
10.1833301428
10.1805098217
10.2502757111
10.1024728767
10.2786971371
10.4539719758
10.2882169341
10.2300083733
10.3127374265
10.3524041948
10.1119891563
10.3310106368
10.2671981638
9.99613506023
10.2676431149
10.2397009105
10.1848040908
10.2472190589
10.0588123662
10.2766651057
10.2410631878
10.0748904241
10.2830614714
10.0076846324
10.1656260978
9.9131339402
10.027880646
10.1928109505
10.2653545896
10.095921696
10.1560395862
10.218837817
10.0228680155
10.3098259
10.2840293091
10.1363725756
10.2016432251
10.3479902695
10.2178797725
10.1158770335
10.1491130425
10.195947924
10.1026909071
10.2599491018
10.2340267888
10.2397009105
10.4412284622
10.2202427865
10.3148888961
10.1246475002
10.1272256038
10.0825961959
9.99587389875
10.167672297
10.1956278689
10.3688452667
10.2971575184
10.3167236186
10.3719289991
10.2086779709
10.1251631735
10.1143849752
10.1272256038
10.3746894204
10.1776245939
10.5258317956
10.2685965165
10.4974577613
10.3284202116
10.5034245307
10.2847035684
10.4805334671
10.23797988
10.4308003249
10.2041379171
10.2783796587
9.93247091593
10.0097712682
10.0382884973
10.377967941
10.2993993727
10.2345369509
10.14750528
10.267126652
10.2185184788
10.2653545896
10.2705030543
10.4356013766
10.2729810244
10.1832019633
10.2458655624
10.3475487734
10.3843097639
10.4868210438
10.4460403404
10.1803816067
10.2483654103
10.1741612406
10.2909443185
10.2730445543
10.3847575529
10.2594402033
10.3067394171
10.3243121078
10.3670197686
10.195947924
10.2830773383
10.4166345112
10.2324562865
10.1992119126
10.1665890664
10.4171357304
10.3348003327
10.4064796289
10.2316669583
10.3483056123
10.308623073
10.4188271671
10.3227948563
10.38431762
10.2729810244
10.4037354839
10.1633788162
10.5747631621
10.3322108576
10.3948708709
10.3574463775
10.3373260248
10.1265811394
10.2173049027
10.2841562319
10.391919553
10.1793558287
10.1441603179
10.2708843194
10.3100158072
10.170311687
10.4237746092
10.4392436977
10.0964388364
10.3462872522
10.5381556106
10.4556574534
10.2629383705
10.3128007114
10.3426910726
10.2091254725
10.4284067931
10.066854605
10.3404191569
10.3322108576
10.3407347306
10.1765985381
10.3634937586
10.4113075673
10.4163838926
10.5601260995
10.1757006543
10.199723816
10.2842038275
10.3533497911
10.4943487253
9.9636988344
10.5533874705
10.195435831
10.6287511705
10.2160272984
10.1706325388
10.546520772
10.519257327
10.3583285072
10.2896758575
10.369805098
10.1721724865
10.3281674524
10.3348003327
10.1706325388
10.3758924511
10.4655775378
10.2857029774
10.6037920327
10.3886925523
10.516651212
10.3688452667
10.4428535002
9.95452432175
10.1103916283
10.1529063525
10.1317357064
10.1155463801
10.1735197495
10.1441603179
10.1574853682
10.3093194636
10.1251631735
10.2091254725
10.218837817
10.3604705093
10.2537770048
10.3527982037
10.1763420079
10.2877728728
10.2270094795
10.3709221669
10.1518777983
10.0513480871
10.1905056199
10.0809130848
10.2877728728
10.3840662214
10.2634470955
10.4539719758
10.1416428281
10.2619208448
10.3227948563
10.1787787832
10.2734892521
10.3962520509
10.2678338023
10.2786336422
10.3821805379
10.2138550044
10.2904369528
10.2515967942
10.3273459423
10.2965870747
10.1844836854
10.1455113007
10.0190254717
10.2214560138
10.0877085414
10.1986999834
10.1199407682
10.3063436473
9.94855635149
10.218837817
10.116006066
10.4113075673
10.4042843708
10.195947924
10.090360763
10.5005658768
9.97646355996
10.0614722049
10.2562510618
10.1820482755
10.1630577354
10.2185184788
10.1211015356
10.4807825518
10.2529495342
9.98183458823
10.4171357304
10.4201660265
10.1573407992
10.3223522826
10.1594609374
10.343006577
10.2685965165
10.129867479
10.3039370399
10.2831408058
10.1741612406
10.2185184788
10.3728728155
10.515037579
10.3924847639
10.3031769418
10.2885975427
10.2535224055
10.0537340136
10.1383039785
10.0825961959
10.1833301428
10.3081798908
10.2450533786
10.4667623278
10.3122944211
10.450600205
10.4666376194
10.409238725
10.3787225616
10.3870197707
10.2547953385
10.2678338023
10.1296097654
10.2977913076
10.2345369509
10.3378231977
10.2591857447
10.1476499891
10.1945396063
10.1049032453
10.3053304075
10.169477425
10.1211015356
10.3870197707
10.3775906101
10.3081798908
10.3682787672
10.0708085108
10.25668058
10.1246475002
10.2293703844
10.2786336422
10.151234899
10.2575952349
10.1741612406
10.3925475632
10.3229213024
10.1283855363
10.3953339005
10.2432058188
10.1026424563
10.2575952349
9.95734310723
10.2399558534
10.1387465399
10.3248178088
10.2847035684
10.4284067931
10.2515967942
10.0924303053
10.1594609374
10.3243121078
10.3013398066
10.2286047452
10.4451499976
10.0517376648
10.3413027389
10.1590754906
10.1832019633
10.1811508724
10.4149427184
10.2037541581
10.2535224055
10.1651766812
10.2086779709
10.195947924
10.4531603526
10.3323529798
10.3322108576
10.3870197707
10.3017199304
10.1848040908
10.0240400238
10.2269456636
10.1207146279
10.1905056199
10.1158770335
10.1485342773
10.2035702684
10.4609618135
10.1441603179
10.3227948563
10.4615232941
10.3688452667
10.0465420534
10.0558273194
10.3694117353
10.2351108528
10.1061948977
10.4042843708
10.0367280076
10.1383039785
10.1581359029
10.066854605
10.029312366
9.85137651691
10.0801361695
10.1441603179
10.1832019633
10.3451517516
10.1992119126
10.023388925
10.2280942872
10.3522308261
10.158176058
9.8636332192
9.7837777437
10.1706325388
10.1706325388
10.2591857447
9.98881995784
10.0087932118
10.1556058115
10.1597821318
10.0356875464
10.2204343583
10.065233703
10.1992119126
10.3589585538
10.4362892942
10.1520063733
10.3682787672
10.162110488
10.0957924068
10.026578905
10.071845344
10.2399558534
10.4820901492
10.247155369
10.0809130848
10.1651766812
10.3087338655
10.0714646442
10.2547953385
10.2896758575
10.0132263023
10.0855975862
10.1049032453
10.1455113007
10.1098752016
10.3974447406
10.1520063733
10.2401470563
10.2599491018
10.1317357064
10.027880646
10.3457747152
10.1833301428
10.1741612406
10.071845344
10.3733761491
10.1216173895
10.3174194625
10.1630577354
10.4845181118
10.3726368694
10.4227727853
10.1815995838
10.266562486
10.1109080286
10.2705030543
10.2226052542
10.3148888961
10.2244565365
10.213918902
10.1138768186
10.3208347429
10.1286030088
10.1446106655
10.1905056199
10.090360763
10.2456266915
10.347485701
10.3551146732
10.1493059569
10.0924303053
10.0957116002
10.1905056199
10.4537222523
10.3524672372
10.1181993675
10.1757006543
10.3321476916
10.1543204443
10.2855522791
10.2280942872
10.0846673317
10.314825624
10.0584068412
10.0974084033
9.89336337263
10.3648161529
10.0076846324
9.97207957374
10.0825961959
10.452973046
10.38431762
10.391919553
10.2857029774
9.90173773132
10.0986929359
10.2041379171
10.1413291035
10.2452444864
10.1651766812
10.3890302174
10.1350203746
10.2529495342
10.172509319
10.0888730172
9.9636988344
9.98242301837
10.1158770335
10.1251631735
10.4123104944
10.2234351808
10.0708085108
10.213918902
10.1757006543
10.1195376928
10.0134870112
10.1914021993
10.2556226601
10.3728728155
10.2041379171
10.2483654103
10.0190254717
10.2293703844
10.1543204443
10.2710114046
10.3844433171
10.0935942364
10.3290125917
10.1992119126
10.4428535002
10.397821351
10.0944994234
10.1986999834
10.1905056199
10.2855522791
10.1054845093
9.89903497258
10.3294311865
10.1752516827
10.2452444864
10.1107789309
10.0393286889
10.1706325388
10.1236724838
10.1820482755
10.2965870747
10.2523766308
10.2689857967
10.0888730172
10.121931725
10.1013503497
10.3231741901
10.218837817
10.2909443185
10.0605640463
10.0350372033
10.2108513663
9.9089853931
10.0191313243
10.2293703844
10.0070324695
10.2234351808
10.0820783455
10.2965870747
10.1036760226
10.1858933935
10.0410187706
10.3361895397
10.1721724865
10.040693777
10.1161996117
10.2278629776
10.0877085414
10.3863285898
9.97711772105
10.1721724865
10.218837817
10.2513819308
10.2293703844
9.99587389875
10.0915249328
10.212560992
10.417386331
10.066854605
10.026578905
10.2150689903
10.2036901968
10.195947924
10.0888730172
10.1265811394
10.3194434688
10.2783796587
10.1158770335
10.0321101379
10.1383039785
10.090360763
10.3710480262
10.1706325388
10.1341832073
9.99685321911
10.2746326725
10.090360763
10.0213051246
10.407044049
10.2244565365
10.224009706
10.2678338023
10.1625439851
10.0818841447
10.2841562319
10.0336306923
10.2896758575
10.2293703844
10.0485556716
10.2386810755
10.4282190419
10.3128007114
10.2799907603
10.129867479
10.3282306428
10.0588123662
10.2316669583
10.0268392667
10.3141928815
10.3039370399
10.0501792634
10.2666260555
10.1421013313
10.2577224847
10.3588325475
10.2160272984
10.1793558287
10.1892887074
10.2790780983
10.2786971371
10.2855522791
10.2476569166
10.2483654103
10.0110100025
10.12612999
10.1263233422
9.84495656319
10.0535554945
10.0076846324
10.0522733095
10.0205887182
10.0614722049
10.0259930664
10.195947924
10.299122138
10.2075910996
10.224009706
9.98960397502
10.1369359395
9.90799738777
10.1867263111
10.0556975147
10.1688356385
10.1491130425
10.1006396206
10.1611952668
9.94015577927
10.2234351808
10.2219747841
10.0859615755
10.0386785818
9.98306861708
9.99998639976
10.2408481034
10.090619479
10.0160285674
10.160874117
10.1049032453
10.3731244854
10.2599491018
10.23797988
10.2340267888
10.1363725756
10.171274212
10.4673234974
10.4018376804
10.3223522826
10.0321101379
9.98241484596
10.3980096511
10.2150050999
10.2922681078
10.1158770335
10.3142561575
10.2234351808
10.0856380301
10.0205887182
10.2585495703
10.317672485
10.0534256604
10.4284067931
10.2226052542
10.377967941
10.0292472923
10.1272256038
10.1198762772
10.2786971371
10.1956518734
10.090360763
9.98241484596
10.1061948977
10.2137911064
10.1706325388
10.1597821318
10.1728701986
10.1544489884
10.0228680155
10.2368323656
10.3113450598
10.3348003327
10.2271371099
9.98241484596
9.99260880438
10.3113450598
10.3048870837
10.0065922355
10.2589312797
10.3322108576
10.3074201056
10.1061948977
10.1867263111
10.2502757111
10.1701833435
10.2772763449
10.2547953385
10.2683422847
10.0991291551
10.3428803764
10.1231647934
10.1151028037
10.2755219115
10.2271371099
10.3921079601
10.5283116603
10.3863285898
10.2960799872
10.1103916283
10.0714646442
10.1455113007
10.2092533264
10.1597821318
10.1460259135
10.218837817
10.3682787672
10.2734892521
10.079407757
10.2649095394
10.3033036287
10.2197957717
10.088355489
10.2624932154
10.204841438
10.0901667216
10.1573407992
10.1158770335
10.0304836213
10.3787225616
10.1016087842
10.1230358521
10.2093172528
10.3039370399
10.3013398066
10.3865170982
10.195947924
10.3619192597
10.0410187706
9.96836476383
10.1671026123
10.1599748436
10.3588325475
10.1207146279
10.1396155132
10.3479902695
10.1231647934
10.1350203746
10.062769432
10.1061948977
10.1001873124
10.1601033161
10.0910075405
10.1757006543
10.2147495343
10.2031145275
10.2589312797
10.3226130872
10.1348271883
10.1620302088
10.3589585538
10.1013503497
10.2926564928
10.0682807828
10.2804113511
10.0172665279
10.2092533264
10.2293703844
10.1651766812
10.1790993681
10.1757006543
10.2345369509
10.0356062558
10.218837817
10.0181134653
10.1803816067
10.0523220031
10.2150689903
10.1688356385
10.320012649
9.99130246788
9.86899125646
10.0106269892
9.87903800165
9.96605662967
9.89791410007
10.1706325388
10.1279344672
10.0934649174
10.204841438
10.1833942319
10.236577345
10.2053690468
10.1741612406
10.1803816067
10.2316669583
10.1885200562
10.2498936794
9.88894254634
10.4679002236
10.3479902695
10.0763154646
10.2263713035
10.0770926745
10.3142561575
9.9520326375
10.3809860945
10.3843097639
10.2804113511
10.3294311865
10.4418535067
10.3682787672
10.2909443185
10.3093194636
10.1441603179
10.4356013766
10.3081798908
10.1542561717
10.2495116335
10.2645518957
10.2012593722
10.2286047452
10.4362267581
10.160874117
10.0367280076
10.1265811394
10.2960799872
10.4868210438
10.1001873124
10.1088664796
10.1256788204
10.1992119126
10.3407347306
10.1181993675
9.90938056765
10.090619479
10.1259205209
10.2855522791
10.0748904241
10.2996845206
10.1455756287
10.3167868791
10.1572122918
9.81208710403
10.0321101379
9.88815054785
10.0818841447
10.1383039785
10.1651766812
10.0814471793
10.2067598847
10.1848681706
9.9520326375
10.0047495644
9.96278176332
10.1597821318
10.0523220031
9.9024627362
10.071845344
10.0924303053
10.0367767766
10.1109080286
10.2840293091
10.2340267888
9.95334412802
10.1109080286
9.80849468126
10.2780621705
9.77790579835
10.2417402758
10.0463471657
10.2733463156
10.1662038899
10.224009706
10.0744369599
10.1465405003
10.2316669583
10.1263233422
10.2197957717
10.1330239385
10.1026424563
10.1842914374
10.2877728728
10.3723694574
10.2297292581
10.1312847865
10.2877728728
10.2147495343
10.5231652894
10.3619192597
10.3568162389
10.1363725756
10.2734892521
10.3426910726
10.3361895397
10.1195376928
10.3275355273
10.2562510618
10.2286047452
10.041473744
10.4212698688
10.1148447139
10.2483654103
10.2632642753
9.77663752904
10.2967138427
10.2121935265
10.1577263118
10.2710114046
10.2293703844
10.1485182001
10.2710114046
10.0588123662
10.2855522791
10.3518367955
10.3682787672
10.1669742283
10.0730683458
10.2523129729
10.0082063321
10.3053937379
10.0621208394
10.0097712682
10.1745461159
10.40328067
9.85853707648
9.91978116525
9.95334412802
10.2401470563
10.1395913761
10.014000262
10.0619262534
10.0958570516
10.1579190626
9.96101288781
9.96926495497
10.0378983976
10.1757006543
10.2145738293
9.86469182758
10.333789883
10.1013503497
10.1348271883
10.2710114046
10.094111496
10.1134896345
9.9524261028
10.0994926568
10.14750528
10.1098752016
10.2006195852
10.2528222251
10.1803816067
10.0824020051
10.1158770335
10.0097712682
10.1485342773
9.97685606176
10.088355489
10.1026424563
10.057255061
10.1572122918
10.077295063
10.317672485
10.1520063733
10.1979960389
10.266498916
10.3294311865
10.1369359395
10.3253866928
10.4264039391
10.360950824
10.2645916345
10.3479902695
10.1706325388
10.2350470875
10.1001873124
10.129867479
10.3243121078
10.3451517516
10.2926564928
10.3457747152
10.299122138
10.2769191316
10.0935942364
10.3500082975
10.0569305921
10.066854605
10.236577345
10.1265811394
10.2681992766
10.2790780983
10.1599748436
10.3765843272
10.4386028664
10.088355489
10.2841562319
10.4406502626
10.2391272658
9.98661457951
10.0228680155
10.1181993675
10.158176058
10.4386028664
10.1467977838
10.4431034836
10.2300083733
10.0205887182
10.2037541581
10.3404822724
10.0910560472
9.96533625141
10.2067598847
10.1928109505
10.0619262534
10.2965870747
10.2909443185
10.0537340136
9.93457334949
10.105161589
10.2092533264
10.0647554871
10.1205856554
10.0307438817
10.1491130425
10.3974447406
10.057255061
10.2502120401
10.1283855363
10.2293703844
10.071845344
9.95930103791
10.1363725756
10.0527764649
10.0367280076
10.0513480871
10.1752516827
10.170311687
10.0913309138
10.2012593722
10.0062987354
10.0901667216
10.0630288574
10.1265811394
10.3365052426
10.0763154646
10.0378983976
9.90779977488
10.0558273194
10.0880967149
10.088355489
10.0943701159
10.1465405003
10.0160285674
10.1741612406
10.3974447406
10.1211015356
9.95452432175
10.0546833575
10.0062498178
10.1455113007
10.0120530282
10.2654817433
10.1820482755
10.169477425
10.2786336422
10.4007709941
10.2639557952
10.2930527888
9.91734656032
10.1395913761
10.3709850968
10.1804457144
10.0700956262
10.1199407682
10.213918902
10.1181993675
10.1721724865
10.1599748436
10.256259016
10.2958264341
10.4126238893
10.4409784339
10.3840662214
10.1714667061
10.2742753673
10.3518367955
10.2160272984
10.3380204819
10.0351022395
10.1098752016
10.3047604162
10.1413291035
10.3373260248
10.1926828903
10.2024908491
10.293163749
10.4976442742
10.2351108528
10.3784710275
10.498079458
10.2417402758
10.0331509701
10.1252679164
10.54769647
10.2092533264
10.1668057217
10.0132263023
10.2909443185
10.3723694574
10.1798687306
10.2935441747
10.158176058
10.0209143638
10.2996924413
10.4300338287
10.079407757
10.066854605
10.2498936794
10.2734892521
10.2214560138
10.3194434688
10.057255061
10.1415865193
10.151234899
10.2562510618
10.0006390222
9.98117256286
10.223179826
10.1979960389
10.2599491018
10.1258721813
10.2138550044
10.1230358521
10.2286047452
10.2147495343
10.2765619059
10.1308982678
10.1706325388
10.171274212
10.236577345
10.2804113511
10.1151028037
10.2800304394
10.1897370605
10.1706325388
10.2180953404
10.2786336422
10.1790993681
9.9380545267
9.93917087244
10.2214560138
10.1265811394
10.1543204443
10.195947924
10.2037541581
10.0729954558
10.1945396063
10.0264487216
10.1341832073
10.2589312797
10.1599748436
10.3167236186
9.98241484596
10.2160272984
10.2271371099
10.2734892521
10.1908978831
10.1654976951
10.2330701663
10.2185184788
10.2417402758
10.1323154311
10.3404191569
10.2417402758
10.213918902
10.2091893997
10.1044349805
10.2015792506
10.2160272984
10.2121935265
10.49801729
10.2766015983
10.1165221797
10.1928109505
10.44978832
10.2214560138
10.1330239385
10.1181993675
10.2714561905
10.3167236186
9.92773881251
10.1915943132
10.1751875423
10.0943701159
10.1975480489
10.1577263118
9.94358577632
10.4952193482
10.0313945031
10.127483378
9.96998504936
10.170311687
10.3518367955
10.3248178088
10.0569305921
10.2498936794
10.1717153389
10.2599491018
10.2909443185
10.0132263023
9.90173773132
10.1976120487
10.3017199304
10.1751875423
10.4546586847
10.3081798908
10.0377277242
10.1541276252
10.3518367955
10.201131418
10.1757006543
10.0708085108
10.2855522791
10.3900352948
10.2671981638
10.1116987154
10.0464770913
10.1758289283
10.1776245939
9.99215160603
9.95839175396
10.0444630564
10.4217082418
10.0882907961
10.1061948977
10.0809373624
10.3604705093
10.1741612406
10.2769191316
10.4603379107
10.0465420534
9.99215160603
10.1413291035
10.2075910996
10.00240089
10.360950824
9.9520326375
10.2977913076
10.2294341851
9.96101288781
10.2034343478
10.2093172528
10.4456029885
10.247155369
10.310648806
10.2045776233
10.1858933935
10.3682787672
10.2979814368
10.2293703844
10.2685965165
10.12612999
10.1445463313
10.1363725756
10.1283855363
10.3088050887
10.027880646
10.2547953385
10.2786971371
10.2150689903
10.3148888961
10.3921079601
10.1651766812
10.4428535002
10.1165221797
9.9948291846
10.1294728524
10.2006835657
10.2269456636
9.9578674444
9.92313599293
9.92537191475
9.88894254634
10.0856380301
10.2015792506
10.3757666505
9.9175604347
10.0485556716
10.1054845093
10.0671787541
10.1714667061
9.91319977615
10.1570195276
10.0331509701
10.1441603179
10.1621827388
10.1588827617
10.0016178759
10.2092533264
10.0785821592
10.0386785818
10.0190254717
10.1599748436
9.92057063853
10.1107143815
10.0411650143
10.2178797725
10.2330701663
10.1979960389
9.84495656319
10.1491130425
10.0391986709
10.0410187706
10.105161589
10.4064796289
10.1491130425
10.0710272267
10.1265811394
9.9948291846
10.302480136
10.3535389
10.2624932154
10.2831408058
10.1413291035
10.1790993681
10.236577345
10.11786879
10.1765985381
10.3500082975
10.1491130425
10.1979960389
10.391919553
10.2293703844
10.3719289991
10.2535224055
10.4030297296
10.293694756
10.4943487253
10.3428803764
10.2316669583
10.2015792506
10.0228680155
10.2012593722
10.5073383817
10.1413291035
10.2483654103
10.1656501731
10.3797915137
10.3194434688
10.2483654103
10.2786971371
10.0093800571
10.170311687
10.2840293091
10.2967138427
10.2676431149
10.1874390422
10.2417402758
10.2286047452
10.195435831
10.1036760226
10.2786971371
9.96605662967
10.0025966339
9.95688428955
10.0254316056
10.0215004993
10.151234899
10.2965870747
10.1899932534
10.2093172528
10.158176058
10.2710114046
10.2067598847
10.1113598572
10.0944751783
10.2293703844
10.2263713035
9.94973711313
10.2830773383
10.2965870747
10.1635554063
9.97502425456
10.1556058115
10.1716431558
10.0464770913
10.2234351808
10.3037470207
10.1804457144
10.0438132815
10.2498936794
10.2034343478
10.4356013766
10.1887762797
10.1759010816
10.1440959809
10.4700042255
10.1395913761
9.97508968204
10.1692207153
10.0350372033
10.247155369
10.0935295771
10.1544489884
10.1334586798
9.91273891528
9.97476254036
10.0844731807
10.2653545896
10.2878997494
10.0184391914
10.2587404268
10.1081320668
10.0215004993
10.0391986709
10.1968040221
10.1193603346
10.0958570516
10.1541276252
10.0465420534
10.1081966327
9.91050014331
9.92793602852
9.86899125646
9.98927730867
10.1047982913
10.2575952349
10.0331509701
10.0215004993
10.1366301173
10.3088130023
10.1550274164
10.051477948
10.195947924
10.1181993675
10.3243121078
10.2402028232
10.407044049
10.0643258839
9.96874121729
10.4237746092
10.3589585538
10.2456266915
10.2535224055
10.476983367
9.98797053644
10.0625667513
10.1207146279
10.2599491018
10.2965870747
10.2599491018
10.1465405003
9.96730079676
10.0975376718
10.0097712682
10.1491130425
10.0522733095
10.3273459423
10.0184391914
10.1406855355
10.249193251
10.0770926745
10.1013503497
10.1193603346
10.1878794692
10.2612848401
10.2063042862
10.1193603346
10.0280108108
10.1455113007
10.0410187706
10.0785821592
10.1317357064
10.3113450598
10.1688356385
10.2840293091
10.195947924
10.2079587308
10.1752516827
9.99998639976
10.0880967149
10.1440959809
10.2483654103
10.0619262534
9.95839175396
10.0534256604
10.2730445543
10.2923394449
10.0825961959
10.1283855363
10.0556975147
9.99411088028
10.3421231404
10.2587404268
10.2922126231
10.2012593722
10.2197319108
10.134762792
10.0958570516
10.1635714598
10.0935295771
9.87018153641
9.94015577927
10.1211015356
10.4845181118
10.1550274164
10.3396617407
10.1164173463
10.2909443185
10.1231647934
10.2197957717
10.2350470875
9.98810122135
10.0351672753
10.0215004993
10.2714561905
10.1577263118
10.1815274708
10.0770926745
9.95393424238
10.045957379
10.1134896345
10.0016178759
10.1455756287
10.3250074403
10.0280108108
10.0818841447
10.1891686095
10.2907540593
10.1026424563
10.1296097654
10.3621082122
10.0882907961
10.1061948977
10.1158770335
10.1013503497
10.16851473
10.1892887074
10.2993993727
10.2965870747
10.2271371099
10.343006577
10.2575952349
10.2450533786
10.3167236186
10.2244565365
10.247155369
10.0861799628
10.4161959247
10.2710114046
10.2351108528
10.3368840732
10.2016432251
10.2885975427
10.2734892521
10.4038060567
10.2666260555
10.44978832
10.1400419266
9.9440287997
10.1170382671
10.2535224055
10.2619208448
9.96605662967
10.0556975147
10.2804113511
10.2415650338
10.0141387538
10.1424230755
10.1465405003
10.1520063733
10.2354934362
9.83222024201
9.92241249859
10.195435831
10.1338612015
10.0666520065
9.93332508323
10.045957379
9.99613506023
10.1714667061
10.2676431149
10.1419082798
10.1424230755
9.99744076527
9.92313599293
10.2769191316
10.1514840273
10.0770926745
10.1054845093
9.98274173687
10.2450533786
10.0846673317
10.1415865193
10.0228680155
10.3731244854
10.1854929281
10.1265811394
10.1181993675
10.090619479
10.2160272984
10.195435831
10.1599748436
10.2417402758
10.1455113007
10.3085597624
10.1330239385
10.0785821592
10.0820783455
10.0006390222
10.1255499111
10.3404191569
10.2401470563
10.2037541581
10.0444630564
10.3204078946
10.1455756287
10.2354934362
10.2730445543
10.0386785818
10.3821805379
10.3100158072
10.0856380301
10.195947924
10.236577345
10.0700956262
10.3289415079
10.3373260248
10.2012593722
10.3039370399
10.2624932154
10.1061948977
10.3281674524
9.94015577927
10.1013503497
10.2417402758
10.3634307833
10.1272256038
10.1853167183
10.1976120487
10.170311687
10.3243121078
9.94015577927
10.2485564564
10.0583581771
10.1458972628
10.4113075673
10.19997176
10.1176188339
10.2767921195
9.98927730867
10.00240089
9.86436102467
10.1776245939
10.0880967149
10.0913309138
9.97358474145
10.1003650073
10.266562486
10.0115315289
10.0071629054
10.195947924
10.0924303053
9.91431892053
10.2547953385
10.2980448124
10.095921696
10.0902556577
10.3500082975
10.2804113511
10.2755219115
10.0708085108
10.3013398066
10.1254854559
10.3109652909
10.2529495342
10.0888730172
10.3589585538
10.2294341851
10.2034343478
10.2417402758
10.2204343583
10.1424230755
10.3361895397
10.3710480262
10.0990241411
10.1970200355
10.2782526646
10.0643258839
10.2619208448
10.2624932154
10.2502120401
10.2619208448
10.16851473
10.2739974547
10.0387435944
10.2360433749
10.1231647934
10.2150689903
10.2685965165
10.057255061
9.95104890618
10.294114787
10.2443526193
10.1881597309
10.1798687306
10.2238421395
9.99215160603
10.2037541581
10.25447712
10.0444630564
9.9823494665
10.0071629054
10.1341832073
9.87883980947
10.2502757111
10.0917108641
10.1054845093
10.1776245939
9.96101288781
10.0794239445
10.1076155246
9.94547259075
10.170311687
9.8636332192
10.2386810755
10.3452069524
9.90371489236
10.1543204443
10.0768336112
10.1198762772
10.2294341851
10.0485556716
10.0346469773
10.082531466
10.1998997769
10.5801928655
10.1460259135
10.2138550044
10.1928109505
10.3068502299
10.2502120401
10.2708843194
10.1348271883
10.3428803764
10.5348804784
10.158714121
10.3863285898
10.1620302088
10.2041379171
10.3503866339
10.6129587314
10.4807825518
10.3128007114
10.2041379171
10.4634570524
10.3011101417
10.2498936794
10.1211015356
9.93332508323
10.1620302088
10.2599491018
10.3365052426
10.2599491018
10.3247466961
10.2108513663
10.2894855749
10.3031769418
10.1251631735
9.90371489236
10.1878794692
10.0019441392
9.92806750368
10.2067598847
9.95340150178
10.1419082798
10.2116183366
10.1477625391
10.3731244854
9.95334412802
10.201131418
10.0504390138
9.99182502297
10.0833081968
9.87846818841
9.97502425456
9.97142508214
10.1478911662
10.0306137523
9.91319977615
10.16851473
9.77423404114
10.0029881103
10.104774071
10.2079587308
10.0292472923
10.0097712682
10.0984425053
10.1148447139
10.1945396063
10.1455113007
10.5322782292
10.4233989365
10.2779986716
10.3589585538
10.020328194
10.2271371099
10.2081745081
10.3496299472
10.3634937586
10.2452444864
10.2624932154
10.2121935265
10.1752516827
10.2279028589
10.1688356385
10.3194434688
10.1201906669
10.302480136
10.3451517516
10.2792685735
10.3723694574
10.0880967149
10.2619208448
10.2907540593
9.90733866281
10.233261498
10.3574463775
10.3579504608
10.2034343478
10.1491130425
9.93700373379
10.363178878
10.2108513663
10.0153932389
10.0393286889
10.045957379
10.3413658491
10.373250318
10.204841438
10.3093194636
10.1061948977
10.2450533786
10.2685965165
10.3132911564
9.95334412802
10.2452444864
10.040693777
10.3353055205
10.3273459423
10.3081798908
10.1026424563
10.0856380301
10.3011101417
10.2444800336
10.2456266915
10.1832019633
10.2286047452
10.3243121078
9.90496689022
10.5354999668
10.18909655
10.1520063733
10.224009706
10.0517376648
10.3421231404
10.1611952668
10.3634937586
10.0896007463
10.2456266915
9.96533625141
9.92576643691
9.96520526795
10.2804113511
10.1522635183
9.86713942448
10.0915249328
9.98927730867
9.94735084608
9.86224362325
9.96926495497
10.0181134653
10.0984425053
10.1148447139
10.1737122011
10.0399137494
10.0449178737
10.0237144797
10.0786064424
9.97083600296
10.2337079246
9.92662118112
10.218837817
10.2922126231
10.0856380301
10.1336679931
10.1219397848
10.2709478622
10.109955895
10.0645852692
10.1543204443
10.1394626437
10.2006835657
10.1853167183
10.0172665279
10.1276122627
10.1316712905
10.310648806
10.3011101417
10.2624932154
10.3113450598
10.1858933935
10.1138768186
10.4753013208
10.0957277616
10.2971575184
10.4247137317
10.2527426561
10.4560319671
10.5361194188
10.4380401528
10.2300083733
10.1752516827
10.171274212
10.1966520099
10.314825624
10.236577345
10.2006195852
10.0160285674
10.1413291035
10.3200758894
10.1363725756
10.1054845093
10.407044049
10.1654976951
10.3141928815
9.99998639976
10.1080675004
10.0263836293
9.98881995784
10.0621208394
10.1979960389
10.0211748727
10.2386173324
10.195435831
10.0399137494
10.0568008016
9.9175604347
10.2855522791
10.0324354095
10.3348003327
10.1522635183
10.082337274
9.95334412802
9.98587934516
10.2041379171
10.1979960389
10.2562510618
10.2443526193
10.3404822724
10.0889377064
10.3322108576
10.1633788162
10.218837817
9.91148789916
10.0382397356
10.218837817
10.0292472923
10.0700956262
10.2909443185
10.126774483
10.3031769418
10.3183682649
10.3474778169
10.1775604685
10.5079594938
10.3657684872
10.2653545896
10.2495116335
10.0697067587
10.2443526193
10.090619479
10.3865013893
9.87883980947
10.1603602563
10.247155369
10.3583915136
10.2882803698
10.1975480489
10.1930590627
10.3484317467
10.3365052426
10.0671787541
10.3310106368
10.0935295771
10.1804457144
10.3535389
10.2746961921
10.38431762
10.1930590627
10.4272802351
10.21845461
10.3524041948
10.1620302088
10.5615474627
10.3360001134
10.3621554498
10.527071801
10.4996335387
9.94329041644
10.2015792506
10.5895648867
10.3413658491
10.2472190589
10.5901195489
10.1541276252
10.2937343823
10.3148888961
10.1798687306
10.1107143815
10.3265954672
10.1254854559
9.97692147723
10.2786971371
10.2587404268
10.3535389
10.0456325451
10.4098656903
10.3093194636
10.1908258359
10.1727258483
9.99998639976
10.1138768186
10.2786971371
10.2280942872
10.1491130425
9.93332508323
10.2502757111
10.2270094795
10.1338612015
10.4114251028
10.229051375
10.2229244647
10.0132263023
9.98927730867
10.104774071
9.96520526795
10.2034343478
10.170311687
10.3031769418
10.1527135065
10.2386173324
10.0882907961
10.2624932154
10.0606289175
9.99182502297
10.1053795613
10.2819983315
10.1752516827
10.2408481034
10.1134896345
10.2121935265
10.3680269797
10.1815995838
10.0456325451
10.3138764957
10.299122138
10.1319289517
10.2547953385
10.2790780983
10.1597821318
10.1915943132
10.4007709941
10.346918032
10.2502120401
10.3366867673
10.1219397848
10.2677702402
10.1220687401
10.201131418
10.3467918791
10.1369520351
10.0213051246
10.2885975427
10.224009706
10.3327793346
10.1543204443
10.1688356385
10.2846004493
10.2417402758
9.98587934516
10.0588123662
10.1752516827
10.0707356045
10.0073585562
10.1979960389
10.3368840732
10.1543204443
10.16851473
10.0438132815
10.065233703
10.1905056199
10.1026424563
10.0907488345
10.2249911117
10.1220687401
10.0393286889
9.91050014331
10.254858981
10.0485556716
10.1415865193
10.2766015983
10.3281674524
10.2075910996
10.1998997769
10.2846004493
10.1211015356
10.1005103917
10.3062169978
10.1220687401
10.2443526193
10.1415865193
10.2734892521
10.040693777
10.2906272179
10.2837119953
10.3428803764
10.1906977507
10.170311687
10.1366301173
10.1823046619
10.391919553
10.2639557952
10.090619479
10.254532809
10.3183682649
10.3062169978
10.2270094795
10.1419082798
10.0465420534
10.16851473
10.0700956262
10.1853167183
10.3784710275
10.3865720792
10.247155369
10.1721724865
10.1714667061
10.3404191569
10.3298102766
9.99215160603
10.2183109037
10.2362585602
10.0727038906
10.1966520099
10.1669742283
10.3622341786
10.3087496929
10.1530991948
10.0477113002
9.86548570933
10.1181993675
9.93700373379
10.2166581355
10.2121935265
10.2450533786
10.1308338465
9.83985074767
10.057255061
10.0150511221
10.3243121078
10.0569305921
10.0046109427
10.0974084033
10.1048386583
9.99737548407
9.79451162269
9.96998504936
10.1317357064
10.1413291035
10.0222087006
9.9131339402
10.1577263118
10.0205887182
9.92576643691
10.0485556716
10.0097712682
10.0449178737
10.1255499111
10.0794239445
10.183113839
9.96586016804
10.2575952349
9.97135963061
10.1790993681
10.5562936454
10.2554317457
10.1207146279
10.1158770335
10.2214560138
10.1950037325
10.3053937379
10.2234351808
10.2639557952
10.1485342773
10.3809860945
10.3113450598
10.2416367241
10.1848040908
10.1181993675
10.1283855363
10.3365052426
10.2408481034
10.2786336422
10.158176058
10.2885975427
10.3013398066
10.2278629776
9.95734310723
10.1915943132
10.3100158072
9.98881995784
10.1312847865
10.1620302088
10.1543204443
10.2710114046
10.1858933935
10.0842790261
10.0307438817
10.0768336112
10.2525278167
10.2885341089
10.2364498322
10.1383039785
10.2386810755
10.1763420079
10.1107789309
10.3901609227
10.1220687401
9.93509888836
10.2198197194
10.3500082975
10.0588123662
10.2528222251
10.0741130443
10.1200697489
10.066854605
10.2286047452
10.0259930664
10.2116183366
10.1854929281
10.1550274164
10.4650162747
10.1651766812
10.2150689903
10.0671787541
9.94855635149
10.0671787541
10.2280942872
9.9834608592
9.98254560361
9.81647605761
10.1395913761
10.1858933935
10.1231647934
10.2128964924
10.0618613906
10.0369230821
9.99123714657
9.94356936767
9.98385308591
10.0708085108
9.90272636118
9.93877688238
9.90536222509
9.88194436366
10.0118737659
10.2238182012
10.0386785818
10.1231647934
10.1048386583
10.0492051398
10.1134896345
9.99182502297
10.2676431149
9.97096691245
10.1131508363
10.2280942872
10.2923394449
10.2226052542
10.2639557952
10.1853167183
10.0913309138
10.223179826
10.1529063525
10.3500082975
10.1317196025
10.314825624
10.2038820794
10.2766015983
10.2239458714
10.1853167183
10.254858981
10.4019631657
10.2804113511
10.2710114046
10.3518367955
10.2246480293
10.3038737006
10.0846673317
10.0974084033
10.2067598847
10.0150511221
10.1005103917
10.0969478706
10.0924303053
10.1138768186
10.1603602563
10.071845344
10.0410187706
10.0228680155
10.3709850968
10.4705652212
10.3719289991
10.1317357064
10.0707356045
10.2454992914
9.9803224906
10.2721551008
10.0453077008
9.93509888836
9.87461076194
10.0449178737
10.1249053401
10.0106840346
10.2830773383
10.1231647934
10.1054845093
9.91728075189
10.236577345
10.1026424563
9.84522172801
10.0588123662
10.1589309443
9.88742449351
10.0882907961
10.2108513663
10.0336713457
9.81441482385
10.2978546844
10.2498936794
10.0601748104
10.1231647934
10.0467937778
10.2386173324
10.1394626437
10.3731244854
10.1254854559
10.0770926745
10.1019318181
10.1798687306
10.1597821318
10.2067598847
10.2772763449
10.1441603179
10.0719101425
10.2222221884
10.2840293091
10.2401470563
10.0531659872
9.98810122135
10.0630288574
10.0833081968
10.1465646209
10.0162892034
10.3113450598
10.1833942319
9.94862195303
10.1878794692
10.4499756837
10.1176188339
10.1079948628
10.2207536366
10.2665545397
10.299122138
10.2269456636
10.266562486
10.0016178759
10.1550274164
10.026578905
10.3208347429
10.2624932154
10.3062169978
10.3551146732
10.1066872967
10.0588123662
10.2766015983
10.0485556716
10.2450533786
10.1158770335
10.2483654103
10.281680955
10.2015792506
9.99613506023
10.2024908491
10.1707608767
10.0041624475
10.1005103917
10.2498936794
10.1467977838
9.90938056765
10.2452444864
10.3039370399
10.2108513663
10.2088218128
9.9636988344
10.3731244854
10.0935295771
10.1265811394
10.1714667061
10.0715861457
10.1448036655
10.041473744
10.3310106368
10.0809130848
10.2965870747
9.90938056765
10.0556975147
10.0619262534
9.99260880438
10.3542322697
10.1514840273
10.1491130425
9.9636988344
10.0196117177
10.0833081968
10.0047495644
9.93720076592
10.0069020318
10.0324354095
10.1983160197
10.0523220031
10.1016087842
10.0877085414
9.82491595213
9.88874455266
10.130318462
10.0784526475
10.3426910726
10.1488799327
10.1372739428
10.4007709941
10.0573199536
10.1503347716
10.1001873124
9.99221692136
10.0449178737
10.1992119126
9.92313599293
10.0453077008
10.009233349
10.1098752016
10.2498936794
10.1620302088
10.0943701159
10.18416327
9.90463743244
10.4341003079
10.1098752016
9.9636988344
10.1849162303
10.178394068
10.0935295771
10.1833942319
10.0610181358
10.1465405003
10.0439432399
10.1651766812
10.1763420079
10.1401706516
10.254532809
10.0785821592
10.1181993675
10.2746326725
10.0643258839
10.1928109505
10.0750847597
10.0665952782
10.0877085414
10.3037470207
10.0399137494
10.1601595223
10.1805098217
10.0569305921
9.93733211851
10.1455756287
9.90008979549
10.126774483
10.1611952668
10.1878794692
10.0190254717
10.2249911117
9.98927730867
10.017657431
10.126774483
10.213918902
10.1220687401
10.0697067587
9.9214916113
9.85370323463
9.95393424238
10.1854929281
9.93700373379
10.1231647934
9.97417365829
10.0569305921
10.1054845093
9.9948291846
10.0643258839
10.1465405003
9.94356936767
10.1225845446
10.1107789309
10.1441603179
10.2533951036
10.1671026123
10.2868212485
10.0913309138
10.1211015356
10.0399137494
10.3373260248
10.1556058115
10.1832019633
10.3944941536
10.3207082712
10.0501792634
9.94862195303
10.2024908491
10.3167868791
10.3294311865
10.1478911662
10.1633788162
10.3451517516
10.3951847915
10.0770926745
10.2878997494
10.2008115255
10.1114808793
10.1054845093
10.1026424563
10.2121935265
10.243842946
10.1875591606
10.1798687306
10.0124441348
10.1200697489
10.1369520351
10.1956278689
9.90938056765
10.16851473
10.0833081968
9.96926495497
10.127483378
10.2456505788
9.96926495497
10.3223522826
10.2012593722
10.1776245939
10.2141105923
10.0184391914
10.1003811612
10.2876459947
10.3372549981
9.9873170862
10.1804457144
10.1019318181
10.1338612015
10.0350372033
9.84276868086
10.1597821318
10.0124441348
10.0331509701
10.0006390222
10.0265300864
10.1899932534
10.1326374861
10.0901667216
10.0357525784
10.2015792506
9.90008979549
10.2819983315
10.1181993675
10.3348003327
9.94855635149
9.96335494264
10.2450533786
10.2409755614
10.0618613906
10.0129655866
10.0150511221
10.195947924
10.2397009105
9.97711772105
10.2015792506
10.1665890664
10.2293703844
10.3668938603
10.301023026
10.1966520099
10.0700956262
10.2066959423
10.2337079246
10.3821805379
10.2892952887
10.2665545397
10.4356013766
10.3799172655
10.1741612406
10.1804457144
10.2444163266
10.4356013766
10.3847575529
10.1366301173
10.2367048561
10.249304686
10.2399558534
10.2996924413
10.0697067587
10.0975376718
10.1395913761
10.2892952887
10.3113450598
10.126774483
9.77550262228
10.1026424563
9.99491896901
10.2769191316
10.3900352948
10.1915943132
10.2677702402
10.2547953385
10.2937343823
10.105161589
10.417386331
10.320012649
9.93812019756
10.0697067587
10.0141387538
10.0784526475
10.2280942872
10.195435831
10.1312847865
10.195947924
10.0800714238
10.1319289517
10.2024908491
9.98117256286
10.126774483
10.3365052426
10.0132263023
10.0882907961
10.2234351808
10.4597763664
10.2846004493
10.1181993675
9.99215160603
10.0016015625
10.1181993675
10.1543204443
10.1853167183
10.1019318181
9.8815480919
10.0935295771
10.2167938802
10.2649095394
10.2937343823
10.1532197194
10.0844731807
10.1138768186
10.2066959423
10.1134251024
10.0132263023
10.2091254725
10.044982846
10.1745461159
10.1485342773
10.0625667513
10.3758924511
10.333789883
10.0535554945
10.1579833121
10.0324354095
10.0150511221
10.346918032
10.2575952349
10.3579504608
10.109035952
10.0132263023
10.1107789309
10.1790993681
10.1853167183
10.1013503497
10.1161996117
10.1620302088
10.2091254725
10.1363725756
10.2721551008
10.2270094795
10.0935295771
10.1737122011
10.0521921531
10.1061948977
10.2386810755
10.0665790701
10.088355489
10.0715861457
10.158176058
10.218837817
10.1013503497
10.3366946596
10.105161589
10.16851473
10.1001873124
10.1471434984
10.2410392898
10.2121935265
9.91826783247
10.3310106368
10.3167236186
10.3085597624
10.2855522791
10.0357525784
10.2215198639
10.3435744606
10.2344094127
9.96520526795
10.1366301173
10.1465405003
10.1714667061
10.0697067587
10.0934649174
10.3493934712
10.1848681706
10.1232292634
10.3634937586
10.0569305921
10.1220687401
10.1491130425
9.95839175396
10.2066959423
10.1701833435
10.1956278689
10.2730604367
10.1611952668
10.0141387538
10.2008115255
10.2263713035
10.2121935265
10.1915943132
10.1070989561
10.2119378906
10.1815995838
10.1848040908
10.0723637205
10.16851473
10.0211748727
9.99058390999
10.0924303053
9.96533625141
10.1161996117
9.84071295435
10.0377277242
10.0833081968
10.1603602563
9.79730983097
10.0465420534
10.0632882761
10.017657431
10.0661414403
10.1787787832
10.2710114046
10.0222087006
10.1369520351
10.0697067587
10.2178797725
10.0297027996
10.2263713035
10.0803304039
9.98587934516
10.0438132815
10.4200172728
10.2254937465
10.2935441747
10.229051375
10.3100158072
9.99411088028
10.2015792506
10.247155369
10.0915249328
10.0957924068
10.2790780983
10.2885341089
10.0744369599
10.1344408046
10.0086627971
10.2280942872
10.1398327449
10.1597821318
10.2012593722
10.4163838926
10.2734892521
10.2015792506
10.2092533264
10.1366301173
10.2089336885
10.1635714598
10.0935295771
10.0449178737
10.266562486
10.1441603179
10.3373260248
10.3452069524
10.0399137494
9.91609612551
10.3585805304
10.2450533786
10.1656260978
10.0331509701
10.1307050028
10.1651124772
10.0809373624
10.0041624475
10.0779345842
10.1491130425
10.1899932534
9.87877374452
10.0184391914
10.2067598847
10.0029881103
10.1369520351
10.1369520351
10.1798687306
10.158176058
10.1801251719
10.0726876923
10.3100158072
10.422209217
10.3409240702
10.1252679164
10.0087932118
10.0237144797
10.3960009409
10.1395913761
10.2676431149
10.233261498
10.2653545896
10.1091650718
10.4300338287
10.0794239445
10.0449178737
10.0336713457
10.3290125917
10.2556226601
10.177688719
10.249193251
10.3464764902
10.354169238
10.2015792506
10.1158770335
10.3152052509
10.2575316093
10.1960839444
10.2222221884
10.3533497911
10.1070989561
10.0213051246
10.0141387538
10.1594609374
10.1395913761
10.2067598847
10.3148888961
10.1236724838
10.2456266915
10.2386810755
10.1109080286
10.0181134653
10.2657996206
10.1853167183
10.3901609227
10.3488101408
10.2819983315
10.2413499599
10.4361642217
10.4163838926
10.2141105923
10.224009706
10.213918902
10.2399558534
10.2830773383
9.97894914396
10.0237144797
10.1844115929
10.1620302088
10.1669742283
10.310648806
10.1369520351
10.1369520351
10.2763475645
10.2116183366
10.0882907961
10.2400195881
10.0184391914
10.2315951981
10.1633788162
10.3853231536
10.1006396206
10.0947580333
10.2766015983
10.1255499111
9.99659207639
10.0986202309
10.2062483341
10.0184391914
10.2709478622
10.3802945118
10.1579190626
10.0465420534
9.88055734298
10.2410392898
10.1205211685
10.2887719837
10.0984425053
10.1688356385
10.2316669583
10.1737122011
10.1804457144
10.2238182012
10.1532277543
10.2070795907
10.233261498
10.1098752016
10.1637721264
10.2077189728
10.0683456043
10.1832019633
10.2008115255
10.3853231536
10.1751875423
10.1669742283
10.2819983315
10.1992119126
9.95384408828
10.1485342773
10.2280942872
10.16851473
10.1231647934
10.1573407992
10.0465420534
10.0307438817
10.0610181358
10.1532277543
10.0188381915
10.2116183366
10.0768336112
10.3411134063
10.0350372033
10.2746961921
10.4947218582
10.0614722049
10.4282190419
10.2885975427
10.2510954393
10.3411134063
10.2067598847
10.2452444864
10.4018376804
10.1635714598
10.2623660247
10.2280942872
10.4332871389
10.1026424563
10.2639081057
10.170311687
10.2269456636
10.3633048314
10.374068193
10.3451517516
10.1928109505
10.2133438092
10.3464764902
10.0877085414
10.1485342773
10.1027635828
10.3634937586
10.123293733
10.3816147661
10.3893443145
10.4113075673
10.3733761491
10.3423124546
10.3223522826
10.4019631657
10.5024225368
10.094111496
10.0824020051
10.2222221884
10.3789112082
10.1161996117
10.2167938802
10.1853167183
9.84157508549
10.2207536366
10.3031769418
10.4189524478
10.0336713457
10.104774071
10.087773238
10.2229244647
10.2089336885
10.0101869132
9.91609612551
9.94757227639
10.1091650718
10.2868212485
10.126774483
10.041473744
10.1668458426
10.1639567361
10.1633788162
10.1296903016
10.0607586586
9.98587934516
10.087773238
10.0124441348
10.1001873124
10.2160113273
10.0974084033
10.0570603809
9.9803224906
10.0643258839
10.1635714598
10.21845461
10.2452444864
10.0621208394
9.93976182825
10.1696940189
10.1400419266
9.96586016804
10.195499844
10.0087932118
10.1430665333
10.2269456636
10.233261498
10.4123731741
10.4038452636
10.2819983315
10.218007517
10.0264487216
10.0724852111
10.3253866928
10.1716431558
10.2547953385
10.1570195276
10.1193603346
10.1705041993
10.3568792545
10.2099564948
10.0494649154
10.2160272984
10.3634307833
10.135849424
10.3360001134
10.16851473
10.1899932534
10.2885341089
10.1979960389
10.3634937586
10.1654976951
10.1656260978
10.2337079246
10.0714646442
10.2280942872
10.2502120401
10.2020270636
10.16851473
10.3802945118
10.0880967149
10.2490181365
10.2364498322
10.3085597624
10.3087496929
10.4658269785
10.087773238
10.1970360363
10.466450554
10.2077189728
10.2119378906
10.4565312978
10.2437792351
10.1567625029
9.88418960352
10.2091254725
10.1107143815
10.1701833435
10.0826851988
10.1419082798
10.293163749
10.044982846
10.227711427
10.1205211685
10.2819983315
10.1805098217
10.2160272984
10.3262083588
10.2562510618
10.1737122011
10.1737122011
10.1071635286
10.1477625391
10.1415865193
10.0687345243
10.3634937586
10.1107143815
10.1254854559
10.2860598856
10.1688356385
9.97692147723
10.0124441348
10.0284012951
10.0715861457
10.1465405003
10.1532277543
10.2067598847
10.195435831
10.286773665
10.1853167183
10.1791634838
10.1908258359
10.2512943926
10.2922126231
10.2885341089
10.2443526193
10.3013952422
10.0228680155
10.4560319671
10.3365052426
10.2386810755
9.9803224906
10.218837817
10.2533951036
10.4539719758
10.2185184788
10.3534364664
10.2178797725
10.3047604162
10.3731244854
10.2547953385
10.391919553
10.4812807034
10.2214560138
10.2599491018
10.3037470207
10.3118672194
10.0259930664
10.0464770913
10.2836485314
10.1465405003
10.0324354095
10.2204982147
10.266562486
10.1976120487
10.2512943926
10.3876323699
10.2992488748
10.2214560138
10.2067598847
10.2612848401
10.0324354095
10.31533179
10.1976120487
10.1374027029
10.0618613906
9.95126205622
10.0768336112
10.0086627971
10.1798687306
10.2070795907
10.1098752016
10.1205211685
10.2237703244
10.2534587547
10.0934649174
10.1156834816
10.02623717
10.1374027029
9.98712104279
10.105032418
10.2271371099
10.0399137494
10.0521921531
10.1415865193
10.1805098217
10.1597821318
10.0101135654
10.0190254717
10.1737122011
10.0957277616
10.1270806029
10.0345819381
9.93976182825
10.066943747
10.6799611537
10.0150999967
10.2354934362
10.1369520351
10.1477625391
10.1538062519
9.97502425456
10.1465405003
10.2361310435
10.1413291035
10.3666420391
10.090619479
10.1107143815
10.2502120401
10.3227316326
10.2437792351
10.1579190626
10.224009706
10.2089336885
10.3799172655
10.035386768
9.93720076592
10.0307438817
9.97986472938
10.0553729955
10.0184391914
10.4407909087
10.1966520099
10.3112184717
10.2229244647
10.2837119953
10.2364020146
10.2337079246
10.0846673317
10.4623966486
10.346918032
10.0935295771
10.2978546844
10.0935295771
10.3583915136
10.2067598847
10.0990241411
10.1643500239
9.92537191475
10.0215004993
10.229051375
10.2767921195
10.1798687306
10.158176058
10.3299366369
10.2257809552
10.2637650358
10.3125080154
10.018634622
9.94744105902
10.2599491018
10.0618613906
10.1193603346
10.2653545896
10.1544489884
10.2141105923
10.31533179
10.3650601477
10.2599491018
10.0768336112
10.0485556716
10.1532277543
10.0924303053
10.0683456043
10.1964599913
10.0796991283
10.18909655
10.0422617741
10.2066959423
10.236577345
10.2246480293
10.1751875423
10.1858933935
10.2279028589
10.1369359395
9.82577946933
10.126774483
10.1459133442
10.3138764957
10.2710114046
10.1688356385
10.2725363046
10.1001873124
10.0184391914
10.371488522
9.96605662967
10.0935295771
10.1349801277
10.087773238
10.0025966339
10.2599491018
10.2836485314
10.1319289517
9.86892512559
10.1635714598
10.0586988208
10.0824667358
10.2040020041
10.2709478622
10.3634307833
10.3360001134
10.0553729955
10.249193251
10.170311687
10.1478911662
10.1579833121
10.1899932534
10.2386173324
10.1288204767
10.2121935265
10.1255499111
10.0059236949
10.2837119953
10.1231647934
10.1737122011
10.1970360363
10.3368840732
10.1858933935
10.0315815489
10.1176188339
10.2386810755
10.3138764957
10.4170730793
10.1751875423
10.1158125166
10.3999552191
10.2280942872
10.3772761571
10.2351108528
10.3535389
10.266562486
10.1400419266
10.1107143815
10.4126865671
10.490430028
10.0932709357
10.3199494083
10.3247466961
10.3736907203
10.2624932154
10.0665952782
10.2244565365
10.0194163062
10.4560319671
10.0570603809
10.1107789309
10.1049032453
10.2198197194
10.1751875423
10.2714561905
10.2502757111
10.2167938802
10.1956278689
10.2502757111
10.2721551008
10.0947580333
9.98614076802
10.1514840273
10.3923591641
10.0086627971
10.1081966327
9.98712104279
10.0449178737
10.4518491359
10.0350372033
10.0557786429
10.1532277543
10.1456399564
10.2443526193
9.83819244554
10.0499195064
10.281680955
10.2948755542
10.2222221884
10.1435169294
10.2344652109
10.3426910726
10.1656260978
10.3948708709
9.98025709742
10.2547953385
10.3339161947
10.0882907961
10.2762046678
10.1341832073
10.1553889172
10.3141928815
10.0410837681
10.2666260555
10.2022189774
10.123293733
10.1338612015
10.1283855363
10.2015792506
10.0477113002
10.1956278689
10.1105368685
10.0853791863
10.2015792506
10.1395913761
10.1205211685
9.97502425456
10.2477285643
10.3031769418
10.0190254717
10.158176058
10.2722742285
10.0464770913
10.3484317467
10.2685329591
10.3390305182
10.2978546844
10.1907617935
10.3694746743
10.1005103917
10.1426161171
10.1549551147
10.1220687401
10.2066959423
10.114909237
10.4322862284
10.0974084033
10.2185184788
9.99058390999
10.213918902
10.4332871389
10.2567521647
10.1833942319
10.0284012951
10.2730445543
10.3299366369
10.0935295771
10.3488101408
10.0932709357
10.1597821318
10.1867263111
10.3253866928
10.126774483
10.4166345112
10.1848040908
10.2922126231
10.2167938802
10.4128745984
10.4383996677
10.1225845446
10.1815995838
10.3464764902
10.236975812
10.3299366369
10.2763475645
10.4217082418
10.4062287657
10.2089336885
10.1848681706
10.1500132782
10.1107789309
10.1374027029
10.1230922641
10.3961264967
10.3731244854
10.4518491359
10.1467977838
10.254858981
10.1970360363
10.3856373628
10.1181993675
10.1690923579
10.1315021968
10.4571554277
10.3483686797
10.1848681706
10.16851473
10.0254071936
10.018634622
10.2167938802
9.89422091609
10.3220361469
10.2361868323
10.0449178737
10.1491130425
10.158176058
10.0069020318
10.2609668229
10.2502757111
10.1833942319
10.1148447139
10.293163749
10.3241066597
10.1633788162
10.1635714598
10.1665890664
10.2695498296
10.2246480293
10.2280942872
10.4113075673
10.1635714598
9.98614076802
10.2802050257
10.3574463775
10.4852650641
10.2437792351
10.2406569135
10.2666260555
10.2024108876
10.2040739583
10.2885975427
10.3500082975
10.0337363908
10.299122138
10.3867684375
10.1735839005
10.0134870112
10.2869481368
10.1691565368
10.449663409
10.1110451929
10.213279908
10.2487315789
10.3138764957
10.1148447139
10.2152606591
10.2922126231
10.2882803698
10.2851081028
10.5996059384
10.3840033708
10.3248178088
10.3426910726
10.1480841038
10.2878997494
10.0768336112
9.93030231511
10.2027946972
10.4498507749
10.2229244647
10.2846004493
10.1278055866
10.4603223127
10.0785821592
10.4269672807
10.4649539103
10.1554772821
10.3910402751
10.2178797725
10.2280942872
10.2769191316
10.2121935265
10.1673834468
10.2819983315
10.330757941
10.3535389
10.2400195881
10.2967138427
10.3250074403
10.2836485314
10.3464764902
10.2316669583
10.1844115929
10.3910402751
10.3138764957
10.5883938377
10.1688356385
10.2885975427
10.1172317931
10.470814543
10.5923610128
10.4621471262
10.3736985844
10.3087496929
10.1366301173
10.3199494083
10.2454992914
10.3694117353
10.2386810755
10.581179785
10.4140027148
10.3198861673
10.3973819709
10.3840033708
10.1374027029
10.083631817
10.3680269797
10.2116183366
10.2008115255
10.3568792545
10.1225845446
10.5293034426
10.0935295771
10.2020270636
10.2067598847
10.2027946972
10.0569305921
10.1430665333
10.3110285867
10.3360001134
10.1254854559
10.1361794151
10.356981654
10.0284012951
10.170311687
10.2878997494
10.1833942319
10.1409429676
10.1430665333
10.249193251
10.1386258432
10.1752516827
10.2764190122
10.3999552191
10.3900352948
10.4380401528
10.2008115255
10.4716871226
10.2819983315
10.2547953385
10.2767921195
9.95170473786
10.3020366896
10.1705041993
10.1049032453
10.4166345112
10.1220687401
10.2092533264
10.249193251
10.4995713799
10.2967138427
10.2792685735
10.2450533786
10.4418456939
10.3036836801
10.1919785302
10.1665890664
10.2204982147
10.254858981
10.2498936794
10.3816147661
10.3496299472
10.1098752016
10.2529574909
10.2868212485
10.3898468502
10.0726876923
9.8884145544
10.3098892028
10.218007517
10.4565937125
10.1440959809
10.2280942872
10.2237703244
10.2636378608
10.4217082418
10.3360001134
10.3651309838
10.2091254725
10.1688356385
10.1919785302
10.2067598847
10.1374027029
10.4319265028
10.2400195881
10.1805098217
10.2653545896
10.1579833121
10.3167868791
10.3192537351
10.2666260555
10.3311369824
10.3960009409
10.2123453074
10.3148888961
10.3977585835
10.4406033802
10.310648806
10.3498821822
10.4995713799
10.2152606591
10.2763475645
10.3579504608
10.4627085432
10.0707356045
10.4108687563
10.224009706
10.254858981
10.4554701915
10.2238182012
10.2695498296
10.3379573514
10.170311687
10.1557986026
10.4909510503
10.2780621705
10.3442054058
10.2173687787
10.4269672807
10.2731716128
10.0728172781
10.3200758894
10.2305187358
10.1915943132
10.2137112333
10.0289869931
10.1999157732
10.3464764902
10.346918032
10.1158125166
10.3678381351
10.1930030379
10.3138764957
10.363178878
10.2599013936
10.3961264967
10.0391986709
10.1200697489
10.224009706
10.2406569135
10.3488101408
10.0913470822
10.2653545896
10.4484142169
10.3645013124
10.2062483341
10.2077189728
10.1660754945
10.346918032
10.3410897395
10.1307050028
10.2015792506
10.2685965165
10.1205856554
10.0715861457
10.1853167183
10.1878714616
10.4799107295
10.3152052509
10.2819983315
10.3799172655
10.0284012951
10.3087496929
10.1278055866
10.2246480293
10.2454992914
10.3484317467
10.3086626419
10.3781566013
10.256259016
10.2607760079
10.1374027029
10.0583581771
10.2229244647
10.4436659243
10.3087496929
10.2123213421
10.2517400339
10.1745461159
10.4923584588
10.3150154392
10.1647272448
10.315355516
10.3318950235
10.4282190419
10.0324354095
10.083631817
10.2027946972
10.1660754945
10.1673593756
10.4753013208
10.2354934362
10.3082352896
10.1278055866
10.3312001546
10.2555590224
10.3290520825
10.3248178088
10.0411487651
10.0723637205
9.9852911187
10.0850556223
10.2208973086
10.3518367955
10.4649539103
10.201131418
10.1930030379
10.0574497374
10.3141928815
10.3152052509
10.1150382818
10.281680955
10.565563325
10.2585495703
10.5082700361
10.2504030518
10.2024108876
10.3517737492
10.2070795907
10.0521921531
10.2976883195
10.2354934362
10.2451170816
10.1477625391
10.2529495342
10.170311687
10.4431034836
10.1510420213
10.1532277543
10.183546442
10.2386173324
10.1656260978
10.0932709357
10.3110285867
10.2676431149
10.1098752016
10.1899932534
10.1522635183
10.0934649174
10.3483056123
10.2819983315
10.2664830235
10.3738794584
10.0123789515
10.2167938802
10.1386258432
10.2183268711
10.0897786277
10.1801251719
10.3613051402
10.1049032453
10.444290823
9.99215160603
10.1751875423
10.2246480293
10.2167938802
10.0059236949
10.2451170816
10.0399137494
10.3164073104
10.1415865193
10.2836485314
10.293163749
10.4050998064
9.9440287997
10.1860215391
10.3353055205
10.433725007
10.2336042916
10.0021398921
10.3413658491
10.1477625391
10.2280942872
9.95839175396
10.1415865193
10.142937845
10.1751875423
10.087126253
10.3366867673
10.2027946972
10.3112184717
10.2280942872
9.99215160603
10.2942415854
10.4852650641
10.3098892028
10.3951847915
10.0504390138
10.1047982913
10.3666420391
10.0614722049
10.1931951216
10.0779345842
10.1001873124
10.123293733
10.0687345243
10.2417402758
10.2066959423
10.1541276252
10.3087338655
10.1091650718
10.2116183366
10.444290823
10.1372739428
10.3100158072
10.2915784903
10.2767921195
10.2286525993
10.1249053401
10.0991291551
10.3164073104
10.1209080836
10.4094268186
10.2299445762
10.1635714598
10.1426161171
10.2534587547
10.444290823
10.430096402
10.195435831
10.1332815652
10.3633048314
10.1361794151
10.3207082712
10.2780621705
10.0984425053
10.3353055205
10.3136233801
10.2885975427
10.3374680766
10.1956278689
10.0351672753
10.195435831
10.2653545896
10.416697165
10.3467918791
10.1751875423
10.1651124772
10.2731716128
10.3248178088
10.3109652909
10.1424230755
9.95839175396
10.4717494469
10.2116183366
10.0737891184
10.2551055919
10.3093194636
10.2386173324
10.3068502299
10.4397282026
10.3517737492
10.170311687
10.3138764957
10.2731716128
10.3138764957
10.4148800542
10.2836485314
10.3898468502
10.0990241411
10.0504390138
10.363178878
10.2819983315
10.301023026
10.1970360363
10.1361794151
10.3900352948
10.3327793346
10.2077189728
10.2653545896
10.0184391914
10.3907262292
10.1579190626
9.98587934516
10.3634937586
10.4436659243
10.1848040908
10.1635554063
10.0683456043
10.0505039503
10.0069020318
10.0449178737
10.4040961843
10.2769191316
10.0704196709
10.3248810197
9.95963687855
10.5099700926
10.2685965165
10.3949336558
10.374068193
10.2222221884
10.1798687306
10.2575952349
10.1529063525
10.2280942872
10.2689857967
10.3588955508
10.1424230755
10.2885975427
10.0134218346
10.201131418
10.2607760079
10.2555590224
10.2840293091
10.0574497374
10.3621554498
10.082531466
10.449101291
9.98254560361
10.1527135065
9.97829510294
9.98712104279
10.3948708709
10.1791634838
10.1705041993
10.1754681536
9.9754822379
10.0150511221
10.3960009409
10.2769191316
10.0671787541
10.1424230755
10.3036836801
10.0908781883
10.1538062519
10.3190560921
10.3379573514
10.4217082418
10.2634470955
10.2868212485
10.2391910057
10.256259016
9.99659207639
10.3053937379
10.3914171176
10.3819055138
10.3409240702
10.2386810755
10.1981240325
10.2178797725
10.3312001546
10.3199494083
10.2682151665
10.0573848457
10.1619017606
10.449663409
10.1515563538
10.3164073104
10.3036836801
10.3910402751
10.1205211685
10.2062483341
10.1895449116
10.3299366369
10.2178797725
10.3409240702
10.1754681536
10.12612999
10.3583915136
10.0957277616
10.1751875423
10.0957924068
10.2769191316
9.96926495497
10.2417402758
10.0486855686
10.0805731917
10.4014612154
10.127483378
10.1635714598
10.065233703
10.1751875423
10.0990241411
10.1336679931
10.0839958772
10.2540315977
10.1148931062
10.2547953385
10.1151028037
10.0850556223
10.254858981
10.2767921195
10.2337079246
10.4555950332
10.253904302
10.2335166013
10.1145301581
10.2547953385
10.3445839545
10.3085597624
10.0741130443
10.0529063073
10.2819983315
10.1200697489
10.0990241411
10.2685965165
10.4074046347
10.3087496929
10.2121935265
10.3368209358
10.2116183366
10.2504030518
10.2364498322
10.2495116335
10.2356847226
10.527071801
10.2523129729
10.2406569135
10.3840662214
10.095921696
10.2062483341
10.3059003672
10.3685305486
10.0704196709
10.2763475645
10.2820618057
10.2980448124
10.1673834468
10.127483378
10.3862029156
10.3199494083
10.0097712682
10.1205211685
10.2222221884
10.5453449431
10.2183268711
10.1263233422
10.2364020146
10.3368209358
10.0399137494
10.1113598572
10.1324442543
10.363178878
10.281680955
10.3668938603
10.3948708709
10.0887436376
10.2201789284
10.2547953385
10.2167938802
10.2062483341
10.2922126231
10.1805098217
10.082531466
10.4332245848
9.95642545073
10.1937073272
9.8441444515
9.97829510294
10.0661414403
10.4166345112
9.99809355385
10.126774483
10.333853039
10.3551146732
10.5696394085
9.9948291846
10.023388925
10.1145301581
10.2547953385
10.1738405001
9.86383171693
10.1956278689
10.1480841038
10.3968170262
10.0934649174
10.0425542231
10.3100158072
10.0539531009
10.5895648867
10.1440959809
10.2008115255
10.2437792351
10.1042573572
10.449101291
10.2047774835
10.0396537267
10.1098752016
10.2573964038
10.1915943132
10.0999934598
10.1633788162
10.1848040908
10.2178797725
10.0086627971
10.254858981
10.0535554945
10.1907617935
10.1579833121
10.4175586153
10.2885341089
10.1774322163
10.3900352948
10.1752516827
10.3368840732
10.0076846324
10.4753013208
10.1091650718
10.3413658491
10.0748175473
10.3036836801
10.3579504608
10.1956278689
10.1908258359
10.2008115255
10.5122441673
10.1975480489
10.3694117353
9.82637724447
10.23797988
10.2935441747
10.3784710275
10.2733621975
9.96998504936
10.2653545896
10.2832042728
10.3622341786
10.1049032453
9.97096691245
10.0826851988
10.4970847256
10.3520889768
10.0934649174
10.2669438974
10.2066959423
10.2963969198
10.3500082975
10.170311687
10.1480841038
10.2007635407
10.3484317467
10.218007517
10.1791634838
10.3220361469
10.3814261686
10.2335166013
10.213279908
10.1151028037
10.224009706
10.2134955729
10.229051375
10.1409429676
10.2391910057
10.1200697489
10.2335166013
10.2062483341
10.301023026
10.2555590224
10.1867263111
10.3360001134
10.0786064424
10.0521921531
10.1875591606
10.2408481034
10.2996924413
10.2780621705
10.4419785111
10.1278055866
10.249193251
10.2280942872
10.0691315314
10.2279028589
10.1522635183
10.1477625391
10.114909237
10.2437792351
9.93240520771
10.201131418
10.044982846
10.1098752016
10.1760453869
10.1113598572
10.0965034771
10.0661414403
10.1467977838
10.1176188339
10.3435744606
10.3310106368
10.2280942872
10.1200697489
10.3784710275
10.1632664391
10.1254854559
10.1804457144
10.2836485314
10.1798687306
10.223179826
10.3031769418
10.320012649
10.1751875423
10.1801251719
10.2074552326
10.3258291365
10.1899932534
10.0449178737
10.1071635286
10.2229244647
10.1579833121
10.5145410267
10.3893443145
10.1255499111
10.2478718581
10.233261498
10.1254854559
10.3087496929
10.218007517
10.1737122011
10.3085597624
10.0984425053
10.2982983109
10.2351108528
10.1541276252
10.2214719763
10.2335166013
10.1619017606
10.2386173324
10.1791634838
10.104774071
10.2222221884
10.1588827617
10.4518491359
10.0521921531
10.0994199575
10.1172317931
10.3899096654
10.3037470207
10.2406569135
10.2279028589
10.2454992914
10.2978546844
10.1200697489
10.1814713826
10.0707356045
10.1579190626
10.2464547534
10.254858981
10.2948755542
10.2498936794
10.1189733603
10.2437792351
10.0801361695
10.466450554
10.1848040908
10.0509584943
10.3312001546
10.3467918791
10.3192537351
10.3085597624
10.3110285867
10.2229244647
10.3059003672
9.94429132275
10.1205211685
10.1361391728
10.3443946819
10.2134716104
9.99182502297
10.2354934362
10.2062483341
10.1964599913
10.4238998305
10.1737122011
9.98986530041
10.2198197194
10.1899932534
10.2386810755
10.224009706
10.105161589
10.1554772821
10.2709478622
10.1597821318
10.3736278068
10.1848681706
10.3368209358
10.3207082712
10.2935441747
10.2878997494
10.3685305486
10.3248810197
10.3520889768
10.2229244647
10.281680955
10.0662143799
10.2878997494
10.4467900439
10.1597821318
10.2197319108
10.3148888961
10.2767921195
10.0523220031
10.3031769418
10.2178797725
10.1120617652
10.363178878
10.229051375
10.1899932534
10.1635714598
10.2307739075
10.4387904308
10.3258291365
10.2624932154
10.4170730793
10.2278629776
10.1588827617
10.3322108576
10.1804457144
10.2015792506
10.1522635183
9.99221692136
10.151234899
10.3192537351
10.0882907961
10.2116183366
10.3204790372
10.087773238
10.1908258359
10.2868212485
10.0456325451
10.2980448124
10.1510420213
10.2828869336
10.1374027029
10.3036836801
10.1874390422
10.2335166013
10.1956278689
10.0999934598
10.1751875423
10.2372148847
10.0778698244
10.2866943586
9.92359637096
10.4113075673
10.1499650533
10.216155066
10.2354934362
10.0046843309
10.1254854559
10.195435831
10.1372739428
10.1263233422
10.1205211685
10.150591959
10.356981654
10.1091650718
10.2077189728
10.3534758641
10.4772948275
10.087773238
10.3496299472
10.4678222895
10.1082611982
10.3634937586
10.2071435307
10.2288679402
10.0140735814
10.2086140405
10.0007695415
10.2167938802
10.3192537351
10.5079594938
10.1899932534
10.4815297703
10.3162807844
10.3374680766
10.5143548136
10.3411134063
10.2868212485
10.1386258432
10.1801251719
10.3500082975
10.2454992914
10.3220361469
10.1644944931
10.3442054058
10.213918902
10.4597763664
10.4863231554
10.2710114046
10.3517737492
10.1656501731
10.4007709941
10.293163749
10.2648380116
10.3192537351
10.3138764957
10.1737122011
10.249193251
10.1964599913
10.0850556223
10.3910402751
10.2830773383
10.2167938802
10.2280942872
10.0796991283
10.1752516827
10.346918032
10.0485556716
10.2634470955
10.2555590224
10.3068502299
10.3753263364
10.2885578967
10.2951925239
10.0388248596
10.2450533786
10.2259245566
10.3949336558
10.1970360363
10.2280942872
10.16851473
10.338904269
10.4636441714
10.1522635183
10.0824667358
10.2828869336
10.2036262352
10.3484317467
10.1255499111
10.1937073272
10.2361310435
10.3645013124
10.1225845446
10.3411134063
10.0942569705
10.1481484156
10.0330859212
10.1956278689
10.0683456043
10.3141928815
10.3036836801
10.4454780275
10.3640605197
10.218007517
10.2518832717
10.293163749
10.1880716495
10.2386810755
10.3961264967
10.082337274
10.1757647915
10.2504030518
10.2338354715
9.90536222509
10.1151028037
10.2834184713
10.0606289175
10.3248178088
10.3840033708
10.5041701386
10.3738794584
10.2008115255
10.1798687306
10.2119378906
10.6505883938
10.2727745497
10.0069020318
10.2685965165
10.2555590224
10.082531466
10.249193251
10.1798687306
10.1036760226
10.1633788162
10.3426910726
10.422209217
10.1981240325
10.0080106979
10.2978546844
10.2876459947
10.0336713457
10.1205856554
10.2437792351
10.195435831
10.3248810197
10.3085201931
10.1635714598
10.1934512276
10.266562486
10.2653545896
10.2178797725
10.2406569135
10.1532277543
10.5090774032
10.2259245566
10.3487549592
10.302480136
10.0880967149
10.1833942319
10.1798687306
10.1633788162
10.2066959423
10.4717494469
10.2685965165
10.5026167291
10.2832042728
10.2719883197
10.2452444864
10.1323154311
10.1419082798
10.2133438092
10.3220361469
10.3339161947
10.2676431149
10.2609668229
10.3389595032
10.3231741901
10.16851473
10.2669438974
10.1970360363
10.3192537351
10.0719101425
10.2036262352
10.3484317467
10.1598704585
10.0086627971
10.2876459947
10.1254854559
10.1480841038
10.444290823
10.3517737492
10.3426910726
10.4671364442
10.1579190626
10.4395250258
10.2517400339
10.3192537351
10.3152052509
10.0984425053
10.3840033708
10.2967138427
10.2338354715
10.1633788162
9.91524047398
10.1255499111
10.0105536445
10.2504030518
10.2819983315
10.0724285157
10.1751875423
10.2335166013
10.1966520099
10.2454992914
10.2582553264
10.2262436635
10.1635714598
10.1757006543
10.2454992914
10.3001359886
10.254858981
10.0391986709
10.0182437571
10.2022189774
10.2599491018
10.2257809552
10.433725007
10.2937343823
10.4332871389
10.2062483341
10.1449966618
10.1200697489
10.2780621705
10.1522635183
10.0553729955
10.2523129729
10.2454992914
10.0932709357
10.1254854559
10.4466650971
10.1527135065
10.3031769418
10.4597139707
10.5183886937
10.4380401528
10.376458535
10.1283855363
10.170311687
10.1001873124
10.2786971371
10.2183268711
10.3037470207
10.2647664834
10.2677702402
10.3520889768
10.5895648867
10.3622341786
10.5196916167
10.3738794584
10.1036760226
10.1956278689
10.0669194356
10.0027760625
10.2114905122
10.2653545896
10.114909237
10.1651124772
10.3207082712
10.082337274
10.2518832717
10.16851473
10.4908033003
10.1964599913
10.3220361469
10.4280312873
10.4292203426
10.0932709357
10.1419082798
10.3585805304
10.223179826
9.91304341504
10.1372739428
10.1579833121
10.2066959423
10.1205856554
10.4166345112
10.2335166013
10.0897786277
10.2609032183
10.3138764957
10.2923394449
10.2832042728
10.2386173324
10.2493206052
10.1001873124
10.3053937379
10.3672086281
10.4113075673
10.195435831
10.2062483341
10.2214719763
10.1612594955
10.4013984699
10.3192537351
10.2335166013
10.0801361695
10.2685965165
10.2116183366
10.2373423879
10.1424230755
10.1361794151
10.2323845319
9.97476254036
10.2498936794
10.2454992914
10.4380401528
10.4554701915
10.1588827617
10.2386173324
10.1247119608
10.1956278689
10.1712822327
10.1848681706
10.3138764957
10.0629640017
10.2229244647
10.1651124772
10.3634307833
10.3164073104
10.3311369824
10.1860215391
10.23797988
10.256259016
10.3248178088
10.2335166013
10.3488101408
10.2401470563
10.16851473
10.2351108528
10.3244385354
10.1906977507
10.474927496
10.2802050257
10.2354934362
10.1853167183
10.2598854908
10.2780621705
10.0932709357
10.3158379312
10.1936433029
10.4062287657
10.293163749
10.1609544054
10.2024108876
10.2609668229
10.422209217
10.1690923579
10.2337079246
10.4013984699
10.2178797725
10.1269033767
10.2408481034
10.5419404882
10.4443767437
10.470814543
