1.27789127117
1.28170125197
1.28179319228
1.28360503544
1.28378056104
1.28372908768
1.28198081441
1.28256821497
1.28224618914
1.28384541346
1.28356054774
1.2836694826
1.28409289998
1.28340556326
1.28297489806
1.28234238231
1.28170364566
1.28165977215
1.28160954351
1.28213990843
1.28162933936
1.28144706727
1.28177664036
1.28116290857
1.28125423935
1.28179812415
1.28139012844
1.2816937788
1.28102893357
1.2817899687
1.28116892028
1.28104761567
1.28093829656
1.28116570749
1.28048417112
1.27925511937
1.27925419978
1.27837143842
1.27835408967
1.2775325018
1.27772482079
1.27675309335
1.27732788891
1.27744286528
1.27779201862
1.27718747558
1.27846061128
1.27927951345
1.27862379077
1.27857466212
1.27777306849
1.27684638413
1.27684940562
1.27650420234
1.27508673423
1.27536695351
1.2743314076
1.27428188512
1.2738213689
1.2747160537
1.27759332837
1.27898327129
1.27980082422
1.27997234412
1.28092801432
1.28095785676
1.28221475073
1.2826387508
1.28421839963
1.28486866496
1.28598919115
1.28547472793
1.28496754697
1.28267947853
1.28295186081
1.2821805604
1.2827633193
1.28191124731
1.28123920939
1.27983256096
1.27914957993
1.27678160779
1.27585784761
1.27558346596
1.27356134658
1.27409590241
1.27503209452
1.27594399128
1.27667444323
1.27753601554
1.27927858357
1.28035809222
1.28041815851
1.2799790117
1.27962152452
1.27994374734
1.28030638054
1.27903030138
1.27882899257
1.2785097574
1.27633087159
1.27640116574
1.27652468838
1.27580260961
1.27636000562
1.27590298717
1.27626401656
1.27617453269
1.27502685735
1.27496337594
1.27425211007
1.27349209239
1.2730704362
1.27170827453
1.27127651995
1.27031602404
1.26945893643
1.26992208268
1.26919750616
1.27032393263
1.27034326009
1.26985647164
1.26983031247
1.27111527153
1.27110311381
1.27239254412
1.27276979713
1.27417864125
1.27545633888
1.27511310767
1.27575702628
1.27597106747
1.27523712169
1.27451199276
1.27405673377
1.27167149229
1.27048206801
1.26973312423
1.26865538337
1.26813525861
1.26780036998
1.26620702347
1.26707293505
1.26685187589
1.2676251769
1.26841699069
1.26935918447
1.27077326154
1.27137066213
1.27299960922
1.27380470271
1.27526308736
1.2749712181
1.27583907743
1.27609765105
1.27626247477
1.27581328162
1.27488094431
1.27513135577
1.27394280037
1.27261149316
1.27256919047
1.27190036824
1.27203140081
1.27101637705
1.27179697811
1.27055661118
1.26978435343
1.26894486892
1.2683201486
1.2682330329
1.268651022
1.27023981912
1.2698652542
1.27107534361
1.27136353027
1.27252550613
1.27270775003
1.27323007497
1.27315281792
1.27452817316
1.27628479005
1.27700975407
1.27659657585
1.27719693977
1.27714773375
1.27820954331
1.27891556237
1.27973217538
1.28155557365
1.28210247604
1.28332121302
1.28377113734
1.28808293743
1.2897765253
1.28860950537
1.28848423611
1.28916636586
1.28931550915
1.28927609649
1.28940957107
1.28947183337
1.28977212261
1.28874957059
1.28893908097
1.28979561661
1.29053886498
1.29058403595
1.29038529544
1.28973107932
1.28949750018
1.2883916652
1.2875494364
1.28779857403
1.2882506337
1.28775145118
1.28780164449
1.28746384656
1.28778974335
1.2874664987
1.28704493998
1.28617216011
1.28410721549
1.28443353462
1.28472697519
1.28596988989
1.28653639208
1.28735105899
1.28834073132
1.28832902151
1.2892305211
1.28934544367
1.28911335172
1.28921992734
1.28913717255
1.28863673522
1.28910916313
1.28759133411
1.2865798365
1.28457335151
1.28447486216
1.2847256499
1.28415142089
1.28390376938
1.28301292346
1.28273960656
1.28247350245
1.28250142204
1.28270632551
1.28234875129
1.28352913877
1.28386798376
1.2853547332
1.28519630601
1.28623021345
1.28745676057
1.28828329631
1.28878882684
1.29058481488
1.29165855714
1.29375241963
1.29439511189
1.29595290747
1.29666714537
1.2964261211
1.2968289556
1.2981951678
1.29944140402
1.29999169265
1.29990545052
1.29868411493
1.29763363761
1.29704889407
1.29598983411
1.29674332782
1.29631807443
1.29643699519
1.29717913154
1.29619319383
1.29502399511
1.29493824379
1.29530228278
1.29579607074
1.29547715337
1.29590022629
1.29533743923
1.29487618292
1.29579725012
1.2950008211
1.29558027798
1.29582014838
1.29623769534
1.29455835805
1.2949762624
1.29483877572
1.29415598948
1.29326463193
1.29332938026
1.29132702944
1.29139193242
1.29010514137
1.28894224397
1.28862028323
1.28724971888
1.28526099224
1.28493270985
1.28446334198
1.2839684237
1.28252579863
1.28357246906
1.28305823987
1.28406686568
1.28431537597
1.2853547283
1.28561437341
1.28679411303
1.2873958243
1.28788523429
1.28935664125
1.29084671638
1.29119093415
1.29257374071
1.2931934955
1.29351908605
1.29279691712
1.29416237776
1.29316826459
1.29250863829
1.2913364893
1.29251564847
1.29232545068
1.29136500719
1.29210226205
1.29183233227
1.29038936579
1.290667564
1.28980502926
1.28997263969
1.28930665092
1.28873334719
1.28782852312
1.2872571619
1.28715822911
1.28678867311
1.28679849997
1.28664537319
1.28648258645
1.28681699587
1.28659552572
1.28593220831
1.28434886129
1.28291278924
1.28159078005
1.28060644926
1.28047728975
1.27945307314
1.27765425586
1.27768579702
1.27756747058
1.27766811387
1.27760889239
1.27726046725
1.27722102812
1.277160611
1.27935238656
1.27975995721
1.28079772287
1.28244276524
1.28382284718
1.28539287998
1.28669670125
1.28883466669
1.28873712859
1.29022925765
1.29063689236
1.29172361833
1.29149091274
1.29186866919
1.2913099822
1.29119141214
1.29030264282
1.28901723974
1.28887331543
1.28694589965
1.28712560816
1.28554815976
1.28550926886
1.28457745739
1.28382872289
1.283926694
1.28297683522
1.28291048674
1.28219294565
1.28180889351
1.28140642637
1.28077005642
1.28023330065
1.28125498324
1.28252328171
1.2817438152
1.28194464656
1.28167922625
1.28190576876
1.28227028347
1.28167155682
1.28462901958
1.28552590472
1.28634014751
1.28685636506
1.28819788413
1.28935389644
1.28880583625
1.28951789931
1.29087263632
1.29145884027
1.29109718882
1.29166447527
1.2914938347
1.29206822685
1.29148419292
1.29086359965
1.29034574155
1.2885425079
1.28618170736
1.28477406696
1.2804356711
1.27701949915
1.27454605842
1.27041068203
1.26805080915
1.26387149899
1.26172892701
1.26216352028
1.26317354976
1.26339791019
1.26546721581
1.26745555599
1.28047688875
1.28791841432
1.29320789536
1.29940683131
1.30326999932
1.31153741638
1.31180721849
1.3120389734
1.30963114338
1.30576700752
1.29933363198
1.29412132628
1.28808931519
1.28509408204
1.27419659151
1.27132815722
1.26488483729
1.26089276959
1.25889799158
1.25831635893
1.25950582538
1.26032041889
1.26254620932
1.26475036339
1.27081044393
1.27722973475
1.28172935465
1.29006657942
1.31037082416
1.3137494622
1.31646636423
1.3178552526
1.3175923924
1.31635606884
1.3140363208
1.31081504167
1.30613773669
1.30242080657
1.29755876433
1.292934758
1.2881219683
1.27409614196
1.27010613875
1.26725963909
1.26599927936
1.26475939211
1.26586285519
1.26834769275
1.26899246895
1.27449744115
1.27567031383
1.28084954502
1.28494661669
1.29951208402
1.30425465241
1.31450369726
1.31636618398
1.31524425273
1.31503904657
1.31416499713
1.31252500871
1.30913747209
1.30430716367
1.30081188719
1.29641698515
1.29286450436
1.28862831982
1.28596486111
1.28306874235
1.27925487698
1.27667235787
1.27535465963
1.2749173368
1.27465830193
1.27598472618
1.27724266985
1.27943290465
1.28139566597
1.28474294404
1.28834931661
1.28925239951
1.29223656447
1.29499057439
1.29595099605
1.29910476862
1.29972980282
1.3003382912
1.30094216455
1.29946503649
1.29947518493
1.29858386769
1.29825825318
1.29678424462
1.29116469536
1.28950068994
1.2868232402
1.28669307632
1.28639619355
1.28664270293
1.28693775776
1.28763376749
1.28746092194
1.28928977179
1.28971315204
1.28978162302
1.29138794672
1.2924252714
1.29277231105
1.29330289977
1.29392762131
1.29289530226
1.29413037746
1.29456810293
1.29402978634
1.29430169258
1.29434696264
1.29372486601
1.29345299556
1.29370434161
1.29309716423
1.2937873377
1.29303536681
1.28907630157
1.28940148175
1.28957233112
1.28880641217
1.28847191871
1.28966453575
1.28957827875
1.28926719955
1.28975587526
1.29110718274
1.29118084323
1.29177258207
1.29176865944
1.29185364774
1.29398654244
1.29329676799
1.29555379518
1.2965981322
1.29650191675
1.29719562356
1.29758068468
1.29786703981
1.2981210502
1.29857034473
1.29905519272
1.29865645756
1.29846625241
1.2996195193
1.29861131297
1.29893597547
1.29878816938
1.29871867439
1.2985264859
1.29837283631
1.29754824184
1.29688935606
1.29597434318
1.29631369862
1.29494713813
1.29445518648
1.29468744757
1.294381437
1.29560673762
1.29571788126
1.29548045214
1.29472993714
1.29053517003
1.29048308679
1.28930792499
1.28888765199
1.28796326103
1.28798663031
1.29059970123
1.2923380109
1.29209718004
1.29230737564
1.29331882288
1.2963075138
1.29699378192
1.2978378007
1.29722905986
1.29798183821
1.29705725813
1.29574402119
1.29577566567
1.29523176846
1.29482675822
1.29359883997
1.29259342887
1.29218492215
1.29172848466
1.29163103879
1.29153699563
1.29246146041
1.29389859878
1.29583973333
1.29642344611
1.29736226222
1.29808856071
1.29818788615
1.29885801139
1.29839675899
1.29841266154
1.29922758341
1.29781589855
1.29671710659
1.29626037461
1.29632049122
1.29603856039
1.29631448943
1.29543202171
1.29654570441
1.29559555245
1.29603613834
1.29581517884
1.29642723556
1.29705916503
1.2983176695
1.29824620336
1.29969324808
1.30011974009
1.30098372642
1.29985679586
1.30109100707
1.30130722573
1.30129427414
1.3046721331
1.30576412742
1.307363144
1.31032974356
1.31003469844
1.31133567912
1.31248536942
1.3116464356
1.31147401837
1.31053597731
1.31123257316
1.31153082824
1.31216994309
1.31329462376
1.31352284256
1.31355884865
1.31506624582
1.31646069728
1.31777611449
1.31867896279
1.32066285855
1.32205063868
1.32337101112
1.32468306942
1.32511232395
1.32481022125
1.3225784179
1.32075203984
1.31831318497
1.31493038989
1.311990942
1.30940893024
1.30753383205
1.30479394104
1.30689748323
1.30839577845
1.31204468546
1.31362922363
1.31937437089
1.3220772036
1.32283261558
1.32393479092
1.32490405202
1.32359034853
1.30543737709
1.30364386611
1.30026134345
1.29925478431
1.30055159954
1.30281320433
1.30559152528
1.3098031954
1.31264678764
1.3159943285
1.31868333154
1.32162607765
1.32420971243
1.32545443112
1.32529094233
1.32520505037
1.32235965807
1.32062451571
1.31756878853
1.31277554223
1.30915854707
1.30607779649
1.30395467392
1.30230786733
1.301562287
1.30036379166
1.30067524316
1.30332352167
1.3041376597
1.30774902946
1.31153467519
1.31657873423
1.32052367156
1.32666852508
1.33098131975
1.33595146458
1.33665402312
1.33624076363
1.33263188359
1.32953866144
1.32477950709
1.32135230598
1.3166262042
1.31339073821
1.3092709763
1.30623327718
1.30392488748
1.30170732369
1.30448273139
1.30799055841
1.3131508929
1.32163693211
1.32958865831
1.33584695762
1.34049535625
1.34384375548
1.34499965734
1.34549631216
1.34481489647
1.34415929225
1.34195649219
1.34014405101
1.33729764246
1.33185481576
1.32666647936
1.32217058954
1.31998102859
1.31681860602
1.31606937414
1.31770896202
1.31915094409
1.32026126435
1.32089507987
1.32144681373
1.32246671056
1.32080802451
1.3197515047
1.31687206096
1.3151206703
1.31425383157
1.31260411932
1.31341547067
1.31342100419
1.31500205178
1.3168190901
1.31841428164
1.3221779561
1.32556775728
1.32919319817
1.33117644971
1.33240900863
1.33272699933
1.33367375586
1.33678451869
1.33956980201
1.34235231337
1.34342541521
1.34145552637
1.33618808221
1.33174875785
1.32872771842
1.32704084403
1.3267363632
1.32769871979
1.32748356763
1.32835689554
1.32618975375
1.32072721872
1.32012640474
1.31694304641
1.31688558625
1.31846318207
1.31928516139
1.32056256047
1.32235105576
1.32499235151
1.32665522736
1.33128043115
1.33509864915
1.33711501069
1.33955190087
1.33915862088
1.3389418576
1.33926220542
1.33843074608
1.33784047755
1.33783680919
1.33697714712
1.33441363487
1.33350532415
1.33268691509
1.33310131887
1.33452666215
1.33510414631
1.33441214054
1.33332938957
1.33098025128
1.32919745975
1.32492124605
1.32316597709
1.32190688805
1.32076492553
1.32022749025
1.31922510302
1.31941442829
1.32110150946
1.32091352379
1.3233539986
1.32445828704
1.32564184099
1.32643751965
1.32761295395
1.33031194068
1.33211218067
1.33210425123
1.33340325793
1.33204536356
1.33219953503
1.33194539995
1.33111783613
1.33249069572
1.33479588939
1.33589773886
1.34420671474
1.34250496668
1.34127973087
1.3416709139
1.34135822961
1.3414620416
1.34154298383
1.33859907194
1.33623223643
1.33059780421
1.32819364905
1.32633538791
1.32673456112
1.32941588677
1.3307450729
1.33500870792
1.33778889145
1.34332062015
1.35030405358
1.35661176634
1.35898291514
1.36093792956
1.36134218736
1.36293641667
1.36449829229
1.36750230624
1.36944996818
1.37017927392
1.36603984518
1.36101181621
1.35421738058
1.34918610026
1.34375228943
1.33846858668
1.33685865772
1.33424026055
1.33191457097
1.33074330759
1.32844658148
1.32878717097
1.3289986606
1.33054134416
1.33421625788
1.33846405166
1.34488770057
1.35070247738
1.35607798598
1.36026668007
1.36276992701
1.3652212404
1.36718649471
1.36898185909
1.37067833205
1.36941968664
1.36935716531
1.36264808654
1.36057119442
1.35372240005
1.34856778227
1.34410008461
1.33459528464
1.3336873807
1.3338633105
1.33525717123
1.33759392732
1.33865294879
1.34317892036
1.34529665111
1.35006135601
1.36601783992
1.36425621623
1.36088400041
1.35395277968
1.34884966883
1.34445970351
1.33911627744
1.33459882237
1.31794544346
1.31548511682
1.31281233147
1.31413890594
1.31648899183
1.32166416939
1.32907756613
1.3414710675
1.35100724895
1.36211294417
1.36670928566
1.37694333603
1.37964001236
1.38161594972
1.38277922079
1.3803592083
1.37588335803
1.36705695184
1.3589591943
1.34573137602
1.33535457153
1.32196358104
1.31227274396
1.30658806834
1.30350372347
1.30362570735
1.30550816153
1.30858976085
1.31529682459
1.32445938576
1.33276672126
1.34561678159
1.35551978205
1.37007533644
1.38049621374
1.3922051771
1.4008584514
1.4056206356
1.40302584372
1.39454746083
1.38536913999
1.37333033607
1.35995321561
1.3501133157
1.33597064601
1.32735596209
1.31831687112
1.31253641251
1.31059426291
1.31112400698
1.32047302694
1.32531443409
1.33886097749
1.34939229169
1.36035954655
1.36783717589
1.37954395577
1.38835005235
1.39885292045
1.40582097026
1.40989603191
1.40786052411
1.40284301719
1.39216312811
1.3830173843
1.37019730805
1.36185736232
1.34453487413
1.33833989602
1.33359128897
1.32965801496
1.32672832172
1.32656806411
1.3290734396
1.33620764958
1.34198393088
1.35001263125
1.35466232808
1.36129787903
1.36595578283
1.37207734237
1.37799066452
1.37863051145
1.37772310362
1.3774959947
1.37275319757
1.37178198976
1.36606289653
1.36233578763
1.36204190045
1.36323015264
1.36509705807
1.36672882879
1.36820173379
1.36819571434
1.36967032622
1.37068021186
1.37312219154
1.37281153826
1.37317328516
1.36788064655
1.36308092455
1.35475688393
1.34852469031
1.34675562712
1.34485623884
1.34448620936
1.34226406875
1.34111256732
1.34071481831
1.34287062258
1.34574403692
1.35090723604
1.35510135579
1.36252107031
1.36733777123
1.37436695774
1.37967828582
1.38423800299
1.38781203033
1.38722183056
1.38275839867
1.37770642765
1.36931826699
1.36740527148
1.35898284379
1.35762052167
1.35076338759
1.34497823315
1.33988889252
1.33884992027
1.34080953885
1.34418259387
1.35179514829
1.35675145723
1.36367102261
1.38901670791
1.3977198026
1.40340904308
1.40807096351
1.40906908387
1.40711514585
1.40342239953
1.3979502732
1.39119703829
1.38557478563
1.37891470365
1.37201984939
1.36822499924
1.36131704737
1.35791066871
1.35675938047
1.35890309719
1.36270391851
1.36801528861
1.37199033198
1.37612913474
1.37740997534
1.37884430965
1.3797733977
1.37952201404
1.37929222946
1.38082294813
1.38170141854
1.38227239721
1.38250812654
1.38200212762
1.38269168544
1.38521969895
1.38783321651
1.3991269927
1.39900256647
1.39716746047
1.39485273635
1.39263405356
1.39269789642
1.39050185275
1.38919526362
1.38774510706
1.38476789392
1.38189242504
1.37802066494
1.3751613052
1.37474544138
1.37717269916
1.38027680894
1.384437513
1.38656365417
1.38815470302
1.38803939602
1.38998300845
1.39299447856
1.39618492408
1.40141071107
1.40631991647
1.40973607404
1.40969641861
1.40743933013
1.40649671861
1.40156434938
1.40034019354
1.39814693243
1.39631158159
1.39376075142
1.39259993972
1.39111432927
1.39019457329
1.3903059181
1.39187977
1.39456623802
1.39768437344
1.40881423294
1.40555490619
1.40179992078
1.39788906604
1.39339066834
1.39100126923
1.38958653657
1.38808847978
1.38797960051
1.38730077979
1.38585139661
1.38491355844
1.38509971873
1.38646844631
1.38916777401
1.39175713452
1.39378904743
1.3970050183
1.39728526832
1.39769307755
1.3981252149
1.39929296814
1.40117203242
1.40311850227
1.40398354883
1.40366959415
1.40220816934
1.39963463764
1.39908185492
1.39843094414
1.39839127978
1.39933490227
1.40037941508
1.40197611774
1.40127563553
1.40128564293
1.40142897124
1.39913810288
1.39804320312
1.3957718964
1.3948930106
1.39345094138
1.39383909552
1.39364497992
1.39588107013
1.39638897415
1.39573668121
1.39398167085
1.39368542465
1.39174398332
1.39049872474
1.3903940497
1.3907070153
1.39182390644
1.39211229917
1.39266969337
1.39540832924
1.39952694404
1.4021107652
1.4060197832
1.40781442741
1.40951126867
1.41085302461
1.415033989
1.41852380797
1.42318302661
1.42350217917
1.42028925259
1.41740243311
1.41363708722
1.4100075938
1.40776043869
1.405942585
1.40307004294
1.40061660891
1.39639307191
1.39440191344
1.39328467273
1.39631070313
1.39931342658
1.403036441
1.40643276614
1.40943604101
1.4117456499
1.41297259667
1.41395609584
1.41488187729
1.4162734074
1.41698379155
1.41826668645
1.41805519929
1.41541862665
1.41462567747
1.41245430126
1.41051588672
1.40939626632
1.40971390845
1.41063822868
1.41259472055
1.41513812367
1.41784412582
1.41977881177
1.42131430971
1.42197226041
1.42293309337
1.42251976602
1.42263225335
1.42119384833
1.41931628699
1.4166805308
1.41115507305
1.40724865997
1.4004769591
1.39638899956
1.39028350776
1.38789991618
1.38539680854
1.38495451203
1.38506391554
1.38990583556
1.39307344021
1.39972659112
1.40692068649
1.41146023281
1.41684945657
1.42134998504
1.42489462451
1.4281050547
1.42688493185
1.42633883257
1.41827716381
1.4164874854
1.40893093432
1.40364259872
1.40184175098
1.40065328682
1.39850425148
1.39802345883
1.42754673439
1.42949420331
1.43115439045
1.43234754652
1.43190359947
1.43107064179
1.43103475511
1.42765911481
1.42321330396
1.41628824829
1.40989990461
1.40316706737
1.39672501974
1.39400494542
1.39195636028
1.39303454753
1.39424898298
1.39693276785
1.39958542676
1.4032470295
1.40602342453
1.40988417418
1.41275691444
1.41883896873
1.43100349833
1.43783135837
1.43855879989
1.43788844113
1.43673188171
1.4353391066
1.43377165293
1.43169611064
1.43001189789
1.42571942893
1.42205636658
1.4182514425
1.41370344691
1.41210698609
1.41437526637
1.4168746142
1.41893115801
1.41841005696
1.41828859689
1.41886603021
1.41946649717
1.42134881309
1.42325059458
1.42428006145
1.42560177861
1.42508997576
1.42421700577
1.42199143556
1.4214823555
1.42104109426
1.42029812075
1.41888321458
1.41933473106
1.41987636399
1.42037391512
1.42372671152
1.42723666133
1.42973273893
1.43193599154
1.43318017643
1.43691859662
1.43812846771
1.43897852977
1.43981322179
1.43951058473
1.43768742493
1.43723215406
1.43536685529
1.43194896969
1.43026834574
1.42844129771
1.42611597913
1.42623787188
1.42544423208
1.42477586676
1.42586737102
1.42556788517
1.42727480848
1.42876675904
1.42891404259
1.43053951858
1.43309933442
1.43579221236
1.43716288771
1.44186281248
1.44366066596
1.44685569955
1.4484605252
1.44179107668
1.44059639846
1.43829181618
1.4367053597
1.4295415224
1.4286684897
1.42357802948
1.42436332451
1.42782182789
1.43119840054
1.43450895692
1.43658021349
1.43882900264
1.43940212426
1.44090187236
1.44460231105
1.44924108727
1.45219557632
1.45470608873
1.45511501672
1.45302698425
1.45111338122
1.4463957879
1.44500718313
1.44369144913
1.4438600083
1.44687901748
1.4482905914
1.44953657959
1.45181581925
1.45308271912
1.45477639651
1.45801039609
1.46712777793
1.47087444678
1.47196578094
1.47146469582
1.46982352423
1.46773387857
1.4675728587
1.46884302907
1.46743752041
1.46668095595
1.46101978579
1.45906611548
1.45161760175
1.44571396408
1.44232780314
1.44051962042
1.44046885409
1.44195444915
1.44541689243
1.44828223832
1.45141749119
1.45309193875
1.45554431101
1.45770218972
1.46032273142
1.46237596307
1.46610242366
1.46911389263
1.47109293276
1.46939866704
1.46767786224
1.46575738961
1.46449989834
1.4654803256
1.46617453143
1.46693892025
1.46723724798
1.46663425242
1.46333429856
1.45976273782
1.45603162911
1.45113476761
1.44761017602
1.44558758334
1.44481295869
1.44472187854
1.44406253038
1.44550379769
1.44637193101
1.44619622532
1.44858841659
1.45042360606
1.45122092568
1.45563492058
1.46071446193
1.4635191914
1.46711635081
1.46894652385
1.47021999564
1.46973306039
1.47164666632
1.4725634552
1.4729418725
1.47053537185
1.46692441645
1.46126783635
1.45727515654
1.45341249819
1.45195286822
1.45017788251
1.44897442755
1.44763203314
1.44720793936
1.44597041935
1.44512541721
1.44434846819
1.44254569305
1.44156971125
1.43987679309
1.43951442322
1.44101188507
1.44437166598
1.45033220306
1.46061841582
1.46281146282
1.46471058809
1.4704003863
1.47202522702
1.47228231429
1.46772178324
1.46117439268
1.45448700523
1.45067008235
1.44621184678
1.43945928388
1.43851232099
1.43483522163
1.43402593561
1.44432140136
1.44883052889
1.45466927002
1.45961987363
1.46451819716
1.47091203488
1.47484331172
1.47723295469
1.48045013432
1.48079415432
1.47967515232
1.47944926588
1.47757472293
1.47481517955
1.47019799258
1.46574694502
1.46045711534
1.45439777086
1.44994048249
1.4455511415
1.44307206399
1.44116977297
1.44000703662
1.44081877536
1.4411857173
1.44885718742
1.45117644954
1.45919901366
1.46632016754
1.47333493593
1.47765409456
1.48174093465
1.48488840848
1.48802854087
1.48809147658
1.49098699347
1.4903302837
1.48974471543
1.48629903699
1.48467564744
1.47938059769
1.47563779688
1.47040468022
1.46318866328
1.45800159473
1.45240816497
1.44999498248
1.44766750644
1.44601810732
1.44749295319
1.44721585056
1.44862530207
1.44937843333
1.4525610578
1.45798204497
1.46407292328
1.47296529623
1.48182497618
1.48754488151
1.49259560841
1.49455616501
1.49559892191
1.49640375742
1.49843750781
1.49793356088
1.49791845498
1.49795992675
1.49513373373
1.49064740801
1.48454608806
1.48080952879
1.47542407482
1.47179742017
1.46804368915
1.46583033018
1.46453343196
1.46028754443
1.45990206804
1.45692472625
1.45659706632
1.45918954761
1.46239031652
1.46990358795
1.47457159028
1.47918768976
1.47943078192
1.48003262141
1.4829733636
1.48550063473
1.4863395459
1.48828366324
1.48651013907
1.48274420857
1.47717127915
1.46954416548
1.4636515878
1.45714887358
1.45292650204
1.45186990531
1.44763492954
1.44601324524
1.44260723219
1.44163578152
1.44160716994
1.44438609457
1.45581062005
1.46105395676
1.47451092253
1.48453586102
1.48977438083
1.49260783399
1.49280864101
1.49278777455
1.49052816155
1.48923312747
1.48405513764
1.4782911026
1.47229384248
1.46415651776
1.45689862459
1.44774317443
1.4399186718
1.43211412382
1.42596103381
1.42279757468
1.42020000214
1.4199282537
1.42059092627
1.4238321128
1.42904606346
1.43951539182
1.44906480517
1.46328689855
1.47391286445
1.48452527328
1.48980693465
1.49344919047
1.49351222692
1.49302471414
1.49347687136
1.49159250609
1.48728016306
1.4831240113
1.47189088305
1.46910245214
1.45309935662
1.45140754359
1.44574910615
1.44438714242
1.44585168812
1.44724797961
1.44960358149
1.45046159816
1.45416244498
1.45879271866
1.46693138575
1.47762394756
1.50040013968
1.50337840995
1.50481181893
1.50360349966
1.49793923669
1.49533099684
1.48963080644
1.48558855546
1.48089077661
1.47621936254
1.47057151984
1.46472438199
1.46241117687
1.46285740076
1.46523570502
1.47219091903
1.47733144042
1.48350631213
1.48690830539
1.4877973276
1.48725971163
1.487658067
1.48918129772
1.48978417357
1.49008627472
1.48967499061
1.48138369377
1.4706717317
1.46394999764
1.45856963484
1.45719450482
1.45688638633
1.45780672807
1.4599107062
1.4620599904
1.46561525628
1.47033979093
1.47346811532
1.47937814909
1.48534025807
1.49260688457
1.49939182562
1.5059917642
1.51176779936
1.51475703106
1.51544965239
1.51526154133
1.51138284841
1.50596953971
1.49899676915
1.48975031606
1.4829180812
1.47533745754
1.47235948484
1.46617231919
1.46449395007
1.46112300968
1.46125971258
1.4616943829
1.46372781939
1.46615895955
1.46963943962
1.4732411825
1.4800655357
1.48189211763
1.49572393643
1.49934669512
1.50617556421
1.51096428065
1.51272654486
1.51322929399
1.51220046796
1.51128250342
1.50985054963
1.50805826148
1.50551869242
1.50163200891
1.49772205231
1.49238377885
1.4902177115
1.48756687983
1.48651835184
1.48579595303
1.48431022692
1.48276962818
1.48016276911
1.48010202818
1.4810246388
1.48169394442
1.48420963006
1.48566263295
1.48713202195
1.4886287903
1.48984318007
1.4893442674
1.48934143061
1.48941653354
1.48929234049
1.49030597668
1.49098026027
1.49096197272
1.49080703138
1.48979421062
1.49102349459
1.49009501361
1.49173856385
1.49165230746
1.49199559906
1.49417327474
1.49765125957
1.49842405968
1.50160963299
1.50303023767
1.47052944577
1.47015642244
1.46935241446
1.46888049839
1.48437178805
1.48787876732
1.4929001362
1.49399321075
1.49506881748
1.4954646399
1.49792270707
1.50081875295
1.5027294775
1.50454755812
1.50584612553
1.50413695108
1.50451450735
1.50279884988
1.50294768187
1.50088018177
1.5010900864
1.50144648505
1.49983698031
1.50182872099
1.50262833828
1.50435570013
1.50615214618
1.50760699391
1.508348109
1.50808706826
1.50748252985
1.5074144614
1.50779290363
1.50753342141
1.50770378925
1.50739483906
1.507818115
1.50633898809
1.50500976043
1.50414202746
1.50245194305
1.501390124
1.50282735883
1.5036234108
1.50472151146
1.50842270083
1.51134030453
1.51374112324
1.51558148431
1.51585530819
1.51587187598
1.51575224075
1.513041594
1.51127017505
1.50851070386
1.50632154242
1.50293513832
1.50254160204
1.49906240618
1.49801278834
1.49508359591
1.49085768266
1.48755252678
1.48715575878
1.48906357437
1.49374176107
1.50284173709
1.51024009809
1.51826678031
1.52412837163
1.52802376357
1.53070151027
1.53400725422
1.53489568145
1.53534199238
1.53269972794
1.52368026225
1.517768143
1.5145102949
1.5119109127
1.51035778282
1.50969331489
1.50841412516
1.50813277328
1.50750590275
1.50844858725
1.51122080954
1.51155384561
1.51239002389
1.51284129197
1.51354065495
1.5127274086
1.51246437736
1.51188023674
1.51050125251
1.50851156099
1.50863908439
1.50445716702
1.50591780966
1.50536175672
1.50734772983
1.5102758958
1.51217772145
1.51468302946
1.51657070321
1.51914633916
1.52182370321
1.52412796362
1.52591388321
1.52752310268
1.52944067641
1.532369719
1.53395059812
1.53489970762
1.53575632748
1.53370706687
1.52748267541
1.52612923882
1.52557931173
1.52521888744
1.52413244032
1.52107508511
1.51741629832
1.51314590442
1.51026148714
1.50750898314
1.50590572991
1.50496461993
1.50457299599
1.50307617359
1.50165791196
1.50206060519
1.50121390055
1.50122116796
1.50101551152
1.50195318311
1.50563420152
1.50757214207
1.5111697829
1.51404658326
1.5162430403
1.51902471632
1.52289657627
1.52578484937
1.53054409468
1.53125812448
1.53213454429
1.5307762668
1.52946110749
1.52871092641
1.52831467174
1.5265991683
1.52499929589
1.52149305479
1.51744483685
1.51532838611
1.51402468355
1.51364181979
1.51439124224
1.51555895179
1.51530581475
1.513930145
1.51267735512
1.51299026664
1.51482525657
1.51758061077
1.52031256472
1.5229196597
1.52358460808
1.5239670085
1.5225722044
1.52183605398
1.52087749242
1.52054352509
1.51904114311
1.51794997845
1.5174158485
1.51771619981
1.51803557704
1.51834785668
1.51979175711
1.52115659956
1.52256127806
1.52488183846
1.52785912205
1.52971669591
1.53429015264
1.53705370436
1.53999418096
1.53975206168
1.54077343685
1.54002807084
1.53925841531
1.53674873506
1.53455905104
1.53260350571
1.52955223377
1.52689647388
1.52379715199
1.52060209977
1.51637380808
1.51401323113
1.51148303799
1.51143126257
1.51214078024
1.51478656763
1.51842557532
1.52060978789
1.52346088318
1.52570993612
1.52751097813
1.52931666043
1.53232103984
1.53536955354
1.53950742431
1.5409883082
1.54501228753
1.5458961329
1.54597187664
1.54622546967
1.54487830038
1.5436904999
1.5418251156
1.54051279181
1.53719462199
1.53427044002
1.5299122496
1.52727580077
1.52541456747
1.52366893535
1.52339227518
1.52484112251
1.52435607964
1.52619459364
1.52836317183
1.53070643597
1.533446002
1.53667590239
1.54006453717
1.54312857127
1.54523442058
1.54763880765
1.54766050288
1.55005603628
1.5515903566
1.55203315925
1.55090627252
1.54839162884
1.54570905215
1.54318838501
1.54008672728
1.53960164327
1.53941409426
1.53989591931
1.54006050611
1.54078771535
1.54245077763
1.54464089776
1.54611647924
1.54821297065
1.54853541916
1.54964616156
1.54869206864
1.5494198305
1.54865704565
1.54925197636
1.54966152567
1.54993574308
1.55079298122
1.55175719781
1.55263603613
1.55145929116
1.5522810027
1.55443332492
1.55778436047
1.56263983349
1.56925039275
1.57171304295
1.57439740194
1.57421231336
1.57348787305
1.56373273782
1.55932338558
1.55260647957
1.54917992078
1.54342249696
1.53894867279
1.53600556996
1.53505422267
1.53423137587
1.53470582905
1.5377129883
1.54243032678
1.54448182512
1.55416475843
1.55758676396
1.56591724254
1.57366671671
1.5800666799
1.58495731565
1.58909901916
1.58935760469
1.5867976033
1.58243568708
1.57520260923
1.56549481563
1.54690329118
1.54003243724
1.53462891461
1.52727286378
1.52051261011
1.51737828915
1.51583588869
1.51828742963
1.52341759221
1.53043966953
1.54091513855
1.55190216571
1.55812074969
1.56601422424
1.56971726354
1.57301989008
1.57424030484
1.57354383306
1.57222726976
1.56811360035
1.56094261688
1.55565742447
1.5466752044
1.54130320034
1.53592905599
1.53481339496
1.5334299253
1.53578464211
1.53888014822
1.54452070143
1.54906500378
1.55284731351
1.55817201026
1.56390703268
1.57208415127
1.57656772315
1.57992861991
1.58003762658
1.5773352586
1.56976971133
1.5636221274
1.55570254616
1.54968276569
1.54197003428
1.53363382388
1.52857692586
1.52443866139
1.52196009764
1.52217621888
1.52348399801
1.5288432234
1.53523888994
1.54017376419
1.54935522073
1.55610488341
1.56754295384
1.57599564355
1.58529153965
1.58960778928
1.58968566384
1.58673776911
1.58212435161
1.57638270162
1.5724787362
1.56522081957
1.56162061524
1.54811923651
1.54575008031
1.53706376803
1.5335944335
1.53106053878
1.53027211418
1.53094028315
1.53507835503
1.5433805689
1.5526132752
1.56518490055
1.57816578022
1.58432594212
1.58623155791
1.58410465209
1.57866360743
1.57351895703
1.56827719573
1.5593607545
1.55280202356
1.54330366404
1.53622904484
1.52715330507
1.52142252778
1.51610784827
1.51425244333
1.51480607578
1.51826773544
1.52195169941
1.52869805931
1.53549034994
1.5454125062
1.55526446788
1.56097295603
1.56648894096
1.56828818201
1.5674868228
1.5648000207
1.55949523458
1.55737652277
1.54525312333
1.54128130291
1.53023618452
1.52039157893
1.51372556798
1.51126671279
1.51185511612
1.51320014914
1.51567735957
1.51902283886
1.52270707106
1.52949108955
1.53522175623
1.5440080189
1.5517189602
1.55979104562
1.56389358009
1.56584475349
1.56576781887
1.56390764685
1.56018659167
1.55776835023
1.55330067952
1.54820805314
1.54295558719
1.53870566566
1.53611113519
1.53304165917
1.53032288032
1.52926292415
1.52946471157
1.53265707915
1.53707882966
1.54417262765
1.55387200165
1.56069886595
1.567693279
1.57177648947
1.57503839785
1.57741255344
1.58359863045
1.58502838623
1.58662147077
1.58585190795
1.57969507299
1.57319662033
1.56202594217
1.55430191443
1.54437002507
1.53849985249
1.53009716206
1.52539634273
1.5237809742
1.52359791389
1.52406839964
1.52932067675
1.53385941663
1.54010493757
1.54925503285
1.55763878324
1.56845672197
1.57482624336
1.57986893787
1.58186209199
1.58199854484
1.58051069214
1.58037772503
1.57960479731
1.57793123033
1.57386464627
1.57067586973
1.56537437444
1.56079203669
1.55791863175
1.55795239717
1.55910026232
1.56172173396
1.56417432068
1.56560409398
1.56708161085
1.56708768967
1.56794969361
1.56938274327
1.57172355383
1.57441273213
1.57558296272
1.57673678249
1.57676981247
1.57587500455
1.57288971167
1.56865191825
1.56326457287
1.56144758339
1.55911414555
1.55810320741
1.55425645942
1.54980281262
1.54470124293
1.5411039887
1.53997632054
1.54308657998
1.54855575463
1.55509969348
1.55986596004
1.56510952794
1.56775505307
1.56844942611
1.56912420159
1.56806957509
1.56966556122
1.57048083747
1.57224452635
1.57263139496
1.57137412026
1.56579874948
1.56230512053
1.5603488601
1.55800982815
1.55767933492
1.55480745679
1.55525362577
1.55127870601
1.55070811816
1.55093352307
1.55255400829
1.55540327968
1.55971256726
1.56289562936
1.56502709329
1.56612806493
1.56648515648
1.56511554008
1.56466457982
1.56297008589
1.56133301146
1.56173780693
1.56106894873
1.56164476147
1.5610461161
1.56257789807
1.56437334841
1.5649077205
1.56588685841
1.56764949393
1.5700976429
1.57216170428
1.57216980031
1.57253209047
1.57206457552
1.57146196539
1.57236955955
1.5741537501
1.57379199418
1.57416291509
1.57307890435
1.57161307572
1.56996715316
1.56947942662
1.56865292789
1.56744525373
1.56452129486
1.5604592612
1.55810371737
1.55538231891
1.55599972888
1.55854625381
1.55938977854
1.56199087427
1.56559951428
1.57106808515
1.57154560287
1.57257330612
1.57259114355
1.57198734403
1.5712467219
1.5700370839
1.56819795415
1.56752611795
1.56733117506
1.56891705393
1.57068481652
1.5733097795
1.57556258259
1.57571350984
1.5763490576
1.57805388097
1.58043651046
1.58334807779
1.58412035867
1.58461656818
1.58371656828
1.58431524786
1.5844115744
1.58515327764
1.58457755783
1.58442986725
1.5827566889
1.58100137111
1.57871478779
1.57844075459
1.58115913277
1.58185855764
1.58229364497
1.58436049748
1.58525301233
1.58617181284
1.5874735156
1.58713701471
1.58569446396
1.58665645562
1.58661374549
1.58707917549
1.58560582023
1.58424458506
1.58276132331
1.58145268295
1.58171806886
1.58216836612
1.58289430032
1.58317901481
1.57977512509
1.58009254747
1.57942356312
1.57956815404
1.57773455965
1.57861279225
1.57946547784
1.58150694045
1.58492003971
1.58740629747
1.59193941467
1.59638693193
1.60157754166
1.60512996578
1.60745040551
1.60831758759
1.60768749945
1.60569734629
1.60321041295
1.60069323946
1.5986277008
1.59550432999
1.59214361151
1.59170539825
1.59202944357
1.59463634181
1.5971201718
1.59872619971
1.6022504516
1.60493477736
1.60541075587
1.60471593626
1.60451402334
1.60220825076
1.59882178501
1.59323575226
1.58754243486
1.58433234918
1.58042300944
1.57973363301
1.57684634649
1.57544413336
1.5741320501
1.57406101561
1.57404804273
1.5763468116
1.58403842193
1.58575900274
1.58680270949
1.58859405599
1.58958131309
1.59207042567
1.5918832828
1.5932150331
1.59422270245
1.59468005491
1.59571918245
1.59650553737
1.59742427715
1.59816545104
1.59855651655
1.59788675904
1.6003292561
1.60280839694
1.60306305694
1.6017878072
1.59849549033
1.59612766675
1.59431814779
1.5936055034
1.59222986681
1.59149816185
1.5887314278
1.58579646043
1.58417629233
1.58392169457
1.58417645668
1.58715910033
1.58930494588
1.59065258608
1.59409240071
1.59479627748
1.5970400199
1.59866484331
1.60086433506
1.60261741875
1.6035149779
1.60448536489
1.60505243464
1.60532734757
1.60288726851
1.59958780416
1.59708322638
1.59587577424
1.59431656823
1.59463627274
1.59370114465
1.59234826175
1.5898695281
1.58784622109
1.58600966126
1.58661209738
1.58753198121
1.58838369335
1.58975306369
1.58894278638
1.58860847376
1.589520696
1.59410369311
1.59190762867
1.5911645855
1.58890408776
1.58814445528
1.58958778124
1.59208816203
1.59679662065
1.59890658138
1.59837706077
1.59789173118
1.59701801106
1.59650762042
1.59563514607
1.59371022443
1.58943029645
1.58303947312
1.57850386697
1.56777046473
1.56640578448
1.5655586034
1.56529578744
1.56750738665
1.57071399639
1.57661139545
1.58153540889
1.59004812793
1.59905380789
1.60381189788
1.60979515695
1.61224108018
1.61594088149
1.61788739875
1.62039926427
1.61889953693
1.59235419441
1.58794244495
1.58777733228
1.582990559
1.58249325912
1.58220829031
1.5822751399
1.58449012832
1.58619837445
1.59056067031
1.59300539869
1.59620403783
1.60036615793
1.6052963574
1.60989454901
1.6131143526
1.61439828036
1.61523980661
1.61563948985
1.6156127419
1.61546877211
1.60182175755
1.59779213641
1.59763967145
1.59872295113
1.59999215641
1.60004641556
1.60038712408
1.59932435298
1.60009445102
1.60049839897
1.60706315208
1.60899727843
1.61351698606
1.6158585691
1.61639388677
1.61796184071
1.61817017961
1.61879872536
1.61785718239
1.6171836106
1.61558812016
1.61443914574
1.61333207855
1.61350755148
1.61039390401
1.60766816868
1.60234924769
1.59775288073
1.59556053003
1.59638407105
1.5967786509
1.59705033889
1.59539091764
1.59193704966
1.58891144394
1.58896676263
1.59921971212
1.60317377896
1.60784504373
1.60846742509
1.60721522494
1.60765838234
1.60784292147
1.60906780488
1.6086368112
1.60731576708
1.59944982388
1.59659425035
1.59481772323
1.59240446448
1.59274686458
1.59375949972
1.59392753318
1.59641759414
1.59840855653
1.60088345761
1.60448030246
1.60770034149
1.60894331228
1.61152733467
1.61330267517
1.61444422144
1.61683268786
1.61996068396
1.62100779587
1.62036192893
1.61735195938
1.61338440711
1.61055131433
1.60486998985
1.60089261761
1.59614327116
1.59214521671
1.58744362882
1.58477663926
1.58321193113
1.58235548369
1.58140029751
1.58026242741
1.58068419177
1.58423532999
1.5874426765
1.60778996518
1.62254006262
1.63403046387
1.64324156434
1.64750742491
1.65174273813
1.65301506121
1.65202131164
1.65074053782
1.64584272187
1.63712514219
1.62614216086
1.60815842056
1.59508175434
1.58034799228
1.57256866648
1.56709343123
1.56522828089
1.56646272137
1.56864137856
1.57295898118
1.58187030409
1.59046149029
1.60600877337
1.62077403688
1.63145065015
1.64936163513
1.65503192604
1.65685706109
1.65830630056
1.65413911342
1.64858052208
1.63790155949
1.63082328088
1.61927834329
1.61171998108
1.60059073564
1.59754928867
1.58207035016
1.57909035045
1.57356024831
1.57573576657
1.57929853448
1.58579008154
1.64098855499
1.63936255873
1.63250828803
1.62654125297
1.61887576487
1.61074195642
1.60699549478
1.60306451339
1.59973543782
1.59472846872
1.59252004938
1.5909009123
1.59266415972
1.59530353748
1.60096597885
1.60481608435
1.60732532708
1.60685390953
1.60497001855
1.60142571429
1.59954355353
1.59628806762
1.592760639
1.58836010667
1.58700795051
1.58352946507
1.58310373171
1.57920858865
1.57868668875
1.5761511119
1.57660815263
1.5789568598
1.58270708151
1.58889243873
1.5939258386
1.59761372605
1.60016805081
1.60166257086
1.60385683666
1.60618799834
1.61058517339
1.61161555172
1.60765077528
1.59926724818
1.58759486196
1.5762188047
1.57237973334
1.57258549624
1.57669848171
1.58384292148
1.5894385595
1.59610585082
1.60065062538
1.60501737293
1.61042546923
1.61661407621
1.62410629237
1.63101244965
1.63868822566
1.64313313762
1.64089044476
1.63448892088
1.62640654599
1.5899243824
1.58589215938
1.5730508718
1.57069113266
1.56466167503
1.56068713855
1.5573013199
1.55706497946
1.56092782631
1.56721584578
1.5791224159
1.58869491751
1.60263594326
1.6150576152
1.62378377903
1.63385532793
1.64028712517
1.64654228094
1.64880438354
1.64830577249
1.64196238292
1.63284694931
1.61894344231
1.60748569304
1.59252381027
1.58377778395
1.57422932075
1.56873918029
1.56459408385
1.56263889466
1.55967183239
1.55963910829
1.56184570556
1.56983711785
1.58053405028
1.59097883235
1.60629057982
1.61652956687
1.62527225893
1.63258371647
1.63789014962
1.63887718678
1.64094943339
1.64105513433
1.63753237435
1.6323735834
1.62237003682
1.6124842513
1.59673472905
1.58471748204
1.57214737662
1.56423992007
1.55831093168
1.55718001984
1.57253109916
1.58355007519
1.59554127184
1.60338806861
1.6133436878
1.61743192591
1.61846486323
1.61656734952
1.61289010482
1.60926462306
1.60741487569
1.60478832083
1.60204388225
1.59739035264
1.59272037375
1.58725403144
1.58320378437
1.58096744501
1.58258437825
1.58442299962
1.58810313414
1.59291393971
1.59823545051
1.59982303323
1.60748748223
1.60825020575
1.61129311119
1.61560225715
1.6173983247
1.6160345448
1.60962231404
1.60457074273
1.59909185642
1.59747790217
1.59765097125
1.59827774012
1.59843202649
1.5965388686
1.59366123081
1.58990611607
1.58899359571
1.58847693448
1.59117109915
1.59384706279
1.59718519393
1.59794554162
1.60068901539
1.60134450098
1.60203725186
1.60443543098
1.60516897652
1.6063206537
1.60748315221
1.60715485435
1.60781428223
1.60778247273
1.60672846696
1.60518623589
1.60186941764
1.59903681469
1.59508077572
1.59346077172
1.59344765337
1.59386687103
1.59347658025
1.59406962988
1.59305619904
1.59157469084
1.59358406127
1.59489958484
1.59882634008
1.60097739992
1.60313628812
1.60293529947
1.60298515883
1.60141795813
1.60199746283
1.60127354035
1.60179412008
1.60255884383
1.60086061644
1.59989367991
1.5996719719
1.59820653968
1.59845650253
1.59840499172
1.60061292902
1.601640092
1.6032224228
1.60266607522
1.60178819049
1.60090677735
1.60051385626
1.60063277865
1.60169053312
1.60294056688
1.6053824424
1.606765957
1.60965690542
1.61155293982
1.61470511552
1.6158992991
1.61869717179
1.61840355309
1.62196600701
1.62134497332
1.6224879609
1.62245066176
1.62111901175
1.6212131318
1.61992640059
1.61904424515
1.61809916428
1.61801372554
1.61757817969
1.61703929947
1.61699899241
1.61799166223
1.61844870562
1.62107878109
1.62184521471
1.6241655225
1.62520431143
1.625137439
1.62366026702
1.62286997632
1.62078449303
1.61842386229
1.61625145458
1.61434789441
1.61302346106
1.61299814539
1.61243353596
1.61255475271
1.61347279503
1.61450919488
1.61684879643
1.61791237861
1.61968351483
1.62030302066
1.62161159925
1.62276134807
1.62463008889
1.62507933229
1.62577346848
1.62621397771
1.62783428187
1.62715615456
1.62793070142
1.62763121758
1.62623550888
1.62533812359
1.62433532513
1.62359338949
1.62309147639
1.62361678931
1.62282728209
1.62241754779
1.62126474938
1.62090772153
1.61977370884
1.61909356232
1.61923806473
1.61900840906
1.61979120949
1.62067978464
1.62375494448
1.62593801409
1.6302071297
1.63185786258
1.63345574814
1.63396538736
1.63358192696
1.63472802332
1.63421712074
1.63372592024
1.63316339899
1.63239207478
1.63052132786
1.62969777374
1.62921332748
1.62876718754
1.62934519272
1.62814439718
1.62927465694
1.63077904859
1.6306485552
1.63294498912
1.6347771072
1.63554826154
1.63627546326
1.63730973385
1.63683417388
1.63768033102
1.63865213267
1.63973121777
1.63990792576
1.63938511111
1.64065612487
1.64189356199
1.64189613685
1.64173320911
1.64190102945
1.64115006198
1.64151235509
1.64087051452
1.64240473882
1.64323116714
1.64438246716
1.64358288611
1.64407399257
1.64326531678
1.64362886951
1.64250761655
1.64196259799
1.64076339479
1.63948328665
1.63896249023
1.63421587124
1.63201794169
1.6272567427
1.62660519539
1.62487585031
1.62501787643
1.62595050628
1.62589472427
1.62720311877
1.62899467102
1.63137475509
1.63846083633
1.64250628197
1.64664467164
1.64874304146
1.65184961895
1.65337268426
1.65399243156
1.65155405385
1.65038554989
1.64928354095
1.64696974523
1.64422394564
1.64155828455
1.63929777414
1.62607506316
1.62630359635
1.62991126593
1.633010018
1.63741204063
1.6423616664
1.64583180199
1.64906395137
1.65033737345
1.65132172769
1.65125683677
1.64995007966
1.64953773871
1.64477388202
1.64373233889
1.63871550181
1.63457751781
1.63194371783
1.62886490983
1.62734697979
1.62622720714
1.62275040715
1.62090470413
1.61949358621
1.62058746354
1.6286763045
1.6317051773
1.63271368839
1.63381504654
1.63459399251
1.63594810129
1.6385708815
1.64262795965
1.65134163905
1.65354695099
1.65514135608
1.65427362272
1.65503393864
1.65434930379
1.65136189228
1.64872132555
1.64499390264
1.63989231642
1.63615458296
1.63769247283
1.6375008296
1.64126216485
1.64297250608
1.64860562553
1.65025987424
1.65310342733
1.65436054483
1.65323451529
1.6524040417
1.65176562781
1.64967555502
1.64865508526
1.64770493618
1.64279387595
1.63786089504
1.63348161101
1.62828665564
1.62636408495
1.62498030558
1.62455545466
1.62482561831
1.62576089079
1.62728014786
1.62830882648
1.62855550105
1.63051981809
1.63152579783
1.63223413619
1.63347756918
1.63544815737
1.63759936704
1.63715530297
1.63753719152
1.63741649864
1.63784664918
1.63972390638
1.64123330104
1.64422008472
1.64473736481
1.64388906345
1.64106311729
1.63563197189
1.63353968443
1.62517164345
1.62300544786
1.62099231835
1.62078908182
1.6177821795
1.61750031275
1.61643322337
1.6152077486
1.61482601664
1.61453049234
1.61605483922
1.61842196234
1.62253448569
1.62466990872
1.62788607846
1.62691731661
1.6245241977
1.62141301264
1.61967274366
1.61893603281
1.61914969794
1.61717302476
1.61584695615
1.61349377118
1.61071681765
1.60882670924
1.60797216228
1.60919822012
1.61144981179
1.6127870603
1.61631091208
1.62104304459
1.62916031877
1.63255418043
1.6370514062
1.6405298899
1.64205388701
1.64212348396
1.64087713483
1.64135242932
1.63906447917
1.63775881691
1.63513858231
1.63348382158
1.6296691402
1.62643435175
1.62178865708
1.61913003208
1.61637334213
1.61598552789
1.61716529256
1.61734548301
1.61892459822
1.61887912045
1.62003046318
1.62097081077
1.62334114164
1.62538657413
1.62773986438
1.62880159156
1.62829742015
1.61453131867
1.61245380125
1.60977288675
1.60720839345
1.60573795053
1.60711119017
1.60961403135
1.61328927349
1.61794972285
1.62007475426
1.62696220109
1.62907834007
1.63284633868
1.63644095462
1.6399255795
1.64207031905
1.64480709583
1.64618471861
1.64540890337
1.64395847784
1.64162649992
1.63914052015
1.63615345823
1.63547780968
1.63333969054
1.63387173028
1.63409958783
1.63472155694
1.63513027353
1.6351659371
1.63454796732
1.63404837305
1.63360441868
1.63379611331
1.63546695487
1.63599773325
1.63661310099
1.638901082
1.63722652016
1.63539027516
1.63387176157
1.62988524548
1.61728407857
1.61346287288
1.61159289202
1.6097030085
1.60968291776
1.61020485553
1.61230653533
1.6582421451
1.65648856623
1.65215812301
1.64715291642
1.64211137578
1.63615933405
1.63185861107
1.62724980236
1.62548468998
1.62521923213
1.62594516177
1.6290121143
1.63160189235
1.63406109365
1.63786418503
1.64029099293
1.64399645293
1.64619269225
1.65029728747
1.65379092228
1.65419043184
1.65507597165
1.6519050059
1.64720422349
1.63704498314
1.63498410654
1.63397204022
1.63658003246
1.63587480925
1.63357988183
1.631468047
1.62961373152
1.62818298659
1.62788035742
1.62652368085
1.62566559338
1.62528638627
1.62457288233
1.62481777674
1.62602533257
1.62722867031
1.62699807707
1.62739719774
1.62665849116
1.6254491997
1.62427598361
1.62396390919
1.62477979436
1.62469264104
1.62769382788
1.63067741399
1.63103060773
1.63114054236
1.63193059514
1.63143858644
1.63141495262
1.63269906271
1.63281096071
1.63478090443
1.63556691426
1.63431918812
1.63455127715
1.63194079627
1.63115555088
1.62955435625
1.62959997034
1.6287986396
1.62899726741
1.62829778867
1.62659829121
1.6250896441
1.62400319017
1.62430133274
1.62675599444
1.62942020428
1.63152726645
1.63631242206
1.63915869091
1.64285642462
1.64584065456
1.64954661527
1.65540617816
1.65924626596
1.66274783301
1.66482604791
1.66452753417
1.66231165871
1.6551636619
1.6440574084
1.6437584336
1.64500121937
1.64691822496
1.64710642366
1.64606583868
1.64556405147
1.64495069903
1.64423591913
1.64498606517
1.64736361503
1.64800483155
1.64811924549
1.64966458434
1.65093214854
1.6515654131
1.65385541008
1.65646616094
1.65741076075
1.65847319893
1.65898395094
1.6581591477
1.65643342449
1.65594576145
1.65532684238
1.65619913274
1.65675559874
1.65722708143
1.65960576171
1.65913948096
1.65752022702
1.6547322822
1.65096728736
1.64732791599
1.64656660817
1.64656093749
1.64758848787
1.65061206324
1.65100220063
1.65039262945
1.65051686172
1.65062542709
1.65106368505
1.65394510367
1.65707579651
1.66125196681
1.66177241841
1.6614268691
1.65744158436
1.65280390487
1.64667906291
1.64227417418
1.63737920644
1.63623238503
1.63204834185
1.62876388738
1.62754877022
1.62677293037
1.6266365368
1.62632537733
1.62680986411
1.62864115887
1.62938130799
1.62978474324
1.62980957059
1.63033719818
1.62983737897
1.62980720415
1.63122892543
1.63333128735
1.63509060087
1.63936302186
1.64343090663
1.64730548313
1.64883272252
1.65084428022
1.65100238353
1.65275254841
1.65414718499
1.65584194089
1.6587329365
1.65757657382
1.65618507105
1.64102538682
1.63804787618
1.63663992067
1.63375172341
1.63089641942
1.62627252492
1.62174106965
1.61841754465
1.61549193381
1.61506160984
1.61616967649
1.61881836671
1.62124580953
1.62384274661
1.62559248671
1.62768638537
1.62776906416
1.62848830841
1.6281993634
1.62797239561
1.62930278432
1.63015516798
1.63228814607
1.63359288642
1.63305648785
1.6317946588
1.631570516
1.63240079542
1.63371215304
1.6364461689
1.63676891286
1.64096237759
1.64153764051
1.64117704063
1.63915730404
1.63767313319
1.63655389072
1.63740012771
1.63780749037
1.639507844
1.64050967001
1.64349368557
1.64433734031
1.64685570095
1.64871136072
1.64986234416
1.651670512
1.6522423672
1.65281206212
1.65228956162
1.65222185193
1.65172467353
1.65096838021
1.64881925775
1.64889743198
1.64729403479
1.64596280658
1.645095735
1.64515190379
1.64441716317
1.65211661036
1.65284748227
1.65624685286
1.65708467826
1.65864853799
1.65941857154
1.65852903781
1.65697891842
1.65374124648
1.65045570154
1.64557644838
1.63659151586
1.6317369516
1.62750303628
1.62257497036
1.62150144232
1.62116668631
1.62758492362
1.63314890929
1.64295996574
1.64784851637
1.65349209065
1.65592427994
1.65769167461
1.65920586724
1.6616956113
1.66406318015
1.66520379356
1.66409772819
1.65946294315
1.65564986767
1.64775920591
1.64283860344
1.63634924791
1.63266121464
1.62851470437
1.62629827999
1.67090392795
1.6742599616
1.67398169684
1.67289807934
1.6711216059
1.66738351767
1.66273019658
1.65745130805
1.65073790777
1.64454360397
1.6378005826
1.63112140375
1.62651943757
1.62429873489
1.62260254095
1.62516228806
1.62658298761
1.6311065656
1.63404897517
1.63919163412
1.64321357459
1.64998709934
1.65523165543
1.65971879985
1.66351702694
1.66534963766
1.66581061651
1.66474931956
1.66210626945
1.65922823815
1.65614582661
1.65175769199
1.64846227699
1.64289441782
1.63925872116
1.63369454944
1.63260886204
1.62754919963
1.6273280412
1.62730670765
1.63050858353
1.63566290706
1.63916518575
1.64481193525
1.64932343825
1.65557806061
1.66192462314
1.66477598975
1.66518456978
1.66630105518
1.66604565708
1.6647721609
1.66327939021
1.66151401285
1.65879501738
1.6565947791
1.65353589611
1.65322452161
1.65065701933
1.64992817021
1.64878651124
1.64711136471
1.64578464035
1.64690696105
1.64723637975
1.6482654522
1.64971540875
1.65057587323
1.65203620419
1.65343980104
1.65325586154
1.65355015103
1.65512698352
1.65560525666
1.65551951316
1.65639581766
1.65654232629
1.65741558584
1.65749064188
1.65772549641
1.65706720083
1.65701561211
1.65493871859
1.65433873023
1.65255673303
1.65226507361
1.65110657406
1.65144183664
1.65167213813
1.65132079999
1.65112944707
1.65161670691
1.65214744599
1.65310265348
1.65485072604
1.65568298218
1.65742097492
1.65869936398
1.65992318272
1.66123034159
1.66199400505
1.66241666378
1.66239750469
1.6627336087
1.66276699435
1.66236649699
1.66224612916
1.66109136108
1.65955455321
1.65876983404
1.6572360811
1.65637836319
1.65618820343
1.65492593214
1.65587346271
1.65619790054
1.65694013085
1.65711596271
1.65901959539
1.6598163596
1.65941202318
1.6604994186
1.66116981798
1.66094762021
1.66136974893
1.66059371599
1.66087810809
1.6596727104
1.66027259574
1.66008120777
1.6616240023
1.66210050625
1.662543231
1.66242221696
1.66301554498
1.6632856195
1.66422651264
1.66556025914
1.66534413685
1.66639794595
1.66593245931
1.66453700146
1.66305410102
1.6606432947
1.65893587264
1.65843589868
1.65753721087
1.65898375022
1.66051380609
1.6636303129
1.66506699124
1.66556825457
1.66748873863
1.66853781173
1.66941653906
1.67014919483
1.67214222572
1.67248214581
1.67228230074
1.67055532009
1.66886920352
1.66697176644
1.66643313203
1.66652013113
1.66679560735
1.66971166508
1.66972074504
1.67116899464
1.67081297274
1.66921246181
1.66949338974
1.66947044766
1.67034421598
1.66921975988
1.6693484197
1.66853350318
1.66569454688
1.66308590839
1.6618068194
1.65935763011
1.660395379
1.66000332623
1.66222674076
1.66238725319
1.6645119107
1.66460069686
1.66453283449
1.66503917875
1.66496762984
1.66779286082
1.6698911775
1.67235873239
1.67184285579
1.67026896149
1.67111704207
1.6695727057
1.67019438164
1.67007898228
1.670141133
1.6703640725
1.67109753258
1.67255105188
1.67306042928
1.67419439396
1.67656975126
1.679719797
1.68428145015
1.68702476856
1.69025227951
1.69431167901
1.6977649204
1.70197499023
1.70409064394
1.70684370037
1.70693397685
1.70744597878
1.70472852131
1.70190063088
1.70043346835
1.69893996127
1.69517033653
1.6957021651
1.69408551389
1.69308139182
1.69182847687
1.69062275686
1.68952737037
1.68987425628
1.69020361044
1.69070145685
1.69147980397
1.69041405364
1.68871486094
1.68446241608
1.67996209953
1.67601694683
1.67209948865
1.66984182017
1.66971826707
1.67018905442
1.67181946357
1.67305994689
1.67340976605
1.67527876488
1.67660013375
1.69219214161
1.69528924909
1.6964656206
1.69844169103
1.69919849858
1.69778621269
1.6956355123
1.69180034923
1.6876700005
1.68405226892
1.67905562596
1.67564263729
1.67213963024
1.67017000518
1.66922848456
1.66607900596
1.66478213319
1.66552921174
1.66553327737
1.66762252108
1.66819772947
1.67474791134
1.67747899058
1.68372686222
1.68944602477
1.69646585363
1.70000183016
1.70346611741
1.70591734965
1.70545343661
1.70482358397
1.7024513466
1.69688793497
1.69168448702
1.68324732151
1.6775586717
1.6686200138
1.66115647974
1.65462040076
1.64928218062
1.64547703124
1.64236873408
1.64187417043
1.64159309567
1.64456239601
1.67490196555
1.68397893902
1.69332625277
1.69983434392
1.70563540777
1.70959718424
1.71203220438
1.71462715268
1.71589564188
1.71424178453
1.71192644386
1.70545964301
1.70246639
1.68676670068
1.68136635802
1.6683885765
1.6581664106
1.65072561079
1.64653401308
1.64622368156
1.64615490884
1.64760171862
1.6491384847
1.65012259542
1.65341912973
1.65857249267
1.6656019915
1.67166200133
1.6786262455
1.68174405691
1.68273968697
1.67963195263
1.67603437347
1.67189212749
1.66863881645
1.66371421616
1.66040331153
1.65523691973
1.64708018573
1.64240624419
1.6356045841
1.63203334301
1.62807280275
1.62608396554
1.62739976563
1.62782431821
1.62870862389
1.63119790745
1.63271389085
1.63505486367
1.63907479181
1.64486631061
1.64680001005
1.65915967987
1.66241051122
1.67023021632
1.67510105501
1.68065379722
1.68330219349
1.68792318928
1.69123480437
1.69268737501
1.69168014379
1.68672160393
1.68015848664
1.66397784112
1.65709486083
1.64820980628
1.64127603043
1.63505749532
1.62928125327
1.62790704463
1.626988449
1.6289505442
1.63325242189
1.63940971639
1.64607657712
1.65476460387
1.66215365971
1.67231162214
1.67843506049
1.68730420541
1.69163350348
1.69359345128
1.69215351696
1.68919612177
1.68532184963
1.68177161373
1.67572097671
1.67024301736
1.6616193628
1.65981336276
1.64526235447
1.64206890066
1.63330772415
1.63204775838
1.63299154607
1.63491420063
1.63824025713
1.64391833598
1.65122323138
1.65834543528
1.66516606514
1.6696145265
1.67200977942
1.67228274725
1.6719771967
1.67128430912
1.67043396554
1.67096086917
1.67130929564
1.67118783695
1.67131647395
1.66936990512
1.66832312889
1.66642891952
1.66492364793
1.66433289921
1.66456095393
1.66510451833
1.66459001386
1.66452152293
1.66303250044
1.66096424225
1.65983225185
1.65812745024
1.65612725238
1.65201115524
1.64957576653
1.64664487449
1.64465720431
1.64176207299
1.64196613868
1.64215126037
1.64555226226
1.65192746549
1.65557673731
1.66038926495
1.66338518404
1.66547751603
1.66621465226
1.66638436739
1.66606688601
1.66645516589
1.66222496501
1.6579700458
1.65390693744
1.64871683303
1.64553176853
1.64598556718
1.64700715929
1.64762273403
1.65021299614
1.65107784758
1.65238105379
1.6526418715
1.65315447449
1.65318820187
1.6528318344
1.6475360287
1.64468829679
1.64049528425
1.63284166719
1.62962417975
1.62755591265
1.62565674678
1.62625750514
1.62860401169
1.62901273756
1.63065773858
1.62984937406
1.62811618116
1.62551180569
1.62410415464
1.62374389456
1.62397972818
1.62631112642
1.6295553144
1.63264974641
1.63521576941
1.63697602776
1.63891722691
1.64187036857
1.64424437718
1.64821097351
1.65029549956
1.65211833163
1.6532820888
1.65306711107
1.65288757464
1.64999560259
1.64815042527
1.64501432276
1.64166232343
1.63851469906
1.63779458712
1.63437712039
1.63200575997
1.62884438675
1.62796242074
1.62799375283
1.62868164117
1.63221155834
1.63618162355
1.63919497183
1.64371544387
1.64575414365
1.65772568409
1.66193922409
1.66914179978
1.67519115682
1.67866643208
1.6774916867
1.67152746952
1.6683147548
1.66523753621
1.66116016211
1.65606376095
1.65253683918
1.63826811914
1.6364743722
1.63451447987
1.63400420576
1.63510039624
1.63600941738
1.63666509897
1.63872647218
1.64038645412
1.64270447346
1.64523950029
1.64615826304
1.64772042513
1.64943267719
1.65053249725
1.65157673837
1.6532483924
1.65527594177
1.65543442946
1.65560242549
1.6560589793
1.65780942856
1.65794024111
1.65987846204
1.65977344351
1.65677939017
1.65706947029
1.65348850332
1.65267737736
1.6523217533
1.65309782452
1.65249763591
1.65279943888
1.65140919272
1.6505466982
1.65070912251
1.64942712697
1.64910328541
1.64928312201
1.6502806831
1.65135519325
1.65287541666
1.65282433748
1.65618293965
1.65791660088
1.65847759232
1.65978248373
1.65939842796
1.65941145818
1.6580716655
1.65453398277
1.64964194629
1.64416283277
1.63933108116
1.63345058031
1.62865393233
1.62717974654
1.62758971555
1.63087638475
1.63295038387
1.63479656948
1.63660754301
1.63729934077
1.63413722512
1.63292585414
1.62873913174
1.62700368003
1.62528068308
1.62588329034
1.62552990681
1.625944985
1.62387730656
1.62380103766
1.62379131156
1.62375150491
1.62529066325
1.627143322
1.62993171962
1.6334943357
1.63532564622
1.63810779209
1.64185143646
1.64340562344
1.64508037049
1.64561600059
1.64676662481
1.64700219924
1.64613287623
1.64780671571
1.64894984122
1.65238686695
1.65377708405
1.6549059052
1.65616240738
1.65770275214
1.6613681014
1.66357031051
1.66691419704
1.66978359543
1.67305794013
1.6743490108
1.67605076324
1.67642078803
1.67794449205
1.67683606581
1.675135313
1.67315006601
1.67090955443
1.66808355024
1.66429097009
1.66220346878
1.65869247903
1.6563691261
1.65300956193
1.65305334079
1.65331048668
1.65373378258
1.65467092882
1.65598044484
1.65825833701
1.66037801427
1.6637811809
1.66667563554
1.66988917137
1.67366345283
1.6775777323
1.67971387428
1.68358714158
1.68485171005
1.68616873685
1.68547684979
1.68416502173
1.68285137311
1.68144476817
1.67804782322
1.67554216638
1.67209674612
1.66898569587
1.66705535594
1.66470860578
1.66385391135
1.66372818946
1.66378790081
1.66448241272
1.66526169886
1.66561682829
1.66802206718
1.6700795391
1.67296067729
1.67585733139
1.6775729867
1.67808122558
1.67698533976
1.67488723427
1.6722834565
1.66947572156
1.66666738557
1.6657560628
1.6635229728
1.66284975357
1.66192469899
1.66033825742
1.65930108172
1.6593004144
1.66035472822
1.66281674155
1.66505970694
1.6688184468
1.67173236643
1.67356355883
1.67274718379
1.67159377669
1.66777359625
1.66332401587
1.65660804797
1.65226027234
1.64846154036
1.64621836888
1.64332811772
1.64185906164
1.64080357046
1.6396949475
1.63987414524
1.64163071578
1.6428596549
1.64889331049
1.65576818424
1.6624021688
1.66643705927
1.67247101478
1.67612066156
1.68002460659
1.68266414864
1.68420130443
1.6832889017
1.68037323082
1.65713523905
1.65359564478
1.65184534115
1.6513670496
1.65082058763
1.65347803671
1.65602482544
1.66184938066
1.66709653984
1.66919872308
1.67302848007
1.67396370984
1.67627334019
1.67513334974
1.67444368925
1.67330000936
1.67211720735
1.67040485456
1.66849197732
1.66545595482
1.66258021092
1.65565764353
1.65374209264
1.64450383141
1.64304599135
1.63994321214
1.63997170335
1.64169867929
1.64265387916
1.64554199089
1.64602216636
1.64814413443
1.6508492047
1.65369237717
1.65714535651
1.65928166783
1.66147482916
1.66466160115
1.66259796344
1.66199315403
1.65943622758
1.65576104731
1.65251410003
1.64994087233
1.6470722847
1.64628058874
1.64604522815
1.64477857408
1.64224910609
1.64152481963
1.64144594386
1.64229533176
1.64501845537
1.64944407298
1.65226106057
1.65254990993
1.65427632549
1.65336908141
1.65196813029
1.64872176742
1.64697466917
1.6393847884
1.63665552058
1.6314125093
1.63062743004
1.63150697114
1.63232022163
1.63239749877
1.63134839003
1.62989280885
1.62667760802
1.62723601077
1.63053077711
1.64364108058
1.64292441922
1.64124249298
1.63954244064
1.63811306916
1.63876514048
1.63744083008
1.63538623676
1.63245951193
1.6270096109
1.62235505328
1.61965645479
1.61626794313
1.61548976121
1.61832906323
1.62100160643
1.62549713493
1.62973692938
1.63187970201
1.63394911122
1.63407579445
1.6356714788
1.63537901574
1.63705610442
1.63766384741
1.64108580759
1.64065572655
1.63601244029
1.63084430265
1.6245110479
1.62258182046
1.61993928346
1.61975577007
1.61962130279
1.61974625318
1.61794793667
1.61652733148
1.6177873571
1.62144247988
1.62689991226
1.63020656942
1.63225074052
1.63381887441
1.63461615968
1.63611843828
1.6370609544
1.63922607063
1.64073887522
1.64128423899
1.64104351572
1.6400795792
1.63666659897
1.63386725452
1.63101463436
1.6292542741
1.62803923535
1.62881150463
1.62811789763
1.62842551675
1.62883266727
1.62838769794
1.6288650638
1.62973733414
1.63347626643
1.63647170548
1.63892236073
1.63872185971
1.64012512978
1.63837649665
1.63564026118
1.63285554489
1.62867380303
1.62566194711
1.62171955905
1.61886062051
1.6169799626
1.61519830061
1.61511091531
1.61445835256
1.61684198609
1.61797930603
1.62320104132
1.6265695657
1.63219662683
1.64233291916
1.64420130257
1.64553954003
1.6463128414
1.6449642509
1.64294986808
1.63902720553
1.6326441353
1.62782276318
1.62314137967
1.62167294901
1.62099355416
1.62106757598
1.62165257027
1.62244440915
1.62409038727
1.62596628549
1.63094524712
1.63585836855
1.64195502947
1.64647024263
1.65088642539
1.65488764371
1.65440370415
1.65350309777
1.63667448473
1.63320451446
1.62739245945
1.62988443017
1.63090402214
1.65508648086
1.65767327933
1.65770399834
1.65538960432
1.65336813061
1.65085125713
1.6480075626
1.64631123682
1.64201567109
1.63921109009
1.63550341979
1.63454197421
1.62930791792
1.62881946722
1.62772322262
1.62797876026
1.62819224585
1.62951220758
1.63061041886
1.63190742076
1.63572814092
1.63750487661
1.64034543477
1.6412398593
1.64281923879
1.64519157557
1.64605620793
1.6473866812
1.64901367275
1.65024357159
1.65325980536
1.65453796801
1.65692236579
1.65725569526
1.65856803292
1.65842821527
1.65788502703
1.65446162427
1.65142856738
1.64746026031
1.64534745001
1.64282646731
1.64208471041
1.64337319558
1.64509197304
1.64613063353
1.64834315936
1.65029666995
1.6529781276
1.65589249876
1.65957703526
1.66088289876
1.66097172235
1.66065016124
1.65644886723
1.65238189205
1.64840701271
1.64563387865
1.64337887606
1.64276505163
1.64157428366
1.64023310449
1.63952576735
1.63961894633
1.63901162496
1.63828069615
1.6365830859
1.63539625331
1.63465476126
1.63597314377
1.63630847042
1.63844419166
1.64009639592
1.64142737415
1.64179507618
1.64317711271
1.64334825633
1.64544970887
1.6459017905
1.64756871658
1.64823020458
1.64850190805
1.64877459091
1.64765818192
1.64681260285
1.64456797038
1.64307883441
1.64327032709
1.64313831554
1.64487411052
1.64625070705
1.64780559032
1.64947759378
1.65103996149
1.65303125873
1.65410328434
1.65528162324
1.65574951702
1.65539647974
1.65376763737
1.65236737526
1.65041873652
1.64942711014
1.64942673755
1.64901195859
1.6490723932
1.64748102669
1.64723088231
1.64801560355
1.64958157544
1.65260137772
1.65569560666
1.65826068999
1.65974268727
1.65863529122
1.65718753024
1.6549509799
1.65314683528
1.65148001587
1.65138329445
1.64713006524
1.64464414123
1.63909539856
1.63449678332
1.63016839025
1.62766945956
1.62671201734
1.62740523438
1.63024893118
1.63314217853
1.63632695723
1.64152885922
1.64180175301
1.64391552427
1.64459595075
1.64721719804
1.64806626323
1.64642584492
1.64331737761
1.63893178667
1.63424319165
1.63185768981
1.63097832417
1.63179952012
1.63091799265
1.63098347868
1.6308894027
1.63006169998
1.63024912487
1.63265872139
1.637789619
1.64234452024
1.64825046604
1.65345136236
1.65871443904
1.66036216233
1.66106497984
1.66013146905
1.65853442505
1.65764740013
1.65600853816
1.65428078587
1.65064490324
1.64683604447
1.64452939785
1.63910070389
1.63833132894
1.63780207707
1.63869002179
1.64691616851
1.6513959874
1.65514761152
1.65723719632
1.66045671783
1.66208326916
1.66467081489
1.66616774225
1.66764192976
1.66902782297
1.67000457333
1.67131284576
1.66863034895
1.66697088126
1.66613180318
1.66057352487
1.66100259391
1.65987499898
1.65927564629
1.66013309341
1.66115126206
1.66405289867
1.6676481771
1.67111276899
1.6731191006
1.67507715311
1.67556209296
1.67648138165
1.67832662557
1.67957697101
1.68047988483
1.68159725457
1.68189384796
1.68210028532
1.68292304559
1.68098488768
1.68114227147
1.68136622735
1.68172003855
1.68153216204
1.68213971406
1.68237836419
1.68222714524
1.68179156426
1.68262548147
1.6829440824
1.68166427449
1.68220207875
1.680886405
1.68070085647
1.68034588068
1.67993657191
1.67982091228
1.67949905302
1.68009850178
1.68025326488
1.67888563629
1.67783350869
1.67809048357
1.67612693207
1.67784952737
1.67835355919
1.68133157623
1.68353068723
1.68504266769
1.68439921805
1.68430984185
1.68326838414
1.6832053725
1.68455258674
1.68721050654
1.68952811825
1.69292595962
1.69421688277
1.69575830014
1.69514110363
1.69440000757
1.6949977178
1.69581763105
1.69784991933
1.69910753403
1.69955590536
1.69858458883
1.69540488135
1.69312868136
1.69031865301
1.68927916206
1.68963831948
1.69009324873
1.68961889614
1.68891208688
1.68814012863
1.6859598695
1.68340403682
1.68374754448
1.68424585426
1.68603674003
1.68688594651
1.68935590565
1.69222835361
1.69357685032
1.69293249714
1.69354892986
1.69319791248
1.69311090111
1.69418747225
1.69589327011
1.69941687011
1.70057636762
1.70081167638
1.69855771468
1.69665447105
1.69276349632
1.69094419074
1.6889012573
1.68840508234
1.68852503045
1.68858638095
1.68774254462
1.68614549598
1.68492227283
1.68477867676
1.68410608124
1.68627094776
1.68878614584
1.68982241845
1.69389218152
1.69467668104
1.69685825336
1.69763328763
1.69759742909
1.69858822139
1.69859990228
1.70012638336
1.69953437304
1.69916481248
1.69872397234
1.69548558165
1.6941231081
1.68976553217
1.68821682916
1.68463670046
1.68361810648
1.67984123815
1.67817226141
1.67709320633
1.67598490721
1.6760692183
1.67572744091
1.67612421236
1.67698558721
1.67865000077
1.6807013943
1.68237936452
1.68553387813
1.68750700485
1.6899690778
1.69155334921
1.69365727995
1.69351343675
1.69494294635
1.69573226031
1.69713579749
1.69805433732
1.69892453561
1.69888044487
1.69804598692
1.69701719944
1.69547180824
1.6946837724
1.69259705085
1.69049512643
1.69052113629
1.68783765947
1.68682331705
1.68496671347
1.68503461401
1.68485773461
1.68692527302
1.68675105078
1.69162123873
1.69422625368
1.69707598184
1.69847414953
1.70106697812
1.70252478674
1.7036162141
1.70469485635
1.70727695873
1.70816496629
1.70848910436
1.7065276312
1.70251058729
1.69909993496
1.69685876679
1.69370582876
1.69176064325
1.68908565863
1.68719734864
1.68597582241
1.68474290493
1.68439165152
1.68348251809
1.68352545849
1.68486833127
1.68490713325
1.68716124369
1.69147888798
1.69420754496
1.6984365721
1.70192228037
1.7058135287
1.70652237498
1.70776429689
1.70775881062
1.70808495527
1.70836206188
1.70878736033
1.70824213357
1.70864556168
1.70822804059
1.70570446824
1.70260128525
1.69834418864
1.69606171244
1.6903764573
1.68801795556
1.68664918587
1.68527106468
1.68401917551
1.68233191223
1.68320731433
1.68427341787
1.68517369053
1.68572412617
1.68658476527
1.68728659646
1.68906590449
1.69026979239
1.69239712674
1.69699296769
1.69887615587
1.70196832363
1.7048899172
1.70612066649
1.70613734173
1.70581185759
1.704398508
1.70454203788
1.70453024432
1.70549235776
1.70607084709
1.70643133825
1.70646228169
1.70455896738
1.69995226466
1.69807254252
1.69456249909
1.69312881856
1.6948714143
1.69525038784
1.69655306503
1.69613028343
1.69439212207
1.69220539541
1.69024449652
1.68931782067
1.69526180269
1.69451119665
1.69528587386
1.69289941164
1.69205059227
1.69070619984
1.69061170198
1.69134752049
1.69251428895
1.69414667416
1.6954482479
1.69488721479
1.69441541749
1.69411633355
1.6947146747
1.69572451956
1.6960579987
1.69948983126
1.70111457493
1.70143837207
1.7024492503
1.70185473509
1.70103279694
1.70179281203
1.69880216554
1.69929606577
1.69849757499
1.70004245308
1.70141934029
1.7013213761
1.70135164921
1.7008356663
1.69907055461
1.69809357489
1.69818351234
1.6994502273
1.7013516912
1.70410835823
1.70508208505
1.70555546511
1.70568597238
1.70454492292
1.70404710788
1.70450380608
1.70588536121
1.70647670025
1.70773715993
1.70821529693
1.70778291393
1.70863848721
1.70988654673
1.70940677361
1.71085613659
1.71154437005
1.71322624785
1.71446589414
1.71483147775
1.71430114588
1.7151710748
1.71368791937
1.71323615578
1.71310040943
1.71319873456
1.71492582149
1.71641228724
1.71467372642
1.71166526969
1.70822310451
1.70576699784
1.7044860088
1.70483578253
1.70601813216
1.70740049366
1.70997808085
1.71237488106
1.71298229718
1.71389099353
1.71524649295
1.71438823492
1.71419515378
1.71175376141
1.70673441275
1.70190844994
1.69417430066
1.68912824312
1.68282101819
1.67852839437
1.67529987729
1.67479043434
1.67250563481
1.67325875551
1.67343345489
1.67340244345
1.67403352997
1.67660736926
1.68131630424
1.68489303198
1.69161607002
1.69432219409
1.69825829169
1.70031182333
1.70018770247
1.699137889
1.70086117108
1.7006350473
1.70116374458
1.70393816575
1.70612132289
1.70779631298
1.70949127987
1.71070752602
1.71101726417
1.71183073012
1.71284125479
1.71464765832
1.71586154189
1.71548251664
1.71525910728
1.71598062552
1.71715011164
1.71715719814
1.71623079354
1.7153295397
1.71250613154
1.70994931863
1.70436738626
1.69891712672
1.69340015192
1.68944084112
1.68863340658
1.69044427349
1.69430746918
1.69944449868
1.70330594962
1.70182519493
1.69907680495
1.69681477051
1.69606282219
1.69595602124
1.70011461644
1.70139319535
1.70365491731
1.70569710644
1.70666979778
1.70911980536
1.71196333597
1.71561625337
1.71729605785
1.71807699362
1.71842455012
1.7182378944
1.71696395283
1.71262652686
1.71012374759
1.70648891901
1.70280590765
1.70043815563
1.69740113321
1.69493664933
1.69111181035
1.68950582874
1.68626144125
1.68414775377
1.68384366301
1.68545182364
1.68789112677
1.69220691687
1.69684094145
1.70181870036
1.70613121716
1.71290555177
1.71924317189
1.72330610788
1.72667621407
1.7273461534
1.72663420714
1.72526506035
1.72131497851
1.71973491309
1.710921756
1.70716620519
1.69677872961
1.6870055349
1.67772466008
1.67257910539
1.66794737457
1.66767439293
1.66837366647
1.67124070074
1.67709043537
1.68255883071
1.68840424682
1.69644984047
1.70214599707
1.70834722661
1.71154636044
1.7136442882
1.71295234881
1.70918429589
1.70280451917
1.69550645142
1.68339590022
1.67467601263
1.66378479981
1.65487584925
1.65105821224
1.64939658802
1.65003357506
1.65232233026
1.6551602131
1.65883489082
1.67291557048
1.68276322753
1.69188316614
1.70209590616
1.7064921857
1.70897909863
1.70878625717
1.70178254057
1.69771710083
1.68533928825
1.67252113277
1.65737237432
1.64605243155
1.63249184923
1.62282160224
1.61385717565
1.60924641365
1.60601257386
1.60892559191
1.61348466807
1.62280153665
1.63359181688
1.64979894694
1.66154648556
1.68087933291
1.71466860766
1.72986140888
1.73859109044
1.74078193497
1.73659002099
1.72321401632
1.70283650646
1.68734957437
1.66518363384
1.65044843135
1.63261496577
1.62111990257
1.60645106932
1.59561257109
1.59142026808
1.59057630493
1.59543296853
1.60861033461
1.62155278531
1.6422513369
1.65230908884
1.68154389751
1.69046605844
1.70893645304
1.72054251303
1.72615988563
1.72743443431
1.72547292122
1.72105666473
1.71262878821
1.70122016344
1.68268942428
1.65912076979
1.62164210391
1.61071242372
1.60274723083
1.60131067875
1.60390992454
1.60871830088
1.61338420648
1.62352436146
1.63058362399
1.64698812705
1.66078157318
1.67939199961
1.69593790057
1.70581059944
1.71346458011
1.71525964949
1.71438265195
1.71018532626
1.7009138657
1.67738273613
1.66249312764
1.65178215578
1.63956706653
1.63105575245
1.62145040611
1.61804184814
1.60799681641
1.60692031975
1.60469728651
1.60758583983
1.61458593168
1.62151697678
1.63267356055
1.64099033994
1.65102570036
1.65934552039
1.66911585496
1.67953146028
1.68557772591
1.69298051087
1.69386191741
1.69243208128
1.6874954118
1.65558127261
1.64201424682
1.63374861589
1.62497688211
1.61825327742
1.61402070122
1.61218031
1.61167662765
1.61340458819
1.61698236975
1.62310499695
1.63081953394
1.63948946444
1.65758195013
1.64734866
1.63352976938
1.62422272804
1.61542089799
1.60943443552
1.60395534215
1.65837256379
1.65735221142
1.65544414438
1.65179494275
1.64698421549
1.63882003645
1.62299906341
1.61457116006
1.60956066009
1.60568453842
1.6063366097
1.60949186747
1.61377376789
1.61753502466
1.62548514344
1.63197472702
1.63920332285
1.64551629645
1.65309155875
1.65556246136
1.6632631255
1.66406066688
1.66428583016
1.66124432582
1.65601618884
1.65134106518
1.64187861303
1.63344724468
1.62413353042
1.61722077923
1.60896386888
1.60322810049
1.59922083723
1.59800150552
1.59992995008
1.60313585132
1.60793116841
1.61481002203
1.62165288407
1.62779892807
1.6351514156
1.63954820295
1.64471823361
1.64739798241
1.64948924298
1.65002526415
1.65142840152
1.65237823892
1.65361638186
1.6542117517
1.65420851468
1.65392638515
1.65267928709
1.65036739309
1.64754345651
1.64559344388
1.64139125771
1.64135526374
1.64092487962
1.64082698991
1.64132603527
1.64327678088
1.64480545056
1.6487363931
1.65242164432
1.65611194726
1.65857278859
1.66108007618
1.66340895509
1.66402200937
1.66475345336
1.66649199739
1.66981261748
1.66988038646
1.67154147511
1.67046269502
1.66925425934
1.669345381
1.66611293139
1.66556335523
1.66415322805
1.66373466077
1.66410707602
1.66277882136
1.66256777865
1.66170837234
1.66056987744
1.66029731886
1.65981371721
1.66172110721
1.66300699185
1.66483050843
1.66695636857
1.66716576873
1.66656117248
1.66662912605
1.66784797767
1.66836978408
1.67076570698
1.67173445844
1.67289149527
1.67302911256
1.67137464913
1.67062498077
1.67049749807
1.66906871383
1.66843330376
1.66872013257
1.66774601545
1.66618398715
1.66552944986
1.6638183557
1.66387554377
1.66275114716
1.66116716507
1.66174704241
1.66166216005
1.66130955308
1.66322213313
1.66307861548
1.66311496656
1.66418820161
1.66347792122
1.66283023495
1.66322226938
1.66403388208
1.6642400865
1.66508470046
1.66645591751
1.66569040195
1.66674884893
1.66686978238
1.66657429774
1.66647567503
1.66492369143
1.66450318373
1.66225928184
1.66145594101
1.6590893032
1.65931838655
1.658773436
1.65872652376
1.65808597951
1.65633770939
1.65464553798
1.65437865286
1.6534147183
1.65467029482
1.65546967263
1.65656234326
1.65743992581
1.65786940507
1.65807058447
1.65917645836
1.66072734333
1.6620775792
1.66448324229
1.66468582679
1.66548665429
1.66681066682
1.66738493905
1.66809043329
1.668484231
1.66854593207
1.66666015135
1.66472832333
1.66318194881
1.66169874116
1.66202546448
1.6613822792
1.66313604683
1.66304992444
1.66338889877
1.66190317833
1.66243685269
1.66056480403
1.6611857968
1.66214199281
1.6616266439
1.66476881431
1.66632428185
1.66905319714
1.66832678192
1.66877914103
1.67037408007
1.66931466999
1.6683823444
1.6673897459
1.66814176449
1.66764133765
1.66686289542
1.66626651078
1.66559410712
1.66384614651
1.66300417382
1.66180975169
1.66159454488
1.66183125037
1.66124238224
1.66240606877
1.66163848703
1.66154145251
1.66263348077
1.66277997429
1.66307722172
1.66403014238
1.66595370956
1.66620291615
1.66608757253
1.66537997314
1.66481787737
1.66469960903
1.66436680771
1.66465169698
1.66452476559
1.66399210686
1.66216212421
1.66052544175
1.65750762311
1.65479221966
1.65362817314
1.65443188524
1.65461148986
1.65375697574
1.65350640186
1.6530135182
1.65274077194
1.65228820447
1.65283551834
1.65394432179
1.65443249936
1.6569853266
1.65857418844
1.65872583144
1.66002832259
1.65866353734
1.65899980097
1.65887993123
1.65924526438
1.65876300702
1.65735166691
1.65656684483
1.65812359539
1.65753300431
1.65990605407
1.66163124932
1.6637803012
1.66398531171
1.66346107985
1.66449924634
1.66377884968
1.66363252406
1.66431589683
1.66504259897
1.6655456104
1.66670801031
1.66621889243
1.66535768355
1.6637873918
1.66328500616
1.66132986675
1.660989431
1.65995553646
1.65886336332
1.65776817771
1.65639130421
1.65505529594
1.65446179009
1.6555533347
1.65612123871
1.65902196599
1.6592908405
1.66141460188
1.66190522933
1.66039254674
1.66090992146
1.66032100487
1.66174220906
1.663768815
1.6654163716
1.66662880205
1.66691350621
1.66490166188
1.66347710624
1.66136745334
1.65948689231
1.65995653981
1.65936797548
1.66025873389
1.66071658866
1.65847440677
1.65675137228
1.65533576489
1.65244755572
1.65350024916
1.66082051723
1.66135562103
1.66091290191
1.65999493634
1.65922389146
1.65882301526
1.66043540484
1.66009248699
1.66209589919
1.66231581039
1.66341130524
1.66258770505
1.661927133
1.66138670837
1.66105409384
1.66017025765
1.66069390271
1.66048468224
1.66121066778
1.66258406922
1.66294886858
1.66197455697
1.66032024337
1.65883199695
1.65808456836
1.65745688017
1.65910888579
1.66010654134
1.66248197951
1.66339799446
1.6617789909
1.66320513325
1.6641283477
1.66242494711
1.6575894605
1.6589284056
1.66043050829
1.66167612634
1.66093429902
1.65956849077
1.6585267721
1.65744477601
1.65716857065
1.65808778909
1.6600840167
1.66082616755
1.6604410178
1.66005067602
1.6585508777
1.65933257793
1.66087204994
1.66205072607
1.66403338991
1.66466458789
1.66578791852
1.6647075801
1.66408354937
1.66286246997
1.66215997996
1.66069384999
1.66093757621
1.66050051549
1.66224153629
1.66225797591
1.66272781426
1.66176992015
1.66192876739
1.66235056621
1.66184938633
1.66232996017
1.66240389693
1.66260001123
1.66223341767
1.66291448804
1.66402074092
1.66326650977
1.66432636038
1.6650472302
1.66384906447
1.6618736585
1.66062252941
1.66018587927
1.65802026871
1.65964397326
1.65923683929
1.66007910591
1.65955292173
1.66030974986
1.66013382931
1.66051086669
1.66110221251
1.66198041022
1.6613983493
1.66059463895
1.66004183724
1.6592429566
1.65920906053
1.65938762049
1.659417681
1.66007822317
1.66113522869
1.66122023328
1.66195900453
1.66223032205
1.66203014595
1.66361838754
1.66494910839
1.66550819131
1.66758978278
1.66759483144
1.66835212422
1.66878373186
1.66665308175
1.66540718404
1.66462360887
1.66595793452
1.66699551015
1.6687359244
1.66849207878
1.66719292017
1.6658703419
1.66582887835
1.66581977346
1.66664025353
1.66746043748
1.66835636606
1.66773371182
1.66833765918
1.66775015903
1.66821212131
1.66997140595
1.67236872782
1.67444286036
1.67517389059
1.6770561776
1.6770087319
1.67768545691
1.67105068936
1.6700265984
1.66952425484
1.66910336794
1.66727175307
1.66622952022
1.66619364016
1.66701258666
1.66768422022
1.67066235193
1.6730834614
1.67592123302
1.67769064433
1.67835820575
1.68006160316
1.67978657334
1.67911364465
1.67963325161
1.67933275922
1.67953113712
1.67867876644
1.67654164037
1.67574769932
1.67329809609
1.67317746941
1.67390112982
1.67450681216
1.67939652318
1.6796777889
1.6824877981
1.68339999475
1.68427014879
1.68453638339
1.68660930327
1.68606018627
1.68492068606
1.6842367491
1.68358828246
1.68272215116
1.68333922188
1.68456872539
1.68819197745
1.69241311926
1.6947308728
1.69700226484
1.68651115659
1.68157373187
1.67720971208
1.67333057641
1.66847009186
1.66391384158
1.65749864879
1.65297657412
1.64869324724
1.64729207888
1.64738782138
1.65020474104
1.65320186949
1.65728500353
1.65945469786
1.66206734681
1.66357394541
1.66664909689
1.66963848742
1.67343324379
1.67782928172
1.67839512431
1.67694229632
1.67453978697
1.67238101487
1.66805176521
1.66671045501
1.66613786888
1.66644153869
1.6657203062
1.66508878941
1.66310274512
1.66057132054
1.65779801569
1.65714811985
1.65853806871
1.66038252166
1.66417740029
1.6664084592
1.66612476624
1.66520574809
1.66501247322
1.66433286516
1.66451294732
1.66404203165
1.66443182097
1.66294257093
1.66277844253
1.66150695833
1.65952076299
1.65967062189
1.65858912362
1.65876592817
1.65947676987
1.66205631947
1.66379873998
1.66613526749
1.66843669695
1.66939627049
1.66901529472
1.66937837474
1.66925141211
1.66928421589
1.67114119387
1.67301140865
1.67160959334
1.66834378484
1.66222844349
1.65434178617
1.64908263209
1.64231890245
1.63814171301
1.63507256704
1.63228823897
1.63196618672
1.63304211266
1.63470975989
1.6397745272
1.64387603185
1.64871475514
1.6516949638
1.65556621967
1.66094691042
1.66348877898
1.66724765446
1.66874248227
1.67098545856
1.67072729922
1.66646422865
1.65947869974
1.65309416391
1.64397805141
1.63850697084
1.63165041818
1.62753718861
1.62285668599
1.62084812488
1.6185649873
1.61921574487
1.62143372098
1.62467002354
1.63049254884
1.63728639826
1.64706928528
1.65581095503
1.66738636303
1.67520188975
1.6826602475
1.68000382787
1.67747257066
1.67324437811
1.66917285007
1.66184715573
1.65339373134
1.64620078903
1.63852260562
1.63361760598
1.62935699516
1.62715885744
1.62573499035
1.62396705147
1.62476060425
1.62652477851
1.63045159469
1.63422967638
1.63852659031
1.6453883986
1.65547689799
1.66430380999
1.67679151719
1.68651291494
1.69562185105
1.70088830305
1.70182963492
1.70122818361
1.69193928767
1.68684234374
1.67583101126
1.66648252064
1.6589816921
1.65347445468
1.64737027933
1.63715362215
1.63420434583
1.63072516937
1.63001052758
1.63021474442
1.6339533952
1.63772279545
1.64553250887
1.67605532004
1.68023305788
1.68041690381
1.67949878269
1.67670114107
1.6526507126
1.64523115112
1.63908801885
1.63275739061
1.62827608385
1.63220446871
1.63633607111
1.64455669111
1.65127422764
1.66037978731
1.66310350524
1.67283406858
1.6763175983
1.68098555835
1.6868027983
1.68828789093
1.68773105919
1.68423036048
1.67774364883
1.66730399749
1.65891229367
1.64820822033
1.63918460454
1.63533722832
1.63349109799
1.63223332848
1.63032400077
1.63036861606
1.63199921764
1.63662863842
1.6424526619
1.65232886467
1.6617607223
1.67265143373
1.67901344436
1.68383726444
1.68316661105
1.67885193147
1.67185624577
1.66646613001
1.6614195505
1.6591702949
1.6602211515
1.65909200468
1.65715566437
1.65263615513
1.6496691297
1.64532148886
1.64457195329
1.64761789317
1.64907862577
1.65647661058
1.6590603278
1.66074826128
1.66154983751
1.66165301419
1.66371191694
1.66823345853
1.67108407139
1.67478182323
1.6742437124
1.67185980054
1.66716283831
1.6631564746
1.6595855863
1.65774729688
1.65599127716
1.65533611804
1.65114200213
1.64681345645
1.64255672857
1.63899071959
1.63835333766
1.63837608046
1.6405192911
1.64387513366
1.64639763565
1.64732232655
1.6505130372
1.6516013598
1.65529313599
1.65843642437
1.66251665306
1.66581852591
1.66741179198
1.66574021155
1.66324112657
1.65905628709
1.65589237864
1.65216469195
1.65016623276
1.64537298519
1.64524917424
1.64181008137
1.63962771806
1.63759353671
1.63665271602
1.63873235546
1.64105095814
1.64589141955
1.65073101849
1.65837546394
1.66235789525
1.6655185474
1.66658294728
1.67155963982
1.67636900536
1.67938206764
1.68255803449
1.6821848274
1.68059552945
1.67931221612
1.67778343424
1.67815786941
1.67733798694
1.67450108934
1.67273836321
1.67031418514
1.6691812968
1.66849088237
1.66826691066
1.6690088433
1.66804883148
1.6685037122
1.66904971248
1.67073831135
1.67223784687
1.67629489017
1.68022338391
1.68211670769
1.68248211365
1.68368929768
1.68269587876
1.68408616095
1.68485720457
1.68618136575
1.68660680882
1.68669460643
1.68540277748
1.68599444667
1.68498246428
1.68330673602
1.68261794236
1.68032198929
1.67888239671
1.67605415822
1.67501507747
1.67318112918
1.67299838483
1.6710343148
1.67035884002
1.66924182282
1.66934073697
1.66989759026
1.67002438543
1.6698369647
1.66987366792
1.6689537916
1.66841463406
1.66806327179
1.66864164253
1.67012740839
1.67088883769
1.67141097498
1.67182151653
1.67090298727
1.67034437867
1.66867460635
1.66777905132
1.66961385046
1.66896003579
1.66646443289
1.67070932005
1.67197977265
1.67159955424
1.67168513633
1.66943119924
1.66939890839
1.6678909522
1.66765295611
1.66950939328
1.6695757969
1.67057378234
1.67218708566
1.67125912144
1.6702698252
1.66921331495
1.66826906932
1.66848895233
1.66965401112
1.67108990448
1.67360414376
1.6737839514
1.67411948597
1.6751708575
1.67422037916
1.67622857308
1.67621710042
1.67455948839
1.67508621633
1.67433905639
1.6753319879
1.67455675561
1.67603896071
1.6758425024
1.67544530558
1.674819751
1.67404575192
1.67290341202
1.67088423414
1.66979049467
1.66825854825
1.66652019147
1.66664976737
1.66642596787
1.66701427861
1.6662178143
1.66603985104
1.66561534113
1.66305838631
1.6614140232
1.66125373445
1.66221740272
1.66571818053
1.66617854996
1.66534534346
1.66393518189
1.66167854056
1.66505550503
1.66890916624
1.67159181407
1.6733002138
1.67201832719
1.66825949565
1.66755412967
1.66539941256
1.66701264745
1.66921342391
1.66817359638
1.66757228362
1.66139430754
1.66303648895
1.66409492637
1.66686865857
1.66884848608
1.67101653742
1.67156148302
1.66965525606
1.66715231748
1.66576285081
1.66465261071
1.6658924373
1.66689207574
1.66825869686
1.66848266149
1.66751071809
1.66506286464
1.66311088579
1.66164782995
1.66265833175
1.66458028365
1.66802810701
1.66919936647
1.66933221118
1.66864278202
1.6653406561
1.66427735901
1.66259431025
1.66150350039
1.66007735118
1.66094083295
1.66011794055
1.659932258
1.6594895312
1.65950397536
1.65843133421
1.65930285136
1.65943273048
1.66070864239
1.66254534916
1.66451337813
1.66630610459
1.66789480011
1.66892207107
1.66980576314
1.67101250751
1.67109488009
1.67307958787
1.67536563781
1.67707228344
1.67793261488
1.67714233435
1.67414272763
1.67394467493
1.67068864856
1.66777682995
1.66558918649
1.66395521673
1.66133898049
1.65967478263
1.65829908356
1.65703578258
1.65434963093
1.65316191274
1.65283212907
1.65246145746
1.65368787778
1.65538976306
1.65694256538
1.6591141818
1.6625203053
1.6645264968
1.66698015387
1.66803674841
1.67015850301
1.67024797028
1.67245269629
1.67418719744
1.67559374639
1.67578754573
1.67820313489
1.67660936318
1.6739735837
1.67214983915
1.66935999984
1.6675853188
1.66546535671
1.6635184933
1.66209136729
1.65983667515
1.65951920668
1.65561371236
1.65546895921
1.65479149931
1.65455729768
1.65515141032
1.65518529553
1.65791756444
1.65962172005
1.66178190844
1.6610687391
1.66239941451
1.66298028726
1.66269482741
1.66247281848
1.66200962226
1.66219779054
1.66151534489
1.66160679454
1.66159266664
1.66157410687
1.66042174047
1.6595056086
1.65770537407
1.65658639227
1.65622517468
1.65591580249
1.65607620083
1.65482077888
1.65541992663
1.65571133089
1.65559486818
1.65629959277
1.6565993551
1.65610378438
1.65730087293
1.65730302983
1.65922738385
1.66110120783
1.66182633946
1.66152961513
1.6610800931
1.66086481108
1.6593423026
1.66075175841
1.66023002275
1.66016066068
1.66213961887
1.66171589812
1.66219841341
1.66212628073
1.66214970069
1.66108882677
1.65964200099
1.66029470914
1.660051198
1.66028529913
1.66109463317
1.66254547187
1.66259253132
1.66255646649
1.66192207841
1.6615052319
1.66017324197
1.66011267583
1.6603562742
1.66040010964
1.65967291182
1.65847287687
1.65899879112
1.65782228546
1.65754930266
1.65633249875
1.65655117546
1.65664327652
1.65806350465
1.65867659646
1.66058035153
1.66024265304
1.66061739387
1.66115612958
1.66082406229
1.65907493762
1.6593250296
1.658756966
1.65935946606
1.65977165292
1.65936242803
1.65962323158
1.65804469022
1.65677713526
1.6565417162
1.65422162304
1.65382357333
1.65404234354
1.65420416564
1.65365599245
1.65226322616
1.65230374015
1.65171848054
1.65194319302
1.65242695182
1.65290306158
1.6544217778
1.65638267747
1.65588170216
1.65819633045
1.65872754528
1.65915516842
1.65922563541
1.65972585147
1.66013159988
1.66010924458
1.66151309127
1.66117761834
1.66024562136
1.65892598583
1.65832509842
1.65761977322
1.65570616104
1.65603004018
1.6562550894
1.65691322376
1.65876468121
1.65897935277
1.65728898055
1.65643299254
1.65423745539
1.6544647662
1.65336422392
1.65379134431
1.65513324872
1.65555489456
1.65659320679
1.65744480791
1.65683582029
1.65749358386
1.65665004228
1.6559011705
1.65493988453
1.6538436461
1.65294916589
1.65387201706
1.65302276673
1.6531423562
1.65327558179
1.6536307294
1.65296587692
1.65352052896
1.65376206934
1.65313893492
1.65394802802
1.65521263659
1.65643972366
1.65758934731
1.65839611712
1.65742337844
1.65630321785
1.65641421657
1.65366029653
1.65337016906
1.65355475345
1.65383950329
1.65473052918
1.65618395467
1.65587866117
1.65540102515
1.65489289101
1.65323739758
1.65151810178
1.64975927163
1.64973492583
1.64927183287
1.65091195791
1.65201926229
1.65332486471
1.65480133837
1.65585897727
1.6566459918
1.65786647778
1.65856171548
1.65828776198
1.65901768764
1.65877669195
1.65830328889
1.65821849498
1.65746165772
1.65806462671
1.65833255946
1.65841704229
1.65790385777
1.65725046807
1.65653831993
1.65424270869
1.6523423501
1.65110157628
1.65013700491
1.65136857703
1.65143259453
1.65197902144
1.65322469018
1.65379580457
1.65421945965
1.65383510137
1.65315893609
1.65509592887
1.65579910115
1.6571851965
1.65922616665
1.66017631313
1.66306060364
1.66260962413
1.66226000708
1.66225058319
1.65965646741
1.65813158269
1.65559326808
