29.1245234013
29.1255097389
29.1265280247
29.1275243759
29.1283118725
29.1295073032
29.1305203438
29.1315174103
29.1325132847
29.1335067749
29.1345069408
29.1355221272
29.1365110874
29.1375148296
29.1385192871
29.1395149231
29.1405165195
29.141520977
29.1425087452
29.1435358524
29.1445245743
29.1455142498
29.1465182304
29.1475067139
29.1485171318
29.149522543
29.1505231857
29.1515259743
29.1525080204
29.1535191536
29.1545181274
29.1555006504
29.1565015316
29.1575129032
29.1585228443
29.1595606804
29.1605052948
29.1615066528
29.1625094414
29.1634984016
29.1644864082
29.1674950123
29.1684939861
29.1694977283
29.1704859734
29.1714894772
29.172494173
29.1734924316
29.1744859219
29.1754827499
29.1764855385
29.1775081158
29.1784999371
29.1795105934
29.180508852
29.1815009117
29.1825118065
29.1835026741
29.1845228672
29.1855444908
29.1865456104
29.1874966621
29.188491106
29.1894924641
29.1904945374
29.1914970875
29.1925032139
29.1935005188
29.1944749355
29.1954829693
29.196475029
29.1974847317
29.1984863281
29.1994805336
29.2004742622
29.2014844418
29.2024691105
29.2034728527
29.2044801712
29.2054693699
29.2064716816
29.2074656487
29.2084600925
29.2094991207
29.2104990482
29.211468935
29.2124736309
29.2134716511
29.2144675255
29.2154710293
29.21646595
29.2174701691
29.218467474
29.2194724083
29.220467329
29.2214727402
29.2224569321
29.2234675884
29.2244679928
29.2254676819
29.2264568806
29.2274682522
29.2284636497
29.2294769287
29.2305040359
29.2315208912
29.232521534
29.2335000038
29.2345004082
29.2355182171
29.2365028858
29.2374725342
29.238458395
29.2394747734
29.2404954433
29.2414677143
29.2434720993
29.2444560528
29.2454869747
29.2464556694
29.2474524975
29.2484633923
29.2494909763
29.2504677773
29.251488924
29.2524573803
29.2534482479
29.2544462681
29.2554485798
29.2564532757
29.2574672699
29.2584483624
29.2594473362
29.2604491711
29.2614581585
29.262447834
29.2634420395
29.2644474506
29.2654366493
29.2664372921
29.2674422264
29.2684383392
29.2694387436
29.2704424858
29.2714321613
29.2724709511
29.2734434605
29.2744429111
29.2754411697
29.2764446735
29.2774431705
29.2784380913
29.2794437408
29.280436039
29.2814486027
29.2824697495
29.2834579945
29.2844421864
29.2854363918
29.2864356041
29.2874393463
29.2884538174
29.2904453278
29.2914390564
29.2924301624
29.2934353352
29.2944190502
29.2954144478
29.2964289188
29.2974178791
29.2984247208
29.2994194031
29.3004832268
29.301422596
29.3024146557
29.303416729
29.3044521809
29.3054141998
29.3064489365
29.3074173927
29.3084244728
29.309422493
29.3104434013
29.3114249706
29.312425375
29.3134176731
29.3144035339
29.3154423237
29.3164079189
29.3174059391
29.3184192181
29.3194227219
29.3204138279
29.3214232922
29.3224110603
29.3233947754
29.3243982792
29.3254132271
29.3264043331
29.3274049759
29.328441143
29.3294477463
29.3304467201
29.3313889503
29.3324048519
29.3334047794
29.3344049454
29.335403204
29.3364055157
29.3374087811
29.3383963108
29.339404583
29.3404042721
29.3413982391
29.3424041271
29.3433828354
29.3443982601
29.3454036713
29.3464057446
29.3474106789
29.3484528065
29.3494455814
29.3503882885
29.3514409065
29.3524134159
29.3533806801
29.3543851376
29.3553807735
29.3563745022
29.3574202061
29.3584120274
29.3594071865
29.3604202271
29.361423254
29.3624224663
29.3633830547
29.3644218445
29.3653981686
29.3663673401
29.3673682213
29.368367672
29.3693854809
29.3703608513
29.3713576794
29.3723678589
29.3733735085
29.3743674755
29.3753609657
29.3763566017
29.3773589134
29.3783764839
29.3793716431
29.3803672791
29.3813643456
29.3823657036
29.3833584785
29.3843801022
29.3853988647
29.3863751888
29.387370348
29.3883740902
29.3893749714
29.3903596401
29.3913626671
29.3923768997
29.3933734894
29.3943779469
29.3953723907
29.3964014053
29.3973591328
29.3983514309
29.3993666172
29.4003510475
29.4013562202
29.4024233818
29.4037227631
29.4047415257
29.4054934978
29.4083855152
29.4094035625
29.4106273651
29.4114353657
29.4123461246
29.413339138
29.4143996239
29.4153428078
29.4163427353
29.4173364639
29.418384552
29.4193441868
29.4203462601
29.4213433266
29.4223442078
29.4233424664
29.424341917
29.4253454208
29.42634058
29.4273600578
29.4283623695
29.4293487072
29.4303650856
29.4313490391
29.4323415756
29.4333438873
29.4343438148
29.4353351593
29.4363408089
29.4373314381
29.4383332729
29.439332962
29.4403347969
29.4413628578
29.4423367977
29.4433300495
29.4443261623
29.4453244209
29.4463207722
29.4473865032
29.4483177662
29.4493179321
29.4503247738
29.4513192177
29.4523248672
29.4533188343
29.454376936
29.4553184509
29.4563264847
29.4575889111
29.4585909843
29.4603452682
29.4615738392
29.4625577927
29.4633045197
29.4645698071
29.4653100967
29.4663095474
29.4677164555
29.4683477879
29.4693410397
29.4703371525
29.4715459347
29.4725375175
29.4735403061
29.4745378494
29.4755375385
29.4762947559
29.4775731564
29.4785606861
29.4793813229
29.4805755615
29.4813258648
29.4825408459
29.4835398197
29.484290123
29.4855382442
29.4875380993
29.4885337353
29.4895324707
29.4905331135
29.4915356636
29.4925293922
29.4935324192
29.4945333004
29.495531559
29.4965264797
29.4975290298
29.4985439777
29.4995448589
29.5005347729
29.5015366077
29.5025429726
29.5035305023
29.5045337677
29.5055363178
29.5065300465
29.5085229874
29.5095140934
29.5105159283
29.51151824
29.5125210285
29.5135207176
29.5145120621
29.5155162811
29.5165634155
29.5175144672
29.5185620785
29.5195207596
29.5205087662
29.521510601
29.5225114822
29.5235085487
29.5245087147
29.5255734921
29.5265061855
29.5275688171
29.5285067558
29.5295112133
29.5305039883
29.531509161
29.5325038433
29.5335741043
29.534506321
29.5355017185
29.5364992619
29.5375006199
29.5385000706
29.539498806
29.5404970646
29.5414936543
29.5425448418
29.5435068607
29.5445072651
29.5455293655
29.5465123653
29.5475046635
29.5485122204
29.5495233536
29.5505459309
29.5515153408
29.5525069237
29.5535008907
29.5545010567
29.5555064678
29.5564978123
29.5574934483
29.5584974289
29.5595009327
29.5605165958
29.5615103245
29.5625128746
29.5635051727
29.5644993782
29.565518856
29.5665121078
29.5675067902
29.5684890747
29.56954813
29.5705788136
29.5715384483
29.5725052357
29.573499918
29.5744884014
29.575483799
29.5764863491
29.577491045
29.5785167217
29.5794794559
29.5804800987
29.5814888477
29.5825016499
29.5834949017
29.5844860077
29.5854816437
29.5864863396
29.5874752998
29.5884737968
29.5894799232
29.590480566
29.5914766788
29.5924875736
29.593477726
29.5944707394
29.595471859
29.5964756012
29.5974683762
29.5984683037
29.5994668007
29.6004679203
29.601473093
29.6024694443
29.6034648418
29.6044707298
29.6054680347
29.6065077782
29.6074817181
29.6084914207
29.6154711246
29.6164579391
29.6174590588
29.6184601784
29.6194574833
29.6205365658
29.621461153
29.6224622726
29.6234679222
29.6244688034
29.6254603863
29.6264588833
29.6274616718
29.6284990311
29.6295423508
29.6304621696
29.6314594746
29.6324589252
29.6334700584
29.6344599724
29.6354670525
29.6364803314
29.6374804974
29.6384758949
29.6394758224
29.640458107
29.6414704323
29.6434829235
29.6444804668
29.6454541683
29.6464474201
29.6474812031
29.648440361
29.649456501
29.6504442692
29.6514496803
29.6524438858
29.6534516811
29.6544418335
29.6554536819
29.6564378738
29.6574332714
29.658437252
29.659437418
29.6604380608
29.6614308357
29.6624395847
29.663490057
29.6644957066
29.6654472351
29.6664543152
29.6674842834
29.6684515476
29.6694533825
29.6704564095
29.6714475155
29.6724443436
29.6734418869
29.6764428616
29.6774735451
29.678432703
29.6794354916
29.6804347038
29.6854321957
29.6864302158
29.6874685287
29.6884274483
29.6894853115
29.6904673576
29.691501379
29.6924157143
29.6934671402
29.6944143772
29.6954226494
29.696457386
29.6975030899
29.6984572411
29.6994233131
29.7004208565
29.7014687061
29.7074203491
29.7084081173
29.709410429
29.7104139328
29.7114107609
29.7124176025
29.7136464119
29.7214140892
29.7224085331
29.7234075069
29.7244005203
29.7253859043
29.7264032364
29.727458477
29.7284488678
29.7294306755
29.7303857803
29.7314331532
29.7323877811
29.7333853245
29.7343857288
29.7353875637
29.7363855839
29.7373878956
29.7383849621
29.739470005
29.7405617237
29.7414631844
29.7424879074
29.743434906
29.7444374561
29.7453815937
29.7463872433
29.7474327087
29.7483775616
29.7494525909
29.7504327297
29.7514109612
29.7524166107
29.7613761425
29.7623972893
29.7633755207
29.7673840523
29.7683756351
29.7694280148
29.7704105377
29.7715578079
29.7725849152
29.773424387
29.7744700909
29.7754120827
29.7764117718
29.7774088383
29.7784075737
29.779415369
29.7803542614
29.7814118862
29.782365799
29.7853629589
29.7864861488
29.7876110077
29.7883636951
29.7893877029
29.7904441357
29.7913858891
29.7923812866
29.7933745384
29.7943868637
29.7954068184
29.796380043
29.7973692417
29.7984113693
29.7993643284
29.8003492355
29.8013849258
29.8024058342
29.8033976555
29.804438591
29.8054499626
29.809473753
29.8103392124
29.8113400936
29.8123409748
29.8133442402
29.8143386841
29.8153495789
29.8163397312
29.8173353672
29.818351984
29.8193564415
29.8203523159
29.8213553429
29.8223400116
29.8233549595
29.8243432045
29.8253366947
29.8263776302
29.8273413181
29.8283414841
29.8293554783
29.8303396702
29.8313360214
29.8323330879
29.8333318233
29.8343281746
29.8353252411
29.8363289833
29.837325573
29.8383207321
29.8393261433
29.8403632641
29.8413214684
29.8423318863
29.8433263302
29.8443293571
29.8453257084
29.8463382721
29.8473436832
29.8483490944
29.8603179455
29.8613190651
29.8623158932
29.8633179665
29.8643100262
29.8653130531
29.8663089275
29.8673074245
29.8683030605
29.8693079948
29.8705465794
29.8713042736
29.8726024628
29.8733048439
29.8745439053
29.8753056526
29.8763074875
29.8775529861
29.8785524368
29.8795526028
29.8805544376
29.8815555573
29.8825471401
29.8835542202
29.8843166828
29.8855667114
29.8865499496
29.8875534534
29.8885531425
29.8895568848
29.8905537128
29.8915569782
29.8923041821
29.8935439587
29.8945424557
29.8955414295
29.8965406418
29.8975429535
29.898532629
29.899532795
29.9005305767
29.9015333652
29.9025399685
29.9035909176
29.904551506
29.9055316448
29.9065358639
29.9075214863
29.9085218906
29.9095215797
29.9105188847
29.9115626812
29.9125182629
29.913520813
29.914552927
29.9155318737
29.9165258408
29.91751647
29.9185163975
29.9195139408
29.9205214977
29.9215152264
29.922526598
29.9235198498
29.9245197773
29.925526619
29.9265265465
29.9275228977
29.9285256863
29.9295156002
29.9305202961
29.9315216541
29.9325108528
29.9335157871
29.9345145226
29.9355165958
29.9365224838
29.937533617
29.9385180473
29.9395153522
29.9405152798
29.9415206909
29.9425103664
29.9435532093
29.9445047379
29.9455256462
29.9465079308
29.9475133419
29.9485173225
29.9495079517
29.9505062103
29.9515011311
29.9524972439
29.9535033703
29.954501152
29.9555079937
29.9565067291
29.9575068951
29.958511591
29.9595165253
29.9605205059
29.9615306854
29.9625203609
29.9635078907
29.9645106792
29.9655065536
29.9664957523
29.9674973488
29.9684956074
29.969489336
29.9705071449
29.9714853764
29.9724895954
29.9734888077
29.9744868279
29.9754931927
29.9764866829
29.9774849415
29.9784843922
29.9794902802
29.980481863
29.9814836979
29.9824910164
29.9834871292
29.9844918251
29.985503912
29.9865016937
29.987496376
29.9885137081
29.9895017147
29.9905061722
29.9915411472
29.99249053
29.9934782982
29.9944903851
29.9954907894
29.9964785576
29.9974861145
29.9984805584
29.9994902611
30.0004689693
30.0014710426
30.002477169
30.0034720898
30.0045714378
30.0055408478
30.0064659119
30.0074915886
30.0084626675
30.0094671249
30.0134677887
30.0144965649
30.0155005455
30.0164644718
30.0174889565
30.0184836388
30.01948452
30.0204696655
30.021463871
30.0224759579
30.023481369
30.0244793892
30.0254728794
30.0264670849
30.0274691582
30.0284786224
30.029466629
30.0304672718
30.0315215588
30.0324604511
30.0334713459
30.0344753265
30.0354743004
30.0364756584
30.0374734402
30.0384693146
30.0394718647
30.0404624939
30.0414538383
30.0424525738
30.0434560776
30.0444529057
30.0454585552
30.0464448929
30.0474791527
30.0484473705
30.0494840145
30.050442934
30.0514879227
30.0524508953
30.0564444065
30.0574584007
30.0584418774
30.0594673157
30.0604550838
30.0614714622
30.0624582767
30.0634632111
30.0644543171
30.0654671192
30.0664551258
30.0674645901
30.0684728622
30.0694656372
30.0704562664
30.0714707375
30.0724596977
30.073445797
30.0744543076
30.0754435062
30.0764479637
30.0774457455
30.078448534
30.0794525146
30.080452919
30.0814530849
30.082444191
30.083450079
30.0844347477
30.0854320526
30.0864322186
30.0874536037
30.088449955
30.0894377232
30.0904347897
30.0914714336
30.092427969
30.0934290886
30.0944347382
30.09542799
30.0964281559
30.097432375
30.0984399319
30.0994217396
30.1004331112
30.1014573574
30.1024382114
30.1034314632
30.1044456959
30.1054461002
30.1084640026
30.1094329357
30.110445261
30.1115090847
30.1124327183
30.1134288311
30.1145195961
30.115429163
30.1164348125
30.1174356937
30.118439436
30.1194283962
30.1204359531
30.1214799881
30.1224377155
30.1234643459
30.1244187355
30.1254205704
30.1264181137
30.1274268627
30.1284244061
30.129421711
30.1304190159
30.131428957
30.1334161758
30.1344184875
30.1354298592
30.1364247799
30.1374201775
30.138417244
30.1394109726
30.1404101849
30.1414058208
30.1424095631
30.1434087753
30.1444652081
30.1454081535
30.1465044022
30.1475253105
30.1484277248
30.149428606
30.1504209042
30.1514241695
30.1524300575
30.1543989182
30.1554031372
30.1564016342
30.1574065685
30.1584060192
30.1594009399
30.1604292393
30.1614179611
30.1624236107
30.1634085178
30.1643967628
30.1653869152
30.1663870811
30.1673996449
30.1683979034
30.169400692
30.1703839302
30.1714372635
30.17248559
30.1734485626
30.1743834019
30.1753833294
30.176384449
30.1773803234
30.1783845425
30.1793847084
30.180378437
30.1813716888
30.1823716164
30.1833748817
30.1843752861
30.1853854656
30.1863665581
30.1873836517
30.1883671284
30.1893868446
30.1903688908
30.1913721561
30.1923689842
30.1933662891
30.1943671703
30.1953685284
30.1963865757
30.1973888874
30.1984109879
30.1994152069
30.2004127502
30.2013731003
30.2024123669
30.2034118176
30.2064051628
30.2073705196
30.2083823681
30.2093698978
30.2103619576
30.2113566399
30.2123634815
30.2133595943
30.2143659592
30.2153692245
30.2164101601
30.2174568176
30.2183735371
30.2193620205
30.2203614712
30.2213568687
30.2223551273
30.2233512402
30.2243511677
30.2253518105
30.226354599
30.227350235
30.2284815311
30.2293550968
30.2304081917
30.2314081192
30.2324092388
30.2333540916
30.2343621254
30.2353696823
30.2363767624
30.2373697758
30.2383599281
30.2393562794
30.2403542995
30.2413520813
30.2423636913
30.2433481216
30.2443504333
30.2453594208
30.246366024
30.2473609447
30.2483565807
30.2583515644
30.2593455315
30.2603402138
30.2613358498
30.2623386383
30.2633447647
30.2643415928
30.2653539181
30.2663328648
30.2673382759
30.2683260441
30.2693250179
30.2703261375
30.2713253498
30.27231884
30.2733261585
30.2743196487
30.2753167152
30.2763156891
30.2773149014
30.2783191204
30.2793123722
30.2803177834
30.2815651894
30.2823138237
30.2835643291
30.2845616341
30.2905700207
30.2915511131
30.2923488617
30.2935497761
30.2945461273
30.2955472469
30.2965443134
30.2975447178
30.2985420227
30.2995414734
30.3005430698
30.3015413284
30.3023414612
30.3032906055
30.3045880795
30.3055446148
30.3063328266
30.3075728416
30.3085768223
30.3093340397
30.3106043339
30.3113355637
30.3126540184
30.3135371208
30.3145399094
30.3155357838
30.3165419102
30.3175532818
30.3185575008
30.3195576668
30.320602417
30.3213546276
30.3225605488
30.3235361576
30.3245410919
30.3255360126
30.3265390396
30.3275330067
30.3285355568
30.3295350075
30.3305301666
30.3315312862
30.3325266838
30.3335273266
30.3355259895
30.3365643024
30.337518692
30.3385174274
30.3395180702
30.3405182362
30.34151721
30.3425221443
30.343527317
30.3445258141
30.3455169201
30.346518755
30.3475148678
30.3485121727
30.3495090008
30.3505642414
30.3515694141
30.3525202274
30.3535177708
30.3545088768
30.3555088043
30.3565084934
30.3575539589
30.3585062027
30.3595044613
30.3605084419
30.3615145683
30.36951828
30.3705339432
30.3715398312
30.37251544
30.3735084534
30.3765089512
30.3775134087
30.3784985542
30.379506588
30.3805167675
30.3864946365
30.3874905109
30.388515234
30.3894941807
30.3904855251
30.3914904594
30.3924918175
30.3934850693
30.39448452
30.3954882622
30.3964829445
30.3974909782
30.3984885216
30.3994810581
30.400482893
30.4014828205
30.4025309086
30.4034824371
30.4044911861
30.4054777622
30.4064810276
30.4074831009
30.4084837437
30.409484148
30.4105029106
30.4114871025
30.4125154018
30.4134941101
30.4144911766
30.4154815674
30.4164814949
30.4174869061
30.4184827805
30.4194881916
30.420473814
30.4214727879
30.4224839211
30.4234764576
30.4245123863
30.4254755974
30.4264681339
30.4274682999
30.4284672737
30.4295511246
30.4304676056
30.4314801693
30.4324939251
30.4334776402
30.4344735146
30.4355082512
30.4365012646
30.4374783039
30.4384596348
30.4394752979
30.4405047894
30.4415011406
30.4424712658
30.4434564114
30.4444637299
30.4454700947
30.4464547634
30.4474570751
30.4484684467
30.4494559765
30.4504556656
30.4514734745
30.4524774551
30.4534585476
30.4544539452
30.4554691315
30.4614920616
30.4624667168
30.4644742012
30.4654662609
30.4664494991
30.4674592018
30.4684536457
30.4694628716
30.470448494
30.4714534283
30.4724392891
30.4734535217
30.4744410515
30.4754567146
30.4764482975
30.4774565697
30.482437849
30.4834570885
30.4844384193
30.4854357243
30.4864370823
30.4874465466
30.4884445667
30.4894285202
30.4904243946
30.4914228916
30.4924247265
30.4934341908
30.4944303036
30.4954249859
30.4964234829
30.4974269867
30.4984304905
30.499427557
30.500443697
30.501449585
30.5024302006
30.5034456253
30.5044341087
30.5054268837
30.5064198971
30.5074186325
30.5084199905
30.5094146729
30.5104146004
30.5114219189
30.5124123096
30.5134165287
30.5144107342
30.5154111385
30.5164113045
30.5174133778
30.5184178352
30.5194649696
30.5204126835
30.5214145184
30.5224225521
30.5234057903
30.5244145393
30.5254049301
30.526458025
30.5274095535
30.5284104347
30.5294091702
30.5304048061
30.5314171314
30.5324053764
30.5334067345
30.5344026089
30.5354037285
30.5364012718
30.5374219418
30.5384068489
30.5394029617
30.5403983593
30.5414054394
30.5423994064
30.5433969498
30.5443990231
30.5453994274
30.546400547
30.5473868847
30.548388958
30.5494139194
30.5504083633
30.5515036583
30.5524337292
30.5534365177
30.5543801785
30.555380106
30.5563845634
30.5574007034
30.5584592819
30.5593998432
30.5603888035
30.5614058971
30.5624055862
30.5634541512
30.5645320415
30.5654323101
30.56645751
30.5673964024
30.56838274
30.5694258213
30.5704286098
30.5713820457
30.5723793507
30.5733683109
30.574368
30.5753715038
30.5763673782
30.5773673058
30.5783674717
30.5793645382
30.5804481506
30.5814483166
30.5824389458
30.5835494995
30.5844268799
30.5854701996
30.5864603519
30.5874438286
30.5884714127
30.5893871784
30.5904376507
30.5914344788
30.5924806595
30.5933721066
30.5944452286
30.5953779221
30.5963776112
30.5974128246
30.5984122753
30.5993831158
30.6004292965
30.6013746262
30.60247612
30.6034843922
30.6044368744
30.6054112911
30.6063892841
30.6073834896
30.6083786488
30.6093645096
30.610376358
30.6113672256
30.6123564243
30.6133654118
30.6143629551
30.6154301167
30.6163666248
30.6173696518
30.618367672
30.6193637848
30.620364666
30.621360302
30.6223657131
30.623357296
30.6243538857
30.6253545284
30.6263546944
30.6273548603
30.6283793449
30.6293621063
30.6303498745
30.6313512325
30.6323564053
30.6333606243
30.634345293
30.6353476048
30.63635993
30.6373460293
30.6383495331
30.6393485069
30.6403505802
30.6413536072
30.6423466206
30.6434001923
30.6443455219
30.6453461647
30.646345377
30.647339344
30.6483402252
30.6493389606
30.6503376961
30.6513414383
30.6523394585
30.6533415318
30.6543440819
30.6553394794
30.6563384533
30.6573357582
30.6593334675
30.6603369713
30.661334753
30.6623272896
30.6633722782
30.6643331051
30.6654088497
30.666336298
30.6673810482
30.6683366299
30.6693305969
30.6703701019
30.6713271141
30.6724321842
30.6735892296
30.6743283272
30.675334692
30.6765756607
30.6773307323
30.6785726547
30.6793365479
30.6803305149
30.6814227104
30.6823704243
30.6833212376
30.6843183041
30.6855530739
30.6863157749
30.6873791218
30.6884131432
30.6893610954
30.6903138161
30.6913201809
30.6923222542
30.693549633
30.6945478916
30.6955471039
30.6965479851
30.6975491047
30.6983101368
30.6995449066
30.70054245
30.7015500069
30.7025487423
30.7035415173
30.7045428753
30.705571413
30.7063059807
30.7075617313
30.708534956
30.7093570232
30.7105696201
30.7115325928
30.7125639915
30.7135703564
30.7143051624
30.7155389786
30.7165732384
30.7175319195
30.718534708
30.7195305824
30.7205765247
30.7215301991
30.7226011753
30.7235341072
30.7245233059
30.7255237103
30.726524353
30.7275209427
30.7283191681
30.7305223942
30.7315182686
30.732521534
30.7335271835
30.734603405
30.7355201244
30.736515522
30.7375435829
30.7385156155
30.7395224571
30.740516901
30.7415220737
30.742518425
30.7435138226
30.7445170879
30.7455117702
30.7465133667
30.7475099564
30.7485079765
30.7495145798
30.7504739761
30.7515108585
30.7525103092
30.7535128593
30.7545077801
30.7555127144
30.7565159798
30.757515192
30.7585251331
30.7605092525
30.7615058422
30.7625076771
30.7635018826
30.7645037174
30.7655408382
30.7665081024
30.7674977779
30.7685046196
30.7695057392
30.770503521
30.7715010643
30.7724990845
30.7734978199
30.7744984627
30.7754957676
30.7764959335
30.7775022984
30.7784974575
30.7794947624
30.7804942131
30.7814965248
30.7825410366
30.7834911346
30.7844877243
30.7855021954
30.786516428
30.7874922752
30.788492918
30.7894995213
30.7904896736
30.7915153503
30.793504715
30.7945268154
30.7954833508
30.796489954
30.7974863052
30.7984879017
30.7995016575
30.8004860878
30.8014853001
30.8024947643
30.8034861088
30.8044788837
30.8054795265
30.8064804077
30.8074800968
30.8084816933
30.8094792366
30.8104774952
30.811478138
30.812482357
30.8134794235
30.8144762516
30.8153882027
30.8165490627
30.8174762726
30.8184800148
30.8194732666
30.8204755783
30.8214719296
30.8224811554
30.8234891891
30.8244636059
30.8254709244
30.8264732361
30.8274722099
30.8285079002
30.8294651508
30.8304646015
30.8314640522
30.8324730396
30.8334646225
30.8344669342
30.8354628086
30.836461544
30.8374609947
30.8384585381
30.8394582272
30.8404529095
30.8414607048
30.8424987793
30.8434576988
30.8445050716
30.8454959393
30.8464624882
30.8474612236
30.848459959
30.849455595
30.8504543304
30.8514595032
30.8524665833
30.8534636497
30.8544611931
30.855465889
30.8564827442
30.857460022
30.8584542274
30.8594517708
30.8604507446
30.8614554405
30.8624546528
30.8634548187
30.8644547462
30.8654904366
30.8664469719
30.8674733639
30.8684475422
30.8694739342
30.8704690933
30.8714535236
30.8724455833
30.8734562397
30.8744499683
30.8764462471
30.8774549961
30.8784534931
30.8795125484
30.8804495335
30.8814544678
30.882445097
30.8834528923
30.8844351768
30.8854439259
30.8864502907
30.887458086
30.8884367943
30.8924379349
30.8935017586
30.8944289684
30.8954646587
30.896469593
30.8974301815
30.8984310627
30.8994252682
30.900427103
30.9014897346
30.9024832249
30.9034698009
30.9044544697
30.9054262638
30.9064619541
30.9074275494
30.9084281921
30.9094247818
30.9104540348
30.9134597778
30.9144246578
30.9154176712
30.9164271355
30.9174141884
30.9184188843
30.9194200039
30.9204297066
30.9214277267
30.9224264622
30.9234175682
30.9244205952
30.9254152775
30.9264593124
30.9274935722
30.9284155369
30.9294095039
30.9304432869
30.9314517975
30.9324100018
30.9334075451
30.9344105721
30.935407877
30.9364061356
30.9374094009
30.9384093285
30.9394128323
30.9404137135
30.9414110184
30.9424066544
30.9464008808
30.9474031925
30.9484450817
30.949450016
30.9504363537
30.9514191151
30.952388525
30.9533896446
30.9544012547
30.9554448128
30.9564054012
30.9574012756
30.9583992958
30.959400177
30.9603872299
30.9613859653
30.9623866081
30.9634437561
30.9643788338
30.9654390812
30.9664041996
30.9673814774
30.9684023857
30.9703879356
30.9713969231
30.9723777771
30.9733743668
30.9743800163
30.9753792286
30.9763817787
30.9773824215
30.9783782959
30.9793729782
30.9803733826
30.9813725948
30.9823822975
30.9834897518
30.984390974
30.9854269028
30.9864413738
30.987421751
30.9884176254
30.9894418716
30.9903681278
30.9913725853
30.9923653603
30.993363142
30.9943614006
30.9954168797
30.9963655472
30.9974224567
30.9984164238
30.9993693829
31.0003561974
31.0014200211
31.0024340153
31.0034124851
31.0044145584
31.0053739548
31.0064082146
31.0074062347
31.0084087849
31.0093603134
31.0103545189
31.0113487244
31.012357235
31.015348196
31.0163524151
31.0173499584
31.0183484554
31.0193469524
31.0203475952
31.0213422775
31.0223412514
31.0233409405
31.0243389606
31.0253527164
31.0263545513
31.0273578167
31.0283465385
31.0293598175
31.0303590298
31.0315873623
31.0325911045
31.0333411694
31.0343401432
31.0355858803
31.0363481045
31.0374233723
31.0383615494
31.0393462181
31.0403394699
31.0413842201
31.0433821678
31.0443377495
31.0453374386
31.0463397503
31.04733634
31.0483410358
31.0533330441
31.0543296337
31.0563502312
31.0573284626
31.0584123135
31.0593957901
31.0603277683
31.0613541603
31.0623283386
31.0633306503
31.0643217564
31.0653281212
31.0663328171
31.0673294067
31.0683405399
31.0693395138
31.070330143
31.0713284016
31.072368145
31.0734071732
31.0744097233
31.0753266811
31.0763237476
31.0773231983
31.0783207417
31.0793242455
31.0803592205
31.0813801289
31.0823159218
31.0833547115
31.0843765736
31.0853204727
31.0863308907
31.0873250961
31.0883624554
31.089318037
31.0903191566
31.091594696
31.0923202038
31.0933227539
31.0943143368
31.0953271389
31.096313715
31.0975744724
31.0983142853
31.0993127823
31.1005578041
31.1013047695
31.1025512218
31.1035552025
31.1043043137
31.1055452824
31.1063475609
31.1075499058
31.1085562706
31.109566927
31.1105630398
31.1115465164
31.1125485897
31.1135525703
31.1145465374
31.1156508923
31.1165416241
31.1175403595
31.1185436249
31.1193311214
31.1205525398
31.1215405464
31.1225469112
31.1235494614
31.1245319843
31.1255333424
31.1265320778
31.127532959
31.1285326481
31.1295354366
31.1305341721
31.1315305233
31.1325316429
31.1335291862
31.1345276833
31.1355252266
31.1365261078
31.1375296116
31.1385233402
31.139526844
31.1405227184
31.1415224075
31.1425213814
31.1435232162
31.1445236206
31.1455278397
31.1465227604
31.1475224495
31.1485164165
31.1495258808
31.1505215168
31.1515247822
31.1525201797
31.1535203457
31.1545441151
31.1555151939
31.1565175056
31.1575129032
31.1585166454
31.1595215797
31.160513401
31.1615111828
31.1625154018
31.1635584831
31.1645634174
31.1655235291
31.1665172577
31.1675217152
31.1685168743
31.169522047
31.1705162525
31.171510458
31.1725101471
31.1735117435
31.1744010448
31.1755127907
31.1765120029
31.1775114536
31.178507328
31.1795041561
31.1805024147
31.1815068722
31.1825194359
31.1835160255
31.1845154762
31.1855115891
31.1865179539
31.1875164509
31.1885180473
31.1895074844
31.1904997826
31.1915044785
31.1925647259
31.193502903
31.1945078373
31.1955015659
31.1965019703
31.197504282
31.1984937191
31.1994936466
31.2005007267
31.2014937401
31.2025022507
31.2034893036
31.2044892311
31.2054932117
31.2064883709
31.2074899673
31.2084960938
31.2094974518
31.2104895115
31.211486578
31.2124974728
31.2134861946
31.2144868374
31.2154955864
31.2164871693
31.2174913883
31.2184922695
31.2194917202
31.2204835415
31.2214882374
31.2224838734
31.2234859467
31.2244813442
31.2254812717
31.2264785767
31.2274873257
31.2284736633
31.2294795513
31.2304751873
31.2314720154
31.2324824333
31.2334697247
31.2354738712
31.2364749908
31.2374727726
31.2384700775
31.2394695282
31.2404704094
31.2414677143
31.2424860001
31.2434818745
31.2444748878
31.2454776764
31.246468544
31.2474603653
31.2484588623
31.2494566441
31.2504615784
31.2514925003
31.2524893284
31.253483057
31.2544739246
31.2554821968
31.256467104
31.2574710846
31.258466959
31.2594664097
31.2605028152
31.2614996433
31.2625000477
31.2634580135
31.2644753456
31.2654607296
31.2664613724
31.2674689293
31.268475771
31.2694604397
31.2705330849
31.2714939117
31.2724869251
31.2734589577
31.2744531631
31.2754592896
31.2764878273
31.2774624825
31.2784631252
31.2794566154
31.2804853916
31.2814819813
31.2824833393
31.2834603786
31.2844593525
31.2854676247
31.2864525318
31.2874643803
31.2884571552
31.2894024849
31.2904515266
31.2914757729
31.2924525738
31.2934608459
31.2944443226
31.2954580784
31.2964525223
31.2974462509
31.2984380722
31.2994759083
31.3004395962
31.3054692745
31.3064408302
31.3074538708
31.3084714413
31.3094291687
31.3104319572
31.3114261627
31.3124263287
31.3134255409
31.3144726753
31.3154284954
31.3164255619
31.3174829483
31.3184244633
31.3194196224
31.3204202652
31.3214194775
31.3224563599
31.3234193325
31.3244206905
31.3254218102
31.3264224529
31.3274555206
31.3284432888
31.3294346333
31.3304378986
31.3314745426
31.3324348927
31.3335044384
31.33441782
31.3354268074
31.3434233665
31.3444542885
31.345413208
31.3464281559
31.3474252224
31.3484144211
31.3494141102
31.3504054546
31.3514068127
31.352414608
31.3534123898
31.3544099331
31.3554546833
31.3564031124
31.3574018478
31.3584153652
31.3594007492
31.3603992462
31.3614020348
31.3623991013
31.3633887768
31.3643887043
31.3654105663
31.366443634
31.3674609661
31.368398428
31.3694107533
31.3703985214
31.3713829517
31.3723835945
31.3733975887
31.3743889332
31.375389576
31.3764002323
31.3774192333
31.3784046173
31.3794090748
31.3804080486
31.3814017773
31.3824102879
31.3834028244
31.3843996525
31.3853986263
31.3864076138
31.387403965
31.3884103298
31.3893954754
31.3903987408
31.3913960457
31.3923885822
31.3933749199
31.3943779469
31.395373106
31.3963706493
31.3973689079
31.3983666897
31.3993656635
31.4003689289
31.4013724327
31.4023704529
31.4033727646
31.4043769836
31.4053845406
31.4064006805
31.4074280262
31.4083740711
31.4093725681
31.4103755951
31.4115817547
31.4174015522
31.4184048176
31.4193873405
31.4203827381
31.4213826656
31.4223706722
31.4233653545
31.4243679047
31.4253852367
31.4263761044
31.4273695946
31.4283688068
31.4293644428
31.4303638935
31.4313583374
31.4323604107
31.4333562851
31.4343597889
31.4353480339
31.4363458157
31.4373502731
31.4383451939
31.4393467903
31.4403452873
31.4413414001
31.4423437119
31.4433405399
31.444334507
31.4453377724
31.4463350773
31.4473357201
31.4483342171
31.4493355751
31.450335741
31.4513349533
31.4523375034
31.4533448219
31.454344511
31.4553449154
31.4563448429
31.4573383331
31.458335638
31.4593310356
31.4603312016
31.4613513947
31.4623544216
31.4633631706
31.4643704891
31.4653379917
31.4663636684
31.4673547745
31.4683306217
31.4693241119
31.4703409672
31.4713275433
31.4723320007
31.4733521938
31.4743301868
31.475320816
31.476323843
31.4773247242
31.4783301353
31.479316473
31.4803135395
31.4813146591
31.482357502
31.4833209515
31.4843161106
31.485319376
31.4863128662
31.4873485565
31.4883098602
31.4893088341
31.4903073311
31.4913063049
31.4923074245
31.4933116436
31.4945509434
31.4953048229
31.4963035583
31.4973466396
31.4983050823
31.4993109703
31.5003073215
31.5013074875
31.5025620461
31.503569603
31.5043108463
31.5055687428
31.5065536499
31.5075592995
31.5123045444
31.5138859749
31.5155489445
31.5165467262
31.5175430775
31.518550396
31.519538641
31.5205440521
31.5212960243
31.522541523
31.5235366821
31.5245368481
31.5255446434
31.5265405178
31.5273478031
31.528537035
31.5295286179
31.5305271149
31.5315248966
31.5325584412
31.5335276127
31.5343394279
31.5355279446
31.5365588665
31.5375235081
31.5385231972
31.5395190716
31.540520668
31.5415716171
31.5425202847
31.5435328484
31.5445299149
31.5455267429
31.5465347767
31.5475444794
31.5485446453
31.5495307446
31.5505335331
31.5515372753
31.5524809361
31.5535209179
31.5545172691
31.555523634
31.5565180779
31.5575313568
31.5635156631
31.5645077229
31.5655069351
31.56650424
31.5675084591
31.5685079098
31.5695064068
31.5705127716
31.5715043545
31.5725030899
31.5735070705
31.5745031834
31.5755028725
31.5765008926
31.5775175095
31.5785090923
31.5794999599
31.5804977417
31.5815200806
31.5825157166
31.5835063457
31.5845057964
31.5855083466
31.5865147114
31.5875151157
31.5885212421
31.5895097256
31.5905103683
31.5915107727
31.5925309658
31.5932981968
31.5945081711
31.5955035686
31.5964925289
31.5974993706
31.598498106
31.5994939804
31.6004943848
31.6015000343
31.6025056839
31.6035017967
31.6045041084
31.6055021286
31.6064865589
31.6075069904
31.6085040569
31.6095049381
31.6104948521
31.6115012169
31.6124942303
31.6134929657
31.6144964695
31.6154820919
31.616489172
31.6174938679
31.6185007095
31.6194906235
31.6204929352
31.6214885712
31.6224899292
31.6234688759
31.6244809628
31.6254792213
31.6264731884
31.6275215149
31.6284828186
31.6294882298
31.6304936409
31.6314942837
31.6324839592
31.6334819794
31.6344795227
31.6354756355
31.6364691257
31.6374881268
31.6385099888
31.639508009
31.6405138969
31.6415054798
31.6424734592
31.6434662342
31.6445724964
31.6454949379
31.6465473175
31.6474995613
31.6485042572
31.6495029926
31.6505041122
31.6514606476
31.6524708271
31.6534621716
31.6664655209
31.6674628258
31.6684589386
31.6694631577
31.6704614162
31.6714725494
31.6724696159
31.6734549999
31.6744623184
31.6754827499
31.6764981747
31.6774644852
31.6784551144
31.6794552803
31.6804580688
31.6814558506
31.6824626923
31.6834588051
31.6844594479
31.6854505539
31.6864569187
31.6874492168
31.688454628
31.6894555092
31.6904518604
31.6914503574
31.6924493313
31.6934473515
31.6944420338
31.6954433918
31.6964707375
31.6974463463
31.698476553
31.699444294
31.7004420757
31.7014501095
31.7034499645
31.7054488659
31.7064297199
31.7074508667
31.7084350586
31.7094433308
31.7104468346
31.7114617825
31.712441206
31.713452816
31.7144544125
31.7154574394
31.7164416313
31.7174491882
31.7184381485
31.719440937
31.7204318047
31.7214317322
31.7224805355
31.7234666348
31.7244572639
31.7254416943
31.7264750004
31.727489233
31.7284305096
31.7294685841
31.7304570675
31.7314660549
31.7324187756
31.7334153652
31.7344150543
31.7354137897
31.7364163399
31.7374613285
31.738455534
31.7394566536
31.7404477596
31.7414083481
31.7424123287
31.7434132099
31.7444064617
31.7454075813
31.7464151382
31.7474133968
31.7484154701
31.7494204044
31.7504069805
31.7514014244
31.7524151802
31.753412962
31.7544112206
31.7554264069
31.7564151287
31.7574076653
31.758409977
31.7594006062
31.7604043484
31.7613985538
31.7624075413
31.7634060383
31.7644057274
31.7654044628
31.7663965225
31.7673976421
31.7684109211
31.7694580555
31.7704517841
31.7714042664
31.7723970413
31.7733809948
31.7743983269
31.7753880024
31.7763879299
31.7774655819
31.7784006596
31.7794036865
31.780380249
31.7813887596
31.7823996544
31.7833812237
31.7843773365
31.7853722572
31.7863843441
31.7873821259
31.788444519
31.7893867493
31.790389061
31.7913832664
31.7923777103
31.7933802605
31.7943863869
31.7953855991
31.7963764668
31.7974352837
31.7984316349
31.7993736267
31.8003816605
31.8033709526
31.8043653965
31.8053832054
31.8063802719
31.8073709011
31.8083641529
31.8093662262
31.8103642464
31.8113720417
31.8143670559
31.8153669834
31.8163640499
31.8173673153
31.818362236
31.8193576336
31.8203554153
31.8213562965
31.822353363
31.8234088421
31.8243629932
31.8253531456
31.8263509274
31.8273515701
31.8283517361
31.8293504715
31.8303480148
31.8313474655
31.832347393
31.8333604336
31.8343594074
31.8353590965
31.8363678455
31.837372303
31.8383550644
31.8393540382
31.840357542
31.8423569202
31.843351841
31.8443512917
31.8453576565
31.8463468552
31.8473451138
31.8483424187
31.8493442535
31.8503477573
31.8513453007
31.8523488045
31.8533418179
31.8543429375
31.8553438187
31.8573451042
31.8583440781
31.8593418598
31.8603446484
31.861345768
31.8623466492
31.863353014
31.8643519878
31.8653459549
31.8663504124
31.86733675
31.8683428764
31.8693399429
31.8703446388
31.8713328838
31.8723361492
31.873339653
31.8743321896
31.875328064
31.8763263226
31.8773348331
31.8783311844
31.8793344498
31.8803291321
31.8813443184
31.8823263645
31.883326292
31.884319067
31.8853197098
31.8863201141
31.8873231411
31.888324976
31.8893270493
31.890327692
31.8913376331
31.892326355
31.8933300972
31.8963220119
31.8973164558
31.8983163834
31.8993313313
31.9003264904
31.9013309479
31.9023153782
31.9033133984
31.9043104649
31.9053053856
31.906308651
31.90731287
31.9103045464
31.9115567207
31.9133036137
31.9145460129
31.9155497551
31.9165489674
31.9175424576
31.9185414314
31.919552803
31.9205403328
31.9212994576
31.9225492477
31.9235420227
31.9245455265
31.9275379181
31.9285449982
31.929297924
31.9305455685
31.9315369129
31.9325387478
31.9335339069
31.9345347881
31.9355385303
31.9365377426
31.9375412464
31.9385311604
31.9395396709
31.9405477047
31.9415407181
31.9425346851
31.9435303211
31.9445307255
31.9455325603
31.9465265274
31.9475343227
31.9485290051
31.949529171
31.9505224228
31.951529026
31.9525301456
31.9535181522
31.9545185566
31.9555168152
31.9565217495
31.9575288296
31.9585251808
31.9595193863
31.9605596066
31.9613163471
31.9635138512
31.9645302296
31.9655086994
31.9665632248
31.9675126076
31.9685106277
31.9695115089
31.9705197811
31.9715173244
31.9723463058
31.973508358
31.9745399952
31.9755072594
31.9765458107
31.9775087833
31.9785182476
31.9795086384
31.9805114269
31.9815142155
31.9825055599
31.9835033417
31.984505415
31.9855082035
31.9865105152
31.9875049591
31.9885020256
31.9895009995
31.9904980659
31.991499424
31.9925034046
31.9934999943
31.9944963455
31.9955101013
31.9965324402
31.9974956512
31.9984955788
31.9995000362
32.0005362034
32.0015788078
32.0025048256
32.0034945011
32.0045659542
32.0054905415
32.0065197945
32.007491827
32.0084886551
32.0094954967
32.0105290413
32.0114917755
32.0124886036
32.0134882927
32.0144891739
32.0154929161
32.0164926052
32.0175020695
32.0185058117
32.0194993019
32.0204970837
32.0214877129
32.0224847794
32.0234854221
32.0244886875
32.0254797935
32.0264787674
32.0274786949
32.0284893513
32.0295011997
32.0304949284
32.0314927101
32.0324850082
32.033485651
32.0344741344
32.0354685783
32.0365390778
32.0374736786
32.0384690762
32.0394744873
32.0404992104
32.0414955616
32.0424768925
32.043466568
32.0444936752
32.0454683304
32.0464639664
32.047467947
32.048469305
32.0494654179
32.0504899025
32.0514569283
32.052491188
32.0534617901
32.0544583797
32.059476614
32.0604774952
32.0614676476
32.0644884109
32.0654761791
32.0664718151
32.0674614906
32.0684688091
32.069466114
32.070458889
32.0714578629
32.0724642277
32.0734653473
32.074457407
32.0754573345
32.0764598846
32.077480793
32.0784614086
32.0794596672
32.0804715157
32.0814604759
32.0824799538
32.0835082531
32.0845417976
32.0855021477
32.0864491463
32.0874538422
32.0884566307
32.0894563198
32.090460062
32.0914533138
32.0924601555
32.0934631824
32.0944569111
32.0954678059
32.0964589119
32.0974588394
32.0984590054
32.0994689465
32.1004626751
32.1014621258
32.1024773121
32.1034731865
32.1044666767
32.1054792404
32.1064629555
32.1074769497
32.108458519
32.1094815731
32.1104798317
32.1124653816
32.1134665012
32.1174724102
32.1184747219
32.1194598675
32.1204404831
32.1214540005
32.1224615574
32.1234416962
32.124430418
32.1254396439
32.1264307499
32.1274311543
32.1284217834
32.1294310093
32.1304235458
32.1314435005
32.132422924
32.1334350109
32.1344220638
32.1354367733
32.1364223957
32.1374382973
32.1384203434
32.1394209862
32.1404798031
32.1414232254
32.142428875
32.143458128
32.1444323063
32.145430088
32.1464755535
32.1474392414
32.1484205723
32.1494226456
32.1504209042
32.1514265537
32.1524202824
32.153416872
32.154419899
32.1554217339
32.1564130783
32.1574127674
32.1584188938
32.1594004631
32.160410881
32.1614186764
32.1634194851
32.1644082069
32.1654067039
32.1664390564
32.1674022675
32.1683969498
32.1693892479
32.1704010963
32.1713850498
32.1723997593
32.1733968258
32.174403429
32.1754012108
32.1764051914
32.1774060726
32.1803889275
32.1813950539
32.1823883057
32.1833958626
32.1843984127
32.185382843
32.1863787174
32.1874387264
32.1883807182
32.1893875599
32.1903879642
32.1913845539
32.1923840046
32.1933782101
32.1943743229
32.1953723431
32.1963729858
32.197445631
32.1984198093
32.1994383335
32.2004013062
32.2013754845
32.2024469376
32.2033736706
32.2044401169
32.2054748535
32.2064538002
32.2074716091
32.2083668709
32.2093656063
32.2104146481
32.211363554
32.2123813629
32.2133724689
32.2143671513
32.2153680325
32.2163636684
32.2173762321
32.2183654308
32.219367981
32.2203638554
32.2213697433
32.2223622799
32.2234108448
32.2243690491
32.2273757458
32.2283675671
32.2293696404
32.2303740978
