-1.33136403569
-1.33411133169
-1.33772857287
-1.34040844429
-1.34340463697
-1.34543361099
-1.34696887756
-1.34788462922
-1.34946524282
-1.34872390041
-1.34692785361
-1.34355037773
-1.34077623332
-1.33703092569
-1.33412792385
-1.33093775912
-1.32709558765
-1.32411255948
-1.3221766726
-1.31988817321
-1.31831909194
-1.31760237499
-1.31883445201
-1.32174573176
-1.32484257978
-1.33030839154
-1.33271267135
-1.33930516775
-1.33981363996
-1.34506627142
-1.34589280198
-1.34343882024
-1.34247455307
-1.34079925982
-1.33826067866
-1.33660504861
-1.33461732298
-1.33202968908
-1.33043721605
-1.32840911857
-1.32876680424
-1.32840765078
-1.3300856219
-1.33087159208
-1.33272051163
-1.33439426771
-1.33614075326
-1.33770560378
-1.3403355233
-1.3417039485
-1.34346290871
-1.34336830119
-1.34237699773
-1.3403581307
-1.33828034715
-1.33674833423
-1.3352683074
-1.33412196058
-1.33370147712
-1.33253625644
-1.33130190741
-1.32974373683
-1.32776031322
-1.32981260821
-1.3306400889
-1.33249873079
-1.33331585711
-1.33676695247
-1.33689377843
-1.33749596905
-1.33501846304
-1.33372852151
-1.33305087046
-1.33255397647
-1.33371392779
-1.33155597511
-1.32918988172
-1.32575896828
-1.3226891814
-1.32043537381
-1.32072454992
-1.32042731753
-1.32268640635
-1.32370761729
-1.32433553059
-1.32493626108
-1.3250286052
-1.32633495053
-1.32846448493
-1.33013002975
-1.33157428491
-1.33364094825
-1.33438342659
-1.33413899396
-1.33433165273
-1.33285787701
-1.33197589953
-1.33169921216
-1.33032826411
-1.32952658286
-1.32933398325
-1.32977817698
-1.32963649871
-1.33075953642
-1.33042836744
-1.328746528
-1.32483905844
-1.32347962466
-1.32151066063
-1.32062895833
-1.31966492229
-1.31841383136
-1.31528118529
-1.31340601799
-1.31117130223
-1.31180823887
-1.31198783533
-1.31266685637
-1.31320875654
-1.3129196406
-1.31327910492
-1.31330567011
-1.31265850261
-1.31327084672
-1.31424182399
-1.31581799552
-1.31428775895
-1.31451230077
-1.31324657973
-1.31227981108
-1.310196354
-1.30890880086
-1.30724260656
-1.30582047088
-1.30410687216
-1.3038571108
-1.30347833206
-1.3028618696
-1.30372387539
-1.30489931025
-1.30696188876
-1.30808517958
-1.30874229908
-1.30989696105
-1.31112413016
-1.31029056685
-1.31250646023
-1.31347843977
-1.31375610869
-1.31230406403
-1.3092033753
-1.3053259406
-1.29640801721
-1.29353160405
-1.29086757883
-1.29052372713
-1.28858662694
-1.28753983483
-1.28598480094
-1.28525224417
-1.28527313815
-1.28374687746
-1.28325371028
-1.28308693465
-1.28404324924
-1.28761859724
-1.29091844915
-1.29415980633
-1.29579535802
-1.29780708241
-1.29809109368
-1.29949736495
-1.30011992599
-1.30139926131
-1.30083917746
-1.30139927956
-1.30073168633
-1.29978889049
-1.29877887753
-1.29722364031
-1.29656717047
-1.29564574486
-1.29466754593
-1.29168663146
-1.2911703456
-1.28943217514
-1.28825163753
-1.28778510772
-1.28752243908
-1.28604856755
-1.28565023419
-1.2836134279
-1.28285094535
-1.28225757983
-1.28256161421
-1.282983092
-1.28295342817
-1.2836949059
-1.28440165448
-1.28553479487
-1.28657748357
-1.28674720975
-1.28780892473
-1.28816791049
-1.28890479358
-1.28899921601
-1.2889941879
-1.28892401365
-1.28935713806
-1.28812439152
-1.28645972187
-1.28453539748
-1.28315038485
-1.28100722492
-1.27854595327
-1.27750665848
-1.27655509851
-1.27658522677
-1.27563785785
-1.27437431055
-1.2738272652
-1.27276328794
-1.27245299556
-1.27123214945
-1.27154872537
-1.27144054917
-1.27238887844
-1.27501430753
-1.27887372119
-1.2838421502
-1.29135445098
-1.29823352109
-1.30106094538
-1.30323546119
-1.30253986638
-1.30035932368
-1.29787839466
-1.29349716879
-1.28866267719
-1.28592387334
-1.280517675
-1.27722196596
-1.27363446079
-1.27022266632
-1.26697862721
-1.26214147261
-1.25998020109
-1.25537963947
-1.25418197674
-1.25368563009
-1.25429720534
-1.25636158883
-1.26007025126
-1.2637030837
-1.2683508735
-1.27097152722
-1.27640923658
-1.27908877346
-1.28355237911
-1.28834982546
-1.29050162261
-1.29223139898
-1.29239579808
-1.28887488656
-1.28907187415
-1.28185324992
-1.27703457186
-1.27254704283
-1.25429930789
-1.24858837858
-1.24527312508
-1.24148571234
-1.24095571241
-1.24100558444
-1.24288057861
-1.24542873539
-1.24765954451
-1.24979850239
-1.2511686584
-1.25206742664
-1.2526099042
-1.25266254123
-1.25187655871
-1.25105358564
-1.24875511605
-1.24734689239
-1.24678470584
-1.24521795594
-1.24552634183
-1.24493682901
-1.24280393966
-1.24117044477
-1.23831086936
-1.23775029485
-1.23704095388
-1.23841394031
-1.24161589075
-1.24407699853
-1.24649850893
-1.24802544764
-1.24757249315
-1.24734144405
-1.24655541365
-1.24737994657
-1.24933713794
-1.25132442106
-1.25375886964
-1.25482794945
-1.25461336824
-1.25225451229
-1.24933609213
-1.24635004817
-1.24486217781
-1.2443448399
-1.24261048393
-1.24125764455
-1.23950778102
-1.23600141991
-1.23295558629
-1.22854399716
-1.22736789207
-1.22897182668
-1.22999950218
-1.23175331168
-1.23285197363
-1.23411623521
-1.23613402808
-1.23563851292
-1.23383740256
-1.23341601546
-1.23503172667
-1.23644305001
-1.2385126641
-1.24330611378
-1.24657701954
-1.25124854499
-1.25414762213
-1.25489331055
-1.25423320037
-1.25341669507
-1.2520279545
-1.25211147286
-1.25655495112
-1.26298396847
-1.26758979075
-1.26673407398
-1.26039882184
-1.25290895273
-1.24754939492
-1.2411759772
-1.23792683666
-1.23510740291
-1.23142869895
-1.22814327244
-1.22261911435
-1.21758885881
-1.21309518771
-1.21143169337
-1.21011589947
-1.21033652874
-1.21113804083
-1.21169623562
-1.21141749914
-1.21289109384
-1.21442051092
-1.22278209223
-1.22790128683
-1.23489537284
-1.23818246692
-1.24063722755
-1.24299112742
-1.24552471001
-1.24648020568
-1.24755158605
-1.24796629551
-1.24591726686
-1.24358567077
-1.24088889321
-1.23401813526
-1.23348617665
-1.22607725971
-1.22216150591
-1.21956899066
-1.21639835588
-1.21636901369
-1.21946109464
-1.22330085807
-1.22679447326
-1.22966168514
-1.23129400202
-1.23265031887
-1.23273558072
-1.2370189159
-1.24076030539
-1.24656865624
-1.25154133792
-1.25289679666
-1.25284800592
-1.25053366087
-1.24749911185
-1.24715918319
-1.24746754927
-1.25161953154
-1.25447182428
-1.25772291642
-1.2576031905
-1.2548643298
-1.25124492655
-1.24742773518
-1.24671228547
-1.24612765448
-1.24352987966
-1.24105980441
-1.2358843427
-1.22984190872
-1.22644068147
-1.22512581303
-1.22519399069
-1.22717327525
-1.22880806748
-1.23318183995
-1.23587368852
-1.23561299909
-1.23712174518
-1.23706823573
-1.23677493102
-1.23752051995
-1.23814352713
-1.23888220929
-1.23916938635
-1.2390004055
-1.23925853399
-1.24108618195
-1.23982934239
-1.23802443962
-1.23595692026
-1.23351212142
-1.22987863288
-1.22794844992
-1.22759840733
-1.22747594341
-1.22677805509
-1.22592755927
-1.22532026293
-1.22370475647
-1.22264978318
-1.22150088586
-1.22154152844
-1.22153909733
-1.22309236391
-1.22504677157
-1.22771324865
-1.23082813161
-1.2324537356
-1.23395354747
-1.23416684868
-1.23421805048
-1.23505162976
-1.23403392186
-1.23465377516
-1.23549936835
-1.23424987396
-1.23419833209
-1.23306781299
-1.23152197301
-1.23002502491
-1.2274851983
-1.2252982593
-1.22422516551
-1.22325631225
-1.22222245754
-1.22066874004
-1.22005402343
-1.21751925594
-1.21421728393
-1.21198774187
-1.20753654963
-1.20560306852
-1.20423837796
-1.20525594189
-1.20466531144
-1.20600240032
-1.20765925157
-1.20816116597
-1.20989027868
-1.21540302884
-1.21870778337
-1.22317159255
-1.22753011284
-1.2292016032
-1.23081429579
-1.23168469897
-1.23124024831
-1.23228172541
-1.23268056044
-1.23114248647
-1.23204900244
-1.23075965514
-1.22701180113
-1.22369483592
-1.22125057094
-1.21913572133
-1.21870611268
-1.21704014654
-1.2154330017
-1.21425809286
-1.21134358217
-1.21102901475
-1.20997743682
-1.21124281277
-1.21514839072
-1.21798303922
-1.22294802536
-1.22782074073
-1.23096943227
-1.23440910099
-1.23674805912
-1.2400366001
-1.24491131225
-1.24825359522
-1.24881281845
-1.2488468767
-1.24418911222
-1.23832919396
-1.22680005372
-1.22348598778
-1.22344133193
-1.22086076817
-1.22115924431
-1.21318613585
-1.21992737033
-1.22452695085
-1.23138282075
-1.23388639612
-1.23674401687
-1.24060953285
-1.24229226438
-1.24325822621
-1.24706688487
-1.25034457274
-1.25227924844
-1.25188355406
-1.24921213211
-1.24538440902
-1.23951491623
-1.23553907385
-1.2144397061
-1.21257420489
-1.20907055394
-1.20992557449
-1.21276181706
-1.21784254803
-1.22293797806
-1.26905108977
-1.27097894386
-1.2743286577
-1.27581749332
-1.27607231431
-1.27438857103
-1.27451964172
-1.27038725038
-1.2646182684
-1.25925147697
-1.25061389001
-1.24573679851
-1.23974241495
-1.23568469555
-1.23102061897
-1.22728356245
-1.22572591809
-1.22425624861
-1.22477772693
-1.2267948128
-1.23038958085
-1.23403892083
-1.24017158374
-1.24510957731
-1.25169623465
-1.25794494967
-1.26293646072
-1.26889314062
-1.27499476944
-1.2816635268
-1.28690374939
-1.29077364165
-1.28175833027
-1.28044287001
-1.2704274077
-1.24648721521
-1.24256759787
-1.24069084499
-1.24088106264
-1.24164031495
-1.24370255561
-1.24723799596
-1.25027573285
-1.25479785031
-1.25916086385
-1.26343594098
-1.26884925335
-1.27319845954
-1.27882451402
-1.28202734323
-1.28468851352
-1.28083963329
-1.27903405325
-1.27689151273
-1.27479234708
-1.27171468495
-1.26792001029
-1.26626798116
-1.26261787614
-1.26118381026
-1.26041646408
-1.2596533028
-1.26038774955
-1.262677552
-1.26491567726
-1.2705115236
-1.2725145621
-1.27996688803
-1.28113353182
-1.29002159348
-1.29278315693
-1.29605618397
-1.30039039695
-1.29983793278
-1.29763142068
-1.29327442073
-1.28857626827
-1.28423434949
-1.27882796393
-1.27398492449
-1.27166455454
-1.26705145852
-1.26546359401
-1.26163728699
-1.26170969516
-1.26100403754
-1.26422264475
-1.2670022057
-1.27290541605
-1.27750265901
-1.28089409672
-1.2849635445
-1.28647178533
-1.28763149286
-1.28841881034
-1.28986851031
-1.29190171209
-1.29331877693
-1.29490705846
-1.29573795046
-1.29476642189
-1.29356809782
-1.29101580058
-1.28981856906
-1.28731022936
-1.28613403499
-1.28473354156
-1.28441493945
-1.28441679708
-1.28585307485
-1.28609673388
-1.28550760448
-1.28849271126
-1.28937394667
-1.29044005451
-1.29220643972
-1.29226863757
-1.29169069055
-1.29045183621
-1.28699517708
-1.28440411478
-1.28273042974
-1.28178672603
-1.28226140879
-1.28151188831
-1.28126561785
-1.27844407746
-1.27781548458
-1.27847229832
-1.27988021773
-1.28180734001
-1.28423458635
-1.28471968923
-1.28714818556
-1.28698241726
-1.28774487126
-1.29052975455
-1.29253406004
-1.29559774229
-1.29821813496
-1.30207518658
-1.30550062019
-1.30735524243
-1.30945675841
-1.30981910404
-1.30900596457
-1.3087201324
-1.30823682925
-1.30693416227
-1.30750768585
-1.30657310784
-1.30681146917
-1.30596607028
-1.30592237746
-1.3037696437
-1.30205328801
-1.30135977587
-1.30177400293
-1.30053517624
-1.29976000242
-1.30114025044
-1.30183031585
-1.30376395435
-1.30516166568
-1.30753562004
-1.30791672117
-1.3072797231
-1.30711625989
-1.30368831756
-1.30238455426
-1.30270915105
-1.30710492342
-1.31015336138
-1.31498685035
-1.31681242405
-1.32334912963
-1.32795207849
-1.33279539084
-1.33817915733
-1.34165049025
-1.34721961784
-1.34949132434
-1.35313553035
-1.35516068024
-1.35502599396
-1.35419602857
-1.3514066534
-1.3469296292
-1.34199164362
-1.3379654609
-1.33392275947
-1.33151419537
-1.32743124461
-1.3246186836
-1.31926381709
-1.31518617842
-1.31356717832
-1.31333382488
-1.31563841985
-1.31953658306
-1.32185524422
-1.32656240369
-1.3281067462
-1.32751619085
-1.32726985579
-1.32567015332
-1.32495683487
-1.32543752187
-1.32520401817
-1.32550109804
-1.32488085093
-1.32369636132
-1.32286769222
-1.32192161043
-1.3225797003
-1.32183990612
-1.32207582448
-1.32410298539
-1.32489361052
-1.32718267175
-1.32878691719
-1.32927988204
-1.3302500462
-1.32846905579
-1.32797745317
-1.32927157147
-1.33068799145
-1.33241476518
-1.3339891608
-1.33521388481
-1.3346610101
-1.33279204002
-1.33160076604
-1.3314653948
-1.3315289281
-1.33262820422
-1.33422461798
-1.33617494203
-1.33617125962
-1.33537183993
-1.33390423
-1.3317745064
-1.32880571442
-1.32712189087
-1.32456048078
-1.32299384881
-1.3204355883
-1.3190559621
-1.31819180068
-1.32022527816
-1.32283324347
-1.32883247507
-1.33012320199
-1.33671637008
-1.33799264486
-1.34424741573
-1.3464936433
-1.34680747091
-1.34655109148
-1.3480174129
-1.34694998097
-1.34689361635
-1.34068455204
-1.33849651477
-1.33567796001
-1.33410307624
-1.33267043116
-1.33185321201
-1.33104832076
-1.33260200096
-1.3346971558
-1.3379998314
-1.34185865079
-1.3439948882
-1.34596040488
-1.34718398657
-1.34690574464
-1.34764410638
-1.34814258641
-1.34969672405
-1.35000119663
-1.35103691422
-1.35097118326
-1.34890200043
-1.3464433404
-1.3447427318
-1.34322375299
-1.34309051758
-1.34196930328
-1.34116988464
-1.33631365701
-1.33474416926
-1.32338291586
-1.32012605364
-1.32128098526
-1.32436288546
-1.32994968399
-1.33518252744
-1.33949574726
-1.34045973056
-1.34209359562
-1.34298084959
-1.35473434877
-1.35525430925
-1.35472154136
-1.35249911101
-1.34858811652
-1.34511624817
-1.34130938527
-1.33699843414
-1.33369868031
-1.33076221671
-1.32889075546
-1.32717505256
-1.32739883794
-1.32766424448
-1.32948735173
-1.33090259371
-1.3335295
-1.33671284563
-1.34010928228
-1.34235276542
-1.34529324068
-1.34536074373
-1.34548012318
-1.34472045554
-1.34634313128
-1.34618333636
-1.34608849538
-1.34779507574
-1.34859391804
-1.34850522845
-1.3475483418
-1.34367517442
-1.34095280529
-1.33687065848
-1.33605365065
-1.33562390285
-1.33597791514
-1.33519822991
-1.33556972814
-1.33464374377
-1.33627876533
-1.33686022976
-1.33978273097
-1.34058736297
-1.34278808603
-1.34374705303
-1.34466469791
-1.34506801429
-1.34415051408
-1.34390619692
-1.33939239711
-1.33849506792
-1.33596400813
-1.33533916955
-1.3323215149
-1.32964101271
-1.32742371843
-1.32560761769
-1.32637958676
-1.32647114315
-1.32808889704
-1.33026343786
-1.33093849172
-1.33244412978
-1.33199998738
-1.33262748069
-1.33405256558
-1.33541350004
-1.33716165955
-1.33715859901
-1.33612008968
-1.33454333509
-1.33175592649
-1.3285117705
-1.32355413138
-1.32429356884
-1.32616637207
-1.32747648904
-1.32801360173
-1.32708021731
-1.32730693816
-1.32763804418
-1.32996619504
-1.3331837643
-1.33948800933
-1.34244914532
-1.34534550626
-1.34758922285
-1.34854970139
-1.35116710205
-1.35425755972
-1.35714556595
-1.35795298416
-1.35837152714
-1.35420610004
-1.35075284667
-1.34832069165
-1.34495858006
-1.3433327492
-1.34002910579
-1.33779779481
-1.33430633394
-1.33346587936
-1.33126691274
-1.331242371
-1.3338032893
-1.33664411021
-1.33880514782
-1.34061382329
-1.34166094451
-1.34012083193
-1.34142650854
-1.34251947826
-1.34339395
-1.34407938607
-1.34602887451
-1.34843340346
-1.34818054347
-1.34889552402
-1.34866685195
-1.34696296285
-1.34484397972
-1.34177635241
-1.33996013558
-1.33795215136
-1.33672368244
-1.33489899694
-1.33188784901
-1.32859214225
-1.32582714954
-1.32665454974
-1.32777838729
-1.33269345171
-1.33559536816
-1.33761334479
-1.3390211815
-1.33903343132
-1.33853851352
-1.33944515928
-1.34128575489
-1.34225341993
-1.34744910861
-1.34975469238
-1.35314232422
-1.35054312932
-1.34911523084
-1.34960405806
-1.35024002787
-1.35035556379
-1.35077089653
-1.35047986369
-1.34929679161
-1.34842881542
-1.34777376483
-1.34772928858
-1.34719380911
-1.34626523388
-1.34414842696
-1.34324440974
-1.34260279405
-1.3426416568
-1.34324017828
-1.34361911201
-1.34505586456
-1.34634420728
-1.34782889118
-1.34858314318
-1.35063590425
-1.35227618406
-1.35348432853
-1.35480934159
-1.35521440008
-1.35624700164
-1.35773692881
-1.35646275126
-1.35578463914
-1.35434047998
-1.35139717105
-1.34990871275
-1.34726912861
-1.34716923575
-1.34506122883
-1.3438683231
-1.3418133179
-1.33916953624
-1.3371384739
-1.33493973612
-1.33242434316
-1.33393109759
-1.33410467303
-1.33410271293
-1.33255623287
-1.33036918582
-1.32948093984
-1.32837165816
-1.32839893465
-1.32770451349
-1.3265831798
-1.32619093846
-1.32631195894
-1.3275781417
-1.3283173348
-1.32993955429
-1.33209584309
-1.33347164924
-1.33522523464
-1.33598707731
-1.3367527336
-1.33790731016
-1.3375944078
-1.3376190129
-1.33757430897
-1.33711908332
-1.33552170293
-1.32702981881
-1.32597947905
-1.32459372435
-1.32171100502
-1.31935564256
-1.3165593477
-1.3132816087
-1.30994229613
-1.31042671144
-1.31156747506
-1.31657220422
-1.32050196786
-1.32294408902
-1.32589756884
-1.32521683574
-1.3254987427
-1.32541296277
-1.3267026985
-1.32830469334
-1.33031827532
-1.33028907729
-1.33071988748
-1.32873172308
-1.32824759382
-1.32650570618
-1.32559429945
-1.32420717084
-1.32254559822
-1.32096653381
-1.31897851456
-1.31847566223
-1.31648949693
-1.31595210439
-1.31446703437
-1.31547629445
-1.31427056084
-1.31549753479
-1.31577668318
-1.31652157041
-1.31682351375
-1.3181871269
-1.31747700705
-1.31769942933
-1.31866302334
-1.31889640788
-1.31924465065
-1.31873678845
-1.31824816981
-1.31710796346
-1.31669866
-1.31533445509
-1.31516682547
-1.3161848947
-1.31695707264
-1.31858503547
-1.3201618698
-1.32039738559
-1.31963289842
-1.31943818283
-1.31945818586
-1.31832439353
-1.31800456541
-1.3186290391
-1.31928766713
-1.31955022829
-1.32098978416
-1.32079380361
-1.32115733891
-1.3207102619
-1.32144688607
-1.32153524017
-1.32722654227
-1.32562409241
-1.32549792552
-1.32640613279
-1.3293176578
-1.33375682412
-1.33418184773
-1.33458985356
-1.33484331557
-1.3343946838
-1.32984758035
-1.32871237
-1.32724669754
-1.32634242962
-1.3264799732
-1.3262272889
-1.32655314886
-1.32762431175
-1.32796107054
-1.32732148529
-1.32567941606
-1.32533484611
-1.32515086549
-1.3260202404
-1.32663154982
-1.32784685206
-1.32786046161
-1.32583867249
-1.32337489643
-1.31969925528
-1.31495167712
-1.30904734265
-1.30539042973
-1.30511049819
-1.30732010775
-1.31203635087
-1.31728842624
-1.32033051824
-1.32130991342
-1.32114617068
-1.32187822748
-1.32583059546
-1.33128665222
-1.33620648829
-1.34079865881
-1.34292266687
-1.34160917561
-1.33841100065
-1.33618071079
-1.33502073896
-1.33276162022
-1.33185635415
-1.33042994982
-1.32740600592
-1.32274211066
-1.31940128554
-1.31573859918
-1.31314738468
-1.31090907708
-1.31031884398
-1.31035062266
-1.31268078056
-1.31294582013
-1.31554848683
-1.31640533074
-1.31742443099
-1.31794723274
-1.32028006933
-1.32445470059
-1.32912516601
-1.33488433099
-1.33909534322
-1.34241070925
-1.34358741452
-1.34405933096
-1.34321154635
-1.34375370979
-1.34376919909
-1.34221591904
-1.34003859863
-1.31489706407
-1.31366714665
-1.3119271354
-1.31019235199
-1.31025375886
-1.31084891537
-1.3119828754
-1.31545101302
-1.31746249069
-1.3199814487
-1.32206609177
-1.32490793845
-1.32780389715
-1.32952220131
-1.3329641081
-1.33587736341
-1.34604426698
-1.34443627183
-1.34176761321
-1.34083131223
-1.33837522386
-1.33732683243
-1.33461958654
-1.33116773417
-1.32926289251
-1.32419751363
-1.32080685596
-1.31900939562
-1.31711237134
-1.31660115882
-1.31738190171
-1.31754126169
-1.31754466089
-1.3185281634
-1.31660866062
-1.31819758359
-1.31983890376
-1.32298646038
-1.32464942601
-1.32670597924
-1.32749104726
-1.3280931943
-1.32792284625
-1.32716975945
-1.32863340484
-1.32798779006
-1.3274047332
-1.3265964204
-1.3250553774
-1.32280075901
-1.3204988758
-1.31892713679
-1.31655358504
-1.31542022902
-1.31383802221
-1.31231932344
-1.31215810213
-1.31108208709
-1.31180309963
-1.31141788304
-1.31049410573
-1.31236566804
-1.31318779094
-1.31577057151
-1.31696701199
-1.32039309035
-1.32174870161
-1.32330938071
-1.32399133128
-1.32405082832
-1.32477556364
-1.32503318451
-1.32337927973
-1.32298246616
-1.32019261639
-1.31849960375
-1.31521495637
-1.31186195811
-1.30920685876
-1.30741806537
-1.30635660752
-1.3035623206
-1.30124614051
-1.30014350612
-1.29777669203
-1.29693621604
-1.29694071728
-1.29810893936
-1.30094189571
-1.30331696001
-1.30640867556
-1.31125092581
-1.31421922967
-1.31847117725
-1.32156138895
-1.3253696831
-1.32696547825
-1.32882654699
-1.3295902366
-1.3279217807
-1.32779260285
-1.32527980917
-1.32224014115
-1.31966224222
-1.31756117242
-1.31633638371
-1.31542186511
-1.31462336624
-1.31367436534
-1.31203906761
-1.30925842447
-1.30889033162
-1.30850621178
-1.30953586034
-1.31057442346
-1.31286814263
-1.31454427824
-1.31565882289
-1.31666633126
-1.31779593911
-1.31818157405
-1.31907075022
-1.32229021421
-1.32288317287
-1.32568249588
-1.32722058171
-1.32769497828
-1.32736456234
-1.3258325085
-1.32566556763
-1.32536548418
-1.32495433614
-1.32433522425
-1.32166296702
-1.3205267538
-1.3146665546
-1.31209424403
-1.3077550527
-1.3045314041
-1.30307449264
-1.30309819022
-1.30137307736
-1.30078501432
-1.30011905937
-1.29932630001
-1.29975763641
-1.30234364366
-1.3053855784
-1.30984556327
-1.31444918557
-1.31746242071
-1.31630336989
-1.31550433593
-1.31501993873
-1.31458799005
-1.31671543526
-1.3170661511
-1.31718290662
-1.31675440936
-1.31630843784
-1.31600439822
-1.31596417006
-1.31557254762
-1.31469974751
-1.31304853881
-1.31175696785
-1.30966744612
-1.30859454632
-1.30821537769
-1.30820493535
-1.30825556132
-1.30814543579
-1.3082424532
-1.30942775834
-1.30967019051
-1.310244407
-1.30999888418
-1.31094879405
-1.31261754641
-1.31438082277
-1.31874695958
-1.32164369089
-1.32562396872
-1.32869034454
-1.32974644191
-1.32812759401
-1.32610348443
-1.32524756664
-1.32423792386
-1.32404020119
-1.32419322362
-1.32350369076
-1.32298847768
-1.31947446697
-1.31678594816
-1.31418214241
-1.31218385137
-1.30949052835
-1.3073139965
-1.30567228791
-1.30316036122
-1.29982287845
-1.2960903382
-1.29488226159
-1.29529073114
-1.29662591759
-1.29676837934
-1.29666949659
-1.29726468548
-1.29693187265
-1.29768744322
-1.29813481957
-1.30074693192
-1.30205816526
-1.30341153709
-1.30481606894
-1.30671474727
-1.30708741461
-1.30777223127
-1.3072361891
-1.30617295373
-1.30500637039
-1.30315155281
-1.30295253804
-1.302942005
-1.30205526906
-1.30116268869
-1.29867467565
-1.29638617195
-1.29328881913
-1.29176235671
-1.29126582965
-1.29253265269
-1.29416769807
-1.29591104849
-1.29770917263
-1.29991477028
-1.30077709894
-1.30215804214
-1.30239049882
-1.30458901227
-1.30565948754
-1.30756478013
-1.30805454027
-1.30710770923
-1.30457497122
-1.30442038653
-1.30316575881
-1.30242073154
-1.30236805113
-1.30448652311
-1.30496425247
-1.30550702345
-1.30592542884
-1.3051915907
-1.30414230056
-1.30259571138
-1.30038182154
-1.29889183816
-1.29927328816
-1.30102482338
-1.30312331261
-1.30462077652
-1.30392812489
-1.30351464812
-1.30478069903
-1.30638424663
-1.3073950099
-1.31093772238
-1.31227702963
-1.31296091058
-1.31320849166
-1.31319700906
-1.3141226257
-1.31534110499
-1.31675051847
-1.31765561775
-1.31683563091
-1.31671305615
-1.31612783089
-1.31437751645
-1.31563529961
-1.31720693752
-1.31727181019
-1.31838765312
-1.3181851935
-1.31736775857
-1.31674692281
-1.31790484956
-1.31821998199
-1.31858566339
-1.31170653185
-1.30587338075
-1.30522977873
-1.30323357995
-1.30583354036
-1.31021631145
-1.31591622873
-1.32002691579
-1.32657911591
-1.33342297416
-1.33935220113
-1.34725859688
-1.35133142656
-1.35689524126
-1.35917508145
-1.36010339172
-1.35842734411
-1.35730442329
-1.35299053503
-1.3484984764
-1.3409572022
-1.33449586059
-1.32611659514
-1.31675960484
-1.31121674745
-1.30340263618
-1.2978957357
-1.29196147631
-1.28890399082
-1.28666798017
-1.28774864212
-1.29006276891
-1.29955263375
-1.30621539873
-1.31092522025
-1.31767076989
-1.3268101201
-1.33189566511
-1.33749422152
-1.33914158649
-1.34240265326
-1.34401660128
-1.34545799512
-1.34417753243
-1.34277682078
-1.33993288393
-1.33652986569
-1.32977106454
-1.32349037166
-1.3184221379
-1.31320816666
-1.30960299238
-1.30501596961
-1.30132838397
-1.29810136675
-1.29674035473
-1.29699911691
-1.29779243797
-1.29973168836
-1.30418191478
-1.30669065269
-1.31157625138
-1.31545784475
-1.31761318899
-1.32115150318
-1.3231371988
-1.32537630808
-1.32721754518
-1.32868005846
-1.32852481681
-1.3289400382
-1.32616074076
-1.32469758027
-1.32170070801
-1.31876836743
-1.31500666405
-1.30937900381
-1.30699923266
-1.30315122229
-1.30280562152
-1.29723320779
-1.29643024105
-1.29177847607
-1.29088228839
-1.28998084086
-1.28996787355
-1.28931938237
-1.2909202554
-1.29159980889
-1.29395952952
-1.29620860162
-1.29735857172
-1.30133952636
-1.302694871
-1.30434681477
-1.30472993229
-1.30545348021
-1.30473175042
-1.30396397157
-1.30317690033
-1.30324600133
-1.30230872446
-1.30029568036
-1.29925218324
-1.29689741501
-1.29551882265
-1.29523585426
-1.2951214546
-1.29463338255
-1.29362403253
-1.29393349758
-1.29200180751
-1.29228308389
-1.29069988828
-1.29177597459
-1.29287161561
-1.29457538145
-1.2946473965
-1.29541151647
-1.29611457621
-1.29664268557
-1.29718626367
-1.29823205488
-1.29982050572
-1.29947611202
-1.30045193127
-1.30026988153
-1.29509247149
-1.29498376928
-1.29340958882
-1.29442898806
-1.29590761233
-1.29576382337
-1.29519603604
-1.29466431612
-1.29462160426
-1.29341493272
-1.29497294429
-1.29579316783
-1.29729784063
-1.29822099407
-1.29949606074
-1.29974609501
-1.29900160561
-1.29851996995
-1.29826545014
-1.29658935956
-1.29575326958
-1.29631209257
-1.29589906477
-1.2960209522
-1.29547570969
-1.29406577955
-1.29460855214
-1.29277656757
-1.29264679795
-1.29297136057
-1.29362768095
-1.29249250729
-1.29255948015
-1.29114353003
-1.29228387101
-1.29285046139
-1.29297750482
-1.29456713366
-1.29521878401
-1.29739072839
-1.29880910026
-1.29881797532
-1.29907990274
-1.29868113642
-1.29901289173
-1.29932329822
-1.29998164832
-1.29990449521
-1.29919945481
-1.29261026271
-1.29125999892
-1.29163139359
-1.29063949227
-1.29155761818
-1.29058289851
-1.28922993336
-1.28721580183
-1.28714154926
-1.28811730934
-1.28971038076
-1.29243317599
-1.29364774746
-1.29518542449
-1.29535499158
-1.29434578161
-1.29453208813
-1.29410699481
-1.29550614022
-1.2970190473
-1.29835608915
-1.29748788978
-1.2974960325
-1.29127766175
-1.28911899725
-1.28848910044
-1.28777199516
-1.28692604401
-1.28616989108
-1.28590727061
-1.284933448
-1.28339783109
-1.28146764808
-1.28040123807
-1.2812158061
-1.28191899162
-1.28414448808
-1.2858595519
-1.28709401116
-1.28865031314
-1.2886373006
-1.28765665657
-1.28845739327
-1.29024647763
-1.29147155046
-1.29267314662
-1.29413818256
-1.29439250514
-1.29321228085
-1.29047698176
-1.28948265586
-1.28800864032
-1.28714044898
-1.28793841525
-1.28809709424
-1.28780524171
-1.28679520266
-1.28441015827
-1.28261738493
-1.28220862191
-1.28096121061
-1.28000352909
-1.27999928398
-1.27946923273
-1.27992170294
-1.28088344976
-1.2778674072
-1.27894667056
-1.27806795143
-1.27832856983
-1.27961303464
-1.28021131418
-1.27937811378
-1.27876101121
-1.2783984768
-1.2782055876
-1.28099139262
-1.28123464342
-1.28464047708
-1.28557742829
-1.28698256759
-1.28716515361
-1.28815279799
-1.28949017818
-1.28951476497
-1.28974407466
-1.29115890468
-1.29088611492
-1.29087271725
-1.28968547848
-1.28791833466
-1.28679089686
-1.28222623608
-1.27888511278
-1.27755896511
-1.27694608699
-1.27482615459
-1.27368027462
-1.27067374954
-1.27467108742
-1.27695566868
-1.28257803815
-1.28342945384
-1.2865803138
-1.28721366368
-1.28884972972
-1.28937736334
-1.28968603655
-1.28964834849
-1.28865352975
-1.28658228122
-1.28472956634
-1.28252859797
-1.27975654601
-1.27721214164
-1.27520556612
-1.27276927858
-1.27004103264
-1.26901685697
-1.26858151055
-1.2691517936
-1.26860321764
-1.2693786511
-1.27013243495
-1.27153818242
-1.27244062924
-1.27465188001
-1.27393643899
-1.2752738782
-1.27640289662
-1.27618961526
-1.27784053048
-1.28050122863
-1.28360136521
-1.28442942128
-1.28621987425
-1.28712449071
-1.28590812216
-1.28563749035
-1.28528510698
-1.28388910629
-1.28245180414
-1.28172650466
-1.28258443091
-1.28212876895
-1.28201703914
-1.28246249627
-1.28156123302
-1.27974361037
-1.27897708795
-1.27735110206
-1.27624521957
-1.2750839321
-1.27279646654
-1.27254974451
-1.27213620894
-1.2716308418
-1.27037636056
-1.27033005538
-1.27106789106
-1.27176173478
-1.27287180745
-1.27607518394
-1.27655861948
-1.27832287032
-1.27836637189
-1.28080924594
-1.28032150087
-1.2827454831
-1.28276494598
-1.28367241203
-1.28504062633
-1.28391013735
-1.28438058161
-1.28308156164
-1.28215123404
-1.28098152951
-1.27998405279
-1.2804778662
-1.28074943476
-1.28301466063
-1.2849675479
-1.28711555883
-1.28913291478
-1.29027982363
-1.29198627486
-1.2932673081
-1.29483203739
-1.29610053027
-1.29697887922
-1.29781135253
-1.2961092893
-1.29459682571
-1.29392775643
-1.29229881095
-1.28988677074
-1.28831123914
-1.28652734975
-1.28521681013
-1.28397483659
-1.28342941452
-1.28179758173
-1.27960414404
-1.27847528151
-1.27792629642
-1.27767711728
-1.27876826354
-1.27902721081
-1.2819459037
-1.28449159931
-1.2879951441
-1.29095633926
-1.29375916849
-1.29864146293
-1.30078789006
-1.30209038381
-1.30200266226
-1.30182979688
-1.30466173768
-1.30468956401
-1.30692910993
-1.30840540703
-1.30751635178
-1.30452174519
-1.30100623762
-1.29702883438
-1.29348815866
-1.2894611928
-1.2864358582
-1.28374928471
-1.28145763124
-1.27725575903
-1.27418109349
-1.27220997268
-1.27040360718
-1.27078234286
-1.27258183949
-1.27581887441
-1.27810872886
-1.28110086582
-1.28344454333
-1.28688547399
-1.29222727209
-1.29531835391
-1.30004170463
-1.30113091981
-1.30576642392
-1.306051637
-1.30675569491
-1.30670362058
-1.30531908037
-1.30414642511
-1.30119503135
-1.29784193496
-1.29346832707
-1.2900535613
-1.28498828056
-1.28210805013
-1.27847922365
-1.27704347478
-1.27364489615
-1.27296210624
-1.27371118469
-1.27623049218
-1.27908088167
-1.28312990539
-1.2886926915
-1.29658603935
-1.30476749421
-1.30991924633
-1.31675795442
-1.3204104136
-1.32478097177
-1.32563924557
-1.32710625347
-1.32786465473
-1.32595653733
-1.32549030173
-1.32288662472
-1.31620248672
-1.31024750105
-1.30303242066
-1.2968604023
-1.28940478886
-1.28750137689
-1.27956424594
-1.27849228842
-1.2719852635
-1.27008070259
-1.26926421851
-1.27018954897
-1.27025414234
-1.27368718131
-1.27813832189
-1.28178048998
-1.28797435642
-1.29217543906
-1.29757337533
-1.30042631759
-1.30443971337
-1.30648239123
-1.30678044742
-1.30870249568
-1.3083326673
-1.30654279966
-1.30603471291
-1.30140485992
-1.29847789939
-1.29520206363
-1.29028176451
-1.28671573066
-1.28177361649
-1.27815800086
-1.27460758291
-1.27258140465
-1.27139496098
-1.27063975487
-1.27197631542
-1.2717111305
-1.2736870672
-1.27620405764
-1.27959519941
-1.28163588446
-1.28374155769
-1.28600840916
-1.28839314698
-1.28912762278
-1.28978301705
-1.2902336335
-1.28852799534
-1.28665325181
-1.28604888801
-1.28220774212
-1.28002675328
-1.27806784689
-1.27413444833
-1.27138546424
-1.26822341284
-1.26669739084
-1.26396221666
-1.26242096806
-1.26167474156
-1.26078810148
-1.26109760514
-1.26222387384
-1.27141008089
-1.27336961001
-1.27628352009
-1.278224064
-1.27861244308
-1.27900275221
-1.27993337258
-1.28104239004
-1.28195474681
-1.28199884629
-1.28306613738
-1.2818577501
-1.27945167316
-1.27824386535
-1.27588119971
-1.27554181059
-1.27514440585
-1.27456941808
-1.27434086176
-1.27315337787
-1.27224655804
-1.27142605289
-1.27052078677
-1.26976051691
-1.26980508882
-1.27098515727
-1.27192454487
-1.27276179872
-1.27327380791
-1.27243142868
-1.27281757768
-1.27504321173
-1.27423009622
-1.27392373151
-1.27423787401
-1.27507757715
-1.27440522301
-1.27501969772
-1.27583255072
-1.27475096387
-1.27551366072
-1.27503377658
-1.27549388452
-1.27659768094
-1.27741539349
-1.27789644292
-1.27802049998
-1.27808280309
-1.27647985586
-1.27725037799
-1.2765400073
-1.27474443608
-1.27500789097
-1.27427799363
-1.27232071143
-1.27276573182
-1.27247121206
-1.27200026531
-1.27248347922
-1.27242588064
-1.27293448817
-1.27261179542
-1.27275121487
-1.27258174888
-1.27416033147
-1.27481495413
-1.27443841285
-1.27572982415
-1.27513851543
-1.27634523533
-1.27678332909
-1.27713679083
-1.27798995464
-1.27793946499
-1.27731276737
-1.27890203146
-1.27900072807
-1.28043349902
-1.2808115752
-1.2815319358
-1.2801188667
-1.27899486987
-1.27826029297
-1.27841393968
-1.2769327056
-1.27450811743
-1.27317108772
-1.27207743705
-1.27244813157
-1.27142444614
-1.27101279585
-1.27175295472
-1.2709174628
-1.27166528564
-1.2732305547
-1.27420601559
-1.27542045741
-1.27745043742
-1.27815426192
-1.27983322823
-1.27744535405
-1.27659104466
-1.27640305464
-1.2767163507
-1.27689210594
-1.27619923684
-1.27569458081
-1.27429858012
-1.27336785879
-1.27408444112
-1.27347237862
-1.2738144216
-1.27285367955
-1.27226897393
-1.27191431854
-1.27061659365
-1.27192304419
-1.27099337495
-1.26948251811
-1.26920428648
-1.26808388293
-1.26867766037
-1.26996885505
-1.27099209188
-1.27491165273
-1.27617272851
-1.27814779424
-1.27772277309
-1.27697304143
-1.27624835173
-1.27624629737
-1.27539388348
-1.27595946129
-1.27563977647
-1.27555021828
-1.27452800914
-1.2734022167
-1.27267200552
-1.27162071237
-1.27046282116
-1.27014302084
-1.26894388735
-1.26839996601
-1.26786371904
-1.26754957654
-1.26787728998
-1.26765541744
-1.26729793364
-1.26744614118
-1.26838923488
-1.26984774945
-1.27037851181
-1.27127856554
-1.27220735597
-1.27311946743
-1.27224382708
-1.27303842427
-1.27419524273
-1.27431082823
-1.27580206489
-1.27586091885
-1.27504780334
-1.27466063761
-1.27378098277
-1.27192605491
-1.27207289279
-1.27008866496
-1.27019254485
-1.26937439325
-1.26906695806
-1.26889797863
-1.26778708647
-1.26700265856
-1.26631125597
-1.26745635399
-1.26764652887
-1.26863849891
-1.26977578577
-1.26922368375
-1.26991821741
-1.27015090478
-1.26830749763
-1.26908442293
-1.27080902802
-1.27258807524
-1.27454424378
-1.27534673039
-1.27534081132
-1.2743933111
-1.27338462454
-1.27305201506
-1.27343275258
-1.27118673232
-1.26892506294
-1.26715346453
-1.26775277559
-1.2672757434
-1.26553760915
-1.26551724346
-1.2661848668
-1.26668169915
-1.26568882189
-1.26773349407
-1.26624656808
-1.26558948577
-1.26550143086
-1.26414528222
-1.26340906274
-1.25990129781
-1.25383274951
-1.24958541703
-1.24526853743
-1.24249985701
-1.24406025995
-1.25221341795
-1.25906330582
-1.27071798276
-1.27694152475
-1.28310728179
-1.2852427673
-1.28697529991
-1.28947512628
-1.29128222756
-1.29197405644
-1.29053894542
-1.28856951124
-1.2851333216
-1.27718947224
-1.26944003403
-1.26313912405
-1.25597394055
-1.25148880061
-1.24685437226
-1.2431039575
-1.24243641816
-1.24155618648
-1.26223614657
-1.26866811712
-1.27173876712
-1.27616361472
-1.27905089405
-1.28111200851
-1.28410929538
-1.28486639273
-1.28593548142
-1.28606794139
-1.2843799925
-1.28191607729
-1.27768499131
-1.27260024769
-1.26839237587
-1.26374098354
-1.26016864877
-1.25836551151
-1.25728488136
-1.25545195833
-1.25635795149
-1.25708817051
-1.2575227274
-1.25885423058
-1.25998798117
-1.26164567356
-1.26339473953
-1.26465330049
-1.26292738067
-1.25773636168
-1.25363178755
-1.2506617548
-1.25241574919
-1.26176443342
-1.27272326372
-1.28111344675
-1.28711430777
-1.28757429797
-1.28633937542
-1.28601502782
-1.28543018933
-1.28545998641
-1.28551935357
-1.28195145685
-1.27765288466
-1.27050884484
-1.2655741635
-1.26331197993
-1.26329201311
-1.2628747974
-1.26302701661
-1.26155476425
-1.25940724922
-1.25621305254
-1.25532533012
-1.2563044237
-1.25782420394
-1.26244609373
-1.26466980067
-1.26800361153
-1.27111588334
-1.2732372348
-1.27384598607
-1.2748059212
-1.27431995119
-1.27396359808
-1.27390965516
-1.27545753938
-1.27691176275
-1.27707257753
-1.27652230394
-1.27400854594
-1.27105664011
-1.26671076048
-1.26422798049
-1.26350714748
-1.26349995177
-1.26431087282
-1.26322492809
-1.26357267495
-1.26179892406
-1.26090839804
-1.26169544828
-1.26294919719
-1.26464155
-1.26595020987
-1.26700564755
-1.26771864314
-1.26752894049
-1.26766388521
-1.26855725289
-1.25547414015
-1.25468200791
-1.25335333613
-1.25493438778
-1.25675718416
-1.2578894285
-1.25971946252
-1.26024411548
-1.2616120393
-1.26276978633
-1.26311154885
-1.2644339672
-1.26634469372
-1.26712599534
-1.26732595977
-1.26629447287
-1.26621394406
-1.26248475801
-1.26078088947
-1.25839297474
-1.25662146415
-1.25573227914
-1.25466983249
-1.25294556195
-1.25172186091
-1.25098765646
-1.25129746687
-1.2513641828
-1.2524264971
-1.25334006179
-1.25492160954
-1.2557350543
-1.25564987138
-1.2567733144
-1.25735086132
-1.25643350674
-1.25830961945
-1.25177977519
-1.24604424078
-1.23804861528
-1.23537507782
-1.23552611231
-1.24190104583
-1.24860362195
-1.2574813357
-1.26190023616
-1.26404509071
-1.26462907547
-1.26647587771
-1.26674776881
-1.26991514893
-1.27173941362
-1.27149532574
-1.26974163281
-1.26894275742
-1.26149745199
-1.25848632774
-1.25764583994
-1.25777698537
-1.25720968529
-1.25579777037
-1.25240798768
-1.25032422913
-1.24866272609
-1.24754403445
-1.24675826103
-1.24641670185
-1.24644351788
-1.24756466119
-1.24760794757
-1.24912793096
-1.2500088649
-1.25197820409
-1.25382229611
-1.25461512784
-1.25664391817
-1.25856980328
-1.25963568581
-1.25886659132
-1.26026696291
-1.2608268394
-1.26214431746
-1.26342957185
-1.26350880559
-1.26381068338
-1.26348661672
-1.26231180113
-1.26210281744
-1.26272887581
-1.26196678254
-1.26152113928
-1.26087385238
-1.25939417608
-1.25867005465
-1.25951101061
-1.25781769765
-1.25750849039
-1.25639905925
-1.25400691866
-1.25288500261
-1.25322639494
-1.2535847919
-1.25491565582
-1.25543020364
-1.25699115659
-1.25684779779
-1.25706368831
-1.25645367537
-1.25816197479
-1.25938514041
-1.2598735792
-1.26167283941
-1.26045670969
-1.25988131525
-1.25840084209
-1.25612606224
-1.25519390167
-1.25357941823
-1.25267597553
-1.2502029234
-1.24888069245
-1.24662644808
-1.24544313087
-1.2443108787
-1.24235375375
-1.24090239642
-1.24038533284
-1.24071063138
-1.24106929583
-1.24547756001
-1.24968644284
-1.25399377735
-1.25575131954
-1.25463109579
-1.25243032518
-1.25264125418
-1.25240168579
-1.25184627088
-1.25031136216
-1.24689849964
-1.24665767857
-1.2446555203
-1.24490214496
-1.24674304775
-1.24845482543
-1.24890758042
-1.25009900938
-1.25031585626
-1.25047993577
-1.25131261795
-1.25192255578
-1.2524569444
-1.25232938663
-1.25373891738
-1.25355113641
-1.25429301112
-1.25404946141
-1.25251752077
-1.25155076152
-1.25152406895
-1.25209124868
-1.25319986675
-1.25446462479
-1.25446156426
-1.25358726347
-1.25261842614
-1.25173653464
-1.25203090983
-1.25231345988
-1.25296736759
-1.25184756999
-1.25003451514
-1.24865512153
-1.24966934292
-1.24982361794
-1.25226655135
-1.25378500646
-1.25423153411
-1.2533193847
-1.25331106875
-1.25259770851
-1.25342718684
-1.25356025682
-1.25412916425
-1.25488828621
-1.25429600946
-1.25307433814
-1.25149160942
-1.24939384315
-1.24854224789
-1.24814302357
-1.24803784652
-1.24875762174
-1.24906885958
-1.2488871762
-1.24686875205
-1.24358116731
-1.24005370359
-1.2376117802
-1.23552103485
-1.23612977644
-1.23929868078
-1.24196897559
-1.24659943036
-1.24831459638
-1.24952950877
-1.249544384
-1.25244560672
-1.25304489424
-1.25930074972
-1.26368291759
-1.26664685421
-1.26816965639
-1.26825728752
-1.26835299458
-1.26721555912
-1.26673925629
-1.26627036961
-1.26549212343
-1.26272740774
-1.25163339545
-1.2480385348
-1.24452476137
-1.24108052618
-1.2383401023
-1.23674344327
-1.23530403459
-1.23528974682
-1.23617828774
-1.23686338529
-1.23817586762
-1.24044979892
-1.25522147825
-1.25879301792
-1.26451265781
-1.26725138566
-1.2698310381
-1.27188355627
-1.27302856733
-1.27414967641
-1.27432229236
-1.27318882272
-1.27015070042
-1.26916420311
-1.26423118821
-1.26102248857
-1.25608785388
-1.25359623982
-1.25217364378
-1.25133231819
-1.25101131632
-1.25105633683
-1.2534679403
-1.25403516281
-1.25367804797
-1.25532309233
-1.25574782318
-1.25806282244
-1.26097622087
-1.26516786741
-1.2679164514
-1.27092545328
-1.27134399631
-1.27150637823
-1.27033735197
-1.2674459653
-1.26550606922
-1.26329480035
-1.2614872396
-1.26201345899
-1.26275027255
-1.26294914042
-1.26169321621
-1.26011106101
-1.25794676708
-1.25269808154
-1.25000371055
-1.24929698578
-1.25096760899
-1.25196329793
-1.2531331677
-1.25669282201
-1.25827365492
-1.26085184004
-1.26221164486
-1.26183051754
-1.26161657777
-1.25965400636
-1.25813821953
-1.25770130135
-1.25673556654
-1.25551269459
-1.25470509677
-1.25425142965
-1.25213147523
-1.25155469005
-1.25282689951
-1.2552675793
-1.26021280237
-1.26393163404
-1.26728080847
-1.27045996349
-1.27248281127
-1.27363144839
-1.2746190614
-1.27526429787
-1.27625657319
-1.27625290817
-1.27524395911
-1.27455527495
-1.27242394956
-1.27031794562
-1.26855444243
-1.26582984737
-1.26316460847
-1.25980790709
-1.25807509126
-1.25652888114
-1.25531103554
-1.25462048198
-1.25454423775
-1.25470744926
-1.25657267529
-1.258399427
-1.26119045477
-1.26290003886
-1.26504336266
-1.26586932542
-1.26520124791
-1.26612097588
-1.26589044642
-1.2671600438
-1.26704265843
-1.26702029614
-1.26566057764
-1.26348583352
-1.25892597631
-1.2561901319
-1.2524517458
-1.25157341737
-1.24884479878
-1.24764862492
-1.24624683751
-1.24436881272
-1.24249643688
-1.24128728356
-1.23966436463
-1.24001773709
-1.24142051741
-1.24165883038
-1.24235949849
-1.24340121484
-1.24510744879
-1.24447709781
-1.24811428289
-1.24957300377
-1.25188399137
-1.25364530101
-1.25478787532
-1.25575914517
-1.25700761512
-1.25662572815
-1.25758587088
-1.25747023131
-1.25543539731
-1.25644112424
-1.25453109929
-1.25170888976
-1.25051862855
-1.24881234624
-1.24718075876
-1.2457786539
-1.24524061827
-1.2414746882
-1.2428912894
-1.24301297103
-1.24383393469
-1.24508027982
-1.24529160108
-1.24530946217
-1.24587470927
-1.2473734301
-1.24850455032
-1.24952909092
-1.25010522087
-1.25124682941
-1.25065272517
-1.25147001593
-1.25157762887
-1.25428285052
-1.25435518222
-1.25679889424
-1.25690990864
-1.25643501243
-1.25643762154
-1.25477686449
-1.25492788339
-1.25523036548
-1.25393862124
-1.25272439874
-1.25305354513
-1.25252526647
-1.25179757951
-1.25025306452
-1.24941119306
-1.24718028975
-1.24746099568
-1.24784556185
-1.24693093166
-1.2472967826
-1.24665450312
-1.2468303871
-1.24578561002
-1.24645291063
-1.24564355495
-1.24611512882
-1.24709930595
-1.24761053445
-1.2478636199
-1.24803167463
-1.24741853526
-1.24714482398
-1.24634874681
-1.24720533209
-1.24774265889
-1.24700796084
-1.24574923218
-1.24502640809
-1.24621610151
-1.2458227371
-1.24536859553
-1.24654082422
-1.24584504942
-1.24544622015
-1.24463325164
-1.24421928567
-1.24419240715
-1.24505736227
-1.24597633077
-1.24647903109
-1.24661844165
-1.24713423138
-1.24628091385
-1.24512275371
-1.24650730834
-1.24675542584
-1.2473764862
-1.24834264183
-1.24734988382
-1.2470780623
-1.24639134944
-1.24611319396
-1.24555608685
-1.24561822312
-1.24649210537
-1.24712870335
-1.24770300378
-1.24805207195
-1.24683556004
-1.2456608942
-1.24556248359
-1.24500513532
-1.24424478559
-1.24574290053
-1.24649501579
-1.24662938085
-1.24629394706
-1.24414824376
-1.24400202776
-1.24232115093
-1.24195851041
-1.24156207231
-1.24304164685
-1.24195946281
-1.24115866056
-1.2412024332
-1.24085022849
-1.24159448534
-1.24236358124
-1.24357477246
-1.24529860296
-1.24592372476
-1.24671949352
-1.24666014346
-1.24727877929
-1.24967896676
-1.25012172782
-1.25176945658
-1.2497146784
-1.2500670588
-1.24974803764
-1.24891576738
-1.24811006279
-1.24814752023
-1.24828699881
-1.24705091423
-1.24751474652
-1.24655647877
-1.24594390763
-1.24476803751
-1.24523316888
-1.24427842071
-1.24352326297
-1.24432159389
-1.24388186327
-1.24325464515
-1.24059464341
-1.24036586618
-1.2388460889
-1.23914074485
-1.23911686217
-1.24031840701
-1.24062922773
-1.24050611197
-1.24055608213
-1.24172820707
-1.24135078699
-1.24370698633
-1.24462536307
-1.24539035575
-1.24685823702
-1.24741003758
-1.24619561832
-1.24721673642
-1.24759491597
-1.248467274
-1.24893667256
-1.24832587091
-1.24803141604
-1.24784972694
-1.24448769929
-1.24362789575
-1.24256129044
-1.24205294013
