1.65569819235
1.65667215639
1.65518846634
1.65603419101
1.65692557524
1.65493271096
1.6534356442
1.64943375
1.64838667287
1.64691275089
1.64617004697
1.64752652676
1.64964698259
1.65269595765
1.65589873761
1.65845606085
1.66153775455
1.66367661002
1.66341612125
1.66246169986
1.66020518194
1.65653267865
1.6564802287
1.65417897105
1.65286278555
1.65174562237
1.65020339906
1.64101471452
1.63865776679
1.63683092727
1.63633494066
1.6376773968
1.64153624137
1.64340168903
1.64664965075
1.64854267546
1.64866071438
1.65088994537
1.64996245323
1.64812583986
1.64606694793
1.643631123
1.6432040917
1.64422631294
1.64595936518
1.64677030428
1.64803913391
1.64766852617
1.64717579212
1.64702735034
1.64685808207
1.64730007906
1.64923069533
1.65224883698
1.65508928285
1.65700720023
1.6601433433
1.66203599824
1.6609308714
1.66038777681
1.65481795298
1.65007673786
1.64507298465
1.64091753173
1.63948917844
1.63965973717
1.6419493741
1.64501867737
1.64769299478
1.65084312388
1.6546745814
1.6562505782
1.65740474795
1.65783604004
1.65911150821
1.6587442804
1.65814360635
1.65564463823
1.65328495123
1.6480474662
1.64344774601
1.64032706331
1.63674290242
1.63549819228
1.63466750132
1.63456704755
1.63415058411
1.63395343122
1.63421669413
1.63504131072
1.63599682489
1.63708619133
1.63830513224
1.64218844623
1.64585632496
1.64719121561
1.64727070259
1.64659346685
1.64408261769
1.64151402377
1.63737595504
1.63387444781
1.63085341372
1.62952868725
1.63043586785
1.63129662663
1.63288103265
1.63457432826
1.6364908726
1.64065097716
1.6445113485
1.64662137819
1.64762431018
1.64919246719
1.65019204093
1.64960991433
1.64681418513
1.64447217819
1.64265218173
1.64160532488
1.64047414269
1.63928453217
1.63743618842
1.63390609205
1.63245192248
1.62909974473
1.62903264687
1.62974180948
1.63014588621
1.6320391308
1.63855934165
1.64039896874
1.64390983545
1.64545587646
1.64636254036
1.64674675574
1.63069405346
1.62759812319
1.62542329176
1.62305123242
1.62357363627
1.62370179208
1.62503237588
1.62737795862
1.62990710016
1.63464493056
1.63915536679
1.64177595071
1.64709485005
1.64994831479
1.65321890551
1.65473652097
1.65477685807
1.65309817867
1.65220752037
1.6492713037
1.64692804046
1.64504120325
1.64214893939
1.64164539489
1.64024421701
1.63962021265
1.63878696055
1.63954074559
1.64054126752
1.64377188982
1.64622141604
1.64907513764
1.65198202723
1.65510839564
1.65639159028
1.65713332206
1.65816959769
1.656749202
1.65513917336
1.65290918439
1.65011280859
1.6463491168
1.64385764156
1.63851620522
1.63476387432
1.62947325047
1.62632529817
1.62676727804
1.62770573262
1.6313772583
1.63261553242
1.63712214937
1.63952646928
1.64104089405
1.64115994474
1.63843311011
1.63861861447
1.6367574511
1.63649904151
1.63667643532
1.63639898673
1.63572204125
1.63387507981
1.63300722586
1.63195924692
1.63297722754
1.63459009093
1.63403452893
1.63362673939
1.62999145601
1.63064841254
1.63212930759
1.63090212022
1.62978292475
1.63081564195
1.63075058233
1.63094856299
1.63102374609
1.6328819834
1.63309296854
1.63278158338
1.6338536262
1.63444934759
1.63523223616
1.63732122493
1.63870227455
1.64096810846
1.64116578723
1.64070594339
1.63850957013
1.63603566001
1.6352190378
1.63373299533
1.6346775413
1.63562796995
1.63589708267
1.63577093146
1.6355841733
1.63435687341
1.63271263085
1.63287963414
1.63317391435
1.63524107226
1.63898105548
1.64076976617
1.64306166776
1.64471044361
1.64460938518
1.64379898426
1.64389990062
1.6424893088
1.64156336541
1.64037174787
1.63765988765
1.63566668712
1.63262864449
1.63189281547
1.63019761515
1.63039769265
1.63085615819
1.6313988439
1.63194750423
1.63050390574
1.62995059092
1.62875482271
1.6281667822
1.62706353687
1.62776320644
1.62802536802
1.63035030236
1.63414679319
1.6312480776
1.63153828075
1.63184928874
1.63381312846
1.6350728657
1.63717704996
1.63852430867
1.63795219804
1.63691854648
1.63800544857
1.63954549947
1.64224553661
1.64605405152
1.64896245575
1.65007464542
1.64883569664
1.647501608
1.64569115056
1.64310972491
1.64216553563
1.64055928342
1.64045880256
1.64061419613
1.64274589955
1.6431776213
1.64321670212
1.64008012984
1.63771923871
1.6379454529
1.63778592459
1.63813556999
1.63797980773
1.63859133856
1.63635724429
1.6343398318
1.63245944817
1.63031463412
1.63139376183
1.63548482108
1.63858327386
1.64100261791
1.64093456578
1.63993352455
1.63747128528
1.63351819263
1.62989985007
1.62837428524
1.6281385912
1.6300399452
1.63122679942
1.63278523501
1.634506445
1.63415522651
1.63516808139
1.63609459719
1.63699912817
1.63864934767
1.64136329939
1.64439296827
1.64690475212
1.64790509915
1.64821362909
1.64614496742
1.64445297753
1.63925570948
1.63574376704
1.62818335041
1.62309948642
1.62088186206
1.61856514086
1.61677436503
1.61694059665
1.61682279991
1.6187510224
1.62120605456
1.62369279833
1.62728565794
1.62987448945
1.63169624856
1.63112056253
1.63067809512
1.63012519307
1.62973609603
1.63083684807
1.63106378818
1.63254430332
1.63169036896
1.63119588659
1.62875987986
1.62456541979
1.61944445144
1.62027281165
1.61992638808
1.62243519755
1.62699383679
1.63262740702
1.63536102048
1.63697387901
1.63690460166
1.63391825487
1.63122421412
1.62724227089
1.62460329277
1.62497365395
1.62734502484
1.63002813843
1.63464677879
1.63760303525
1.63849393334
1.63824181792
1.63752973138
1.63798269315
1.63996102095
1.64122383063
1.64383829924
1.64297943883
1.64150740647
1.64018609469
1.63562015534
1.63262878601
1.62931443188
1.62818131065
1.62695817637
1.62611981216
1.62785977753
1.62792181362
1.63052342851
1.63210634515
1.63367924009
1.63474102777
1.63717119239
1.64103252281
1.64505871932
1.64794488514
1.64878778551
1.64836661548
1.64461020457
1.64100151425
1.63574180879
1.62845997077
1.62043512682
1.61345957808
1.60789499848
1.60742633789
1.60964487449
1.61571092429
1.62560263872
1.63749667562
1.64605520172
1.65595565791
1.66079337556
1.66266855155
1.66213732016
1.65690508384
1.6513016267
1.64593809599
1.63928502315
1.633245155
1.62798631032
1.62489593719
1.62093863985
1.61512480215
1.61382882079
1.61298291108
1.61418249133
1.62057203028
1.62754492317
1.6359821857
1.64133662191
1.64512543072
1.64792149434
1.65070113406
1.65423978202
1.65860169419
1.66070993531
1.66343356962
1.66224425287
1.65748452186
1.64890800016
1.63632825689
1.6275419391
1.61700440464
1.61049319311
1.60983389305
1.61141016199
1.61626083348
1.62562550354
1.63885878559
1.64760216574
1.65748845452
1.6628228712
1.66526808873
1.6645249484
1.65937316416
1.65315506981
1.64602086106
1.63880171383
1.63324094389
1.62721739789
1.62426357806
1.62277206236
1.62315523373
1.62683030776
1.63172397258
1.63264663989
1.63354133832
1.63302004417
1.63152759844
1.62914778031
1.62913758291
1.63284857726
1.63694346071
1.64542031388
1.65075831574
1.65430913696
1.65123977321
1.64585104906
1.63681872777
1.62916848533
1.62219732977
1.61833515303
1.61582630361
1.61925406623
1.62145208357
1.6256565314
1.62869936781
1.62997021813
1.63063652684
1.63088795828
1.63275438719
1.63561962751
1.64205008912
1.64657307141
1.65062969337
1.65155912652
1.650925491
1.64861236339
1.64596131093
1.64510240025
1.64513192407
1.64656317759
1.64891364055
1.65171043209
1.65382296166
1.65483886222
1.65622710857
1.65568639373
1.6539249034
1.65279804358
1.65130199336
1.65059746857
1.65132686564
1.64885610531
1.64849807711
1.64594064941
1.64624913004
1.64638659368
1.64684920553
1.64848696005
1.64891021679
1.64974669305
1.64797238787
1.64567016402
1.64436774267
1.63962748856
1.63779598457
1.63608407708
1.63564327234
1.63453012073
1.63438876094
1.63422307264
1.63510015803
1.63590172701
1.63604054992
1.63757391355
1.63861841779
1.64282960664
1.6457494064
1.64904480265
1.65067422827
1.65134467133
1.65044696341
1.65089582081
1.6512025332
1.65271092189
1.65465344749
1.6580417665
1.65948032349
1.66037442646
1.65990677164
1.65733194784
1.65365496561
1.64663062332
1.64366217874
1.63833664195
1.63738058974
1.64341676026
1.64842681374
1.65268488019
1.65443714401
1.65524047853
1.65255398751
1.65106258018
1.64756816935
1.64803013776
1.64873757314
1.65156090453
1.65154886671
1.65107138421
1.64950331305
1.64386290255
1.64106918148
1.63934407139
1.63911832484
1.64127251681
1.64512042472
1.64790440885
1.64974120634
1.6511480187
1.65110945193
1.65200183872
1.6534529628
1.65803655947
1.66125532062
1.66514559923
1.66884798692
1.66887637031
1.66598118193
1.66307215223
1.65624948166
1.65170833695
1.65068248101
1.65133481488
1.65409653539
1.65801739157
1.66427114923
1.66424793224
1.66444833252
1.66258367812
1.65802629544
1.65450029997
1.65114340875
1.64741035893
1.64811368279
1.65199838305
1.65704903004
1.66057616062
1.66340627253
1.66441190413
1.66321368527
1.66126413032
1.65703384482
1.65552665316
1.65345597868
1.65328544676
1.65414803544
1.65619277272
1.65866660193
1.66079459609
1.65977212002
1.65524992798
1.64894455434
1.6438777644
1.6383472338
1.63739165462
1.64013122865
1.64449239254
1.64988761695
1.65378710374
1.65565362274
1.65725403282
1.65777147949
1.65786078756
1.65650953139
1.65657630351
1.65643004235
1.65688292127
1.65902113676
1.65933246421
1.66070177363
1.65989461933
1.65801598041
1.65263232038
1.64728409491
1.64246215184
1.63981957499
1.6369484601
1.63513269577
1.63496482057
1.63586641904
1.63817930265
1.64350480108
1.6503744045
1.6544175757
1.65795600868
1.65938159332
1.65845503414
1.65780836878
1.65459133639
1.65255562928
1.65053064031
1.65085175934
1.65125116628
1.65360238825
1.65487701086
1.65413256851
1.65243456348
1.65110777524
1.64688257985
1.64445124893
1.64254017263
1.64342598114
1.64916581528
1.65695224505
1.66287951977
1.67025744726
1.67184340475
1.66977565371
1.66505568206
1.65656471262
1.6473476033
1.64391891536
1.64084734494
1.641063224
1.6441549676
1.64712130366
1.64887027022
1.64935939222
1.64911134117
1.64761851533
1.64596220186
1.64517545404
1.64793842387
1.66520372175
1.66703825043
1.66804438919
1.66663831416
1.66381512664
1.65918232
1.65459402881
1.64856217279
1.64540825947
1.64161644226
1.63980311673
1.63972370837
1.63731831082
1.63530266143
1.63297870725
1.63304144399
1.63472692766
1.64072257618
1.64698689168
1.65740261026
1.66515006719
1.67230856467
1.67712104409
1.68082560922
1.68260642407
1.68229608202
1.67903488673
1.67567987117
1.66475002573
1.65336963289
1.64442194441
1.63294485854
1.6285435519
1.62459455981
1.62542995543
1.62785557492
1.63037218951
1.63061666033
1.63247040892
1.63263966633
1.63529875074
1.63785054373
1.64374317728
1.65111969496
1.6566215869
1.66343275814
1.66559922627
1.66865547285
1.66878371466
1.66759372288
1.66369610694
1.66030439963
1.6518755846
1.6460573253
1.6373978821
1.63267035923
1.62876176375
1.62717906824
1.63062164785
1.63257257674
1.63372763843
1.63527175199
1.63762804812
1.64060460747
1.64472365955
1.6502691426
1.65842279325
1.66698271593
1.67199450625
1.67394261887
1.67191626854
1.66754931919
1.6627273334
1.65555403877
1.65179107355
1.65000131082
1.65039007453
1.65046947053
1.65041014938
1.64916834013
1.64775900215
1.64715994843
1.64664769547
1.64659634279
1.64859663489
1.65222440171
1.65479554509
1.65803887483
1.65985037345
1.66184453221
1.66171115928
1.66157286533
1.66040995241
1.660299875
1.65854540508
1.65168606408
1.64540403823
1.64107493849
1.63472061899
1.63185358778
1.62947984973
1.63117155389
1.63240283186
1.63718740006
1.63984792355
1.64489207979
1.64996987737
1.65182455539
1.65646764558
1.65822294773
1.6619218481
1.6653538742
1.66746392232
1.66772145172
1.6661776019
1.66300517528
1.6607670289
1.65626426184
1.65241089317
1.64793665892
1.64342217302
1.64110202821
1.64011858081
1.64105198784
1.64454139113
1.64630606083
1.64954712325
1.65102865384
1.65191048523
1.65380869618
1.65685128842
1.66383343357
1.67138081293
1.67983120424
1.68766862818
1.68966797679
1.68336497541
1.67832070506
1.66914755687
1.65965584302
1.65493201494
1.64287157412
1.63555454232
1.62620004275
1.61949339969
1.61812052668
1.62102119131
1.62575748226
1.63586916693
1.64630793116
1.66106589311
1.67423070007
1.68242265967
1.68937599019
1.69191331334
1.6938679842
1.69431085931
1.69452410493
1.6925026686
1.68911081776
1.68182638636
1.67427917875
1.66206804566
1.65243508152
1.64108350207
1.63233468939
1.63064580986
1.63096463441
1.63414290667
1.64018726539
1.64481324226
1.64896599943
1.65150087089
1.65376384195
1.66102858955
1.66796279866
1.67894710398
1.6863204657
1.69221304815
1.69265748432
1.69107122333
1.68112313355
1.67227872046
1.65872638415
1.64807454331
1.64196685003
1.63549231349
1.63416453547
1.63359197983
1.63495786737
1.63333360162
1.63170756775
1.63070517623
1.63115835242
1.63400037589
1.64137588034
1.64910739928
1.66204704089
1.67213776063
1.67857903361
1.6813399865
1.68141422207
1.67644415586
1.67293913713
1.66605533402
1.66049739897
1.65520175917
1.64871010795
1.64520220487
1.64071893871
1.63704031525
1.63423615465
1.63273370302
1.63151470623
1.63218718216
1.63509427167
1.64035820662
1.64687562742
1.65551856324
1.66255280385
1.66488476489
1.66779061271
1.66595393738
1.66370749978
1.66258710798
1.66322998824
1.66485474763
1.666763512
1.666426681
1.66482408348
1.66104830412
1.6556112637
1.65153062472
1.64818032149
1.64856497824
1.65239122878
1.65567283257
1.66209991004
1.66749874189
1.66970486669
1.67232178186
1.67368971488
1.67200097255
1.6705932667
1.6692417332
1.6657767415
1.66343829124
1.65863373915
1.6553659888
1.65012734642
1.64612389499
1.64076069043
1.63657924363
1.63430812089
1.63500440776
1.63666382944
1.64458256706
1.65319853884
1.66475498715
1.67849860338
1.68377989468
1.68885217217
1.69059559052
1.68663533963
1.68173058749
1.67688961266
1.67153392031
1.66782681938
1.66417419709
1.66180125094
1.65941634543
1.6565453681
1.65402918896
1.65030718027
1.64664396415
1.64162339345
1.64028693515
1.64065356404
1.64459781343
1.6493981051
1.65794316524
1.66425488799
1.67121568576
1.67630845627
1.68258953702
1.68839621677
1.68992553048
1.69169306947
1.69107113265
1.68798480864
1.68340081793
1.67797149902
1.67071245465
1.6669129315
1.66207448704
1.65920294655
1.65691743078
1.65628983427
1.65620768716
1.65476344835
1.65318167435
1.64865225903
1.64645792747
1.64376500451
1.64492297159
1.64834339358
1.65579756832
1.66247861691
1.67054814771
1.67318021074
1.67391174614
1.67103358189
1.66779613156
1.66491634954
1.66516846335
1.66948387704
1.67367484029
1.6800261897
1.68466866506
1.68603390243
1.68412287726
1.6801747754
1.67401557766
1.66806540741
1.66461032189
1.66319481266
1.66223807056
1.65935523745
1.65540561258
1.6465202826
1.63842107339
1.62832063116
1.62525012559
1.63179608735
1.6387802721
1.64697949345
1.65007405714
1.65143923331
1.65096545847
1.65089259177
1.65373032681
1.657041455
1.66321620811
1.66716827319
1.6660739546
1.66043342982
1.65452753543
1.64429755089
1.63673086038
1.63099466164
1.629136332
1.62995880201
1.63028841139
1.62971763276
1.6267547089
1.62410176792
1.61948970669
1.61722319783
1.61847634238
1.62480096815
1.62754000336
1.63479481798
1.63855057714
1.64183896908
1.64370644055
1.64345227359
1.64390890185
1.6451325935
1.6507309355
1.65861347839
1.66794804061
1.67440539746
1.67708412407
1.67521584284
1.67227104023
1.66254510988
1.65403513904
1.6477856009
1.64600275563
1.64683339932
1.65187918153
1.65752596959
1.66523651885
1.67079150163
1.67089862722
1.66894414421
1.66568966278
1.66179304569
1.65993368101
1.66138188615
1.66326031296
1.66464149976
1.66402825383
1.66249084895
1.65664895791
1.65056301573
1.64175644039
1.6366032881
1.63424514694
1.63408203304
1.63558886508
1.63727326227
1.63914799682
1.64309826742
1.6460832237
1.65040149511
1.65619808401
1.6613866621
1.6658590735
1.66687535164
1.66817147149
1.66849997421
1.66966270743
1.67149948981
1.6736621764
1.67469346519
1.6727420779
1.66857916649
1.66072961769
1.65455293177
1.64786722534
1.64467456964
1.64353570171
1.64710025896
1.64994933143
1.65282572922
1.65470789037
1.65586910907
1.65717170811
1.659050661
1.6632057222
1.66657750453
1.66978517991
1.67295238733
1.67296719798
1.67151580984
1.66601602459
1.65777730163
1.65168607858
1.64453952327
1.64041280492
1.63714404951
1.63589382813
1.6373643145
1.63868135379
1.64010830855
1.64084900009
1.64166133135
1.64358508917
1.64558618758
1.65185407672
1.66429296702
1.66995582975
1.67123476436
1.67082019164
1.66775879441
1.66449399077
1.65963459972
1.65647747279
1.63824199357
1.63295979258
1.6316047645
1.62881940411
1.62909057312
1.63214126807
1.6369413469
1.64557868141
1.65599732039
1.66280419332
1.66792717521
1.67034874124
1.67191242217
1.670717924
1.6706673813
1.67087767447
1.66878541855
1.6676149065
1.66416696836
1.65876092155
1.65476043047
1.64733738735
1.64103251708
1.63675953032
1.6318906247
1.62929718664
1.6285074362
1.62818236352
1.63276781908
1.63981795131
1.64692170758
1.65536957249
1.66009837127
1.66404256777
1.66506737577
1.66562882217
1.6658198863
1.66617109637
1.66915121356
1.67033259025
1.67269303795
1.67060509266
1.66730852834
1.66106711452
1.65493297058
1.64892834738
1.64592484782
1.64378320677
1.64409264488
1.64556246124
1.64652952407
1.64847261597
1.64722833783
1.64798313738
1.647729272
1.64873422329
1.65087259792
1.65373894109
1.65514466641
1.65782002525
1.65859207461
1.66003619175
1.66012968135
1.6603949397
1.65793827163
1.65659861114
1.65075679616
1.64715729179
1.63913163482
1.6319793535
1.6294767017
1.62997749758
1.63344125825
1.63747462582
1.64011796548
1.64026184305
1.63777335303
1.63528217805
1.63332991571
1.63387512475
1.63895351253
1.6450492822
1.64873088945
1.65164208499
1.6515952009
1.64883454617
1.64518036162
1.64117184639
1.64052211093
1.64033896385
1.64434886629
1.64639926552
1.64854132507
1.64855486695
1.64599408394
1.64009734917
1.63501437109
1.62844816027
1.62653348808
1.62749656365
1.63131324158
1.63785212746
1.64506441611
1.6499704643
1.65248963374
1.65365318654
1.65405065701
1.65318639868
1.65353119382
1.65543174248
1.65711134007
1.65912561959
1.65899054896
1.65491115131
1.65105022813
1.64639721419
1.64025748825
1.63854153412
1.63432122785
1.63195342528
1.63214103035
1.63316896153
1.63529755266
1.63937979997
1.64156955559
1.64665106953
1.64922476067
1.65129339535
1.65325279574
1.65545142656
1.65683012318
1.65774140611
1.65817996803
1.65841323597
1.65777817539
1.65662076367
1.65551826984
1.65447740082
1.65446079903
1.65200933042
1.64988898343
1.64744565957
1.64441268866
1.64101088186
1.63923645673
1.63816391745
1.63945219766
1.64038665373
1.6424349736
1.6444541532
1.64523831269
1.64833150994
1.64896684033
1.65048481055
1.65412322077
1.65836169112
1.65970518037
1.66304775449
1.66464154679
1.66154712081
1.65835237071
1.65443766702
1.64922034001
1.64762886878
1.64650841674
1.64818111157
1.6482954662
1.6483011906
1.64994081999
1.6511817036
1.65194946504
1.6538622007
1.65528019333
1.65791616142
1.65891109384
1.66014874231
1.66045329697
1.66042793153
1.65877542974
1.65716526526
1.65414545091
1.65040953755
1.64825985301
1.64537332907
1.64457754613
1.64594440646
1.64721718596
1.64998326074
1.65146875905
1.65214536365
1.6536474117
1.65379187475
1.652625928
1.65389321219
1.65484444991
1.65714829676
1.65844354053
1.66123894874
1.66234202521
1.65934458856
1.65702796203
1.65408538132
1.65145709892
1.64933721906
1.64962057199
1.65026602098
1.65141205966
1.64973001377
1.64904207929
1.64597562078
1.64438375804
1.64528655525
1.64734815496
1.65097244223
1.65630862367
1.6584814949
1.66240514132
1.66596276982
1.66907343518
1.67096520069
1.67240730677
1.67252197625
1.67155412473
1.66845853945
1.66593913595
1.66143712914
1.65762965864
1.65236673764
1.64603165649
1.6432504095
1.64007287796
1.63857354914
1.6385084678
1.63939149309
1.64151136834
1.64366163981
1.64507745528
1.65055784036
1.65606204208
1.66247757611
1.6687872423
1.67119799925
1.67510780779
1.67455394508
1.67481486755
1.67332472481
1.67190211188
1.66642305049
1.66245592899
1.65581599645
1.64998187185
1.64132470817
1.63643144163
1.63041651612
1.62516763187
1.62397228816
1.62194128645
1.62198954614
1.6238372372
1.6255194041
1.62988112842
1.63704575953
1.64378661403
1.65035369688
1.65528023099
1.65988295927
1.66204692524
1.66449399935
1.6654922881
1.66430322156
1.66213045045
1.65981295763
1.65693094699
1.65417611766
1.65238602338
1.65072080243
1.64949595688
1.64609694763
1.64315392775
1.63772146189
1.63642501303
1.63733919746
1.64107508891
1.64574458746
1.65434620548
1.66052740593
1.66658449574
1.66846298584
1.66811972071
1.6640286823
1.66246122016
1.65949590955
1.65996674315
1.65989506905
1.66133454938
1.66122000312
1.66066188427
1.66096125724
1.66169887724
1.66277696638
1.66535460109
1.67113770345
1.67482917677
1.6761129311
1.67417545132
1.6698932656
1.66270732728
1.65242820328
1.64597912934
1.64462959758
1.64455539201
1.64623363828
1.6502266507
1.65114159396
1.65035396675
1.6468559679
1.64539019464
1.64087453315
1.64157971946
1.64729773448
1.65692794378
1.66495463218
1.67365051985
1.67779351346
1.67865608271
1.67767062205
1.67409899178
1.67009475025
1.6678744226
1.66735707436
1.66529986474
1.66530252955
1.66443629847
1.6611851051
1.65581876801
1.65183588179
1.64793812772
1.64841554158
1.65083835584
1.65445328834
1.65908017405
1.66217030683
1.66260919808
1.66316082815
1.66356490472
1.6648259075
1.66585887387
1.66766764194
1.66849094276
1.66178924027
1.65913792032
1.65986448129
1.66106918412
1.66173802029
1.66311352298
1.66403681028
1.66127004053
1.65687968898
1.65154156757
1.64775832064
1.64499655681
1.64405887318
1.64699192504
1.64802830341
1.64881955356
1.64882999875
1.64800916487
1.64709391055
1.64555380701
1.64548066991
1.65318065094
1.65771060687
1.66183427595
1.66452531502
1.66350166603
1.65991777966
1.65666528189
1.65368351704
1.65272259498
1.654194263
1.65877222173
1.66215907924
1.66605327105
1.66799021452
1.66680865464
1.66216066306
1.65812919564
1.65390924792
1.65418238188
1.65624041872
1.65962507172
1.66499375042
1.67026297839
1.67098389067
1.67082360568
1.66859305158
1.66445404225
1.6606896448
1.66092465528
1.66254229358
1.66409748635
1.66845949743
1.67021026717
1.67538883821
1.67761855861
1.68069261825
1.68726533475
1.69203456274
1.69625483393
1.69882799518
1.69768107557
1.69518684803
1.69017826298
1.68458209061
1.67871232578
1.67460163392
1.66915494222
1.66367330662
1.65992493046
1.65416300591
1.65153833374
1.65003079039
1.650234199
1.65414751758
1.65973010029
1.6693666371
1.67336186179
1.67828326412
1.68062862486
1.68536349414
1.68988418334
1.69248312952
1.69482193866
1.69428430166
1.68843484591
1.68109496854
1.67353517241
1.6652952507
1.66081078101
1.65815169307
1.65942588325
1.65671964356
1.65670176668
1.66137841274
1.67197666225
1.68208617787
1.69327093197
1.69740672622
1.69647889356
1.69234334183
1.68350597675
1.67377287308
1.66810056943
1.66431795659
1.66423578637
1.66624621768
1.66900086581
1.670980721
1.66892004405
1.66514687424
1.65953036048
1.65545326554
1.65443871363
1.65894900718
1.66671628433
1.67001425016
1.67604655489
1.67848146085
1.67668449176
1.67445681987
1.67392883901
1.67499559294
1.67638894521
1.67939259426
1.68099672613
1.67961688281
1.67725107219
1.67333428961
1.66794258704
1.66518307448
1.66095896865
1.65978608058
1.65740793705
1.65571735459
1.65424040807
1.6502681577
1.64772814827
1.64589185098
1.64512232611
1.64573375005
1.64965729325
1.65396023764
1.65862202983
1.6608065073
1.66267488298
1.66257156744
1.66287761287
1.66262896734
1.66359259795
1.66582944323
1.66703671974
1.66961539252
1.67069050298
1.6700709869
1.66929978262
1.66940468176
1.66883098932
1.66879673733
1.66563994436
1.66394642632
1.66236005457
1.66103002583
1.6628707388
1.66536247033
1.66706234681
1.67006217184
1.67096368764
1.67058959908
1.66814870473
1.66468154102
1.66068082675
1.66023776837
1.66166036329
1.66857380936
1.67494169266
1.68170488482
1.68475463905
1.68324335071
1.67974043091
1.67395244484
1.6692228203
1.67267014282
1.67613989602
1.68132393072
1.68278851601
1.68028269411
1.67338032144
1.6551751973
1.65396697409
1.65607691147
1.65949840232
1.66244059355
1.66408160052
1.6642742633
1.66457623586
1.66294230804
1.66319064302
1.66361454358
1.66496706243
1.66715503411
1.6693860756
1.66844219301
1.66694303356
1.66452978119
1.6622380932
1.66140609088
1.66642354697
1.67023298531
1.6729708992
1.67328354647
1.67365737248
1.67215600011
1.66900283265
1.66637658832
1.6616610711
1.6583877602
1.6558096707
1.65405191137
1.65256703455
1.65086710362
1.64835504077
1.64635945355
1.64503032247
1.64650232171
1.64996589742
1.65435171144
1.66064475832
1.66652689719
1.67227384974
1.67624616876
1.67708722905
1.67755989388
1.6776761213
1.67537239232
1.6741294857
1.67175083062
1.66760936764
1.66677428385
1.66388422684
1.66215012453
1.65715305534
1.65472400623
1.65124578254
1.64622867599
1.64346020775
1.64108420419
1.64042426346
1.64302906688
1.64722617328
1.65033665472
1.65762547001
1.6616217309
1.66609988353
1.66899673026
1.67119137463
1.67341692603
1.67305253195
1.67194175507
1.67146591074
1.66986844315
1.66768780368
1.66339608437
1.65393529201
1.64839278795
1.64459315357
1.64141469152
1.64178106027
1.64562783748
1.64996475359
1.65224048466
1.65562135806
1.6568577749
1.657542202
1.65699277334
1.65717144138
1.65819284391
1.65890649193
1.6590834659
1.66088298278
1.66062747783
1.66081339784
1.66082028302
1.66104656949
1.66156619768
1.66191295824
1.6613983507
1.65600986875
1.6523721309
1.64844014812
1.64412746337
1.64282010612
1.64144131489
1.64130161576
1.63956492495
1.64200555922
1.64595660934
1.64913564748
1.65615711707
1.65913431088
1.65986378186
1.65887273148
1.65800281819
1.65608765963
1.65291238407
1.65170893552
1.64947091555
1.64741315019
1.64468754725
1.64095678293
1.63903607915
1.64703414354
1.65223459896
1.65604820051
1.66197126136
1.66502816623
1.66867354951
1.66896855986
1.66741723778
1.66529564532
1.65872089481
1.65742998786
1.65683159535
1.65473612057
1.65193672168
1.64843094982
1.64433739379
1.6386379718
1.63739179108
1.63741542278
1.640733577
1.64709787982
1.65401472007
1.6582998076
1.66189284965
1.66358510224
1.66393273748
1.66429700228
1.66456290259
1.66401189625
1.66351385551
1.66202295477
1.66158138264
1.66053654354
1.65890623011
1.65883140629
1.65674485363
1.65511010915
1.6520490143
1.65018338993
1.64825097512
1.64730463358
1.64820896132
1.64663273347
1.64510482721
1.64255825673
1.64070085961
1.63772897299
1.63650286253
1.63740846264
1.6395804908
1.64356002227
1.64856815548
1.65205221058
1.65437490096
1.65330041199
1.64963638271
1.64454676783
1.64117627946
1.63807721207
1.63779849074
1.63816221874
1.63769126899
1.63752099489
1.63322347347
1.62857916042
1.62212994635
1.61751263984
1.61255730201
1.61218827917
1.61516471063
1.62499554114
1.63311990975
1.64444314024
1.65228123141
1.6552832557
1.65654795297
1.65602742354
1.65647921333
1.65644158813
1.65392866134
1.65121780898
1.6463935177
1.63965653178
1.63207218708
1.62366381353
1.61875422894
1.61192896066
1.60688299838
1.60542933001
1.60619256459
1.61006508373
1.61350386422
1.61734670052
1.62251529162
1.62700534089
1.6317845311
1.63649377546
1.64039642789
1.64517649898
1.64795470725
1.64920767615
1.64950367421
1.64259677282
1.63657226336
1.62912852854
1.6228911379
1.61639749705
1.61293398418
1.61082782345
1.60924584929
1.60924544432
1.60918657519
1.60918731956
1.61030562894
1.61228608732
1.61451465794
1.62335166908
1.62805655505
1.63228377912
1.63344791081
1.63290055399
1.63080960087
1.62621028305
1.62404114255
1.62191447938
1.61931003549
1.61708128079
1.61569217954
1.61207557714
1.61035687886
1.60773102308
1.60588267498
1.60579910266
1.60683435469
1.60970684987
1.61588838376
1.62104739675
1.62696188578
1.63064793352
1.63232629352
1.63247741744
1.63177133969
1.63035406713
1.62855437258
1.62616022041
1.62254680304
1.62000932281
1.61707902252
1.61395167478
1.60946732223
1.60565246845
1.60252573044
1.59972187179
1.59953826727
1.60223078251
1.60504210885
1.60725679634
1.6094087625
1.60975729668
1.609789839
1.60981737118
1.6125872003
1.61604194811
1.62161365537
1.62709832919
1.62922236945
1.62922655954
1.62627390693
1.62143480601
1.61690975205
1.61045989257
1.60722930532
1.60577472508
1.60593075447
1.6062669423
1.60796862463
1.60939711896
1.60963103853
1.60858499604
1.60847864649
1.60607613134
1.6076447036
1.60964797182
1.61196322117
1.6153114021
1.61644563371
1.61628252741
1.61556991155
1.61215133737
1.60861369581
1.60675164036
1.60394962949
1.60403691018
1.60229422502
1.60159934774
1.60120341402
1.60035329922
1.5996571834
1.59980308177
1.5999154941
1.60055027081
1.60139860702
1.60223150572
1.60432478731
1.60583184006
1.60695860988
1.60777217463
1.60881994679
1.60798066985
1.60740642154
1.60506477483
1.60068739908
1.59792727912
1.59548961835
1.59363938988
1.5928879835
1.59351772842
1.59620004817
1.59741277818
1.59986179219
1.60113456389
1.60138198835
1.60085076173
1.59713638496
1.59594638964
1.59568514689
1.59707447315
1.59953217495
1.60390799244
1.60684313506
1.6052577104
1.60184050239
1.59819407425
1.59138080191
1.58938225475
1.58651097373
1.58747102816
1.58922074447
1.58905002341
1.58914555768
1.58849901035
1.5858852837
1.58514022222
1.58592574077
1.58827870268
1.59333208052
1.59920862841
1.60638810076
1.611535639
1.61310456157
1.61393899612
1.61123310511
1.60771584537
1.60569804284
1.60373135553
1.60195578043
1.59974790125
1.59738429753
1.59529196786
1.59151421694
1.58906887131
1.58658484023
1.5864049355
1.58568802007
1.58686625808
1.58791927958
1.59078287306
1.59369549234
1.59848140679
1.60227011657
1.60578708647
1.61188941894
1.61469354268
1.61602386305
1.61555676689
1.61281563901
1.61228879573
1.60951249579
1.60716444707
1.60535956709
1.60558067464
1.60512463084
1.60480770657
1.60428617813
1.60376299095
1.60347763007
1.6025281554
1.60255528552
1.60007077712
1.59996429819
1.59968956835
1.60117233945
1.60273350101
1.60556199301
1.60765950233
1.60928003741
1.61027119287
1.60941603077
1.60923191544
1.60858725603
1.60840349602
1.60770229202
1.60792459554
1.60676507833
1.60738169688
1.60846058813
1.60846691903
1.60948851496
1.6094856768
1.60727409663
1.60326079586
1.60082737767
1.5965915549
1.59500521931
1.59618009855
1.59956820463
1.60316474855
1.60713690063
1.60875083771
1.60925608364
1.60892295619
1.60572372571
1.60303334513
1.6027033204
1.60486153459
1.60715467037
1.61231520556
1.61638083881
1.61873768436
1.61612039955
1.61239504386
1.60683270079
1.60395060212
1.60200520263
1.6024901173
1.60564842706
1.61082950671
1.61208682041
1.61294511877
1.6087346329
1.60553670094
1.60126879615
1.5986831382
1.59836771014
1.6002556588
1.60463645385
1.60875086073
1.6134244691
1.61635205799
1.6158619762
1.61585315846
1.61490267822
1.61477976392
1.61568998053
1.61784430633
1.61942484913
1.62032340883
1.6204347671
1.61779187174
1.61346172937
1.61069637587
1.60662059383
1.60501349335
1.60138097752
1.60048039299
1.5989221173
1.59767929074
1.59916102604
1.60092230894
1.6105006146
1.61527766535
1.61909505826
1.62176236426
1.62388900797
1.62526628944
1.62660411596
1.62626332193
1.62659023765
1.62531800713
1.62515658781
1.62233561825
1.6209960174
1.61780509166
1.61517255622
1.61410825142
1.61561309974
1.61550682584
1.61625380935
1.61577352404
1.61567323362
1.61618621257
1.61705777549
1.6185995537
1.62176091079
1.63246711155
1.63613545261
1.63716951649
1.63603360593
1.63442181177
1.63283431391
1.63253338606
1.63336960388
1.63548309416
1.63813396466
1.63856421612
1.63865178598
1.63136730655
1.63036926348
1.63090063984
1.63434311605
1.63639951464
1.6415422141
1.64204716775
1.64397792609
1.64500202717
1.64703661997
1.6509069983
1.6534224533
1.65846811519
1.66031009018
1.66095802596
1.65939839278
1.65641297722
1.65331001426
1.64948173141
1.64651484925
1.64536985637
1.6449112868
1.64458086294
1.64557678967
1.64499262211
1.64307384752
1.64063916409
1.63774227114
1.63517545855
1.63483008843
1.63648285446
1.64197608265
1.64918490472
1.65153786159
1.65105424753
1.65035445667
1.64890899146
1.64874043414
1.6479433774
1.64751005021
1.64633543189
1.64020803596
1.63607589205
1.63197703347
1.62770967379
1.62617273317
1.62515530502
1.62653418538
1.63139079811
1.63518042818
1.6396722112
1.64233297153
1.64373954665
1.64391013598
1.64605004773
1.64897803677
1.65081149215
1.6525578962
1.65377024373
1.65001226026
1.64634864112
1.64048267861
1.63612365545
1.62903463483
1.62388842512
1.61986511203
1.61913838703
1.61951169158
1.62105143639
1.62651681682
1.62761269593
1.62914685086
1.63100546481
1.63534765439
1.63746624247
1.64180159664
1.64125559282
1.64071473922
1.6388396177
1.63492554238
1.63180347094
1.63070578975
1.62878012673
1.6286750157
1.62762344353
1.6262245673
1.62445750194
1.62166847309
1.62039106765
1.62006076012
1.62170824341
1.62410730063
1.62458161902
1.62555186024
1.62630126202
1.62816203158
1.62941837589
1.63028615262
1.63052231006
1.63117154944
1.63136380006
1.62949407538
1.63033486405
1.63047207856
1.62963557968
1.6292469253
1.62684986143
1.62382860076
1.62037299899
1.61559247403
1.61424139736
1.61329383587
1.61553753943
1.61754938843
1.62155042197
1.62304869623
1.62401928169
1.62363455525
1.62243768125
1.62042660808
1.62105997044
1.61932215754
1.62005847358
1.62110246086
1.62120038953
1.61969789128
1.61781823705
1.61528625122
1.61334217012
1.61167027819
1.61083584068
1.61133628612
1.61168999687
1.61266220105
1.61232382309
1.61223058678
1.61173638458
1.61213366118
1.61330683777
1.61411763827
1.61546654017
1.61619648203
1.61631834525
1.61626766663
1.6164983267
1.61720386819
1.61761201905
1.61854674751
1.61852851221
1.61876774371
1.61890178607
1.61857547217
1.61866493982
1.62054244839
1.61962433306
1.61904333037
1.61817660852
1.61523714307
1.61472398688
1.612497141
1.61212471376
1.61383071746
1.61555004356
1.61687625432
1.61897664571
1.62019005221
1.62086390962
1.62075797332
1.62060118641
1.62181025107
1.62239497533
1.6220526429
1.62130076517
1.61900698637
1.61816411659
1.61708334156
1.61725769203
1.6172369859
1.61705366663
1.61744928287
1.61510947264
1.6123368428
1.61184272941
1.61004813036
1.60963307193
1.60961746293
1.61066446098
1.61273513835
1.61458681761
1.61791585626
1.62168067668
1.62519266936
1.62753306389
1.62712191911
1.6262790361
1.62487589406
1.62203078904
1.62001309156
1.6189748232
1.61720761973
1.61667475533
1.61691923043
1.61766471846
1.61857441452
1.61921293025
1.61936584499
1.61856593575
1.61644332996
1.61534084076
1.61411724792
1.61510122102
1.61669937292
1.61627948601
1.61842649121
1.61959293474
1.62071076787
1.6201277621
1.61991632256
1.61897610661
1.61675387107
1.61467117516
1.61455870013
1.61426373744
1.61346727497
1.61357352253
1.61209054994
1.61228679233
1.61325480108
1.61485905508
1.61560012112
1.61560879374
1.61711364414
1.61643594748
1.61505955254
1.61438649253
1.61582854811
1.61598157621
1.62037882347
1.62410381572
1.6291451387
1.63307809808
1.63316177119
1.63266833553
1.63176549123
1.62965015722
1.62880119514
1.62781063482
1.62693723888
1.62661816907
1.62590095638
1.62438746079
1.6241267811
1.62451955022
1.62548357983
1.62683902098
1.62815623149
1.62990175525
1.62992309855
1.62969790985
1.62852035567
1.62807827645
1.62804563145
1.62805206678
1.62803577784
1.62820406355
1.62935609862
1.62949666762
1.62871908725
1.62809813404
1.62746025294
1.62839099636
1.62704684058
1.62703380039
1.62599989525
1.62594308209
1.62510717576
1.62459289405
1.62272279869
1.62264794354
1.62187748196
1.62045305117
1.61816091256
1.62043089037
1.61834214428
1.61769564661
1.61718090943
1.61764724137
1.61801553381
1.6184222517
1.62034790716
1.61985470663
1.61783171934
1.61518080834
1.61437006246
1.612766623
1.61238810591
1.61262690011
1.61389871379
1.6143912658
1.61438914459
1.61419679603
1.61414948677
1.61393493956
1.61555289829
1.6167795976
1.61801128584
1.61822351757
1.61730916157
1.61614399743
1.6135066014
1.61210083958
1.61228935937
1.61264193785
1.61235507415
1.61329512682
1.61307867408
1.61140046549
1.60911672422
1.60737572085
1.60421393641
1.60249895329
1.60119552367
1.59992972289
1.59993104853
1.60077741952
1.60233658311
1.6058878611
1.6086353227
1.61345599639
1.6168660218
1.62033503483
1.62172973663
1.6201343823
1.61898752476
1.61490330504
1.61044417533
1.60735565998
1.60548099605
1.60279859408
1.60183080356
1.60306077676
1.60272296045
1.60283679188
1.6026279055
1.60064632873
1.60035622038
1.59960145957
1.60007834974
1.60255619257
1.60695157558
1.61280046113
1.61699279224
1.62107918985
1.62216117667
1.62243177566
1.6212128602
1.61934270414
1.61718580403
1.61732795311
1.6168254312
1.61701472236
1.61597435633
1.61326157751
1.60837877434
1.60175881397
1.59411693326
1.59361473957
1.59500802858
1.59747865207
1.60104457725
1.60351693471
1.60470460697
1.60553205234
1.60582482685
1.60597289118
1.6086572081
1.61075042122
1.61265301466
1.61234046645
1.61107018333
1.60878989473
1.60375207717
1.60003131311
1.59700706523
1.59460833526
1.59417463384
1.59441929722
1.59448060608
1.5930361892
1.5930094653
1.59318603741
1.5939481758
1.59672565178
1.60146192681
1.60461551399
1.60990528266
1.61215689912
1.61189731167
1.61031053432
1.60799161712
1.60599838251
1.60369082478
1.60140408558
1.60137465656
1.59262591713
1.5912846844
1.58918300095
1.58926445537
1.5906372579
1.59193777559
1.59456065872
1.59604034844
1.59866540993
1.59992367828
1.59993262831
1.59862638082
1.59509273924
1.59450470466
1.5953070725
1.59652898423
1.59977707936
1.60305508564
1.60427304684
1.60366583367
1.60194220035
1.59887731841
1.59574910495
1.5933176383
1.59057489266
1.5884627783
1.58613108857
1.58605376908
1.58718444338
1.58855795816
1.59088096862
1.59235342334
1.59495244824
1.59566914029
1.59731281598
1.59945171785
1.60414966193
1.60693439134
1.60929918212
1.61173308713
1.61197995305
1.61142976447
1.60936483681
1.60738826916
1.60650957333
1.60471579467
1.60345223523
1.60122352408
1.59858322134
1.59520846539
1.5934401257
1.59373625382
1.59576196518
1.59701620758
1.59957593767
1.60179622863
1.60439981401
1.6065464511
1.60580834146
1.60805734085
1.60932308973
1.6100915225
1.61010728437
1.60858211114
1.60669150848
1.60450880003
1.60000571285
1.59660446792
1.59162071503
1.58702215597
1.58415901176
1.58377987213
1.58515982911
1.58780958103
1.58870499064
1.58981384909
1.58953867385
1.58839351474
1.58604713016
1.58560295929
1.58580354328
1.58655372375
1.58850194355
1.59127373843
1.59289014104
1.5950046937
1.59635735333
1.59758279006
1.59806971821
1.59676197808
1.59664631686
1.59626929407
1.59494636813
1.59398055092
1.59311721526
1.59250108023
1.59161853755
1.59231912036
1.59255862076
1.59521899825
1.59982049574
1.59730617865
1.59013856234
1.58958113515
1.5910467739
1.59068282519
1.59275541696
1.59440893839
1.59380768261
1.59284270289
1.59250636889
1.59158893572
1.59132420922
1.59099393137
1.59142714811
1.59350721174
1.59588875396
1.59841758032
1.59970742726
1.60154808139
1.60742355758
1.61169318753
1.61565844304
1.61945398858
1.62192038077
1.62076148441
1.61436542871
1.61086052024
1.6083198975
1.60770412009
1.60666853056
1.6059300547
1.60411132336
1.60506684164
1.60468577634
1.60662389257
1.60799150054
1.61017464601
1.61110908576
1.6129195069
1.6131977509
1.61328840895
1.61626416689
1.61671441419
1.61969087487
1.62238370178
1.62231406072
1.62186584348
1.61765019811
1.61419853812
1.61124405111
1.60895613973
1.60754587207
1.60758668423
1.60909565459
1.61108086042
1.61311115622
1.61432352462
1.61342624233
1.61270618602
1.61294575298
1.61118256517
1.61266320024
1.61468211595
1.61639478673
1.61962230276
1.62110223922
1.62066295351
1.61873257854
1.61775114853
1.6147541197
1.61331293887
1.61217363999
1.61184792579
1.61064617452
1.61210647571
1.61095054439
1.61076818236
1.61064655338
1.60960100753
1.60831289398
1.60839777511
1.60880893692
1.61121831508
1.61457419605
1.61688853244
1.61937474752
1.61952004591
1.61769053405
1.61224206431
1.60749065241
1.60153870793
1.59726925872
1.59500651249
1.59454697811
1.59605581954
1.59811193776
1.5998768399
1.60065636379
1.59995551901
1.59930599834
1.59910237211
1.59961357016
1.60291855853
1.60511298555
1.60962614322
1.61377818048
1.61934574444
1.62191852296
1.62298363512
1.62161804711
1.6187806573
1.60386673028
1.6036805135
1.604472664
1.6076797018
1.61240046212
1.61607892776
1.62144753893
1.62324249058
1.62367240011
1.62229899097
1.61969007505
1.61699789616
1.61476873748
1.61176858627
1.60868222882
1.60604404852
1.60256201534
1.60106198331
1.59592887112
1.59431662404
1.59558018502
1.59642620611
1.59969803748
1.60280955834
1.60491057221
1.60590739674
1.60561353894
1.60353760563
1.60302022406
1.60314795372
1.60445980011
1.60603530143
1.61024016486
1.61139755171
1.61043406707
1.60714281589
1.60436933409
1.60068602133
1.59668815457
1.59437462146
1.59307060777
1.59294178437
1.59470428399
1.59747641252
1.60206860246
1.60562466796
1.60885812853
1.61038527304
1.61109135992
1.61107547995
1.61186602223
1.61196255996
1.61053981809
1.60774357868
1.6033131316
1.60058734023
1.59842498741
1.59864358216
1.60076770837
1.60238368677
1.60399682207
1.60580581889
1.60648956813
1.60431624323
1.60300939091
1.60047601888
1.59727243855
1.59716744838
1.59635211548
1.59765204994
1.59781210168
1.59716825977
1.59743439681
1.59639073079
1.59618617905
1.5974123409
1.59753335191
1.59861109007
1.60100818477
1.60143502028
1.60126634092
1.60245448794
1.60450848907
1.60694448588
1.60800416306
1.60921958721
1.61070935288
1.60838325518
1.60766231888
1.60512081879
1.60242130768
1.59822086487
1.59686121454
1.59537216875
1.59510317134
1.59388375302
1.5935068387
1.59171466008
1.58955663727
1.58820005419
1.5875147874
1.58838259096
1.58768717343
1.58821424261
1.58668401132
1.58644470357
1.58586869119
1.58525918752
1.58433972763
1.58416038933
1.58433944443
1.58406612968
1.58096025159
1.58078527418
1.57880422216
1.57699519143
1.5757843936
1.57457315509
1.57586562731
