1.33311580632
1.33571053677
1.33924799306
1.34187177869
1.34483697056
1.34679795314
1.34837469906
1.34930289472
1.35088739274
1.35022259296
1.3484654925
1.34516206657
1.3424777656
1.33880488253
1.33589818047
1.33283768161
1.32900893334
1.32601737493
1.32410640348
1.32181206953
1.32022383979
1.31946634699
1.32060151235
1.32341762075
1.32640360562
1.33175590337
1.33402088618
1.34053993858
1.34104723865
1.34627136891
1.34709367502
1.34473351204
1.34384929987
1.34222712758
1.33973861667
1.33812147515
1.33624649053
1.33364541695
1.33206212127
1.33004738071
1.3303186902
1.32993729206
1.33156526593
1.33234124043
1.33421537893
1.33584148477
1.33761291834
1.33919041483
1.34177333706
1.34315729829
1.34485619121
1.34475208296
1.34374543745
1.34171030333
1.33976653496
1.33825088474
1.33682612699
1.33574829078
1.33543215025
1.33431571923
1.33311768105
1.33160210326
1.32964223819
1.33165446201
1.33239761769
1.33417150701
1.33493089859
1.33810070251
1.33810623074
1.33857444823
1.33603226164
1.33466921129
1.33387248704
1.33327945804
1.33437442373
1.33218181034
1.32984308098
1.32645304336
1.32341631612
1.32118833445
1.32155849667
1.32123054753
1.32352809849
1.32455881385
1.32526477501
1.32591346684
1.32612665838
1.32751759606
1.32972997276
1.3314457627
1.33286606047
1.33496188421
1.33572794315
1.33554444495
1.33571628847
1.33419574144
1.33326764185
1.33290835816
1.33149570592
1.3306443165
1.33044167789
1.33083873691
1.33068461715
1.33175601839
1.33141361889
1.32976586062
1.32579471374
1.32444257868
1.32242081586
1.32150954979
1.32055913977
1.31924821482
1.31613695435
1.31424704153
1.31198563672
1.31258465531
1.31274424199
1.31336775523
1.31387222656
1.31354147425
1.31389667543
1.31390809707
1.31324508741
1.31384573421
1.31481826162
1.31636218438
1.31483468153
1.31510413477
1.31389401424
1.31295638473
1.31093635983
1.30967435566
1.30805585466
1.30666311088
1.30498641596
1.30472452306
1.30436450814
1.3037922663
1.30466617093
1.30579395061
1.30785650832
1.3089719738
1.30960995856
1.31069470422
1.31186412109
1.31097927775
1.31308417831
1.31400102242
1.31420820044
1.31274372567
1.30963281629
1.30575424045
1.29686028325
1.29397373041
1.29130684823
1.29089833272
1.28894884574
1.28787248536
1.28631466097
1.28557100725
1.28559510772
1.28407377343
1.28360330295
1.28341365564
1.28436808581
1.28794362972
1.29124580742
1.29449856922
1.2961205846
1.29815116139
1.2984824474
1.29991303819
1.30053948924
1.30184709118
1.3012811457
1.30184107775
1.30118921817
1.30027246649
1.29925883601
1.29770940502
1.29703379847
1.2960995083
1.29509656995
1.29207057537
1.29151207458
1.28974725085
1.28854207621
1.2880625562
1.28778172754
1.28628799733
1.28586658876
1.28384319684
1.28307308005
1.28246970655
1.2827496139
1.28316050209
1.28311311772
1.2838134902
1.28450031834
1.28561975807
1.28664539582
1.28679869724
1.28785052201
1.28820715317
1.28893430257
1.28903102135
1.28902040321
1.28896086753
1.28939639388
1.28817206434
1.28651501134
1.28459890622
1.28321896678
1.28108726384
1.27861278728
1.27756428815
1.27661057451
1.27663342673
1.27568596616
1.27442559345
1.27389028725
1.27283095515
1.27252893936
1.27131103644
1.2716249506
1.27151655126
1.27243825155
1.27504526361
1.27889024088
1.28385139213
1.29137638728
1.29827659233
1.30112302109
1.30332683531
1.30263517513
1.3004555098
1.29794896293
1.29356386063
1.28871370566
1.2859654692
1.28055089992
1.27725063769
1.27366218517
1.27025305178
1.26700696765
1.26217024774
1.26001355546
1.25541283846
1.25421569652
1.25371828394
1.25433622344
1.25639954391
1.26010769991
1.26373805775
1.26838193575
1.27099729892
1.27642295071
1.27909573977
1.28355812925
1.28836056954
1.29052480361
1.29226744868
1.29244127323
1.28892759062
1.28911812596
1.28190687554
1.27708923284
1.27259348488
1.25433994748
1.24863396044
1.24531723456
1.24153613446
1.2410120288
1.24106812893
1.24296121227
1.2455342776
1.24779670459
1.24996569055
1.25137852023
1.25228403372
1.25287356945
1.25293719859
1.25214395402
1.25129753966
1.24897675126
1.24752185146
1.24692974512
1.24534545062
1.24565628065
1.24507199017
1.24290853516
1.24126035714
1.2383814119
1.23781475994
1.23709423152
1.2384613548
1.24167146221
1.24413026973
1.24654486175
1.24805887078
1.24760443053
1.24736808222
1.24658079692
1.247416251
1.24938425672
1.25139107806
1.25386292913
1.25495011044
1.25476483244
1.25242643284
1.24952127763
1.24655849031
1.24507001793
1.24457824584
1.24284667562
1.24150680251
1.23976746622
1.23624766344
1.23316887513
1.22869429832
1.22750649918
1.22910302392
1.23010593419
1.23185276948
1.23293082855
1.23418127581
1.23618103972
1.23567157464
1.23386066053
1.23343507064
1.23505088334
1.23646420647
1.23853523086
1.24332814257
1.24659615696
1.25127828005
1.25418470526
1.25493787233
1.25430022265
1.25347990989
1.25211259617
1.25220675829
1.25674294014
1.26321959198
1.26785917275
1.26702725482
1.26065160751
1.25313866602
1.2477407651
1.24134221437
1.23809667252
1.23526352397
1.23161208027
1.2283334518
1.22278850611
1.21777688469
1.21328061708
1.21163398141
1.21033582514
1.21057694557
1.21137662039
1.21197438038
1.21166838904
1.21316567387
1.21469781419
1.22308568279
1.22826561811
1.2352546281
1.23853370195
1.2409650514
1.24326492935
1.24573529044
1.24664239564
1.24767794332
1.24804414826
1.24596560538
1.24361262422
1.24090576402
1.23403747162
1.23350810869
1.22612977052
1.2222281436
1.21962294637
1.21644100692
1.2164036675
1.21949898602
1.22335771944
1.22686674689
1.22976698937
1.23141785143
1.23280042696
1.23291722479
1.23722575969
1.24102322761
1.24684667324
1.25183186128
1.25317958605
1.25309756424
1.25073157357
1.24762066883
1.24722485054
1.24751132126
1.25164585255
1.25448879435
1.25773849377
1.25762183102
1.25489200055
1.25128553198
1.24747417353
1.2467532501
1.24616991449
1.24356456635
1.24109284685
1.23592352774
1.22989214559
1.22648330804
1.22516690818
1.2252390841
1.22721585134
1.2288520787
1.23323330959
1.23591290315
1.23565046212
1.23715320355
1.23709994385
1.23680115713
1.23754025894
1.23817009744
1.23891829399
1.23921434976
1.2390537613
1.23933467832
1.24117696624
1.23991317604
1.238100084
1.23600518807
1.23354659819
1.22990232348
1.22797724908
1.22764298279
1.22753086505
1.22682635112
1.22596600173
1.22534844116
1.22372678336
1.22267292067
1.22153656244
1.22161105558
1.22163226885
1.2232272066
1.22520772028
1.22788477947
1.23102904495
1.23263657108
1.23416608886
1.23438984153
1.23445660439
1.23528515149
1.23425717999
1.2348949309
1.23571984907
1.2344517104
1.23440105413
1.23324631563
1.23168698333
1.23016959588
1.22752047619
1.22532614872
1.22425162061
1.2232888941
1.22225835171
1.22072067202
1.22012756624
1.21762473136
1.21435247738
1.21213234124
1.20772754839
1.20582641651
1.20453177
1.20558604597
1.2050395333
1.20639818303
1.20807509338
1.20859384837
1.21028756863
1.21574837013
1.21903412436
1.22346442489
1.22781928389
1.22949140298
1.23112879247
1.23199858158
1.23157010913
1.23268652712
1.23309201983
1.23156810392
1.23249204487
1.23120981201
1.2274679636
1.2242140612
1.22181116192
1.21974948932
1.21934377469
1.21771504897
1.21612335323
1.21498310115
1.21208935272
1.21181263968
1.21075644533
1.21204948164
1.215904897
1.2186967845
1.22358830556
1.22836037478
1.23152801699
1.23492123086
1.23721299855
1.24046647536
1.24527620846
1.24859083614
1.24913276835
1.24920208912
1.24458116372
1.23876671711
1.22744549501
1.22415359444
1.22416893962
1.22164628065
1.22197096173
1.21378793741
1.22039451907
1.22493194431
1.23171529587
1.23419360123
1.23705037397
1.2409291048
1.24263392484
1.24360759187
1.24743771758
1.25077140209
1.25279552152
1.25249716703
1.24996047779
1.24630637065
1.24053215606
1.23663531026
1.21609376133
1.21425080686
1.21066286868
1.21144129137
1.2141031195
1.21899642927
1.22389250329
1.26953085541
1.2714914609
1.27503990712
1.27660596353
1.27695860763
1.27536216136
1.27561554466
1.27166531277
1.26617409124
1.26099892408
1.25266255076
1.24797313648
1.24223001844
1.2383009845
1.23379860286
1.23022511446
1.2287996796
1.22729665705
1.22779117446
1.22975662007
1.2331381234
1.23658950206
1.242479647
1.24719035976
1.25361228325
1.25977864558
1.26468931673
1.27066249854
1.27686218811
1.2835976623
1.28887962419
1.29286937564
1.28616874501
1.28482222071
1.27471308286
1.25053006611
1.24643446626
1.24415896033
1.24410359608
1.24434608515
1.24612977167
1.24931216274
1.25215006928
1.2565296146
1.26085010308
1.26503276319
1.27037223069
1.27469336493
1.28032640769
1.2835304266
1.28626409919
1.28340387283
1.28183099507
1.28012705566
1.27828464852
1.27560279919
1.27229993722
1.27101277838
1.26776129345
1.26665169279
1.26616475576
1.26562403848
1.2664428722
1.26877198451
1.27119896345
1.2767037992
1.27860461895
1.2861306683
1.28720409416
1.29602669519
1.29869385123
1.30188579056
1.30614449769
1.30555468294
1.30339646208
1.29915332174
1.29450197169
1.29028373022
1.28503803677
1.28010442171
1.27756316195
1.27278711348
1.27109838124
1.26715018565
1.26703279871
1.26609510116
1.26898088127
1.27163463319
1.27727806662
1.28172747287
1.28525207381
1.28941698728
1.2911919837
1.29275755885
1.29382425977
1.29571081049
1.29816275375
1.2999014718
1.30185212777
1.30322732045
1.30273549469
1.30181896392
1.29983032974
1.29890432998
1.29634178857
1.29530793059
1.29361824472
1.29288280677
1.29269044087
1.29373517394
1.29356413482
1.29264591476
1.29480021757
1.29570124346
1.29687262957
1.29857682082
1.2988660022
1.29843972132
1.29750724341
1.29423221376
1.29182219259
1.29026758637
1.289525042
1.2899756351
1.28921627133
1.28902622133
1.28606729225
1.28542589744
1.28601064101
1.28724615767
1.28904299082
1.29125517316
1.29162457368
1.29405598941
1.2938633714
1.29483019711
1.29774176391
1.29985166465
1.3032474103
1.30594069994
1.30998423114
1.313582279
1.31558714961
1.31789631384
1.31835056908
1.31768515939
1.31745607639
1.31696787302
1.31572136694
1.31625991467
1.31522445704
1.31549262197
1.31443741906
1.31432934932
1.31210433283
1.31047971735
1.30999503576
1.31035488845
1.30918568558
1.30842936292
1.30971960787
1.3104460464
1.31236650703
1.31372475237
1.31600556554
1.3161523162
1.31553104293
1.31539509961
1.3119897835
1.31045701748
1.31043148597
1.31442133821
1.31701068464
1.32161824994
1.32340280665
1.32977875937
1.33450541283
1.33930613276
1.34476499102
1.3484162956
1.35411736691
1.35650029966
1.3602485617
1.36238408247
1.36257892802
1.36206484974
1.35973008139
1.35567554462
1.35136507038
1.34766970802
1.34390547389
1.34177495414
1.33803792139
1.33530254896
1.33003856338
1.3258539582
1.32413816046
1.32353739897
1.32547466426
1.32892189797
1.33096282233
1.33516706428
1.33634228332
1.33567986811
1.33538209
1.33381822978
1.33312622195
1.33384987368
1.33387290415
1.3346794448
1.33433653215
1.33363347626
1.33302152728
1.33234820457
1.33317508955
1.33266000472
1.33310094222
1.33526691399
1.3360277868
1.33833046745
1.33994973721
1.3405565497
1.34140238019
1.33973568455
1.33908401345
1.34019314836
1.34147416397
1.34293418533
1.3442941195
1.34542255064
1.34497331814
1.34294869641
1.34161216472
1.34147419089
1.34155278624
1.34246710829
1.34405773058
1.34606423867
1.34608263363
1.3453247367
1.34399876285
1.34197056746
1.33936908254
1.3378483875
1.33574817343
1.33426953267
1.3319805319
1.33069449338
1.32984349347
1.33194211491
1.33468997372
1.34057578984
1.34166782589
1.3481813306
1.34960688318
1.35556901295
1.35769337854
1.35799217795
1.35758258263
1.35907573581
1.35816749971
1.35844539207
1.35316701573
1.35103305885
1.34857155314
1.3473658087
1.34620974604
1.34537132344
1.34428889087
1.34550899444
1.34715612265
1.34978006757
1.35289052464
1.35468413936
1.35618262755
1.35715827635
1.35675750632
1.35754244593
1.35791121683
1.35950851259
1.3597762137
1.36068996971
1.36089162586
1.35909720851
1.35704232278
1.355654252
1.35443020949
1.35456663629
1.35368089722
1.35316675786
1.3487288821
1.34737768125
1.33705119568
1.33411623594
1.33523944093
1.33817390812
1.34327789861
1.34813136556
1.35180250054
1.35267731892
1.35411318762
1.35477644352
1.36557416561
1.36585563069
1.36516535644
1.36295291018
1.35916270138
1.35577099206
1.35220492201
1.34819564683
1.3451198474
1.34251220696
1.34078493277
1.33931654154
1.33960930879
1.33998783356
1.34189822173
1.34313556947
1.34542360425
1.34841096678
1.35140967328
1.35351475466
1.35616204783
1.35610430014
1.35620363664
1.35537657461
1.35687268636
1.35642236531
1.35627067297
1.35770277989
1.35859309278
1.35864850378
1.35787768607
1.35457361974
1.35212601122
1.34854296897
1.34785906894
1.34781672631
1.34838960094
1.34779887519
1.34841543346
1.34780609063
1.34974185828
1.3505817365
1.35327738585
1.3540578138
1.35591523005
1.35678848518
1.35737016458
1.35755280673
1.35647047661
1.35591155655
1.35104111335
1.34995398228
1.34716074362
1.34656912234
1.34347633445
1.34071941665
1.33846975058
1.33663753454
1.33733808906
1.33718800485
1.33855563418
1.34062920894
1.34119324609
1.34275962069
1.34235806175
1.34307892821
1.34452150398
1.34587795853
1.34762851417
1.34763646678
1.34689663266
1.34562763559
1.34325485462
1.34065743443
1.33682853712
1.33778368094
1.33991941062
1.34145615192
1.34216401854
1.34165242766
1.34192184767
1.34250035683
1.34469766162
1.34776760769
1.35380235063
1.35661259065
1.3592403345
1.36136500328
1.36212634004
1.36443565592
1.36713112208
1.3696054135
1.37041005829
1.37065883965
1.36621952683
1.36279012761
1.36058162785
1.35751035874
1.35599523327
1.35308524305
1.35120995738
1.34816378472
1.3474477264
1.34598583019
1.34652827365
1.34945164957
1.3524427977
1.35486671533
1.35687984755
1.35800945622
1.35640170057
1.35762056542
1.35832587422
1.35885386556
1.35916019657
1.36057794994
1.36257912475
1.36200889148
1.36251356721
1.36203659769
1.35999106974
1.35764830589
1.35415515577
1.35185005797
1.34947996156
1.34802130143
1.34602533095
1.34318979222
1.34027921393
1.3378294566
1.3391612359
1.34059527306
1.3459258954
1.34925374876
1.35199883488
1.35421644619
1.35521355263
1.35576817309
1.35749978488
1.35995908104
1.36090560434
1.36645773214
1.36874662063
1.37278849504
1.37146654978
1.37007528215
1.3705701442
1.37095419702
1.37100379904
1.37138740744
1.37106404351
1.3696807829
1.36892233718
1.3682763825
1.36820393921
1.3676888106
1.36683269355
1.36460933298
1.36359609327
1.36264246715
1.36252622024
1.36291325996
1.36311502889
1.36428428008
1.3655396786
1.3668717999
1.36772886778
1.36962160194
1.37119989209
1.37247472654
1.37408489116
1.37455728251
1.37602882497
1.37758089321
1.37684383698
1.37662155658
1.37552184569
1.3729988489
1.37156130963
1.36918740388
1.36917968563
1.36669553603
1.36528115395
1.36298042958
1.35988071868
1.35773108594
1.3550399571
1.3506014443
1.35186791803
1.3517766469
1.35176641892
1.35024127986
1.34800818205
1.34742823554
1.34664628529
1.34675972727
1.34622383775
1.34535209394
1.34496033563
1.34529359516
1.34643455924
1.34733391187
1.34884801491
1.35077698773
1.35204117802
1.35350504409
1.35401825711
1.35468810233
1.35543382603
1.35488119375
1.3548223003
1.35466762605
1.35410271551
1.35265848593
1.34563969051
1.34482222368
1.34344994445
1.34057660031
1.33812347588
1.3354238737
1.33214218279
1.32890084993
1.32927629051
1.33030420258
1.33500315737
1.33848935795
1.34083682553
1.34372506915
1.34308328591
1.34362307569
1.34338384136
1.34454854112
1.34596150728
1.34781144612
1.3473575346
1.3477412701
1.34556784767
1.34505805408
1.34340520292
1.34264905479
1.34141472602
1.33987869546
1.33861801356
1.33680644529
1.33632485724
1.33455681078
1.33410995768
1.33310085392
1.33416689123
1.33307677393
1.33450511675
1.3346198355
1.33502462258
1.33532851934
1.33677588232
1.3359947986
1.33627254506
1.3370919378
1.3371018875
1.33733844475
1.33669484408
1.33623592739
1.33502372816
1.33468891457
1.33334470203
1.33296197115
1.33374371974
1.33413720789
1.33532187194
1.33662037068
1.3367838049
1.33584848527
1.33563043101
1.33581665271
1.33491659977
1.33467687063
1.33534833545
1.33599256505
1.33648212158
1.33788483157
1.33791808458
1.33836596031
1.33809916675
1.33910623825
1.3393091298
1.34550369753
1.34413429751
1.34391331616
1.3446774714
1.34741294414
1.35101581718
1.35156377385
1.35211859603
1.35236214163
1.35202507604
1.34823956995
1.3472174782
1.34599989396
1.34529862682
1.34572281266
1.34545440722
1.34569237623
1.34678736618
1.3470981696
1.3466389694
1.34496911632
1.3448649493
1.34449186745
1.34512230008
1.34558391468
1.34639345844
1.34615534156
1.34422059279
1.34162270454
1.33801055579
1.33357858305
1.32799217063
1.32421415262
1.32382922952
1.3257090332
1.3301264749
1.33516855213
1.33810818163
1.33923254559
1.33928807235
1.34009742695
1.34402628048
1.34935573671
1.35412270013
1.3586588697
1.36081385597
1.3597820417
1.35704301921
1.35499147589
1.35394272067
1.3516336811
1.35079839404
1.34939544051
1.34631612615
1.34162767522
1.33820402159
1.33469125069
1.33208107643
1.32970284695
1.32913306454
1.32886546597
1.33091524005
1.33082569351
1.33340455223
1.33405884093
1.33521366408
1.33575861709
1.33791038382
1.34211200225
1.34679080583
1.35238015582
1.35649834627
1.35992806384
1.36126307513
1.36202789881
1.36147262022
1.36228555451
1.36240059606
1.36109430105
1.35908516456
1.33473379195
1.3330914107
1.33122818058
1.32919561873
1.32935499856
1.32970401045
1.33070184356
1.33402165945
1.33578920124
1.33831147639
1.3403271181
1.34307440361
1.34573404076
1.34739814504
1.35070468866
1.35364408797
1.36388808098
1.36274294433
1.36025243676
1.35967569807
1.35725039088
1.35629754734
1.35364543247
1.35038264608
1.3488101225
1.34369510332
1.3403043968
1.33852417268
1.33635674455
1.33538087981
1.33559840606
1.3354446197
1.33514158305
1.33611393565
1.33416064465
1.33569073316
1.3372964847
1.34042598116
1.3418719166
1.34395717649
1.34480557909
1.34555882048
1.34566426844
1.34550691669
1.34760574235
1.34741431892
1.34735618462
1.34702678695
1.34583471748
1.34387825647
1.34210505559
1.34110667495
1.33926493756
1.33853427302
1.33752298974
1.33635974363
1.33635798416
1.33514465976
1.33583192252
1.33550325999
1.33415786409
1.33593109232
1.33635727567
1.33823685043
1.33869728485
1.34113206837
1.34191811622
1.34279933772
1.34320831071
1.3429084162
1.34338492814
1.34354112584
1.34181993086
1.34134734817
1.33861044603
1.33704730894
1.33396797548
1.3310992269
1.32882846492
1.32789059479
1.32738392937
1.32550081187
1.32374200688
1.32318046105
1.32122813332
1.32057814833
1.32065805429
1.32175727531
1.3244627453
1.32649369389
1.32945407417
1.33333394593
1.33591583569
1.33945222053
1.34198682585
1.34510199102
1.34615832961
1.34758956573
1.34819618717
1.34651843897
1.34633730142
1.34398510805
1.3413485543
1.33918792444
1.33721447639
1.33651333931
1.33593604636
1.33549389575
1.334865014
1.33366237642
1.33114412355
1.33114583552
1.33115649262
1.33260045687
1.3335775936
1.33604122875
1.33764124432
1.33877689957
1.33964105276
1.34048295357
1.34061458706
1.34106897826
1.34381286401
1.34433564139
1.34662480826
1.34822237061
1.34857187278
1.34837604537
1.34701788042
1.34707786775
1.34676257029
1.34660731767
1.3461235194
1.34333782211
1.34255873316
1.33711514758
1.33471403864
1.33068088813
1.32769194501
1.32636030736
1.32631877082
1.32479157264
1.32423060199
1.32378444694
1.32309363563
1.32367339067
1.32608729171
1.32880338566
1.33319597284
1.3374568488
1.34006160636
1.33898781239
1.33800817552
1.33736178783
1.3366361476
1.33857145913
1.33865396307
1.33852119273
1.33825291363
1.33784439384
1.33770828626
1.33750951854
1.33731342156
1.33646699878
1.33471357762
1.33335252061
1.3313681592
1.330610367
1.33018302745
1.33025785377
1.33020806884
1.33006251315
1.33007036011
1.33121356693
1.33140887922
1.33190453688
1.33162721247
1.33241445772
1.33388733672
1.33548160892
1.33976225773
1.34252200245
1.34623324046
1.34927886005
1.35037126731
1.34895047399
1.34733931959
1.34651596311
1.34546917984
1.34516604563
1.34495165476
1.34423539289
1.34383882667
1.34066954727
1.33810161314
1.33593494077
1.33390460486
1.33140158476
1.32917840449
1.3276424115
1.32524237641
1.3219069286
1.31828604481
1.31698976383
1.31726400996
1.31835151386
1.31847248532
1.31815686913
1.3188851014
1.31868925814
1.31941562917
1.31986682329
1.32241558314
1.32365444931
1.32484017115
1.32619391775
1.32789712007
1.3282855042
1.32906047559
1.32842667475
1.32739099598
1.3262501864
1.32446637044
1.32413914736
1.32404847738
1.32317599794
1.32257657176
1.3203163425
1.31828592799
1.31543169717
1.3144448366
1.31398861468
1.31530561717
1.31700274626
1.31856823607
1.32057440114
1.32276771898
1.32393796446
1.32546094859
1.32583515284
1.3284780982
1.32967355488
1.33165472314
1.33223613842
1.33139443334
1.3288403378
1.32859194655
1.32737061865
1.32642594063
1.3260244832
1.32778988677
1.32800280096
1.32815030768
1.32830693624
1.3270629828
1.32565624405
1.32378210766
1.32128496679
1.31965560018
1.31990623723
1.32127522911
1.32345170591
1.32542655388
1.32518192795
1.32548859277
1.32777932829
1.32979459685
1.33147378438
1.33569951124
1.33719795862
1.33836407618
1.33898626845
1.33931101614
1.34038779627
1.34167444723
1.34276322764
1.3435414181
1.34224066559
1.34165425258
1.34058975818
1.33838385433
1.33863815356
1.33951954535
1.33936599256
1.33975661954
1.33903717198
1.33767333965
1.33679279604
1.3376191472
1.33815729951
1.33869114336
1.33359863737
1.32870826172
1.32838110802
1.3275514811
1.33045665756
1.33501889839
1.3405908275
1.34507253244
1.35146483781
1.358212022
1.36374141018
1.37103712735
1.37446858918
1.37933340614
1.38134338802
1.38185497054
1.38024667778
1.37892549574
1.3746681664
1.37011932448
1.36277689236
1.35650596667
1.34826772353
1.33914616466
1.33372405175
1.32610538339
1.32082591329
1.31539945058
1.31238160234
1.31046258998
1.31144284621
1.31395174671
1.3230430497
1.32952554517
1.33398838743
1.3407969968
1.34971363812
1.35456700079
1.36012203031
1.36160840299
1.36508447877
1.36677346425
1.36856052409
1.36741345421
1.36629441941
1.36392840949
1.36087383956
1.35455218833
1.34852816625
1.34368792127
1.33865444005
1.33480101389
1.33012768322
1.32634325145
1.3230433101
1.32162826127
1.32165177492
1.32210823968
1.32375505903
1.32760693641
1.32958955673
1.33398092473
1.33745523008
1.33936360903
1.34280895841
1.34490407798
1.34718521582
1.3489988746
1.35063036061
1.3506845893
1.3512668181
1.34892261019
1.34804675327
1.34556643718
1.34296494563
1.339787177
1.33479455056
1.33242438426
1.32867675519
1.32841035377
1.32262543249
1.32162712628
1.31697508267
1.31593302482
1.31490048639
1.31478974477
1.31366286069
1.31507241374
1.31520025228
1.31739106196
1.31923918266
1.32022273188
1.32401534047
1.32544128589
1.32707084368
1.32740659093
1.32821540387
1.32739600648
1.32669461067
1.32586005801
1.32603263804
1.32542926705
1.32371416762
1.32278087696
1.32075879875
1.31948360021
1.31939289951
1.31938413933
1.31916355642
1.31827584795
1.31885457201
1.31707362697
1.31755309627
1.31599653124
1.3168358793
1.31737150365
1.31869475696
1.31846102076
1.3192306505
1.31976429313
1.32025975677
1.32062233454
1.32160826841
1.32294087156
1.32247858832
1.3232343538
1.32284402667
1.3193144844
1.31940543584
1.31826916374
1.31916496201
1.32067565891
1.32056968925
1.32039000443
1.32004246289
1.32044743759
1.31943356844
1.32080229539
1.32153442784
1.32259340345
1.3232594124
1.3245980909
1.32464823669
1.3238074043
1.32341996337
1.32330586966
1.32109945965
1.3199597509
1.32035095243
1.31980666982
1.32010939125
1.31968529992
1.31821355841
1.31880841773
1.31671919915
1.31664969354
1.31675845481
1.31736371889
1.31652203782
1.31694769728
1.31561535395
1.31709543113
1.3178218579
1.31781857659
1.31918983431
1.31984719925
1.3217820797
1.32312757812
1.32296420485
1.32337451299
1.32264802577
1.32258732131
1.32274375326
1.32314519473
1.32275095903
1.3219459256
1.31573715873
1.31450455976
1.31454687482
1.31343158259
1.31443394238
1.31355732844
1.31227447173
1.31045103413
1.31055630908
1.31144993717
1.3129300707
1.31565950163
1.31718839109
1.3192203233
1.31969795005
1.31940778451
1.3198022064
1.32009196788
1.32145842165
1.3229566752
1.32428309981
1.32316428544
1.32332090729
1.31750040432
1.31535183188
1.31452405723
1.31308584696
1.3116891699
1.31066128353
1.31001348045
1.3091811783
1.30794226234
1.30604063509
1.30504582418
1.30593721507
1.30634136354
1.30822191757
1.30998039844
1.31116499038
1.31282571879
1.31307830702
1.31213014711
1.31315071492
1.31496857786
1.31602334054
1.31717038986
1.31869201221
1.31905687036
1.3181191658
1.31574629968
1.31510678381
1.31360598646
1.31276047013
1.31313498102
1.31307461511
1.31253199219
1.31152686454
1.309062362
1.3072146517
1.30694235692
1.30583546461
1.30497617577
1.30487994262
1.30434579013
1.3048628265
1.30591448776
1.30358582952
1.30498034863
1.30413299533
1.30453293853
1.30588870445
1.30672173611
1.30605188566
1.30576867861
1.30565842582
1.30526876177
1.30806636379
1.30811520742
1.31118276822
1.31197783456
1.31321795266
1.31325463301
1.31411935459
1.31549435962
1.31546862272
1.31541168129
1.31658491654
1.31600521501
1.31570136126
1.31437673481
1.31283486423
1.31201695713
1.30743781098
1.30441348311
1.3031799263
1.30243490772
1.30107792775
1.3003279082
1.29811608799
1.30399152526
1.30588659942
1.31060014086
1.31121908014
1.31392865914
1.31414375139
1.3157006221
1.31569485311
1.31583056186
1.31533218374
1.31396252501
1.31183943547
1.3096850971
1.30777791796
1.30533524438
1.30308858197
1.30140555133
1.29899563718
1.29659460826
1.29555735277
1.29539542425
1.29575911821
1.29563386267
1.29666908579
1.29748669688
1.29943342174
1.30033958019
1.30269690759
1.30197904109
1.3029241652
1.30418989826
1.30421830386
1.30597380596
1.30874772505
1.31194645645
1.31283393727
1.31438322033
1.31542416722
1.31401968175
1.31367206063
1.31352982733
1.31228128306
1.31119068762
1.31041869793
1.31131028046
1.3105733458
1.31028255687
1.31062529467
1.30945034618
1.30784168229
1.30739023079
1.30608033931
1.30500507861
1.30391978232
1.30160672793
1.30156614407
1.30100323854
1.30068778125
1.2999138651
1.30007202756
1.30093693668
1.3016699372
1.30271463628
1.30556466619
1.30597480578
1.3073719657
1.30734088243
1.30959661728
1.30913681852
1.31091822237
1.31069948777
1.31136802508
1.31241015273
1.31118560892
1.31157148988
1.31014412956
1.30922853734
1.3080239498
1.30707732236
1.30745470333
1.30776518772
1.30981695468
1.31175309118
1.3140297834
1.31608961622
1.31723394776
1.31896866836
1.32025752358
1.32170125674
1.32344388442
1.32431642196
1.32541872523
1.32390285735
1.32272055765
1.32188520299
1.32043024323
1.318241599
1.31658237102
1.31495477513
1.31383308989
1.31253567919
1.3118272134
1.31022257726
1.30793053298
1.30663983266
1.30602886846
1.30576167882
1.30690798031
1.30690172085
1.30937460645
1.31152984285
1.3146938473
1.31727982647
1.31986416224
1.32450697865
1.32694820786
1.32831180278
1.32851322679
1.32825783525
1.33094033505
1.33068611366
1.33269885831
1.33425476995
1.33345377882
1.33079161089
1.3274778524
1.32370611714
1.32047897704
1.3167235804
1.31408529544
1.31163150038
1.30969135803
1.30584201719
1.3030740725
1.3012335514
1.29953416991
1.29983695138
1.3014419198
1.30440275345
1.30641793835
1.3088390639
1.31113193169
1.31406249972
1.31900180578
1.32181649672
1.32638172192
1.3272752667
1.33201150316
1.3323955301
1.33307976758
1.33327079214
1.33187045817
1.33092660436
1.32819955121
1.32508063423
1.32093625335
1.31785127771
1.31310765612
1.31040741286
1.30690153994
1.30566161711
1.30228250903
1.30151294898
1.30217781473
1.30409736507
1.30679230394
1.31017618774
1.31510007106
1.32241060335
1.32965391396
1.33446546963
1.34079857309
1.34446256564
1.3484433774
1.3493570004
1.35102699409
1.35197346224
1.35036988697
1.35014049326
1.3476550345
1.3419017059
1.33656877507
1.33022438942
1.32462487447
1.31779950903
1.31636947476
1.30859897564
1.30754337151
1.30146776677
1.29972494306
1.29873533506
1.2997120488
1.30001445728
1.30291726695
1.30699506848
1.31004393465
1.31553081734
1.31927015901
1.32400109927
1.32668332061
1.33041606415
1.33230364399
1.33246994066
1.33449952656
1.33419248699
1.33271091476
1.33237242736
1.32839367444
1.32599277469
1.32321382534
1.31896614308
1.315614288
1.31136426551
1.30798046425
1.30476919089
1.30295130591
1.30142173501
1.30072293509
1.30184551454
1.30128945352
1.30294229088
1.30527624215
1.30833367062
1.31016600589
1.31202654099
1.31389886362
1.31623374715
1.31687355832
1.31769097356
1.31842066516
1.31686507181
1.31508050941
1.31470321259
1.31107098468
1.30937585886
1.30770972532
1.3043625667
1.30189907145
1.29923925392
1.2979317776
1.29535276295
1.29395245116
1.29323118686
1.29238736751
1.29253012768
1.2936748125
1.30029736076
1.30205912183
1.30457053528
1.30645087312
1.30699011813
1.30741738866
1.30850692615
1.30961236761
1.31066966673
1.31070963418
1.31213682213
1.31124957689
1.30970073044
1.30866542507
1.3067410755
1.30638141837
1.30613992831
1.30547298142
1.30535072899
1.30407369137
1.30357651949
1.30301129822
1.3022176389
1.30156381117
1.30138526056
1.30230042549
1.30272214267
1.30343025497
1.30383896557
1.30269970567
1.30328549934
1.30515213883
1.30453340206
1.30456684855
1.3048374021
1.30576959749
1.30483914515
1.305674953
1.30651526662
1.30575232289
1.306527492
1.30611909986
1.30627555701
1.30720320827
1.30794592727
1.30813518693
1.30860468444
1.30870928663
1.30734335337
1.3083760367
1.30768575095
1.30591935811
1.3057830054
1.30475605736
1.30266876171
1.30300048918
1.30262348458
1.30232917021
1.30285609872
1.30279495602
1.30297311414
1.30253767456
1.30262347725
1.30223499101
1.30406481921
1.3051403758
1.30501877364
1.30654162514
1.3060302042
1.30709172298
1.30773286852
1.30802464229
1.30899136681
1.30913793781
1.30870404859
1.31045551573
1.31043529932
1.31159375986
1.31133184357
1.31190510221
1.31025013225
1.30906448484
1.30830481477
1.3086334251
1.30737678495
1.30524900392
1.30366056611
1.30260292029
1.30270735242
1.30154806741
1.30112026061
1.30175956112
1.30094468442
1.30148758921
1.30313293559
1.30405228522
1.30489013034
1.30675521255
1.30737090366
1.30920413083
1.30760625227
1.30704500479
1.30692964797
1.30758172776
1.3079378911
1.30733249871
1.3069684699
1.3057292826
1.30479857294
1.30538511717
1.30474948691
1.30521460745
1.30438547142
1.30342346468
1.30304336276
1.30138011828
1.30264883423
1.30162316659
1.30020746171
1.30037681761
1.29949452253
1.30013947164
1.30131415189
1.30230385388
1.30599274789
1.30690101562
1.30847999599
1.30852580986
1.30780014072
1.30726134867
1.30775478294
1.30699031175
1.30746509214
1.3072454762
1.30697012796
1.30572254739
1.30422203832
1.30360602181
1.30243389044
1.3011896721
1.30074808618
1.29950910009
1.29885430393
1.29803118235
1.29776052514
1.29817832613
1.29816601986
1.29789296329
1.29818878615
1.29891235172
1.30038188973
1.3008605344
1.30163479191
1.30256734907
1.30341585464
1.30251069059
1.30335786732
1.30409660342
1.30417111256
1.30559892597
1.30552035409
1.30489947335
1.30462606082
1.30420947038
1.30233370068
1.30252036983
1.30090055789
1.30119514856
1.3000961847
1.29998295722
1.29989968749
1.29889078507
1.29795714382
1.29787160252
1.29891916648
1.29940656405
1.30018585836
1.30150223131
1.30053068293
1.30150120089
1.30174258372
1.29993758805
1.30063129432
1.30211298157
1.30366552841
1.3053586114
1.30584828638
1.30585651581
1.30537446392
1.30420819046
1.30398020307
1.30503760997
1.30310880887
1.30089246355
1.29912744216
1.29957848991
1.29910850783
1.29747772444
1.29772778034
1.2983582612
1.29899071025
1.29778277829
1.29919529683
1.29750452954
1.29625387665
1.2959742021
1.29431979643
1.29374560969
1.29081777996
1.28567674451
1.28213877628
1.27890842929
1.2766566119
1.27833624098
1.28600753971
1.29231306738
1.30320343327
1.30883455032
1.31447242749
1.31644242399
1.31799855289
1.32016673281
1.32154546153
1.3224042684
1.32074759104
1.31908291597
1.31613794258
1.30888692795
1.30180557185
1.29618244642
1.28955832013
1.28543896987
1.28095794664
1.27710704942
1.27632961788
1.27524251181
1.29357235085
1.29961777229
1.30247379571
1.30694116885
1.30988238188
1.31202195152
1.31529526822
1.31606473567
1.31717543805
1.31724832885
1.31569271189
1.31353826421
1.30978207069
1.30531018077
1.30168658674
1.29768788862
1.29452538893
1.29297986905
1.29195456876
1.29005600781
1.29036853225
1.29100433765
1.29098324095
1.29192044003
1.2926974249
1.29393807425
1.29523228009
1.29629807159
1.29484726596
1.29032651466
1.28695295466
1.28446379989
1.28604474611
1.29440895197
1.30416881666
1.31149355579
1.316940765
1.3175373726
1.31657343226
1.31632024761
1.31632410817
1.31668596195
1.31699334149
1.31392942176
1.3100322724
1.30368856573
1.29970608515
1.29772133412
1.29781158085
1.29765777337
1.29801893458
1.29635997886
1.29390821801
1.29049610486
1.28932759732
1.28985992611
1.29114566383
1.29518535089
1.29690608502
1.29947357118
1.30183094565
1.30367132921
1.30371656309
1.30456925299
1.30412197039
1.30422100814
1.30474656637
1.30646738313
1.30812478891
1.30851644468
1.30820365982
1.30646479911
1.30406657588
1.30076667542
1.29924691043
1.29891575311
1.29941818894
1.29983898004
1.29897690964
1.2993323275
1.29768704614
1.2966530498
1.29731957059
1.29842682965
1.29979619148
1.30040192041
1.3006176258
1.30097032778
1.29997134784
1.29974517988
1.30003500959
1.28819051852
1.28761095777
1.28629468151
1.28781413563
1.28992087072
1.29097049964
1.29289267774
1.29328184971
1.29447566137
1.29561562296
1.29591940796
1.29734354546
1.29925814541
1.30030972617
1.30047731025
1.29969709669
1.29971859099
1.29642547222
1.29449953843
1.29184028615
1.2897833136
1.28899037828
1.28798087389
1.28669933034
1.28587221189
1.28546717066
1.28604294497
1.28642296287
1.28750773755
1.28846374161
1.29010967905
1.29080597852
1.29047263189
1.29195545551
1.29238303124
1.29155212989
1.29360077861
1.28716087332
1.28178888378
1.27436477495
1.27170713633
1.27162202441
1.27696465112
1.28304539437
1.2907725168
1.29444682884
1.29672872695
1.29720611468
1.29917934302
1.29921357987
1.30224048956
1.30393092777
1.30381872008
1.30256397779
1.30175207057
1.29565842706
1.29335042444
1.29256048598
1.29295386707
1.29252115354
1.29131849363
1.28820699942
1.28628819429
1.28457199562
1.28373781449
1.28287428368
1.28250734037
1.28230120457
1.28297652785
1.28282863929
1.28374755394
1.28431897689
1.28605824523
1.28751827446
1.28814459366
1.29005801756
1.29178892746
1.2925687616
1.2918093305
1.2930075397
1.29352387521
1.29448716927
1.29597940557
1.29619476801
1.29688040823
1.2966378382
1.29581392565
1.29574870946
1.29636448118
1.295632634
1.29490579589
1.29402221812
1.29259533748
1.29186282819
1.29272120584
1.2905562438
1.2901728829
1.28931995447
1.28692520055
1.28579300733
1.28612544375
1.28629965849
1.28742855096
1.28727394203
1.28879981686
1.28863670589
1.28894798613
1.28855659795
1.29040884855
1.29177950093
1.29234748555
1.29414621877
1.29319360755
1.29264867302
1.29166062641
1.28963770101
1.28884003589
1.28768670052
1.28698253799
1.284642421
1.28357141891
1.28154373709
1.28016642249
1.27909267366
1.27725010014
1.27609258844
1.27524079126
1.27526591577
1.27471552151
1.27803977905
1.28139011811
1.28507419907
1.28633639835
1.28534524145
1.28375909079
1.28392267469
1.28385455346
1.28350439742
1.28251065499
1.28000919595
1.28032996072
1.2789480711
1.27946688037
1.28134870432
1.28309381864
1.28347932586
1.28479082927
1.28529145999
1.28573925893
1.28646839276
1.28744660009
1.28776447841
1.28771443318
1.28921080524
1.28898541846
1.28981527238
1.28937805658
1.28795051979
1.2867292377
1.28640774252
1.28632270809
1.28697210514
1.287522042
1.28753872393
1.28662676813
1.28558873508
1.28517050836
1.28561204051
1.28591182981
1.28722054023
1.28675225017
1.28531103485
1.28405340584
1.28499331164
1.28507825667
1.28742730333
1.28881324347
1.28928624575
1.28829497855
1.28829922373
1.28764111403
1.28840003205
1.28827582236
1.28856367021
1.28927592639
1.28870726274
1.28763090766
1.28620108857
1.28412811621
1.28321073201
1.28274640423
1.28259081942
1.28307495555
1.28333061289
1.28300995025
1.28117783661
1.27815449436
1.27478125234
1.27279175021
1.27094837205
1.27192268636
1.27506578175
1.27747875034
1.2823619413
1.28393161237
1.28550410082
1.28572919423
1.2891945884
1.28958493985
1.29594911389
1.30029141407
1.30311275787
1.30487565077
1.30501381901
1.30501402837
1.30360143885
1.3030239036
1.30216457754
1.30128502606
1.29817242298
1.2877148368
1.28414443723
1.28102454461
1.27713749159
1.27451300371
1.2727056756
1.2711492562
1.27109966153
1.27179853596
1.2726188067
1.27389847213
1.27624687967
1.29015649429
1.29352039305
1.29912255589
1.30207353054
1.30486996849
1.30715550531
1.30861997837
1.30978829863
1.31043988633
1.30968667218
1.30657616228
1.30553099298
1.30016704544
1.29659433187
1.29135302095
1.28914878338
1.28789990336
1.287214248
1.28665815552
1.2866481901
1.2887887713
1.28913325553
1.28886848591
1.29040612474
1.29081242605
1.29293408931
1.29555378221
1.29905966142
1.30170202852
1.30425437809
1.3043703691
1.30456570772
1.30372345214
1.30099352604
1.29983439388
1.29782311698
1.29656319541
1.29692662554
1.29771545556
1.29774518568
1.29651725035
1.29499339303
1.29302154063
1.2881746559
1.28523361475
1.28460706923
1.28605734203
1.28668636796
1.28736982487
1.2903544746
1.29143476412
1.29355921235
1.29490914057
1.2947160593
1.29489633979
1.29312236343
1.29194169769
1.29175701597
1.29099327475
1.28991592316
1.28952889345
1.2896418048
1.28784525483
1.28782756933
1.28912497836
1.29146812229
1.29568142487
1.29907005824
1.30188888833
1.30487960246
1.30673846049
1.30775717561
1.30852601113
1.30904010855
1.31000275138
1.30987194427
1.30893330238
1.30819093161
1.3060629207
1.3038935994
1.30235826694
1.29959139339
1.29709625249
1.29383605009
1.2919037028
1.29035897458
1.28922910586
1.2886835227
1.28844995113
1.28855097916
1.29022190455
1.29198346202
1.29473719769
1.29642780666
1.29849859827
1.29933123758
1.29887782306
1.29965453642
1.2996997289
1.30088770967
1.30078054675
1.30112293439
1.29999314779
1.29808799051
1.29408995025
1.29147385955
1.28800012076
1.28747388852
1.28447722224
1.28338214822
1.28208911272
1.28058253861
1.27880847873
1.27787647637
1.27635806706
1.27669635092
1.27806177059
1.27828646142
1.27888373465
1.27982023026
1.28134801645
1.2806690008
1.2842660185
1.2853889031
1.28745217312
1.28890810061
1.28967474573
1.29049632995
1.29154386498
1.29104859275
1.291532624
1.29143821124
1.28933837618
1.29037080213
1.28859754084
1.28589298532
1.28502102918
1.2834157385
1.28204758393
1.2808454036
1.28078808101
1.27790397211
1.2792025741
1.27891948392
1.2781696968
1.27877683724
1.27871248766
1.27826074453
1.27839876349
1.27982931885
1.28056173054
1.28146061039
1.28211537352
1.28321004521
1.28313128268
1.28453991894
1.28525525818
1.28850743497
1.28952689018
1.29307151161
1.29376605372
1.2941260967
1.29452884261
1.29398527293
1.29498111988
1.29555260703
1.2943934331
1.29308685006
1.29280419617
1.29156186562
1.29024382473
1.28824983306
1.28708399776
1.28419940007
1.28376378431
1.28342729248
1.28182276662
1.28157503185
1.28023783682
1.28018683338
1.27897091285
1.27959326234
1.27872965388
1.27910449852
1.28010639481
1.28081149084
1.28129467426
1.28187521244
1.28130116073
1.28166787712
1.28137221759
1.28312710134
1.28363383586
1.28378805699
1.28257782986
1.2819934377
1.28289818899
1.28260101698
1.28211033074
1.2826321595
1.28159818866
1.28111120334
1.28003186455
1.2792364599
1.27880569896
1.27916682472
1.27992672444
1.2802607145
1.27990387666
1.28067024329
1.27978821614
1.27900935168
1.28050777132
1.2810761822
1.28163712385
1.28282767705
1.28248404874
1.2822072258
1.28230221793
1.28232985882
1.28217285297
1.28224595519
1.28311390889
1.28392136633
1.28425078606
1.28465152176
1.28325339048
1.28219239602
1.28204450236
1.28101450403
1.27990347333
1.2809100453
1.28120111222
1.28083368101
1.28012273344
1.27787692664
1.27766683499
1.27585312835
1.27504075486
1.27461110285
1.27607200212
1.27506705385
1.27439831231
1.27503149751
1.27513393899
1.27604063323
1.27706221583
1.27838050377
1.28039250909
1.28134807765
1.28249622619
1.28245800823
1.28358152937
1.28613780278
1.28650226815
1.28812397231
1.28605678859
1.28644787617
1.28621394706
1.2854728924
1.28447547824
1.28440833059
1.28432549281
1.28289101084
1.28329526248
1.28225656876
1.28148876886
1.28009236171
1.28043011616
1.27946340294
1.2788448855
1.27945334546
1.27894685193
1.27822416243
1.27579865456
1.27562666369
1.27407305472
1.27422787321
1.27430097206
1.27563299847
1.27611084823
1.27635147045
1.27632249544
1.27758278682
1.27738559206
1.27964583266
1.28054684887
1.2811741602
1.28257422352
1.2832251499
1.28206213385
1.28283676275
1.28305032982
1.28379047286
1.28404199579
1.2836493153
1.28303948072
1.28276752337
1.27979761161
1.27909433749
1.27851289149
1.2780262204
