10.2598218795
10.434663234
10.4916120115
10.2909443185
10.1541276252
9.96933042024
10.0074726841
10.1634430312
10.3530976405
10.1699266515
10.2653545896
10.3227948563
10.3719289991
10.3909774666
10.1323154311
10.1481484156
10.1309224256
10.2214560138
10.2472190589
10.2935441747
10.3462872522
10.1688356385
10.0753438679
10.0753438679
10.2333890504
10.2937343823
10.2458655624
10.1636998869
10.06361254
10.1990199422
10.0958570516
10.4007709941
10.1139413478
10.2238182012
10.2733621975
10.308623073
10.1745300797
9.96605662967
10.1326374861
10.195435831
10.2831408058
10.1842914374
10.2456903909
10.3587695438
10.1323154311
10.302480136
10.2782050414
10.3038103608
10.0569305921
10.1220042626
10.3840662214
10.3343582731
10.1323154311
10.2399160189
10.0379634153
10.1510420213
10.2017071992
10.1138768186
10.2086779709
10.3719289991
10.3694117353
10.0387435944
10.2271371099
10.5048690979
10.2017071992
10.2286047452
10.1949877285
10.0700956262
10.4300338287
10.2009394837
10.2345369509
10.3368840732
10.0943701159
10.307665459
10.1582403058
10.2830773383
10.6219331921
10.0820783455
10.260330759
10.2714561905
10.2238182012
9.97692147723
10.3849460899
10.0297516028
10.1424230755
10.3088130023
10.260330759
10.0205887182
10.2786971371
10.2501642866
10.333853039
10.4391655496
10.2502120401
10.3899096654
10.4007709941
10.1178123488
10.3462872522
9.99744076527
10.0695771329
10.2456903909
10.3124368178
10.044787928
10.4537222523
10.3216567712
10.4272802351
9.84634859883
10.2935441747
10.393866261
10.0646501144
10.617815717
10.2320975085
10.12612999
10.1583045532
10.3587695438
10.1975480489
10.4386028664
10.308623073
10.1766626696
10.0518675207
10.3047604162
10.1088664796
10.2300083733
10.2849177357
10.3081165775
10.195435831
10.3838148168
10.2034343478
10.1579190626
10.1898891758
10.1647272448
10.0818841447
10.3927359588
10.227711427
10.0825961959
10.1520063733
10.2204343583
10.4559695491
10.1647914512
10.0386785818
10.2894855749
10.2556226601
10.1688356385
10.0473865231
10.3262083588
10.1158770335
10.3666420391
10.3298102766
9.98117256286
10.3889045758
10.1027716578
10.2846004493
10.0439432399
10.0761211528
10.2766651057
10.0029881103
10.1721724865
10.2086779709
10.1745300797
10.1699266515
10.1669742283
10.2238182012
10.0675028927
10.2019630915
10.3840662214
10.3208347429
10.1500132782
10.2214560138
10.1147156665
10.2176642001
10.4028415204
10.3081165775
10.1255499111
10.0190254717
10.0568008016
10.3898468502
10.2278629776
10.3343582731
10.2150050999
10.1013503497
10.0505039503
10.3167236186
10.1915943132
10.2472190589
10.1336760435
9.97293034862
10.2993280845
10.1805098217
10.2708207762
10.2713291108
10.2864405741
10.1714667061
10.0061845941
10.3604705093
10.0439432399
9.91932061015
10.3633599355
10.2430783886
10.2564499151
10.1804457144
10.1324442543
10.2212644611
10.2733621975
10.1805098217
10.227711427
10.2993280845
10.3699781729
10.1326374861
10.2244565365
10.1720441664
10.2502120401
10.2649095394
10.1008980733
10.195499844
10.3081165775
10.1712100465
10.2612848401
10.4861986796
10.2386810755
10.3281674524
10.1395913761
10.3107121038
10.3149521678
10.2716468071
10.0744369599
10.162110488
10.2733621975
10.3542322697
10.1081966327
10.240274523
10.0067063721
10.2764745822
10.1650482728
10.3542322697
10.3282306428
10.3206924621
10.5034245307
10.3299366369
10.195499844
10.3542322697
10.2204343583
10.1006396206
10.1597821318
10.1013503497
10.1006396206
10.4361642217
10.2607601065
10.1081320668
10.0410187706
10.0501792634
10.3216567712
10.3757666505
10.3167236186
10.1577263118
10.2086779709
10.2086779709
10.2552487826
9.90819499672
10.2766015983
10.4537846837
10.3200758894
10.3093194636
10.4025905695
10.0143342683
10.1413291035
10.2212644611
10.3513087711
10.5057233183
10.2294341851
10.2338354715
10.2207536366
10.3993276563
10.1265811394
10.2081745081
10.1699266515
10.183137873
10.195499844
10.0794239445
9.94639125776
10.3479902695
10.347359555
10.1076155246
10.3017199304
10.1561118802
10.1385614711
10.3789112082
10.266498916
10.1823046619
10.4560319671
10.1714667061
10.2671981638
10.1897370605
10.236473741
10.041473744
10.0250816939
10.1764061411
10.2733621975
10.5217387412
10.2502757111
10.3146990786
10.0130307662
10.1699266515
10.2987577611
10.2713291108
10.4341003079
10.3368840732
9.98274173687
10.2037541581
10.0127700454
9.9636988344
10.1161996117
10.2499493932
10.3342951202
10.2364498322
10.3298102766
10.2392547452
10.233261498
10.0943701159
10.4324113475
10.1006396206
10.2649095394
10.3285465889
10.1754681536
10.215643986
10.2456903909
10.1081966327
10.0957277616
10.2556226601
10.0130307662
10.1098752016
10.2830773383
10.4038452636
10.2772763449
10.1651766812
10.1081966327
10.2335803761
10.2325599311
10.3518367955
10.1721724865
10.3366946596
10.2091254725
10.1873029064
10.1045803064
10.373250318
10.2671981638
10.2967138427
10.2485564564
10.1465405003
10.0943701159
10.2894855749
10.1219397848
10.1867263111
10.1336760435
10.3426910726
10.0588123662
10.1323154311
10.2846004493
10.2399558534
10.2137911064
10.377024588
10.3843804687
10.3246755829
10.3343582731
10.3017199304
10.2364498322
10.2896758575
10.3524041948
10.0588123662
10.1634430312
10.1975480489
10.2212644611
10.3229687193
10.0761211528
10.3150154392
10.2645916345
10.2456266915
10.195947924
10.4190150876
10.2150689903
10.2431421039
10.2830773383
10.201131418
10.0859615755
10.4421660149
10.3208347429
9.90733866281
10.5944941994
10.4179501601
10.2804113511
10.2653545896
10.1699266515
10.2344094127
10.2270732949
10.215643986
10.1435169294
10.1745461159
10.2456266915
10.2710114046
10.1019318181
10.2019630915
10.4007709941
10.1424230755
10.0835590033
10.2075910996
10.1214884285
10.3216567712
10.1634430312
10.2582314684
10.0069020318
10.0886789472
10.2830773383
9.98823190456
10.0710272267
10.3102057109
10.4452905831
10.1076800938
10.2779986716
10.1878794692
10.2855522791
10.1445463313
10.2896758575
9.99744076527
10.2861312658
10.2116183366
10.1634430312
9.98960397502
10.0465420534
10.1833301428
10.1445463313
10.2456266915
10.2037541581
10.2518036954
10.2779986716
10.1509777279
10.1668458426
10.2577224847
10.1577263118
10.1885200562
10.195499844
10.2577224847
10.3231741901
10.2502120401
10.3231741901
10.2006195852
10.2641465512
10.0292472923
10.1198762772
9.97417365829
10.2456266915
10.2641465512
10.3208347429
10.2896758575
10.2705030543
10.2320975085
10.3150154392
10.0130307662
10.0250816939
10.1008980733
10.177688719
9.95721201862
10.4156946603
10.2733621975
9.98632049226
10.3269667617
10.2397009105
10.1393982769
10.2786971371
10.0132263023
10.1181993675
10.2330701663
10.1400419266
10.1460259135
10.2796336413
10.3141928815
10.3653828417
10.1138768186
10.0129655866
10.2587404268
10.2016432251
10.0518675207
10.2649095394
10.0182437571
10.2671981638
10.2034343478
10.4038452636
10.2472190589
10.3863914263
10.1520063733
10.1013503497
10.3709221669
10.3492515831
10.1960119338
10.3809860945
10.3744456521
10.4098656903
10.4190150876
10.1214884285
10.195499844
10.3373260248
10.0439432399
10.1476499891
10.1706325388
10.0124441348
10.3282306428
10.2849177357
10.3200758894
10.0671787541
10.1651766812
10.2671981638
10.1842914374
10.162110488
10.1634430312
10.0907488345
10.1699266515
10.1567625029
10.2417402758
10.0440082184
10.3356843952
10.1131024356
10.1813431797
10.347359555
10.1983160197
10.1668458426
10.1931951216
10.1572122918
10.1885200562
10.0473865231
10.4088625277
10.2330701663
10.091929127
10.1975480489
10.2907540593
10.1071635286
9.95950582014
10.1138768186
10.1805739286
10.0292472923
10.2456903909
10.2041379171
10.1045803064
10.5319683948
10.3016565774
10.3216567712
10.0856380301
10.3167236186
10.2443526193
10.2676431149
10.177688719
10.1764061411
10.2594004446
10.2515490471
10.0726876923
10.4665129095
10.2710114046
10.2016432251
10.1915943132
10.2797764904
10.3266665672
10.1650482728
10.2212644611
10.1419082798
10.3396617407
10.1071635286
10.2238820365
10.3604705093
10.1070989561
10.2413579257
10.1792917142
10.1750592602
10.0410837681
10.2547953385
10.057255061
10.2602671505
10.377967941
10.3325898457
10.3396617407
10.1905056199
10.1621827388
10.4615232941
10.2897392843
10.1842914374
10.3678381351
10.4300338287
10.1111016719
10.2390635255
10.177688719
9.99985587016
10.0674542726
10.2669438974
10.1544489884
10.1372739428
10.3107121038
10.1019318181
10.2589312797
10.3269667617
10.215643986
10.1406855355
10.1488799327
10.1131024356
9.97567851003
10.1372739428
10.0583581771
10.308623073
10.2766015983
10.365886539
10.1369520351
10.0889377064
10.1745300797
10.2464547534
10.0237144797
9.95511436615
10.0568008016
10.5089531969
10.177688719
9.9636988344
10.0844731807
10.3694117353
10.3022504965
10.2779986716
10.2410392898
10.1383039785
10.1603602563
10.3529085236
10.347359555
10.0675028927
10.310648806
10.0453077008
10.1236724838
10.2075910996
10.1577263118
10.4007709941
10.2150050999
10.2212644611
10.0560220234
10.2896758575
10.2400195881
10.3368840732
10.1604485779
10.3223522826
10.3262083588
10.308623073
10.3551146732
9.98751312576
10.3038103608
10.2212644611
10.1471434984
10.2923394449
10.247155369
10.2329585545
10.2271371099
10.2034343478
10.2733621975
10.4179501601
10.4929804576
10.2456903909
10.3589585538
10.2060165294
10.1603602563
10.2766015983
10.310648806
10.2300083733
10.2034343478
10.3861400779
10.1393982769
10.2280942872
10.1720441664
10.2734177841
10.2397009105
10.1131024356
10.4235867746
10.2335803761
9.9951556695
10.0061845941
10.4082982062
10.1076155246
10.1849162303
10.4391655496
10.4280312873
10.4269672807
10.3843804687
10.1970360363
10.1577905625
10.3192537351
10.2502120401
10.0082063321
10.1087212154
10.1170382671
10.18416327
10.2582314684
10.2212644611
10.095921696
10.1235516074
10.3282306428
9.99169438676
10.146411856
10.2127047793
10.1699266515
10.236577345
10.2830773383
10.1828174153
10.090619479
10.1455756287
10.2612848401
10.0465420534
10.2730445543
10.1858533476
10.0972791331
10.5049778207
10.4427285062
9.90733866281
10.1460259135
10.195947924
10.4560319671
10.2442172398
10.2202427865
10.1662038899
10.1019318181
10.2502757111
10.0410187706
10.12612999
10.2830773383
10.3208347429
10.1836505844
10.2984725875
9.97482796955
10.2325599311
10.0761211528
10.2730445543
10.0990241411
10.4280938725
10.0464770913
10.1211015356
10.218837817
10.2842752206
10.2108513663
10.2325599311
10.3602815269
10.2710114046
10.2955728747
10.3141928815
10.1435169294
10.5283116603
10.1520063733
10.337183971
10.1867903788
10.1579833121
10.1885200562
10.5606205084
10.2769191316
10.2150689903
10.1812790776
10.0847967635
10.1701833435
10.2628747781
10.1341832073
10.3899096654
10.1323154311
10.1868544462
10.1455756287
10.195499844
10.4655775378
10.302464299
10.0753438679
10.3694117353
10.2093172528
10.1597821318
10.2330701663
10.2710114046
10.2075910996
10.5034245307
9.88742449351
10.1195376928
10.3587695438
10.0700956262
10.3167236186
10.1138768186
10.0588123662
10.1867903788
10.4560319671
9.99985587016
10.2212644611
10.2909443185
10.1837627366
10.0129655866
10.195947924
10.3727469783
10.2922126231
10.2351108528
9.87375151533
10.1071635286
10.1543204443
10.1254210002
10.2857029774
10.2034343478
10.104774071
10.1263233422
10.434663234
10.3634937586
10.2708207762
10.3298102766
10.2263713035
9.97155598389
10.2036422256
10.0502442017
10.1455756287
10.302480136
10.2705030543
10.2086779709
10.3348003327
9.95688428955
10.3656346934
10.4278435293
10.3493934712
10.3688452667
10.3223522826
10.3231741901
10.3660754192
10.2971575184
10.3282306428
10.1858933935
10.4066050582
10.2965870747
10.2287243801
10.2119378906
10.1383039785
10.2846004493
10.2017071992
10.347359555
9.97692147723
10.2392547452
10.4655775378
10.1978680438
10.0532227913
10.1219397848
10.3719289991
10.2894855749
10.0378983976
10.2013873247
10.0700956262
10.2515490471
10.2472190589
10.0339965668
10.2526312585
10.094329707
10.3127374265
10.1283855363
10.3710480262
10.2589312797
10.1714667061
10.5039837416
10.227711427
10.1636998869
10.1265811394
10.1727258483
10.1572122918
10.2140466959
10.2364498322
9.98117256286
10.1326374861
9.98823190456
10.3823691217
10.4030297296
10.1406855355
10.1294728524
10.2531404948
10.5078973843
10.1541276252
10.0386785818
10.120972568
10.0387435944
10.1219397848
10.2137911064
10.1271611592
10.1087938478
10.2091254725
10.135793083
10.2437792351
10.4861986796
10.1766626696
10.0148556216
10.4952193482
10.1654976951
10.2672617294
10.1603763148
10.0753438679
10.0779345842
10.0453077008
10.0824020051
9.98117256286
10.3005161569
10.215643986
10.1541276252
9.91319977615
10.2075910996
10.0857431835
10.3298102766
10.0130307662
10.2647187976
10.177688719
10.354169238
10.4149427184
10.1219397848
10.2922126231
10.2955728747
10.2881297093
10.426591723
10.3107121038
10.3223522826
10.2244565365
10.1341832073
10.2996924413
10.3267771662
10.0583581771
10.3407347306
10.3378231977
10.0880967149
10.1699266515
10.1823046619
10.0583581771
10.320012649
10.4163838926
10.4061660489
10.2733621975
10.2519548898
10.1271611592
10.4038452636
10.0761211528
10.1636998869
10.3587695438
10.1263233422
10.2197319108
10.2300083733
10.4671364442
10.3356843952
10.0886789472
10.2189575663
10.2537770048
10.3462872522
10.38431762
10.1699266515
10.3592735627
10.3039370399
10.3666420391
10.095921696
10.4866343384
10.2433571401
10.0638719437
10.0761211528
10.0990241411
10.2178797725
10.1474409642
10.2456266915
10.2456266915
10.2338354715
10.3644934413
10.3736907203
10.3200758894
10.3282306428
10.2526312585
10.1915943132
10.3282306428
10.2204343583
10.0130307662
10.0076846324
10.3004686366
10.1419082798
10.183137873
10.0824020051
10.1892887074
10.1263233422
10.1706325388
10.4824014579
10.1081966327
10.2577224847
10.1636998869
10.1562564666
10.1823046619
10.1338612015
10.3208347429
10.2612848401
10.2536497059
10.4658269785
10.5556753773
10.2409755614
10.0761211528
10.3133623481
10.3604705093
10.0029881103
10.3699781729
10.1583045532
10.3799172655
10.0889377064
10.2202427865
10.3167868791
10.4280938725
10.2143581871
10.1688356385
10.1885200562
10.2502757111
9.97594020021
10.1973560472
10.2965870747
10.1669742283
10.1752516827
10.0588123662
10.1894568421
10.3413658491
10.2714561905
10.2399558534
10.0824020051
10.2091254725
10.0607586586
10.3368840732
10.4560319671
10.2718374202
10.2257809552
10.1008980733
10.1543204443
10.227711427
10.177688719
10.2300083733
10.0253420945
10.224009706
10.2392547452
10.3604705093
10.2887719837
10.0829198389
10.3460980107
10.3149521678
10.0779993436
10.4361642217
10.1899932534
10.2075910996
10.1040635827
10.2441614948
10.0726876923
10.2796336413
10.2769191316
10.1027070573
10.2515490471
10.2464547534
10.3275355273
10.3399773375
10.2280942872
10.2389997848
10.2742039048
10.1341832073
10.1176188339
10.12612999
10.0761211528
10.1455756287
10.0711973358
10.2238182012
10.2086779709
10.0453077008
10.2075990917
10.1372739428
10.1520063733
10.1455756287
10.5533874705
9.9636988344
10.4167598183
10.1366462134
10.3368840732
10.4436659243
10.2769191316
10.1161996117
10.1450609931
10.2587404268
10.2338912727
10.2955728747
10.1892887074
10.1522635183
10.4685080898
10.2766015983
10.057255061
10.195499844
10.3030502534
10.1776245939
10.1426563336
10.3325898457
9.99985587016
10.1650482728
10.2536497059
9.95688428955
10.1978680438
10.1366462134
10.3231741901
10.3356843952
10.0148556216
10.3780308281
10.2641465512
10.2971575184
10.18416327
10.1455113007
10.1383039785
10.4066050582
10.2137911064
10.227711427
10.2653545896
10.2984725875
10.2389997848
10.2456266915
10.0784526475
10.3951847915
10.3719289991
10.2279028589
10.2960799872
10.222621215
10.3282306428
10.1823046619
10.354169238
10.5231652894
10.3282306428
10.1776245939
10.0453077008
10.3167236186
10.1790993681
10.2257809552
10.2034343478
10.4061660489
10.3147623515
10.1019318181
10.4298461068
10.4386028664
10.1572122918
10.4427285062
10.3147623515
10.2081745081
10.3356843952
10.2392547452
10.2121935265
10.2572771033
10.0501792634
10.1649198628
10.2955728747
10.0029881103
10.0132263023
10.236473741
10.2212644611
10.2978546844
10.3039370399
10.2769191316
10.1577263118
10.0818841447
10.3927359588
10.0350372033
10.1752516827
10.2404896194
10.2451170816
10.3231741901
10.1279344672
10.3587695438
10.129867479
10.354169238
10.0825961959
10.1776245939
10.3093194636
10.247155369
10.2612848401
10.2462636682
10.2996924413
10.1138768186
10.0324354095
10.0700956262
10.1424230755
10.2279028589
10.0972791331
10.3060903467
10.4255901698
10.2971575184
10.2779986716
10.3368840732
10.3927359588
10.3366946596
10.3587695438
10.0040972102
10.2399558534
10.0763154646
10.308623073
10.4127492446
10.0784526475
10.1949877285
10.1650001193
10.0190254717
10.195499844
10.1019318181
10.3426910726
10.0071629054
10.3863285898
10.1435169294
10.3838776685
10.3970288841
10.3426910726
10.0588123662
10.2966504589
10.3744456521
10.3680269797
10.3772761571
10.5177681975
10.3178622478
10.4298461068
10.3503866339
10.4481643606
10.2062483341
10.1341832073
10.2212644611
10.1633788162
10.260330759
10.377967941
10.0357525784
10.2935441747
10.3058845354
10.2523766308
9.99058390999
10.0701604359
10.4091760264
10.4217082418
10.146411856
10.2456903909
10.1892887074
10.1279344672
10.0543182358
10.1699266515
10.0410187706
10.434663234
10.0643258839
10.0521272274
10.2582314684
10.3060903467
10.1100285185
10.1634430312
10.2344094127
10.2937343823
10.3468549557
10.0410187706
9.94324118894
10.1949877285
10.1520063733
10.0505039503
10.1488799327
10.3462872522
10.2647187976
10.3030502534
10.0632882761
10.3524041948
10.2710114046
10.0784526475
10.1006396206
10.1960119338
10.1706325388
10.2523766308
10.12612999
10.1979960389
10.1385614711
10.1572122918
10.2472190589
10.1603763148
10.4614609089
10.1699266515
10.2996924413
10.2150689903
10.1915943132
10.1720441664
10.177688719
10.2563942366
10.3592735627
10.354169238
10.0690586129
10.3282306428
10.1766626696
10.0763154646
10.1970360363
10.2271371099
10.3167868791
10.11786879
10.0583581771
10.4401658006
10.4300338287
10.1668458426
10.040693777
10.12272961
10.0237144797
10.0768336112
10.1406855355
10.2710114046
10.247155369
10.3088130023
10.2344094127
10.0127700454
10.3901609227
10.2533871471
10.1465405003
10.3243121078
10.1406855355
10.1393982769
10.2091254725
10.1833942319
10.2577224847
10.3178622478
10.3409240702
10.2504508042
10.3038103608
10.2766651057
10.2502757111
10.3047604162
10.0379634153
10.3407347306
10.4600259454
9.82391949182
10.2456903909
10.2394857975
10.3653828417
10.1265811394
10.1975480489
10.2653545896
10.2417402758
10.2849177357
9.91289528119
10.2178797725
10.0880967149
10.1445463313
10.2846004493
10.3216567712
10.434663234
10.0671787541
10.4156946603
9.98117256286
10.3537201261
10.2325599311
10.0319149698
10.2766015983
10.2150689903
10.0744369599
10.1070989561
10.2121935265
10.2271371099
10.2178797725
10.302464299
10.2922126231
10.1572122918
10.3798543898
10.4280938725
10.2417402758
10.227711427
9.96926495497
10.2653545896
10.3694117353
10.4557588855
10.1583045532
10.3123577088
10.2214560138
10.1597821318
10.2830773383
10.3407347306
9.97711772105
10.1510420213
10.3644226008
10.18416327
10.1975480489
10.1263233422
10.3653828417
10.1520063733
10.1285144095
10.3229213024
10.1541276252
10.2431421039
10.1087938478
10.1413291035
10.227711427
10.1518135102
10.247155369
10.1764061411
10.5491813748
10.2535860559
10.2016432251
10.1027716578
10.2553919714
10.0438132815
10.2150689903
9.99411088028
10.2300083733
10.2536497059
10.0763154646
10.0943701159
10.3407347306
10.1265811394
10.2587404268
9.98117256286
10.1406855355
10.2846004493
10.2150689903
10.12612999
10.330505239
10.0379634153
10.195499844
10.1372739428
10.1858933935
10.2091254725
10.3285465889
10.0820783455
10.3282306428
10.2779986716
10.2649810666
10.3262083588
10.0410187706
10.1400419266
10.1699266515
10.2933539636
10.5039837416
10.2713291108
10.1833301428
9.93352218833
10.2830773383
10.1843394998
10.2907540593
10.3660754192
10.1341832073
10.0523220031
10.2456903909
10.2779986716
10.4278435293
10.3150154392
10.0006390222
10.2576111412
10.2234351808
10.2178797725
10.3269667617
10.3780308281
10.4051625296
10.3802945118
10.3231741901
10.3037470207
10.1393982769
10.2689857967
10.2389997848
10.1931951216
10.3216567712
10.1445463313
10.1915943132
10.2935441747
10.3719289991
10.1572122918
10.120972568
10.2687712972
10.2410392898
10.3399773375
9.99378436125
10.2410392898
10.0708085108
10.2269456636
10.373250318
10.2804113511
10.3294311865
10.209756736
10.0465420534
10.3533497911
10.2389997848
10.3843804687
10.2091254725
10.1341832073
10.2456903909
10.0237144797
10.4786651433
10.2139987734
10.4113075673
10.3229213024
10.2185264624
10.2797764904
10.1170382671
10.158176058
10.0505039503
10.0675028927
10.3162807844
10.1430665333
10.2237703244
10.3231741901
10.1008980733
10.4322236683
10.1111016719
10.2766651057
10.3038103608
10.2119378906
10.2955728747
10.1481484156
10.2586131895
10.3030502534
10.1857011721
10.1006396206
10.3467918791
10.0523220031
10.1403637361
10.2641465512
10.0396537267
10.2523766308
10.3922963637
10.4361642217
10.2037541581
10.3365052426
10.1271611592
10.5356858062
10.057255061
10.5416309378
10.2456903909
10.3962520509
9.99756316638
10.2577224847
10.1764061411
10.4190150876
10.250084697
10.177688719
10.2178797725
10.2150689903
10.4922340546
10.1323154311
10.1088664796
10.3534128278
10.4386028664
10.2263713035
10.3467918791
10.4623342685
10.2528222251
10.183137873
10.247155369
10.4792256754
10.0283606204
10.3719289991
10.2511033975
10.3038103608
10.3539801407
10.2589312797
10.2338992443
10.2965870747
10.4023396125
10.5215526554
10.4475396936
10.3396617407
10.1541276252
10.3483056123
10.4205809596
10.12612999
10.1455756287
10.1001873124
10.3787225616
10.1763420079
10.1706325388
10.2502120401
10.1583045532
10.2528222251
9.98751312576
10.4852028201
9.99776716489
10.4237746092
10.2037541581
10.1415865193
10.2447189313
10.2672617294
10.308623073
10.1892887074
10.3178622478
10.3927359588
9.98280711377
10.354169238
10.1406855355
10.3200758894
10.2857029774
10.095921696
10.2330701663
10.1577263118
10.0517376648
10.2472190589
10.1931951216
10.1823046619
10.1393982769
10.38431762
10.1889524296
10.4038452636
10.1577263118
10.1668458426
10.0943701159
10.1999157732
10.1650482728
10.377024588
10.4091760264
10.1764061411
10.1514840273
10.2612848401
10.365886539
10.2091254725
10.446477674
9.83646751475
10.1908898779
10.0129655866
10.1908898779
10.299122138
10.236473741
10.2777446724
9.97142508214
10.333789883
9.96926495497
10.0638719437
10.3660754192
10.1348271883
10.4414159795
10.2037541581
10.0267090867
10.2338992443
10.0695771329
10.1473605689
10.213279908
10.2150689903
10.1653612654
10.320012649
10.3017199304
10.3731244854
10.2977913076
10.1455756287
10.0713269407
10.0439432399
9.9469817846
10.1323154311
10.1471434984
10.3719289991
10.1336679931
10.3460980107
10.2797764904
10.3356843952
10.2215837135
10.2169216382
10.1633788162
10.0243004514
10.238553589
10.2410392898
10.1455756287
10.3802945118
10.1372739428
10.2456266915
10.1435169294
10.2786971371
10.1892887074
10.2208973086
10.0243004514
10.3127374265
10.130318462
10.177688719
10.1668458426
10.0539449867
10.4042843708
10.1805098217
10.0671787541
10.3655559904
10.1710175476
10.0568008016
10.3060903467
10.2125769685
10.302480136
10.2037541581
10.1312847865
10.0464770913
10.2165862699
10.3081165775
10.1583045532
10.3030502534
10.2733621975
9.96297828566
10.2067598847
9.82391949182
9.91050014331
10.4688821437
10.1319370035
10.2676431149
10.12612999
10.2819983315
10.2137911064
10.4042843708
10.5057233183
10.1867263111
10.0671787541
10.2456505788
10.071845344
10.2965870747
10.2653545896
10.4474772248
10.0539449867
10.201131418
10.2012593722
10.2607760079
10.177688719
10.2185264624
10.0386785818
10.1892887074
10.347485701
10.2340267888
9.94356936767
10.1401706516
10.1975480489
10.2909443185
10.1555335139
10.1003811612
10.3037470207
10.2769191316
10.1699266515
10.0880967149
10.3162807844
10.3348003327
10.2344094127
10.310648806
10.3022504965
10.4796616241
10.2710114046
10.1395913761
10.3633048314
10.1803816067
10.1960119338
10.1597821318
10.1435169294
10.2786971371
10.1704881568
10.1450609931
10.2594402033
10.3524041948
10.308623073
10.2669438974
10.247155369
10.2572771033
10.0778698244
10.1341832073
10.2733621975
9.9520326375
10.2730445543
10.1975480489
10.1973560472
10.2653545896
10.1271611592
10.1369520351
10.3666420391
10.1981720296
10.2197319108
10.2528222251
9.99463328854
10.2410392898
10.1323154311
10.373250318
10.2178797725
10.2536019685
10.0894552047
10.1100285185
10.1455756287
10.236577345
10.146411856
10.3167868791
9.89784816244
10.2961433745
9.8705782645
10.3056708038
9.95104890618
10.0972791331
10.2410392898
10.1543204443
10.3107121038
10.0521921531
10.130318462
10.1098752016
10.3518367955
10.3592499374
10.2472190589
10.2624932154
10.354169238
10.1455756287
10.3325898457
10.1111016719
10.2556226601
10.1662038899
10.1823046619
10.2139987734
10.2547953385
10.3208347429
10.2909443185
10.1016087842
10.1721724865
10.0734003935
10.3604705093
10.541197552
10.3404191569
10.368105664
10.0319149698
10.3462872522
10.1828174153
10.2846004493
10.6170166189
10.2846004493
10.2423774942
10.3102057109
10.0700956262
10.3317844793
10.2965870747
10.1892887074
10.2141105923
10.4786651433
10.260330759
10.2158995292
10.2417402758
10.088355489
10.2876459947
10.1908898779
10.3789347888
10.1091650718
10.3583915136
10.3744456521
10.2515490471
10.227711427
10.1393982769
10.0473865231
10.3497481831
10.3628639878
10.3772761571
10.2410392898
10.1161996117
10.1112953115
10.3030502534
10.4361642217
10.2102121804
10.1161996117
10.4074046347
10.1178123488
10.0934002572
10.1577905625
10.2816174786
10.3107121038
10.1583045532
10.4007709941
10.3971308881
10.2730445543
10.109955895
10.1481484156
10.2779351724
10.195947924
10.0737891184
10.0568008016
10.2351108528
10.1383039785
10.2885975427
10.1836505844
10.0857431835
10.4934158349
10.1373383231
10.095921696
10.1455756287
10.310648806
10.3248178088
10.0097712682
10.1219397848
10.0824020051
10.2338912727
10.06361254
10.3100158072
10.2849177357
10.18416327
10.0880967149
10.5473870885
10.2676431149
10.2015792506
10.4669493877
10.1186669952
10.4560319671
10.310648806
10.3838148168
10.1975480489
10.2091254725
10.2937343823
10.2710114046
10.1393982769
10.4814675041
10.4427285062
10.0386785818
10.3200758894
10.308623073
10.2766651057
10.095921696
10.2271371099
10.2926564928
10.2855522791
10.1481484156
10.4763604184
10.2458655624
10.3030502534
10.3282306428
10.3909774666
10.0331509701
10.2150689903
10.3656346934
10.421770865
10.1858933935
10.238553589
10.1908898779
10.2102121804
10.2102121804
10.1107789309
10.2178797725
10.1214884285
10.250084697
10.3253866928
10.1804457144
10.209756736
10.347359555
10.343006577
10.3666420391
10.3853231536
10.0583581771
10.019546581
10.1375877929
10.4655775378
10.1147156665
10.1019318181
10.3216567712
10.1131024356
10.2935441747
10.0502442017
10.0243004514
10.2955728747
10.1652890372
10.2786971371
10.0568008016
10.195499844
10.1455756287
10.1975480489
10.0675028927
10.4163838926
10.1279344672
10.2472190589
10.2790780983
10.1518135102
10.2577224847
10.1472882126
10.1979960389
10.2137911064
10.2733621975
10.3208347429
10.1510420213
10.1699266515
10.1138768186
10.3322740232
10.4969603774
10.2899295622
10.1902494399
10.2456266915
10.2965870747
10.0458274467
10.1341832073
10.2896758575
10.2599491018
10.1833301428
10.1867263111
10.2526312585
10.2624773167
10.2386173324
10.205928602
10.354169238
10.3521520212
10.4595267815
10.1203921936
10.4786651433
10.347359555
10.1312847865
10.0101135654
10.195435831
10.2264351229
10.0726876923
10.428281626
10.3047604162
10.0209143638
10.2896758575
10.2330701663
10.0831140197
10.2707731185
10.54769647
10.6427419668
10.3208347429
10.2391910057
10.2456266915
10.1720441664
10.3530976405
10.4733697493
10.1473605689
10.0410187706
10.1107143815
10.213279908
10.2849177357
10.4237746092
10.4362892942
10.3977585835
10.2653545896
10.3758924511
10.2198197194
10.0263836293
10.213279908
10.2108513663
10.3462872522
10.0761211528
9.98280711377
10.3977585835
10.2391910057
10.1735839005
10.0204503156
10.2907540593
10.0907488345
10.2037541581
9.9951556695
10.3602815269
10.1541276252
10.1688356385
10.3167236186
10.095921696
10.1636998869
9.92518286733
10.0386785818
10.2730445543
10.1323154311
10.2392547452
10.0444630564
10.1805098217
10.2846004493
10.260330759
10.349377706
10.2031385144
10.2330701663
10.2160272984
10.1949877285
10.215643986
10.2572771033
10.105032418
10.1338612015
10.195435831
10.2228606234
10.3339161947
10.2935441747
10.2091254725
10.1577263118
10.1510420213
10.0072281228
10.3772761571
10.2502120401
10.0386785818
10.0824020051
10.2832756728
10.2935441747
10.2515490471
10.0824020051
10.2641465512
10.240274523
10.247155369
10.0820783455
10.2909443185
10.4623342685
10.2410392898
10.1013503497
10.3113450598
10.5850032287
10.2786971371
10.3167868791
10.1522635183
10.1885200562
10.2885578967
10.2708207762
10.4796616241
10.0505039503
10.2338354715
10.065233703
10.2933539636
10.3141928815
10.3368840732
10.4179501601
10.195499844
10.2769191316
10.4738059418
10.2364498322
10.407044049
10.3524041948
10.0869078862
10.1766626696
10.1720441664
10.1341832073
10.3039370399
10.5753186007
10.0213051246
10.3325898457
10.0150511221
10.3927359588
10.2837754588
10.0923656385
10.1413291035
10.227711427
10.2075910996
10.104774071
10.4597763664
10.0784526475
10.2102121804
10.2472190589
10.1410636367
10.2996924413
10.2344094127
10.1158770335
10.0972791331
10.373250318
10.1544489884
10.1019318181
10.3426910726
10.0880967149
10.2910711559
10.4037354839
10.1455113007
10.2564499151
10.2593129748
10.3141928815
10.1647914512
10.1107143815
10.1372739428
10.3744456521
10.3216567712
10.2689857967
10.1019318181
10.4391655496
10.0643258839
10.1440959809
10.2649095394
10.2713291108
10.1098752016
10.195499844
10.1491130425
10.325315584
10.3167868791
10.2599491018
10.1599748436
10.0350372033
10.377024588
10.2577224847
10.18416327
10.12612999
10.1518777983
10.1319370035
10.2733621975
10.3801058904
10.479350234
10.1766626696
10.5029895683
10.195435831
10.260330759
10.0943701159
10.415444019
10.2017071992
10.343006577
10.2864405741
10.3285465889
10.5139203034
10.3159644627
10.292910124
9.96297828566
10.1714667061
10.2176642001
10.2016432251
10.1263233422
10.095921696
10.4330994755
10.1979960389
10.0784526475
10.3172059699
10.4520364626
9.77830627028
10.2212644611
10.1720441664
10.3298102766
10.1071635286
10.1428735002
10.2483017275
10.6288739769
10.0566547853
10.2830773383
10.1139413478
10.2836485314
10.2714561905
9.94370063613
10.4089252282
10.0410837681
10.2523766308
10.2271371099
10.1858933935
10.0340616097
10.2842038275
10.0190254717
10.3592735627
10.1699266515
10.1763420079
10.0479061615
10.3269667617
10.0907488345
10.3687193806
10.0770926745
10.2687712972
10.0633531297
10.4025905695
10.1019318181
10.3396617407
10.1776245939
10.1214884285
10.2763475645
10.1737122011
10.0777403036
10.1843394998
10.2214560138
10.224009706
10.1848040908
10.0925111382
10.3843804687
10.1445463313
10.2013873247
10.1109080286
10.2961433745
10.3589585538
10.1805739286
10.1765985381
10.2147495343
9.98661457951
10.3167868791
10.1776245939
10.0751495374
10.2786971371
9.97594020021
10.2150689903
10.0523220031
10.3113450598
10.2137911064
10.2885578967
10.2855522791
10.1510420213
10.2410392898
10.1975480489
10.4623342685
10.2528222251
10.1395913761
10.1975480489
10.2564499151
10.2939800619
10.0711973358
10.4324113475
10.0820783455
10.2502757111
10.3426910726
10.1583045532
10.1714667061
10.0410837681
10.4280938725
10.1036760226
10.2786971371
10.2470120652
10.2086779709
10.1019318181
10.0439432399
10.2769191316
10.227711427
10.1216173895
10.0350372033
10.0410837681
10.3972407376
10.00240089
10.1766626696
10.349377706
10.2280942872
10.1583045532
10.2067598847
10.3483056123
10.3731244854
9.9484251471
10.1279344672
10.0087932118
10.238553589
10.2526312585
10.2907540593
9.93122238541
10.3038103608
10.1833301428
10.1246475002
9.99548214374
10.1867263111
10.3559182252
10.2961433745
10.3325898457
10.2796495135
10.3208347429
10.2443526193
10.3000092627
10.104774071
10.1231647934
10.1373383231
10.0820297956
10.2271371099
10.2797764904
10.0379634153
10.3396617407
10.2577224847
10.5217387412
10.2587404268
10.3167236186
10.1186669952
10.4156946603
10.3467918791
10.3911658907
10.1019318181
10.2330701663
10.2351108528
10.2713291108
10.0521272274
10.0907488345
10.3727469783
10.3231741901
10.3468549557
10.3178622478
10.2649095394
10.4324113475
10.2012673692
10.2733621975
10.1908898779
10.2238182012
10.0972791331
10.4537846837
10.1833301428
10.3899096654
9.9951556695
10.2766651057
10.1279344672
10.0633531297
10.2607760079
10.0293855735
10.3282306428
10.4564064674
10.0583581771
10.1636998869
10.1455756287
10.2907540593
10.0324354095
10.0510234275
10.2996924413
10.1395431016
10.2676431149
10.0444630564
10.2671981638
10.4391655496
10.2965870747
10.0825961959
10.2695498296
10.3117248148
10.3146990786
10.3208347429
10.2855522791
10.2641465512
10.0643258839
10.4623342685
10.1070989561
10.1147156665
10.4179501601
10.0949115798
10.0568008016
10.4490388316
10.18416327
10.3604705093
10.3901609227
10.1776245939
10.1669742283
10.3262083588
10.2996924413
10.3400246762
10.0784526475
10.4981416257
10.4996335387
10.1699266515
10.4021513908
10.3863285898
10.5034245307
10.2978546844
10.2846004493
10.2433571401
10.1970360363
10.158818518
10.4007709941
10.2351108528
10.158818518
10.1536776997
10.4738059418
10.0935295771
10.1690923579
10.0815200082
10.4126865671
10.0990241411
10.3343582731
10.1323154311
10.1193603346
10.088355489
10.0761211528
10.0943701159
10.1372739428
10.2734177841
10.0148556216
10.1069052361
10.1541276252
10.1908898779
10.1603602563
10.1858933935
10.1193603346
10.3341688132
10.0958570516
10.0950570428
10.3176092299
10.4179501601
10.2876459947
10.215643986
10.4023396125
10.3299366369
10.1654976951
10.146411856
10.0387435944
10.5757120187
10.2086779709
10.3723694574
10.0818841447
10.2556226601
10.0761211528
10.3409240702
10.0321101379
10.1312847865
9.93233949906
10.2271371099
10.3204790372
10.1597821318
10.1161996117
10.4237746092
10.2214560138
10.0907488345
9.96926495497
10.0761211528
10.1979960389
10.2846004493
10.3653434893
10.0711973358
10.4474772248
10.0606289175
10.0844731807
10.2971575184
10.4688821437
10.105161589
10.2672617294
10.3843804687
10.2108513663
10.1668458426
10.3678381351
10.2769191316
10.2846004493
10.0845378981
10.3483056123
10.3927909069
10.2238182012
10.3520889768
10.2649095394
10.2086779709
10.5083942505
10.2907540593
10.2269456636
10.2971575184
10.195435831
10.0803546829
10.1006396206
10.1699266515
10.3223522826
10.3299366369
10.3628639878
10.2713291108
10.2649095394
10.1833301428
10.1395913761
10.2321692651
10.2894855749
10.1975480489
10.0972791331
10.2472190589
10.2209451988
10.0196117177
10.2730445543
10.0901667216
10.2452205982
10.0943701159
10.095921696
10.3773390485
10.0473865231
10.5231652894
10.3977585835
10.1978680438
10.2653545896
10.3262083588
10.2599491018
10.2019630915
10.1597821318
10.1603602563
10.2263713035
10.2797764904
10.3294311865
10.2988052892
10.3020366896
10.3426910726
10.12612999
10.1654976951
10.2456266915
9.99378436125
10.0737891184
10.308623073
10.18909655
10.2019630915
10.3587695438
10.195947924
10.1518135102
10.2523766308
10.051477948
10.3794771274
10.3208347429
10.0614722049
10.3490387472
10.4600259454
10.1978680438
9.99006128997
10.3963148275
10.3167868791
10.2204343583
10.5787740075
10.0387435944
10.2547953385
10.1131508363
10.4212698688
10.1455113007
10.2264351229
10.146411856
10.2417402758
10.2830773383
10.0439432399
10.391919553
10.1918344505
10.4414784845
10.2025388257
10.1892887074
10.0818841447
10.3709221669
10.2050972517
10.4280938725
10.2060165294
10.5029274294
10.1081966327
10.1858933935
10.0638719437
10.2599491018
10.2128964924
10.3127374265
10.4537846837
9.83586205867
10.1098752016
10.1833301428
10.126774483
9.98927730867
10.4167598183
10.0726876923
10.1235516074
10.479350234
10.0825961959
10.1710175476
10.1395913761
9.88280289795
10.2864405741
10.2456266915
10.1372739428
10.1233098504
10.0907488345
10.2178797725
10.1541276252
10.0779993436
9.97482796955
10.2779986716
10.1721724865
10.0825961959
10.2372148847
10.1418600164
10.1745461159
10.2769191316
10.0556975147
10.1019318181
10.2271371099
10.1276122627
10.0505039503
10.2869481368
10.2086779709
10.3187003251
10.2037541581
10.4394781383
10.1897370605
10.3004527965
10.4539719758
10.2330701663
10.2472190589
10.2653545896
10.1650482728
10.2502359168
10.3898468502
10.3127374265
10.4255901698
10.2710114046
10.2417402758
10.0974084033
10.2271371099
10.2676431149
10.4278435293
10.0666520065
10.1091650718
10.218837817
10.195499844
10.0071629054
10.0901667216
10.5819199142
10.2965870747
10.2705030543
10.2212644611
9.84190665428
10.2102121804
10.2769191316
10.3524041948
10.4280938725
10.5196916167
10.1406855355
10.4007709941
10.2016432251
10.195499844
10.0951297735
10.0211748727
10.1765985381
10.2922126231
10.583708346
10.2410392898
10.3951847915
10.3067394171
10.3409240702
10.3253866928
10.3736985844
10.1639567361
10.1763420079
10.3784710275
10.0784526475
10.3892186768
10.2528222251
10.3532237166
10.1283855363
9.99985587016
10.1757567744
10.4497258647
10.3843804687
10.2599491018
10.2846004493
10.204841438
10.2713291108
10.2800304394
10.2502757111
10.1636998869
10.0716104458
10.2300083733
9.93181381417
10.1541276252
10.3399773375
10.2016432251
10.1714667061
10.0453077008
10.2456903909
10.1641333161
10.1654976951
10.2607760079
10.2830773383
10.0607586586
10.3628639878
9.97685606176
10.1766626696
10.0770926745
10.1764061411
10.2671981638
10.2734177841
10.1406855355
10.2019630915
10.1541276252
10.0568008016
10.2485564564
10.3150154392
10.2410392898
10.0889377064
10.2215438075
10.3282306428
10.1836505844
10.3977585835
10.391919553
10.3081165775
10.3604705093
10.4414784845
10.5232273088
10.2338912727
10.3167868791
10.302480136
10.4212698688
10.3757666505
10.4052879748
10.5787740075
10.2940513872
10.2846004493
10.1575576518
10.5296133554
10.4068559123
10.2344094127
10.3460980107
10.1915943132
10.2150689903
10.1999157732
10.3310106368
10.1858933935
10.4784160083
10.343006577
10.2907540593
10.6219331921
10.0087932118
10.416697165
10.3038103608
10.057255061
10.3660754192
10.3613523815
10.1410636367
10.343006577
10.223179826
10.3927359588
10.177688719
10.3520889768
10.319633199
10.0588123662
10.1209080836
10.4122478143
10.2534587547
10.1279344672
10.1541276252
10.0378983976
10.228285712
9.94547259075
10.3127374265
10.2836485314
10.4361642217
10.3325898457
10.1716431558
10.2577224847
10.2300083733
10.2150689903
10.1435169294
10.0643258839
10.2599491018
10.2779986716
10.1136832284
10.1878794692
10.1797244796
10.3140030512
10.308623073
10.426591723
10.4520364626
9.86958641438
10.2116183366
10.0124441348
10.2389997848
10.2330701663
10.3364026402
10.4560319671
10.1867263111
10.1803816067
9.93509888836
10.3468549557
9.93299656604
10.2456903909
10.0990241411
10.4688821437
10.0866167232
10.2671981638
10.1654976951
10.3216567712
10.2786971371
10.3483056123
10.0818841447
10.3927359588
10.0134218346
10.0293855735
10.12612999
10.3863914263
10.2708207762
10.6494240552
10.0588123662
10.2577224847
10.0727038906
9.94343809748
10.088355489
10.1311398437
10.2769191316
10.2205620708
10.2767921195
10.452973046
9.99776716489
10.1577263118
9.91609612551
10.5122441673
10.1668458426
10.4117071826
10.088355489
10.3231741901
10.1805098217
10.0907488345
10.2013873247
10.3640605197
10.2653545896
10.399578686
10.1603602563
10.0820297956
10.3909774666
9.79251241294
10.1541276252
10.1136832284
10.2456266915
10.1036760226
10.2483654103
10.2672617294
10.2710114046
10.2085341269
10.2624932154
10.2456903909
10.2671981638
10.3628639878
10.114909237
10.5551807367
10.1657946239
10.1455756287
10.2669438974
10.3719289991
10.2512943926
10.3899096654
10.1633788162
10.1833942319
10.2147495343
10.1975480489
9.95688428955
10.0824020051
10.2996924413
10.0444630564
10.1235516074
10.2320975085
10.319633199
10.3200758894
10.2907540593
10.0130307662
10.4952193482
10.5094500132
9.98117256286
10.1294003683
10.2577224847
10.2628747781
10.4098656903
10.2019630915
10.421770865
10.1111016719
10.1481484156
10.3963148275
10.2783796587
10.1898891758
9.96749723
10.4101791588
9.99411088028
10.1668458426
10.1383039785
10.3899096654
10.4025905695
10.1040635827
10.308623073
10.3142166101
10.224009706
10.3694117353
9.88980047312
10.1688356385
10.373250318
10.1136832284
10.0785821592
10.2587404268
10.2996924413
10.1045803064
10.2572771033
10.4377900481
10.2086779709
10.4668870348
10.2214560138
10.1867263111
10.4227101681
