0.056431055069
0.0574223995209
0.0584259033203
0.059428691864
0.0604302883148
0.0614538192749
0.0624241828918
0.063413143158
0.0644142627716
0.0654578208923
0.0664165019989
0.067417383194
0.0684237480164
0.0694336891174
0.0704708099365
0.071441411972
0.0724589824677
0.0734219551086
0.0744442939758
0.0754356384277
0.0764961242676
0.0774726867676
0.0785114765167
0.079421043396
0.0804145336151
0.0815119743347
0.082418680191
0.0834228992462
0.0844674110413
0.0854194164276
0.0864095687866
0.0874645709991
0.0884177684784
0.0894584655762
0.0904498100281
0.0914127826691
0.0924134254456
0.0934104919434
0.0944118499756
0.0954074859619
0.0964074134827
0.0974056720734
0.0984039306641
0.0994005203247
0.100396633148
0.10139799118
0.102408647537
0.103398799896
0.104400396347
0.105397939682
0.106399059296
0.107397556305
0.108398914337
0.109397411346
0.110389232635
0.11140704155
0.113401412964
0.114397764206
0.115465402603
0.116387367249
0.117398500443
0.12339925766
0.124448299408
0.125381469727
0.126381635666
0.127398729324
0.128381252289
0.129383563995
0.130376815796
0.131381750107
0.132381677628
0.133446455002
0.134383916855
0.137375593185
0.138365745544
0.139370918274
0.140372037888
0.14137005806
0.142369270325
0.143373966217
0.144369840622
0.145395755768
0.146366596222
0.14736533165
0.148365736008
0.149359941483
0.150361537933
0.151363134384
0.152366876602
0.153367042542
0.154361724854
0.155363082886
0.156359672546
0.157367229462
0.158361434937
0.159359455109
0.160359382629
0.161356210709
0.162357568741
0.163362264633
0.164363622665
0.165361642838
0.16635632515
0.167354106903
0.168359279633
0.169361352921
0.170364141464
0.171361923218
0.172364711761
0.173363924026
0.174354314804
0.175349712372
0.176356077194
0.177354574203
0.178353071213
0.180353879929
0.181352138519
0.182357549667
0.183375597
0.184350252151
0.185349464417
0.186349630356
0.187344551086
0.188352823257
0.189347743988
0.190356016159
0.191354751587
0.192348241806
0.193371295929
0.194351434708
0.195345401764
0.196414709091
0.197346687317
0.198345899582
0.199343681335
0.200610160828
0.201363801956
0.202347278595
0.203367710114
0.204345941544
0.205343723297
0.20633649826
0.207413911819
0.208402395248
0.210346698761
0.211332321167
0.213332653046
0.214364767075
0.215365409851
0.216349363327
0.21733212471
0.218342781067
0.219325304031
0.220331430435
0.221324443817
0.222323179245
0.223370075226
0.224334001541
0.225318908691
0.226321220398
0.227374792099
0.228319406509
0.229325771332
0.230323076248
0.231318235397
0.232318401337
0.233314752579
0.234327793121
0.235340595245
0.236330270767
0.237321615219
0.238322257996
0.239325761795
0.240316390991
0.241312742233
0.242315769196
0.243314504623
0.244465351105
0.245310544968
0.246312856674
0.247549057007
0.248314142227
0.24955368042
0.250549077988
0.2515873909
0.252550840378
0.253303527832
0.254550457001
0.255550146103
0.256543874741
0.257544517517
0.258543491364
0.259541511536
0.260543584824
0.261542320251
0.262545108795
0.263606309891
0.26454949379
0.265565633774
0.266561746597
0.26756644249
0.268549203873
0.269371509552
0.270333528519
0.271545886993
0.27254486084
0.273542165756
0.274541854858
0.275543212891
0.276544570923
0.277548313141
0.278542995453
0.279543638229
0.280556201935
0.281556367874
0.282554388046
0.28355717659
0.284544467926
0.285305500031
0.286540031433
0.287544488907
0.288543701172
0.289540290833
0.29054236412
0.291536808014
0.292536497116
0.296537637711
0.297537565231
0.298537969589
0.299547433853
0.300346851349
0.301559925079
0.302551746368
0.303524494171
0.304531812668
0.305526018143
0.306523323059
0.307525396347
0.308534860611
0.309537410736
0.310539245605
0.311517238617
0.312517642975
0.313513994217
0.314516544342
0.315513849258
0.316515445709
0.317509889603
0.318509101868
0.319511175156
0.320555210114
0.321507453918
0.322507143021
0.323523759842
0.32451415062
0.325583219528
0.326521396637
0.327550888062
0.329513788223
0.330520868301
0.331516504288
0.332515716553
0.333522796631
0.335517406464
0.336511135101
0.337526082993
0.338520526886
0.339508533478
0.340513467789
0.341576576233
0.342541217804
0.343508481979
0.34450674057
0.345507144928
0.346517801285
0.347514152527
0.348504304886
0.349503755569
0.35049700737
0.351497888565
0.352513074875
0.353496074677
0.354501962662
0.356502771378
0.359489202499
0.360491037369
0.36149430275
0.362489700317
0.363502979279
0.36448931694
0.365492343903
0.366487026215
0.367490530014
0.36848783493
0.369486808777
0.370483875275
0.371556043625
0.372483968735
0.374482631683
0.375485181808
0.376488208771
0.377486467361
0.378492355347
0.379491329193
0.380483627319
0.381485939026
0.38248705864
0.383481264114
0.384484529495
0.385480880737
0.386482715607
0.387479305267
0.388478279114
0.389477491379
0.390475988388
0.391477108002
0.392477750778
0.393477916718
0.394467830658
0.395473718643
0.396480798721
0.397493362427
0.398485898972
0.399467229843
0.400467157364
0.401464700699
0.40246295929
0.403512716293
0.404470205307
0.405509710312
0.406478881836
0.407498121262
0.408496141434
0.410496473312
0.413480758667
0.414476394653
0.41548037529
0.41647362709
0.417474746704
0.418486356735
0.419471025467
0.420506238937
0.421473264694
0.422469615936
0.423485040665
0.424486398697
0.425489902496
0.42647600174
0.427469491959
0.428463935852
0.429465293884
0.430460691452
0.431473016739
0.432470083237
0.434456825256
0.435468435287
0.436463594437
0.437465667725
0.438461065292
0.439460515976
0.440460920334
0.441457509995
0.442462921143
0.443459749222
0.444487333298
0.445433139801
0.446437835693
0.447442054749
0.448436737061
0.449437618256
0.450440406799
0.45143866539
0.452445745468
0.453434705734
0.454436779022
0.455431222916
0.456437110901
0.457434177399
0.458426713943
0.459428310394
0.460439920425
0.461428403854
0.462432861328
0.463426351547
0.464429855347
0.465427160263
0.466440200806
0.467445850372
0.468459129333
0.46944975853
0.470474004745
0.471451044083
0.472440719604
0.47342634201
0.474469423294
0.475424051285
0.476427316666
0.478455066681
0.479453086853
0.480412483215
0.48141002655
0.482412338257
0.483417272568
0.484414100647
0.485414266586
0.486410140991
0.487403392792
0.488406181335
0.489407777786
0.490422964096
0.491421222687
0.49240899086
0.493428468704
0.4944024086
0.495404720306
0.49640583992
0.497406482697
0.498408794403
0.499407291412
0.500401735306
0.501397371292
0.502401351929
0.503447294235
0.504418134689
0.50540137291
0.506457090378
0.50739812851
0.50839972496
0.509396314621
0.510437011719
0.511395931244
0.51239824295
0.513397693634
0.514420032501
0.515387535095
0.516458034515
0.517387628555
0.518388748169
0.519384145737
0.520384311676
0.521380186081
0.522381544113
0.523399114609
0.524389266968
0.525388240814
0.526387214661
0.527377843857
0.528381586075
0.529378414154
0.530379533768
0.531376123428
0.532381772995
0.533376216888
0.534374475479
0.535370111465
0.536379337311
0.537383794785
0.538370132446
0.539388656616
0.540380954742
0.541383266449
0.542418956757
0.543422222137
0.544373750687
0.545370817184
0.546372175217
0.547383308411
0.548379659653
0.54937505722
0.550373315811
0.551377296448
0.55237531662
0.553370714188
0.554366588593
0.555366277695
0.556363582611
0.557363271713
0.558368682861
0.564364671707
0.565357446671
0.566368103027
0.56736946106
0.568358182907
0.569352149963
0.570360422134
0.571348905563
0.572350263596
0.573355436325
0.574350833893
0.575360774994
0.576363801956
0.577374696732
0.578370809555
0.579349756241
0.580343961716
0.581354141235
0.582355260849
0.583349227905
0.584358930588
0.585350751877
0.586354732513
0.587346315384
0.588360309601
0.589355945587
0.591347932816
0.592361688614
0.593346595764
0.594366550446
0.595341920853
0.596349954605
0.597347974777
0.598344564438
0.599342107773
0.600356578827
0.601348400116
0.602347612381
0.606336116791
0.607330083847
0.608338356018
0.609379053116
0.610363721848
0.613338947296
0.614336252213
0.615338563919
0.616334199905
0.617324829102
0.618337869644
0.619338274002
0.620329380035
0.6213285923
0.622471094131
0.623605966568
0.624369859695
0.625337362289
0.6263422966
0.627336740494
0.628334760666
0.629337787628
0.630331993103
0.631324768066
0.632332801819
0.633333444595
0.634334802628
0.635332107544
0.63632440567
0.637312173843
0.638316631317
0.639314413071
0.640310287476
0.641308546066
0.642308473587
0.643327951431
0.644306898117
0.645339488983
0.646317958832
0.647310733795
0.64831495285
0.649312973022
0.650321722031
0.651324987411
0.652559280396
0.653309583664
0.654314517975
0.655300378799
0.656307697296
0.657305002213
0.658306360245
0.659306526184
0.660301923752
0.661295175552
0.662309408188
0.663541316986
0.664546489716
0.66554069519
0.666551589966
0.667540073395
0.668560743332
0.673538446426
0.674542665482
0.675540685654
0.676547288895
0.677550554276
0.678307056427
0.679551124573
0.680548191071
0.68153834343
0.682535409927
0.683538913727
0.684586048126
0.685575962067
0.686331272125
0.687524318695
0.688576936722
0.689570665359
0.690332651138
0.691519975662
0.692526578903
0.693526029587
0.694324493408
0.695521593094
0.69652557373
0.697519302368
0.698519706726
0.699517011642
0.700525760651
0.701534509659
0.702529191971
0.703526258469
0.704528093338
0.705530166626
0.706538438797
0.708526849747
0.709524154663
0.710525989532
0.711516618729
0.712520599365
0.713514566422
0.714517116547
0.715516090393
0.716521978378
0.717523336411
0.71851682663
0.719512224197
0.720521211624
0.721511125565
0.722513437271
0.723514556885
0.724516153336
0.725512981415
0.726506710052
0.727516412735
0.728509664536
0.72952246666
0.730524778366
0.731516599655
0.732513666153
0.733508825302
0.734509944916
0.735509157181
0.736503124237
0.737501621246
0.738500356674
0.739501714706
0.740516662598
0.741513967514
0.74251294136
0.743570804596
0.744513511658
0.745502948761
0.746513843536
0.747507333755
0.748497962952
0.749493598938
0.750502347946
0.75151848793
0.752508640289
0.754503011703
0.755494832993
0.756505489349
0.757518529892
0.758507966995
0.759526491165
0.760508537292
0.761498212814
0.762499332428
0.763528108597
0.764507770538
0.765505552292
0.766501426697
0.767504930496
0.768513679504
0.769498348236
0.77050113678
0.771505117416
0.772498369217
0.773499250412
0.774509191513
0.775496006012
0.776497364044
0.777502775192
0.778503894806
0.779496908188
0.780494451523
0.781508207321
0.782485485077
0.783484697342
0.784485578537
0.785482883453
0.786486148834
0.787481784821
0.788472652435
0.789469480515
0.790467023849
0.791480064392
0.792466402054
0.793467998505
0.794468641281
0.79546713829
0.796469449997
0.797469854355
0.79847073555
0.799476861954
0.804502725601
0.805490732193
0.806484222412
0.807485818863
0.808470010757
0.809465408325
0.810461997986
0.811460733414
0.812459945679
0.813461065292
0.814460039139
0.815461158752
0.816459417343
0.817455530167
0.818457603455
0.819457769394
0.820456027985
0.821451425552
0.822450637817
0.823477268219
0.82447218895
0.825456380844
0.826455116272
0.827488422394
0.828490257263
0.829456329346
0.830476284027
0.831472635269
0.832449197769
0.833453893661
0.834449768066
0.83548116684
0.836502552032
0.837475776672
0.838457584381
0.839487791061
0.840511083603
0.841536521912
0.842513561249
0.843547105789
0.844508886337
0.845445632935
0.846440792084
0.847439050674
0.848472833633
0.84943652153
0.850445747375
0.851437330246
0.852442502975
0.853437662125
0.856437444687
0.857446193695
0.8584420681
0.859438180923
0.860441923141
0.861433744431
0.862431764603
0.86346912384
0.864461183548
0.86544418335
0.866555929184
0.867465257645
0.868430137634
0.869446754456
0.870447397232
0.871487379074
0.872432231903
0.873426675797
0.874431610107
0.875424385071
0.876435756683
0.877472877502
0.878428459167
0.879430532455
0.880439281464
0.881428480148
0.882427930832
0.88342833519
0.884422063828
0.885423898697
0.88644194603
0.887428283691
0.888436555862
0.889430761337
0.89043545723
0.891412973404
0.892418384552
0.893410921097
0.894417285919
0.895410299301
0.896414041519
0.89741063118
0.898410797119
0.899406909943
0.900410175323
0.901539564133
0.902448415756
0.903442382812
0.904419898987
0.905429840088
0.906407833099
0.907422780991
0.908407688141
0.909405708313
0.910403251648
0.912412881851
0.91340470314
0.91442990303
0.915400505066
0.916424274445
0.917416095734
0.91842007637
0.919443368912
0.92041349411
0.921415805817
0.922426223755
0.923404455185
0.92439699173
0.925405740738
0.926386356354
0.927386760712
0.928435564041
0.929384946823
0.930379390717
0.93138051033
0.932381153107
0.933385372162
0.934380531311
0.935482501984
0.93637752533
0.937378883362
0.938376426697
0.939380407333
0.940375328064
0.941373825073
0.94237613678
0.943376302719
0.944379329681
0.945376396179
0.94637799263
0.949373245239
0.950373649597
0.951372146606
0.952371835709
0.953372001648
0.95437002182
0.955367088318
0.956367015839
0.957367658615
0.958369493484
0.959366083145
0.960366249084
0.961362600327
0.962361335754
0.963365077972
0.964365959167
0.965367078781
0.966364860535
0.967365026474
0.968363761902
0.969363212585
0.970364332199
0.971368551254
0.972366333008
0.973361730576
0.974362373352
0.975357294083
0.976357460022
0.977354288101
0.978360176086
0.979362726212
0.980357646942
0.981366634369
0.982358217239
0.983365058899
0.984354972839
0.985362291336
0.986359119415
0.987346887589
0.988355875015
0.98935341835
0.990354061127
0.99135017395
0.992345333099
0.993348836899
0.994342803955
0.995346069336
0.996350765228
0.997349739075
0.998347043991
0.999344587326
1.00034356117
1.00135850906
1.00234270096
1.00336050987
1.00435185432
1.00535535812
1.00634264946
1.00735497475
1.00834441185
1.00934004784
1.01034188271
1.01133942604
1.01234173775
1.01337599754
1.01435279846
1.0153529644
1.01634025574
1.01733636856
1.01834368706
1.01934409142
1.02033615112
1.02157759666
1.02233886719
1.0233464241
1.02434515953
1.02533888817
1.02633595467
1.02733612061
1.02833127975
1.02933359146
1.03032898903
1.03133225441
1.032330513
1.03332448006
1.03434181213
1.03533625603
1.03633546829
1.03733873367
1.03856277466
1.03937029839
1.04056859016
1.04133296013
1.04233670235
1.04332566261
1.04456400871
1.0453350544
1.0463244915
1.04732608795
1.04832935333
1.04935884476
1.05034708977
1.05135250092
1.05231761932
1.05337047577
1.05433320999
1.05537891388
1.05659723282
1.05736112595
1.05857181549
1.05932593346
1.06036186218
1.06131315231
1.06231403351
1.0635535717
1.06456327438
1.06533503532
1.06631135941
1.06756687164
1.06855916977
1.0693218708
1.07031035423
1.0713288784
1.07255363464
1.07354974747
1.07465982437
1.0755507946
1.07655572891
1.07754945755
1.07836675644
1.07959032059
1.08050465584
1.08154249191
1.08255410194
1.08356404305
1.0845541954
1.08555030823
1.08654093742
1.08758473396
1.08855009079
1.08954763412
1.09054899216
1.09155964851
1.09254574776
1.0935382843
1.09455013275
1.09553790092
1.09657120705
1.0974946022
1.09855389595
1.09955811501
1.10053944588
1.10155248642
1.10256385803
1.10353279114
1.10453557968
1.10565161705
1.10653328896
1.10752892494
1.10864520073
1.10954594612
1.11053276062
1.11153030396
1.11252903938
1.11352729797
1.1145324707
1.11552667618
1.11652636528
1.11752963066
1.11852455139
1.11956620216
1.12052297592
1.12152028084
1.12252426147
1.12353205681
1.12457156181
1.1255209446
1.12657117844
1.12756490707
1.12840819359
1.12952160835
1.13052630424
1.13159489632
1.13252043724
1.13350057602
1.13455605507
1.13554430008
1.13652420044
1.13751554489
1.13851237297
1.13952875137
1.14054369926
1.14150881767
1.14250850677
1.14350700378
1.14451360703
1.14551901817
1.14651989937
1.14751148224
1.14851522446
1.14951324463
1.15051627159
1.15151047707
1.15250754356
1.15351104736
1.15450835228
1.15550756454
1.1565144062
1.15751075745
1.15852046013
1.15953278542
1.16051030159
1.1615023613
1.16251039505
1.16350531578
1.16450238228
1.16550040245
1.16649580002
1.16749954224
1.16850686073
1.16950845718
1.17049789429
1.17149925232
1.17249536514
1.17349338531
1.17449688911
1.17549133301
1.17649412155
1.17749595642
1.17849087715
1.17950034142
1.18050003052
1.18150019646
1.1825056076
1.18349313736
1.18449854851
1.18549132347
1.18648457527
1.18749904633
1.1884970665
1.18949270248
1.19049286842
1.19149470329
1.19248628616
1.19348096848
1.19448542595
1.19548583031
1.19648313522
1.19748282433
1.19848585129
1.1994767189
1.20047688484
1.20151042938
1.20248913765
1.20349192619
1.20448946953
1.20548534393
1.20648860931
1.20751309395
1.20848608017
1.20948433876
1.2104845047
1.21149539948
1.21246933937
1.21346759796
1.21446847916
1.21747350693
1.21847653389
1.2194776535
1.22047114372
1.22147011757
1.22247052193
1.22347521782
1.22448468208
1.22547364235
1.22646546364
1.22748351097
1.22847652435
1.2294754982
1.23048710823
1.23148417473
1.23248028755
1.23347449303
1.23447227478
1.2354798317
1.23647284508
1.23747253418
1.23847270012
1.23946642876
1.24046874046
1.24152064323
1.24247050285
1.24350404739
1.24449825287
1.24546432495
1.24646782875
1.24746537209
1.24845409393
1.24947929382
1.25045394897
1.25145673752
1.25245857239
1.25344944
1.25445199013
1.25545406342
1.25647306442
1.25745391846
1.25845527649
1.25945281982
1.26047968864
1.26144623756
1.26244711876
1.26348567009
1.26446485519
1.26548719406
1.26648163795
1.26744771004
1.2684442997
1.26947426796
1.27044057846
1.2714445591
1.27244973183
1.27345347404
1.27444124222
1.27544236183
1.27644181252
1.27745199203
1.27844572067
1.27943730354
1.28044056892
1.28147578239
1.28247451782
1.28345179558
1.28449463844
1.28549146652
1.28644633293
1.28744387627
1.28845047951
1.28942775726
1.29042482376
1.29142689705
1.2924451828
1.29350614548
1.29447865486
1.29546141624
1.29649496078
1.29742050171
1.29842162132
1.29941868782
1.30044031143
1.30144119263
1.30246734619
1.30347919464
1.30447840691
1.30541872978
1.30646252632
1.30744934082
1.30842018127
1.30942320824
1.31043314934
1.31145477295
1.31246137619
1.31340742111
1.31441688538
1.31541132927
1.31640958786
1.31741094589
1.31841301918
1.31941390038
1.32040858269
1.32142281532
1.3224105835
1.3234205246
1.32440519333
1.32540917397
1.3264067173
1.32741212845
1.32840657234
1.32939982414
1.33045339584
1.33146595955
1.33241248131
1.33340144157
1.33439850807
1.33540296555
1.33639883995
1.3373939991
1.33848524094
1.33946275711
1.34041047096
1.34140825272
1.34243416786
1.34343910217
1.344435215
1.34539961815
1.34639525414
1.34738850594
1.34838891029
1.34938907623
1.35039520264
1.35139727592
1.35239863396
1.35339975357
1.35438942909
1.3553841114
1.35638570786
1.35738420486
1.35838747025
1.35937786102
1.36038374901
1.36137676239
1.3623790741
1.36337780952
1.36438918114
1.36538410187
1.36638092995
1.36737418175
1.36837816238
1.3693652153
1.37046980858
1.37244057655
1.37337231636
1.37438440323
1.37543916702
1.37640833855
1.37745523453
1.37838864326
1.37937712669
1.3803832531
1.37138152122
1.38137459755
1.38240003586
1.38337850571
1.38439679146
1.38537549973
1.38647651672
1.38742566109
1.38838148117
1.38937854767
1.39065003395
1.39136838913
1.39237785339
1.39637136459
1.39737653732
1.39837002754
1.39936947823
1.40036964417
1.40136480331
1.40236783028
1.40346574783
1.40438008308
1.40543532372
1.40636515617
1.40742778778
1.40841078758
1.4096019268
1.41037416458
1.41136670113
1.41236972809
1.41336321831
1.41436028481
1.41535639763
1.41635966301
1.41740012169
1.41841363907
1.41938710213
1.42038941383
1.42138338089
1.42240858078
1.42341375351
1.42439818382
1.42539596558
1.42635273933
1.42735004425
1.42834329605
1.42934250832
1.4303882122
1.43138170242
1.43345475197
1.43436145782
1.43538165092
1.43639993668
1.4373819828
1.43833971024
1.43938803673
1.44038510323
1.44137382507
1.44234967232
1.44332718849
1.4443757534
1.4453701973
1.44632339478
1.44832396507
1.44932293892
1.45032119751
1.45136237144
1.45232534409
1.45331859589
1.45434331894
1.4553399086
1.45637273788
1.4573237896
1.45832467079
1.45932912827
1.46032428741
1.46132302284
1.46232151985
1.46336197853
1.46435523033
1.46535372734
1.46635365486
1.46734857559
1.46834874153
1.46930909157
1.47036600113
1.4713113308
1.47230839729
1.47330975533
1.47631239891
1.47732162476
1.47831726074
1.47931313515
1.48030757904
1.48131251335
1.48230481148
1.48330760002
1.48430109024
1.48554110527
1.48629927635
1.4875459671
1.48854351044
1.48954916
1.49054217339
1.49153923988
1.49230241776
1.49354553223
1.49454426765
1.4955432415
1.49653935432
1.49733400345
1.50030660629
1.5015399456
1.50254631042
1.50353956223
1.50453948975
1.5055372715
1.50653457642
1.50753307343
1.50829577446
1.5095717907
1.51052927971
1.51152849197
1.51252818108
1.51352548599
1.51453089714
1.51553034782
1.51652550697
1.51752352715
1.51852703094
1.51952624321
1.52052593231
1.52152633667
1.52253508568
1.5235311985
1.52433753014
1.52552056313
1.52652168274
1.52752041817
1.52852630615
1.52952241898
1.53056359291
1.53151631355
1.53251552582
1.53351736069
1.53452038765
1.5353372097
1.53651714325
1.53751683235
1.53851318359
1.53951573372
1.54051589966
1.54154920578
1.54255414009
1.54354572296
1.54450964928
1.54550886154
1.54651212692
1.54950404167
1.55050349236
1.55150294304
1.55250501633
1.55350613594
1.5545027256
1.55550551414
1.55650305748
1.55750513077
1.55850315094
1.55950498581
1.56051707268
1.56150603294
1.56250405312
1.5635061264
1.56450462341
1.5654630661
1.5664999485
1.56750202179
1.56850004196
1.56949901581
1.57049608231
1.57149863243
1.57249760628
1.57349252701
1.57449650764
1.57549595833
1.57649040222
1.57749414444
1.57849240303
1.58149051666
1.58249163628
1.5834877491
1.58451199532
1.58549118042
1.58649659157
1.58751940727
1.58849287033
1.58951497078
1.59048652649
1.5914914608
1.59248375893
1.59348011017
1.59448194504
1.59548020363
1.59648919106
1.597479105
1.60147476196
1.60247898102
1.6034860611
1.60448241234
1.60547757149
1.60647988319
1.6074757576
1.60847902298
1.60947704315
1.61047911644
1.61147737503
1.61247348785
1.61347460747
1.61446928978
1.61547064781
1.61847090721
1.61946773529
1.62047505379
1.62146472931
1.62246346474
1.62346220016
1.6244635582
1.62546205521
1.62646198273
1.62746143341
1.62846112251
1.62945866585
1.63045763969
1.63145565987
1.63245916367
1.63646650314
1.63745713234
1.63845467567
1.63945627213
1.64045977592
1.64146065712
1.64245486259
1.6434636116
1.64446139336
1.64545464516
1.64645576477
1.64745378494
1.64845871925
1.64945983887
1.65045976639
1.65145301819
1.65245819092
1.65544915199
1.65645503998
1.65744876862
1.65846395493
1.65944862366
1.66045498848
1.66144800186
1.6624443531
1.66344094276
1.66444373131
1.66543984413
1.66644120216
1.66744112968
1.66844081879
1.66947436333
1.67043828964
1.67147445679
1.67243623734
1.67343783379
1.67443490028
1.67543530464
1.67643523216
1.6774327755
1.67843437195
1.67943835258
1.68043351173
1.68146944046
1.6824324131
1.68343925476
1.68443179131
1.68543386459
1.68643260002
1.68746328354
1.68842792511
1.68942666054
1.69042778015
1.69142746925
1.69242715836
1.69342517853
1.69442772865
1.69542694092
1.69642519951
1.69742417336
1.69842219353
1.69942235947
1.70042657852
1.70142149925
1.70242977142
1.70342087746
1.70441937447
1.70541834831
1.70641827583
1.70742058754
1.70842576027
1.70941472054
1.7104268074
1.71142220497
1.71242141724
1.71341872215
1.71441984177
1.71541237831
1.71642541885
1.71741962433
1.7184214592
1.71941232681
1.72042632103
1.72142839432
1.72242164612
1.72343277931
1.72440695763
1.7254216671
1.72640228271
1.72745656967
1.72844910622
1.72941970825
1.7304046154
1.73141646385
1.73240160942
1.73345565796
1.73440122604
1.73539996147
1.73641347885
1.73740673065
1.73839783669
1.73939657211
1.74041152
1.74140954018
1.74239897728
1.74340653419
1.74438905716
1.74544978142
1.74640893936
1.74739861488
1.75138497353
1.75238609314
1.75338697433
1.75439882278
1.75538611412
1.75645709038
1.75738191605
1.7583823204
1.75938296318
1.76038742065
1.76138091087
1.76238083839
1.76338243484
1.76437854767
1.76538014412
1.76640319824
1.76739788055
1.76838207245
1.76937627792
1.77037286758
1.77137351036
1.77237772942
1.7733695507
1.77436995506
1.77536845207
1.77636814117
1.77736783028
1.77836561203
1.77936863899
1.78039550781
1.78136396408
1.78245139122
1.78336119652
1.78436589241
1.78545737267
1.78636407852
1.7873647213
1.78836154938
1.78943991661
1.79039883614
1.79137253761
1.79240393639
1.79344534874
1.79441547394
1.79536938667
1.79640603065
1.79737138748
1.798361063
1.79935669899
1.80035543442
1.80135369301
1.80235433578
1.80335855484
1.80436062813
1.8053586483
1.80635762215
1.80734872818
1.80834889412
1.80935120583
1.81035113335
1.81134796143
1.81235098839
1.81335043907
1.81434869766
1.81534838676
1.81635355949
1.81735229492
1.81935286522
1.82035517693
1.82135033607
1.82234549522
1.82334256172
1.82434773445
1.8253455162
1.82634449005
1.82734322548
1.82834267616
1.82934379578
1.83037662506
1.83143115044
1.83234095573
1.83334231377
1.83434557915
1.83533930779
1.83634281158
1.83733725548
1.83834123611
1.83934020996
1.84033489227
1.84133243561
1.84233903885
1.84334421158
1.84434294701
1.84533762932
1.8463344574
1.84733128548
1.84833288193
1.84933042526
1.85034942627
1.85132789612
1.85233211517
1.85433530807
1.85534143448
1.85663104057
1.85760712624
1.85837078094
1.85934472084
1.86039066315
1.8613345623
1.86232542992
1.86333441734
1.86433625221
1.8653845787
1.86632370949
1.86731719971
1.86847758293
1.86960339546
1.87031722069
1.87131643295
1.8723192215
1.87331342697
1.87432789803
1.87531924248
1.87630987167
1.87731313705
1.87831091881
1.87931108475
1.88030767441
1.88130569458
1.88231706619
1.88331151009
1.88430261612
1.88531899452
1.8863055706
1.88730072975
1.88830399513
1.88930344582
1.89032101631
1.8913025856
1.89230537415
1.89355897903
1.89456439018
1.89554572105
1.89630317688
1.89755535126
1.89854860306
1.89954018593
1.90029573441
1.90153813362
1.90255141258
1.90353751183
1.90454220772
1.90553665161
1.90653920174
1.90753674507
1.9082942009
1.90953731537
1.91053366661
1.91153335571
1.91253566742
1.91353416443
1.91454148293
1.91753387451
1.9185333252
1.91952800751
1.92052936554
1.92152714729
1.92253088951
1.92353725433
1.92452502251
1.92552232742
1.92657089233
1.92752361298
1.92853403091
1.93053126335
1.93152689934
1.93252754211
1.93352150917
1.9345202446
1.93552112579
1.93651819229
1.93751478195
1.93851470947
1.93951296806
1.94051194191
1.94151091576
1.94251155853
1.94351315498
1.9445104599
1.94551253319
1.94653964043
1.94751119614
1.94850993156
1.94950795174
1.95050907135
1.95150566101
1.95250868797
1.95350432396
1.95450639725
1.9555106163
1.9565103054
1.95750403404
1.95850896835
1.95951199532
1.96050977707
1.96150231361
1.96250295639
1.96350955963
1.96450710297
1.96551418304
1.96650266647
1.96750164032
1.96850275993
1.96950483322
1.97043132782
1.97150945663
1.97250008583
1.97349786758
1.97449731827
1.97592377663
1.97649478912
1.97750782967
1.97850227356
1.97950458527
1.98050189018
1.98149752617
1.98249602318
1.98350000381
1.98449730873
1.98553562164
1.98650932312
1.98749828339
1.98849248886
1.98949122429
1.99049115181
1.99149060249
1.99248766899
1.99348735809
1.99448680878
1.99548506737
1.99648618698
1.99748086929
1.99848175049
1.99950551987
2.00047922134
2.00154805183
2.00247883797
2.00351047516
2.00449252129
2.00549030304
2.00649094582
2.0074930191
2.00849103928
2.00948858261
2.01048779488
2.01160883904
2.01249146461
2.01348543167
2.01448822021
2.01548719406
2.01648521423
2.01750612259
2.01847600937
2.01947593689
2.02047276497
2.02147364616
2.02247333527
2.02348899841
2.0244705677
2.02547168732
2.02646946907
2.02746963501
2.02848529816
2.02954149246
2.03033232689
2.03147387505
2.0324780941
2.0334777832
2.03448557854
2.03548550606
2.03647899628
2.03747630119
2.0384759903
2.03947043419
2.04046940804
2.04146671295
2.04246759415
2.04353022575
2.04447484016
2.0454723835
2.04646873474
2.04745292664
2.0484521389
2.04945325851
2.05045986176
2.05149531364
2.05245685577
2.05345225334
2.05445671082
2.05545282364
2.05645489693
2.05745887756
2.05846858025
2.05946660042
2.0604569912
2.06145453453
2.06245207787
2.06345009804
2.06444907188
2.06548595428
2.06644868851
2.06746554375
2.06846952438
2.06946206093
2.07045412064
2.07149744034
2.07245564461
2.07347035408
2.07446289062
2.07545185089
2.0764503479
2.07746076584
2.07845401764
2.07947874069
2.08045244217
2.0814499855
2.08245706558
2.08346796036
2.08445453644
2.08544611931
2.08944678307
2.09044528008
2.09145474434
2.09243559837
2.09544205666
2.09645152092
2.09745168686
2.09844446182
2.09944319725
2.10043883324
2.10143852234
2.1024389267
2.10343790054
2.10443735123
2.10543417931
2.10643029213
2.10743045807
2.10843753815
2.10943245888
2.11043405533
2.11142754555
2.11243081093
2.11343121529
2.1144297123
2.11542487144
2.11643052101
2.11742258072
2.11843109131
2.11942005157
2.12043070793
2.12142491341
2.12242603302
2.12345957756
2.12444901466
2.12542939186
2.12643647194
2.12742877007
2.12843322754
2.12943577766
2.13042998314
2.13142251968
2.13243031502
2.13342523575
2.13442564011
2.13543367386
2.13643336296
2.13742017746
2.13841485977
2.13941383362
2.14042973518
2.14141535759
2.14241266251
2.1434545517
2.14441156387
2.145414114
2.14641404152
2.1474211216
2.1494269371
2.1504201889
2.15140724182
2.15240526199
2.15340161324
2.15439915657
2.15550255775
2.1564040184
2.15743803978
2.15840411186
2.1604487896
2.16140770912
2.1623878479
2.16344666481
2.16440582275
2.16544175148
2.16639518738
2.16739487648
2.16840028763
2.16938734055
2.17038822174
2.17141747475
2.17239713669
2.17338323593
2.17438721657
2.17543673515
2.17639732361
2.17737627029
2.17838478088
2.17938780785
2.18038082123
2.18138289452
2.18238711357
2.18343067169
2.18438315392
2.18541193008
2.18638324738
2.18737578392
2.18838620186
2.18937468529
2.1904437542
2.19137573242
2.1923801899
2.19637441635
2.19738435745
2.19837379456
2.19938087463
2.20037388802
2.20136737823
2.20237469673
2.203373909
2.20436930656
2.20537376404
2.20636677742
2.20746898651
2.20836949348
2.20935964584
2.21036505699
2.21137404442
2.21236681938
2.21336483955
2.21835875511
2.21936035156
2.22035956383
2.22135806084
2.22236013412
2.22336125374
2.22435641289
2.22535967827
2.22635531425
2.22735118866
2.22835063934
2.22934961319
2.23034691811
2.23135614395
2.23235702515
2.23335456848
2.23435163498
2.23535513878
2.23635363579
2.23735141754
2.23835301399
2.23935580254
2.24035453796
2.24135994911
2.24235391617
2.24336504936
2.24435758591
2.24535274506
2.24735164642
2.24835038185
2.24935412407
2.25634431839
2.25733804703
2.25834465027
2.25933742523
2.26033520699
2.26133942604
2.26233124733
2.26334571838
2.2643327713
2.26533222198
2.26637458801
2.267329216
2.26832914352
2.26932787895
2.2703666687
2.27140331268
2.27238750458
2.27337908745
2.27434921265
2.27536845207
2.27637052536
2.27736139297
2.27840185165
2.27938294411
2.28033590317
2.28137421608
2.28234601021
2.28334522247
2.28433465958
2.28534126282
2.28635263443
2.28738355637
2.28837227821
2.2893640995
2.29036831856
2.29131817818
2.29233241081
2.2933204174
2.29432678223
2.29540419579
2.2963142395
2.29736924171
2.29836273193
2.29932117462
2.30056023598
2.30130910873
2.30231738091
2.30330395699
2.30431056023
2.30530881882
2.30655622482
2.30730605125
2.3083562851
2.30931568146
2.31057357788
2.31155920029
2.32154846191
2.32254552841
2.32354974747
2.32454419136
2.32530379295
2.3265440464
2.32754278183
2.32854771614
2.33654332161
2.33754849434
2.33855700493
2.33955454826
2.34253978729
2.34354233742
2.34453177452
2.34553146362
2.34657025337
2.34752869606
2.34852981567
2.34952640533
2.35058045387
2.35156607628
2.35253429413
2.35352563858
2.3545384407
2.35553765297
2.35652780533
2.35752701759
2.35853147507
2.3595290184
2.36053872108
2.36152434349
2.36252856255
2.36352944374
2.36452102661
2.36551761627
2.36651778221
2.36742162704
2.36851334572
2.36951208115
2.37051653862
2.3715236187
2.37252378464
2.37352085114
2.37451481819
2.37551212311
2.37651968002
2.37751746178
2.37852549553
2.38051390648
2.38152527809
2.38252520561
2.38352298737
2.3875143528
2.38851189613
2.38950824738
2.39050865173
2.39151477814
2.396504879
2.39751076698
2.39850854874
2.39950585365
2.40050363541
2.40150690079
2.40249896049
2.40350842476
2.40451288223
2.40553069115
2.40650296211
2.40749788284
2.40851426125
2.40949177742
2.4105091095
2.41150641441
2.41251468658
2.41349673271
2.42348504066
2.42448735237
2.42549109459
2.42648029327
2.42748737335
2.42848443985
2.42948365211
2.43049478531
2.43150734901
2.43247675896
2.43348026276
2.4354789257
2.43649148941
2.43748116493
2.43849301338
2.43949151039
2.44048571587
2.44147396088
2.44248723984
2.44348740578
2.44446969032
2.44546794891
2.44646954536
2.44746804237
2.44846510887
2.44946980476
2.45047330856
2.45146846771
2.4524667263
2.45445752144
2.45545697212
2.45645785332
2.45745372772
2.4584569931
2.45945692062
2.46046805382
2.46146798134
2.46246671677
2.46346259117
2.46446108818
2.4654610157
2.46645474434
2.46745824814
2.46845149994
2.46946406364
2.47045588493
2.47145390511
2.47245264053
2.47346496582
2.47445392609
2.4754691124
2.47650790215
2.47747445107
2.47847008705
2.47947120667
2.4804725647
2.48145580292
2.48245763779
2.48345327377
2.48444652557
2.48544597626
2.48644638062
2.48749017715
2.48945069313
2.49044442177
2.4914457798
2.49248337746
2.49349284172
2.49445104599
2.49544787407
2.49645256996
2.49745106697
2.49844622612
2.49944329262
2.50046253204
2.50444173813
2.50543999672
2.50643396378
2.50743293762
2.50843024254
2.50943231583
2.51042604446
2.51143813133
2.51242613792
2.51442408562
2.51542544365
2.51642203331
2.51749515533
2.51842164993
2.5194234848
2.52042412758
2.52146601677
2.52248334885
2.52342581749
2.52444338799
2.52541851997
2.52642250061
2.52746343613
2.52843952179
2.52942991257
2.53042292595
2.53142476082
2.53243207932
2.53341507912
2.53441572189
2.53542160988
2.5364215374
2.5374147892
2.53841900826
2.53941297531
2.54041624069
2.54144954681
2.54241394997
2.54341292381
2.54441976547
2.54540681839
2.54640555382
2.54743790627
2.54840970039
2.54944610596
2.55044484138
2.55143332481
2.55242085457
2.55439352989
2.55540299416
2.55640339851
2.55740451813
2.55840682983
2.56441378593
2.56541347504
2.56640815735
2.56740021706
2.56840348244
2.56938624382
2.57040023804
2.571403265
2.57239818573
2.57338452339
2.57439613342
2.57538866997
2.57638406754
2.57740187645
2.57841205597
2.57939600945
2.58039689064
2.58138871193
2.58238697052
2.58338856697
2.58437824249
2.58538246155
2.58639717102
2.58738517761
2.58838295937
2.58938360214
2.59040093422
2.59138536453
2.59237718582
2.59438085556
2.59537816048
2.59637308121
2.59737753868
2.59837532043
2.59937310219
2.60037660599
2.60138916969
2.60238289833
2.60340070724
2.6043856144
2.60537099838
2.60636758804
2.60736656189
2.60840201378
2.60937213898
2.61037039757
2.61136984825
2.61235809326
2.61335730553
2.61435675621
2.61535739899
2.61635565758
2.6173582077
2.61836028099
2.61936163902
2.62036466599
2.62136125565
2.62236356735
2.62335515022
2.62436175346
2.62536025047
2.62635660172
2.62735629082
2.6283531189
2.6293554306
2.6303589344
2.63135123253
2.6323492527
2.63334965706
2.64337658882
2.6443669796
2.64534854889
2.64635181427
2.64735269547
2.64934134483
2.650349617
2.65134739876
2.65234875679
2.65334057808
2.65434384346
2.65534830093
2.65634799004
2.65734982491
2.65836071968
2.66334986687
2.66434288025
2.66533827782
2.66633963585
2.66733980179
2.66834068298
2.66933703423
2.67034482956
2.67133283615
2.67233562469
2.67333364487
2.67433524132
2.67532944679
2.67633342743
2.67732644081
2.67857027054
2.67932510376
2.68033027649
2.68132638931
2.68236994743
2.6833293438
2.68434262276
2.69131803513
2.69231820107
2.69331598282
2.69433164597
2.69533109665
2.69633960724
2.69731426239
2.69831871986
2.69932436943
2.70032119751
2.70131492615
2.70231723785
2.70331931114
2.70432376862
2.70530533791
2.70630955696
2.70747852325
2.70830440521
2.70930290222
2.710303545
2.71138858795
2.7123041153
2.71330571175
2.71430325508
2.71530222893
2.71630597115
2.71754956245
2.71854543686
2.71956467628
2.72055029869
2.72154951096
2.72229647636
2.72355914116
2.72456145287
2.72556018829
2.72655081749
2.72734642029
2.72858977318
2.72953677177
2.73029613495
2.73154616356
2.73253631592
2.73755502701
2.73855996132
2.73954057693
2.74055123329
2.74158406258
2.7425327301
2.74332284927
2.74432659149
2.74552297592
2.74652671814
2.74752354622
2.7485268116
2.74952554703
2.75052857399
2.75152015686
2.75252389908
2.75352144241
2.75452208519
2.75552105904
2.75652170181
2.75751900673
2.75852036476
2.75951433182
2.76051998138
2.76152658463
2.76251411438
2.76352620125
2.76451516151
2.76551508904
2.7665207386
2.76751875877
2.76851558685
2.76951122284
2.77051639557
2.7715113163
2.77251577377
2.77351331711
2.77451062202
2.77550601959
2.77652430534
2.77754974365
2.77850794792
2.77950739861
2.78050780296
2.78150463104
2.78252196312
2.78352284431
2.784512043
2.78551149368
2.78651165962
2.78750991821
2.78850102425
2.78949713707
2.79050254822
2.79150819778
2.79251122475
2.79350280762
2.79455542564
2.79551839828
2.79650402069
2.79757857323
2.79852199554
2.79951691628
2.80050706863
2.80210900307
2.80350613594
2.80449390411
2.8054959774
2.80649399757
2.80749487877
2.80849027634
2.80950403214
2.81050515175
2.81155109406
2.81249189377
2.81348919868
2.81448912621
2.82048845291
2.82152557373
2.82248663902
2.82348585129
2.82448482513
2.82548379898
2.8264811039
2.82753801346
2.82848167419
2.82948184013
2.83047795296
2.83147788048
2.83247709274
2.83347821236
2.84149217606
2.84248495102
2.84352231026
2.84748148918
2.84848332405
2.84948062897
2.85047793388
2.85147237778
2.85747671127
2.85846948624
2.85946321487
2.86046004295
2.86146593094
2.86248922348
2.86348843575
2.86446499825
2.86545777321
2.86645483971
2.8674685955
2.86847019196
2.86947703362
2.87046432495
2.87157940865
2.87248158455
2.87446975708
2.87547802925
2.87648367882
2.87747979164
2.87847018242
2.87946844101
2.88046312332
2.88146138191
2.88246417046
2.88347196579
2.88445973396
2.88546180725
2.88646602631
2.88748764992
2.88847208023
2.88946151733
2.89046525955
2.89146947861
2.89246463776
2.89345955849
2.89445495605
2.89545345306
2.89645314217
2.89746236801
2.89846205711
2.89946818352
2.90046095848
2.90146136284
2.90245819092
2.90346240997
2.90446424484
2.90545558929
2.90645885468
2.90754747391
2.90846061707
2.90949034691
2.91045880318
2.9114677906
2.91244888306
2.91545033455
2.91645121574
2.92445206642
2.92542672157
2.92744088173
2.92843222618
2.92942690849
2.93042969704
2.93143439293
2.9324285984
2.93342494965
2.93442225456
2.93542861938
2.93642926216
2.9374268055
2.93842172623
2.93943142891
2.94042801857
2.94142627716
2.94243860245
2.94342327118
2.94443464279
2.94542479515
2.94643688202
2.9474260807
2.94843363762
2.94941759109
2.95042800903
2.95142555237
2.95243620872
2.95541763306
2.95642614365
2.95740890503
2.95842480659
2.95940232277
2.96041035652
2.96140193939
2.96240234375
2.96340227127
2.96440339088
2.96540498734
2.96639823914
2.96739649773
2.96840953827
2.9694442749
2.9704015255
2.97139501572
2.97239756584
2.97340226173
2.97440052032
2.97540402412
2.97640228271
2.97739982605
2.97840428352
2.9794023037
2.98038840294
2.98139739037
2.98239898682
2.98339986801
2.98438835144
2.98538827896
2.98640084267
2.98738765717
2.98840236664
2.98938941956
2.99038887024
2.99140286446
2.9923992157
2.99338006973
2.99438166618
2.99539995193
2.9963991642
2.99738526344
2.99838614464
2.99938678741
3.00037932396
3.00137615204
3.00237703323
3.0033891201
3.00438380241
3.00538754463
3.00637412071
3.00738215446
3.00837731361
3.0093691349
3.01036524773
3.0113658905
3.01236391068
3.01336669922
3.01736092567
3.01836514473
3.01936507225
3.02036237717
3.02136397362
3.02236938477
3.02335882187
3.02435898781
3.02535915375
3.02640199661
3.02744913101
3.02836894989
3.02937102318
3.03036427498
3.03136563301
3.03236579895
3.03336668015
3.03436136246
3.03535890579
3.03637456894
3.03737592697
3.0383784771
3.03935670853
3.040361166
3.04136919975
3.04236888885
3.04335618019
3.04436922073
3.04935860634
3.05035948753
3.05136418343
3.05235314369
3.05335474014
3.0543487072
3.05535268784
3.05636644363
3.05737495422
3.05836391449
3.05935764313
3.06034994125
3.06134057045
3.06233859062
3.06333851814
3.06433868408
3.0653424263
3.06635069847
3.06734466553
3.06835389137
3.06935977936
3.07036209106
3.07135438919
3.0723502636
3.07340669632
3.07434797287
3.0755879879
3.0763425827
3.07734751701
3.07835388184
3.07934832573
3.0803437233
3.081346035
3.08235454559
3.08334684372
3.08437800407
3.08533263206
3.08633828163
3.08734059334
3.08834934235
3.08934545517
3.09034752846
3.09134268761
3.09234547615
3.09333443642
3.09435629845
3.09533858299
3.09634160995
3.09734177589
3.09833216667
3.09933495522
3.10032105446
3.10131955147
3.10231947899
3.10332489014
3.1043305397
3.10532307625
3.10632228851
3.10731720924
3.10832762718
3.10931992531
3.11032795906
3.11132311821
3.11232376099
3.11332345009
3.11433529854
3.11533093452
3.11633038521
3.11732029915
3.11831998825
3.11932396889
3.12031817436
3.12131667137
3.12231445312
3.12332057953
3.12456822395
3.12532830238
3.12631511688
3.12731719017
3.1285674572
3.12957525253
3.13056969643
3.13156747818
3.13256716728
3.13356375694
3.13455462456
3.13555645943
3.13655972481
3.13756418228
3.13857150078
3.13961863518
3.1405582428
3.1415514946
3.14230871201
3.1435520649
3.14454770088
3.14554452896
3.14654994011
3.147544384
3.14854478836
3.14956784248
3.15057945251
3.15133595467
3.15253949165
3.15353751183
3.15453600883
3.15557384491
3.15653657913
3.15753555298
3.15853953362
3.15954589844
3.16054582596
3.16154623032
3.16254615784
3.16355371475
3.16453909874
3.16554021835
3.16658902168
3.16753435135
3.16853642464
3.16953611374
3.1705300808
3.17154169083
3.17253279686
3.17353415489
3.17453360558
3.17552685738
3.17652201653
3.17752718925
3.17852592468
3.17952227592
3.18052506447
3.1815199852
3.18252563477
3.18351531029
3.18451809883
3.185516119
3.1865170002
3.18751454353
3.18851613998
3.18951368332
3.19051599503
3.19152235985
3.19252085686
3.19451379776
3.19651722908
3.19751691818
3.19853425026
3.19955825806
3.20051789284
3.20152068138
3.20253348351
3.20353317261
3.20453691483
3.20552682877
3.20652079582
3.20752120018
3.20851778984
3.20951485634
3.21050453186
3.21151041985
3.21251893044
3.21350574493
3.21451210976
3.21551799774
3.21650195122
3.21750259399
3.21850275993
3.21951842308
3.22051000595
3.22150826454
3.22250127792
3.22350358963
3.22453689575
3.2254948616
3.22649884224
3.22751164436
3.22849655151
3.22949647903
3.23049664497
3.23149180412
3.23253488541
3.23349165916
3.23449063301
3.23553919792
3.23649096489
3.23750042915
3.23848748207
3.23949313164
3.24049305916
3.24149227142
3.24248623848
3.24349021912
3.24448752403
3.24548411369
3.24648594856
3.24750590324
3.24848270416
3.2494828701
3.25049495697
3.25148653984
3.2524933815
3.25349903107
3.25449204445
3.25548648834
3.25648975372
3.25749707222
3.25849795341
3.2594935894
3.26049876213
3.26150012016
3.26249527931
3.2634973526
3.26449608803
3.26649212837
3.26748657227
3.26848888397
3.26948618889
3.27048373222
3.27148342133
3.27247929573
3.27347064018
3.27446985245
3.27547979355
3.27647995949
3.27748155594
3.2784640789
3.27946996689
3.28047943115
3.28147268295
3.28247594833
3.28347539902
3.28446722031
3.28546476364
3.28646755219
3.28746438026
3.28846740723
3.28946590424
3.29046177864
3.29146528244
3.29245829582
3.29346179962
3.29446053505
3.29546904564
3.2964630127
3.29746794701
3.29846596718
3.29945993423
3.30047631264
3.30147075653
3.3024559021
3.3034555912
3.30445790291
3.30547642708
3.30645990372
3.3074631691
3.30845212936
3.30945062637
3.31045436859
3.31144690514
3.31244850159
3.31345176697
3.31445336342
3.31544923782
3.31645083427
3.31744551659
3.3184440136
3.31944894791
3.32044124603
3.32145094872
3.32249951363
3.32344818115
3.32445502281
3.32544398308
3.32645463943
3.32746076584
3.32845854759
3.32946491241
3.33045911789
3.33144521713
3.33244299889
3.33344388008
3.33444166183
3.33644151688
3.33744692802
3.33843564987
3.33943462372
3.34043383598
3.34144020081
3.34244084358
3.34344363213
3.34445405006
3.34543585777
3.34643769264
3.34743380547
3.3484377861
3.34942555428
3.35042715073
3.35142731667
3.35243010521
3.35442209244
3.35541772842
3.35642623901
3.35741972923
3.35847401619
3.35942840576
3.360435009
3.36142230034
3.36247515678
3.36346793175
3.36442303658
3.36542320251
3.36641860008
3.36742472649
3.36844015121
3.36942243576
3.37043261528
3.3714222908
3.37244963646
3.37343525887
3.37441253662
3.37546062469
3.37643480301
3.37743997574
3.37844228745
3.37942266464
3.38042068481
3.3814136982
3.38243246078
3.38343262672
3.38441157341
3.38541984558
3.38642454147
3.38740158081
3.38840961456
3.38941025734
3.39040350914
3.39140367508
3.3924062252
3.39340233803
3.3944003582
3.39539599419
3.39639854431
3.39738965034
3.3983874321
3.39938688278
3.40038609505
3.40138411522
3.40238547325
3.40338730812
3.40438294411
3.40538239479
3.40638685226
3.4074280262
3.40838909149
3.40938591957
3.41038393974
3.41139650345
3.4123980999
3.4223780632
3.42337942123
3.42437601089
3.42538690567
3.42637395859
3.42737770081
3.4293782711
3.43037676811
3.43139791489
3.43938279152
3.44037604332
3.44338774681
3.44437336922
3.44537472725
3.44636178017
3.44736862183
3.44835662842
3.4493534565
3.45035552979
3.45135903358
3.45235896111
3.45335698128
3.45435214043
3.45534753799
3.45634889603
3.45734548569
3.45834922791
3.45935630798
3.46036076546
3.46136784554
3.46236228943
3.46342563629
3.46435856819
3.46535253525
3.46635174751
3.46734857559
3.46834659576
3.46934437752
3.47034049034
3.47133851051
3.47234964371
3.47333860397
3.47434520721
3.47534704208
3.47634577751
3.47734498978
3.47833848
3.47934603691
3.48034453392
3.48134565353
3.48234272003
3.48334312439
3.48436450958
3.48533630371
3.4863307476
3.48733568192
3.48833870888
3.48933601379
3.49033665657
3.49133372307
3.49233603477
3.49333357811
3.49433684349
3.49533605576
3.49633407593
3.4973449707
3.49834942818
3.49933958054
3.50033926964
3.50133395195
3.50233721733
3.50333499908
3.5043296814
3.50532698631
3.50632333755
3.50733041763
3.50831770897
3.50932645798
3.51033353806
3.51132297516
3.51232051849
3.51332402229
3.51456332207
3.51532244682
3.51633024216
3.51732563972
3.51831793785
3.51932072639
3.52032613754
3.52132248878
3.52232170105
3.52332282066
3.52431917191
3.52531528473
3.52632427216
3.52734351158
3.52831864357
3.52932476997
3.53057765961
3.53131246567
3.53231453896
3.53331589699
3.53431200981
3.53530907631
3.53630709648
3.53730750084
3.53830885887
3.53956317902
3.54055142403
3.54130148888
3.54232382774
3.54334831238
3.5445420742
3.54529595375
3.54654240608
3.54754161835
3.54854297638
3.54954719543
3.55054306984
3.55155682564
3.55253958702
3.55553770065
3.5565340519
3.55733060837
3.55833888054
3.55953121185
3.56053066254
3.56128525734
3.56252765656
3.56353354454
3.56453037262
3.56532645226
3.56652832031
3.56752586365
3.56852984428
3.5692949295
3.57053947449
3.57153272629
3.57253170013
3.57352685928
3.5745279789
3.57552433014
3.57652235031
3.57752776146
3.57852435112
3.57952332497
3.58051943779
3.58132576942
3.58251953125
3.58351564407
3.58451628685
3.58531165123
3.58651828766
3.58751869202
3.58851623535
3.58951401711
3.59050965309
3.59155726433
3.59255027771
3.59451317787
3.59551095963
3.59655642509
3.59752202034
3.5985891819
3.59958124161
3.60057616234
3.60135340691
3.60255932808
3.60351681709
3.60452699661
3.60552501678
3.60651302338
3.60751748085
3.60850834846
3.60950803757
3.61054396629
3.61154913902
3.61250448227
3.61351275444
3.6145195961
3.61551618576
3.61652112007
3.61752176285
3.61850547791
3.61950588226
3.62050223351
3.62150144577
3.62251210213
3.62350010872
3.6245098114
3.62550878525
3.62650322914
3.62750124931
3.62850689888
3.62949991226
3.63049888611
3.63150262833
3.6324968338
3.63349342346
3.63449168205
3.63549590111
3.63649106026
3.63749098778
3.63849186897
3.63949155807
3.64048552513
3.64148259163
3.64251112938
3.64349389076
3.64448356628
3.64548826218
3.6464881897
3.64750504494
3.64849996567
3.6495051384
3.65049266815
3.65148377419
3.65248560905
3.6534883976
3.65449333191
3.65548062325
3.65647935867
3.65748906136
3.65848278999
3.65947937965
3.66049289703
3.66148757935
3.66248273849
3.66347646713
3.66447329521
3.66547632217
3.66647672653
3.66747999191
3.66849422455
3.6694920063
3.67049002647
3.67148518562
3.67348742485
3.67447948456
3.67547869682
3.67647886276
3.67748832703
3.6784863472
3.67947745323
3.68047332764
3.68147039413
3.68247079849
3.68350243568
3.6844689846
3.68546891212
3.68647027016
3.68746900558
3.68847060204
3.6894671917
3.69046616554
3.69149065018
3.69247150421
3.69347143173
3.69445466995
3.69545531273
3.69645428658
3.697453022
3.69845509529
3.69945311546
3.70054674149
3.70149302483
3.70248913765
3.70345067978
3.70444822311
3.70551872253
3.70645594597
3.7074842453
3.70846986771
3.70945811272
3.7104511261
3.71152973175
3.71245002747
3.71445298195
3.71544837952
3.71644568443
3.71744537354
3.71844410896
3.7194416523
3.72043991089
3.72146892548
3.72243857384
3.72344374657
3.7244412899
3.72544288635
3.72643828392
3.72743821144
3.72844195366
3.72944283485
3.73044037819
3.7314426899
3.73243975639
3.73344135284
3.73445177078
3.735435009
3.7364397049
3.73747324944
3.73843836784
3.7394528389
3.74045419693
3.74143838882
3.74243092537
3.7434322834
3.74443483353
3.74543094635
3.74646925926
3.74744105339
3.74843525887
3.74944210052
3.75043225288
3.75142455101
3.75244116783
3.75342726707
3.75443220139
3.75542330742
3.75642156601
3.76742601395
3.76842927933
3.76942491531
3.7714164257
3.77242231369
3.77341461182
3.7764313221
3.77748322487
3.77842879295
3.77941846848
3.78041172028
3.78141403198
3.78241848946
3.78340435028
3.78440070152
3.78540611267
3.78639984131
3.78740906715
3.7884054184
3.78940153122
3.79041075706
3.79139852524
3.79240846634
3.79339957237
3.79439926147
3.79539656639
3.79638767242
3.79739618301
3.79839897156
3.79938960075
3.80038690567
3.80143785477
3.80243778229
3.80339980125
3.80439901352
3.80539917946
3.80638241768
3.80738306046
3.80838418007
3.80938529968
3.81038594246
3.81138372421
3.81238412857
3.81337952614
3.82138442993
3.82238006592
3.82338404655
3.82438373566
3.82537984848
3.82637763023
3.82737660408
3.82837939262
3.8293697834
3.83037662506
3.8313703537
3.83237242699
3.83337545395
3.83437299728
3.83536601067
3.83636760712
3.83737230301
3.83836364746
3.83936095238
3.84036564827
3.84136652946
3.84236907959
3.84337162971
3.84436821938
3.84536409378
3.84636092186
3.8473637104
3.84836435318
3.85136461258
3.85236096382
3.85336399078
3.85636115074
3.8573641777
3.85836172104
3.85935807228
3.86036300659
3.86135721207
3.86235451698
3.86336016655
3.864361763
3.86535429955
3.86635088921
3.86735010147
3.86834931374
3.86935663223
3.87034916878
3.87134552002
3.87334656715
3.87435150146
3.8753490448
3.87634849548
3.87735486031
3.87834501266
3.87935161591
3.88034415245
3.88134026527
3.8823428154
3.88335108757
3.88435077667
3.88534736633
3.88634681702
3.88735246658
3.88835382462
3.89434027672
3.89534258842
3.89634990692
3.89734840393
3.89834284782
3.89934062958
3.90034174919
3.90133714676
3.90233898163
3.90333223343
3.90433144569
3.9053311348
3.90632987022
3.90733718872
3.90832781792
3.9093272686
3.91032671928
3.91135549545
3.91257214546
3.91332817078
3.91432762146
3.91532802582
3.91733241081
3.9183242321
3.9193212986
3.92032003403
3.92132091522
3.92232060432
3.92332673073
3.92457866669
3.92531776428
3.92632102966
3.92732214928
3.92831921577
3.92932367325
3.93034815788
3.93132829666
3.93231987953
3.93332314491
3.93433427811
3.93532109261
3.93631696701
3.93731594086
3.93831539154
3.93931436539
3.94031023979
3.94131183624
3.94256353378
3.94331145287
3.94431948662
3.94530916214
3.94630551338
3.94730257988
3.94830060005
3.94930839539
3.95055031776
3.95129561424
3.95254683495
3.9545416832
3.95554327965
3.95654344559
3.95759487152
3.95854568481
3.95954012871
3.9603395462
3.96130394936
3.96255159378
3.96355128288
3.96455359459
3.96555256844
3.96654176712
3.96734046936
3.96853923798
3.96930241585
3.97054076195
3.97154116631
3.97253870964
3.97353458405
3.97453832626
3.97540855408
3.97653317451
3.97729635239
3.97853136063
3.97953367233
3.98054623604
3.9815788269
3.98253560066
3.98356509209
3.98432159424
3.98556566238
3.98652482033
3.98753595352
3.98834228516
3.98952531815
3.99053764343
3.99152421951
3.99329710007
3.99453139305
3.99552345276
3.99651956558
3.99752116203
3.99852108955
3.99953103065
4.00052809715
4.00154972076
4.00253224373
4.00353479385
4.00451612473
4.00556468964
4.00634598732
4.00751280785
4.00852704048
4.00951552391
4.01032543182
4.011510849
4.0125143528
4.01750659943
4.01850819588
4.01951098442
4.02050328255
4.021504879
4.02250695229
4.02350401878
4.02450418472
4.02551364899
4.02652192116
4.02752518654
4.03151321411
4.03251481056
4.0335123539
4.03450870514
4.0355091095
4.03651309013
4.03751730919
4.03851604462
4.03951072693
4.0405163765
4.04150867462
4.04250335693
4.04357671738
4.04450821877
4.04550290108
4.04650402069
4.04749941826
4.04850387573
4.04950904846
4.05051922798
4.05150961876
4.05251479149
4.05350875854
4.05449962616
4.05550336838
4.05649900436
4.05749392509
4.05849695206
4.05949401855
4.06049633026
4.06149101257
4.06249237061
4.06349182129
4.06450366974
4.06549191475
4.06648755074
4.06748604774
4.06848835945
4.06948018074
4.07048010826
4.0714905262
4.07248330116
4.07348203659
4.07448244095
4.07548356056
4.07647943497
4.07747888565
4.07847881317
4.07947802544
4.08048272133
4.08147978783
4.08247995377
4.08347797394
4.08447504044
4.08547830582
4.08647370338
4.08849191666
4.08948636055
4.09048318863
4.09148287773
4.09646940231
4.09746456146
4.09846949577
4.0994758606
4.10047292709
4.10146641731
4.10246968269
4.10347604752
4.10447311401
4.10551261902
4.10650777817
4.10745882988
4.10846281052
4.10948014259
4.11046552658
4.1114783287
4.11247014999
4.11446690559
4.11548185349
4.11646103859
4.11745786667
4.11846733093
4.11946177483
4.12047386169
4.12146615982
4.12246179581
4.12346172333
4.12446045876
4.1254632473
4.12646651268
4.12746810913
4.12845396996
4.12945342064
4.13044929504
4.13145136833
4.13244795799
4.13344931602
4.13445043564
4.13744544983
4.13844394684
4.13944387436
4.1404569149
4.14144563675
4.14244842529
4.14344930649
4.14444518089
4.14544630051
4.14644145966
4.14744281769
4.14836382866
4.14944171906
4.15044140816
4.151450634
4.15243983269
4.15344023705
4.15444016457
4.1554453373
4.15644550323
4.15744066238
4.15844964981
4.15944385529
4.16044688225
4.16145133972
4.16247653961
4.16346216202
4.16445088387
4.16543602943
4.16644048691
4.16747641563
4.16845607758
4.16945719719
4.17043495178
4.17142963409
4.1724293232
4.17342472076
4.17442989349
4.17542099953
4.1764330864
4.17742419243
4.17843794823
4.17943096161
4.18043136597
4.18143463135
4.18244051933
4.18341994286
4.18443441391
4.18542051315
4.18643093109
4.18742704391
4.18843460083
4.18943119049
4.19043684006
4.19146370888
4.19242835045
4.194429636
4.19542312622
4.19642496109
4.19742178917
4.19841599464
4.19940567017
4.2004263401
4.20155310631
4.20244002342
4.20344114304
4.20442938805
4.20541977882
4.20642733574
4.2074842453
4.20843648911
4.20941996574
4.21142625809
4.21243476868
4.21341919899
4.21441531181
4.21541929245
4.21641969681
4.21741461754
4.21841835976
4.219404459
4.22041702271
4.22146105766
4.22240543365
4.22340893745
4.22464799881
4.22840499878
4.2294178009
4.2304148674
4.23140716553
4.23240590096
4.23340702057
4.23440122604
4.23539948463
4.23640370369
4.23738837242
4.23840475082
4.23949956894
4.24040603638
4.24150061607
4.24241542816
4.24441289902
4.24541783333
4.24641561508
4.24742078781
4.24840927124
4.25938296318
4.26038885117
4.26140189171
4.26242113113
4.26338124275
4.26438689232
4.26538395882
4.26637530327
4.26737809181
4.27137160301
4.27236318588
4.2733631134
4.27435827255
4.275359869
4.27636265755
4.27736282349
4.27837061882
4.28036141396
4.28136229515
4.28236556053
4.28337097168
4.28437066078
4.28536510468
4.28636288643
4.28736996651
4.28837347031
4.28937220573
4.29037308693
4.29141283035
4.29236698151
4.2933614254
4.29436016083
4.30235290527
4.30335283279
4.30434441566
4.30534505844
4.30635499954
4.30735421181
4.30835795403
4.30934786797
4.31035757065
4.31134390831
4.31234145164
4.31334638596
4.31434822083
4.3153398037
4.31634497643
4.31734156609
4.31834053993
4.31934690475
4.32034111023
4.32134151459
4.32233309746
4.32334184647
4.32436656952
4.32535123825
4.32634878159
4.32735586166
4.32834506035
4.32935166359
4.33034825325
4.33135700226
4.33236193657
4.33334064484
4.33435320854
4.33537125587
4.34034776688
4.34134173393
4.34233021736
4.34332871437
4.3443365097
4.34533596039
4.34632658958
4.34732484818
4.34833741188
4.34932637215
4.35038566589
4.35156273842
4.35332560539
4.35433244705
4.35555815697
4.35633087158
4.3573243618
4.35831928253
4.35933470726
4.36033272743
4.36132955551
4.36232161522
4.36332774162
4.36433124542
4.36533856392
4.36657261848
4.36757802963
4.36857271194
4.36957216263
4.3705599308
4.37155342102
4.37255787849
4.37355232239
4.37455272675
4.37555599213
4.37655830383
4.37756299973
4.37854790688
4.37954854965
4.38055944443
4.38132619858
4.38256406784
4.38356232643
4.38557338715
4.38656806946
4.38757419586
4.38955879211
4.39054846764
4.3914129734
4.39254665375
4.39353775978
4.39453792572
4.39554262161
4.39655613899
4.3972992897
4.39853620529
4.39953231812
4.40053129196
4.40134167671
4.40253329277
4.40353560448
4.40453982353
4.40552926064
4.40653061867
4.40752983093
4.40853428841
4.40953302383
4.41054129601
4.4115319252
4.41253089905
4.41552448273
4.41652703285
4.41752624512
4.4185256958
4.41952991486
4.42053985596
4.42154860497
4.42254447937
4.42354202271
4.42453050613
4.42554926872
4.42652201653
4.4275135994
4.42852807045
4.42951869965
4.43051958084
4.43151831627
4.43251299858
4.43351459503
4.43451070786
4.43551182747
4.43651676178
4.43751239777
4.43851208687
4.43952202797
4.44051671028
4.44150829315
4.44249367714
4.44351053238
4.44449806213
4.44549775124
4.4465098381
4.44763946533
4.44850897789
4.44950890541
4.4505777359
4.45150613785
4.45251059532
4.4535048008
4.45450568199
4.45550227165
4.45650076866
4.45750117302
4.45850992203
4.45950865746
4.46051430702
4.46150326729
4.4625082016
4.46355342865
4.46451425552
4.46551442146
4.46651268005
4.4675014019
4.4685049057
4.46950697899
4.47050499916
4.47151374817
4.47250938416
4.47350335121
4.4745054245
4.47549772263
4.47651314735
4.47751736641
4.47850394249
4.47948932648
4.48049354553
4.48147559166
4.48248171806
4.4834792614
4.48447608948
4.48549365997
4.4864730835
4.48747301102
4.48846650124
4.48946833611
4.49048948288
4.49150443077
4.49246549606
4.49346590042
4.49446511269
4.49546527863
4.49646425247
4.49748563766
4.49846220016
4.49949383736
4.50046539307
4.5014872551
4.50246620178
4.50447368622
4.50546097755
4.50647854805
4.50748872757
4.51149725914
4.51248168945
4.5134704113
4.51447343826
4.51546311378
4.51646208763
4.51746177673
4.51845765114
4.51945948601
4.52047133446
4.52146840096
4.52245855331
4.52345657349
4.52445673943
4.52546405792
4.52645373344
4.52846264839
4.52944874763
4.53045010567
4.53145623207
4.53245449066
4.5334508419
4.53445839882
4.53548574448
4.53644919395
4.53744268417
4.53844594955
4.53944063187
4.54044723511
4.54153490067
4.5424823761
4.54344058037
4.54444241524
4.54544353485
4.54644370079
4.54744577408
4.54843950272
4.54944252968
4.5504424572
4.55144572258
4.55245161057
4.55345964432
4.55445361137
4.55544710159
4.55645799637
4.55748343468
4.55844402313
4.55944371223
4.56043887138
4.56145453453
4.56244874001
4.56344366074
4.56444358826
4.56544756889
4.56643462181
4.56743693352
4.56842827797
4.56943368912
4.57043433189
4.57143616676
4.57243037224
4.57342767715
4.57443022728
4.57543778419
4.5764400959
4.57743144035
4.57843470573
4.57942843437
4.58042812347
4.58142614365
4.58241796494
4.58342576027
4.58442592621
4.5854268074
4.58642554283
4.58741879463
4.58842229843
4.58945202827
4.59041643143
4.59141182899
4.59241747856
4.59341430664
4.59441781044
4.59542012215
4.59641575813
4.59741306305
4.5984287262
4.59943294525
4.60043621063
4.60143518448
4.60243153572
4.60343527794
4.60441565514
4.60541391373
4.60641431808
4.6074090004
4.6084125042
4.60940313339
4.61041235924
4.61141347885
4.61241412163
4.61340284348
4.61440396309
4.61540913582
4.61640763283
4.61739897728
4.61840748787
4.61940264702
4.62041115761
4.62142014503
4.62242412567
4.62641000748
4.62739849091
4.62840938568
4.62940621376
4.63238787651
4.63338518143
4.63438367844
4.63539743423
4.63640284538
4.63740062714
4.63838529587
4.63938689232
4.64038920403
4.6414065361
4.64238834381
4.64340376854
4.64438581467
4.64638018608
4.64738941193
4.64838767052
4.64937949181
4.65037679672
4.65336513519
4.65437626839
4.65637469292
4.65737271309
4.65836954117
4.65936636925
4.66037559509
4.66137480736
4.66237449646
4.66336798668
4.66436696053
4.6653676033
4.66636133194
4.66735768318
4.66835927963
4.6693572998
4.67035794258
4.67135810852
4.67241191864
4.67335605621
4.6743581295
4.67535400391
4.67635560036
4.6773545742
4.67836046219
4.67936587334
4.68036437035
4.68135666847
4.68237066269
4.68338489532
4.68437170982
4.68537402153
4.68635845184
4.68736195564
4.68835234642
4.68935155869
4.69035625458
4.69135665894
4.69235467911
4.69336342812
4.6943526268
4.69534611702
4.69634747505
4.69734549522
4.69838428497
4.69935107231
4.70036959648
4.70140552521
4.70235896111
4.7033572197
4.70436000824
4.70536231995
4.70643758774
4.70740294456
4.70841646194
4.70938968658
4.71038341522
4.71142840385
4.71240067482
4.71337795258
4.71438741684
4.71535515785
4.71634483337
4.71734261513
4.71834874153
4.71934390068
4.72039651871
4.7213447094
4.72234725952
4.72334003448
4.72433590889
4.72533941269
4.72633242607
4.72734713554
4.72832727432
4.72932815552
4.73032689095
4.73132538795
4.73233342171
4.73336791992
4.73432850838
4.73532676697
4.73632955551
4.73732972145
4.73833012581
4.73936295509
4.74036502838
4.74136590958
4.74232625961
4.74332499504
4.74432444572
4.74534869194
4.74632334709
4.74732351303
4.74832487106
4.749335289
4.75033664703
4.75133395195
4.75232052803
4.75332355499
4.75431919098
4.75531888008
4.75632476807
4.75732254982
4.75832724571
4.75931930542
4.76032876968
4.76632356644
4.76732611656
4.76832222939
4.76932287216
4.77056789398
4.77655673027
4.77755427361
4.77854704857
4.77954602242
4.78054237366
4.78153848648
4.7825460434
4.78329825401
4.7845389843
4.78534173965
4.78654551506
4.78755640984
4.78857493401
4.78955483437
4.79054117203
4.79130005836
4.79254841805
4.79354119301
4.79453921318
4.79553675652
4.79653501511
4.79753565788
4.79853391647
4.79953217506
4.80053067207
4.80152845383
4.80253624916
4.8035466671
4.80852460861
4.80952954292
4.81053972244
4.81153869629
4.81253743172
4.81353473663
4.81453943253
4.81552362442
4.81652498245
4.81753492355
4.81852436066
4.81952810287
4.82052183151
4.8215200901
4.82255601883
4.82351660728
4.82451343536
4.82551193237
4.82651853561
4.82751917839
4.82851672173
4.82951068878
4.83055949211
4.83151245117
4.83251357079
4.8335082531
4.83450722694
4.83551287651
4.83650279045
4.83750629425
4.83850550652
4.83950519562
4.8405008316
4.84150719643
4.84250116348
4.84351038933
4.8445057869
4.84550118446
4.84650373459
4.84752511978
4.8485262394
4.84951448441
4.85050559044
4.85351204872
4.85451865196
4.85552477837
4.85652494431
4.85752058029
4.85852146149
4.8595161438
4.86050915718
4.861515522
4.86251163483
4.86350655556
4.86450886726
4.86550474167
4.86651110649
4.86750292778
4.86849927902
4.86950016022
4.87049722672
4.87150621414
4.8724925518
4.87348866463
4.87449121475
4.87649655342
4.87749838829
4.87849187851
4.87931585312
4.88049983978
4.8814971447
4.8824877739
4.88349366188
4.88448810577
4.88553857803
4.88648700714
4.88748955727
4.88850092888
4.8894970417
4.89049744606
4.89149594307
4.89248037338
4.89347743988
4.89447760582
4.89547610283
4.89648032188
4.89747786522
4.89848041534
4.89947724342
4.90047287941
4.90148901939
4.90249347687
4.90347671509
4.90448617935
4.9054851532
4.9064719677
4.90747880936
4.90848684311
4.90948081017
4.91048359871
4.91148257256
4.91248011589
4.91347718239
4.91448140144
4.9154791832
4.91647982597
4.91748762131
4.91849374771
4.92547512054
4.92647647858
4.92747688293
4.92849588394
4.92949223518
4.93047142029
4.93146705627
4.93246150017
4.93346214294
4.93446207047
4.94048762321
4.94147968292
4.94247770309
4.94347143173
4.94447875023
4.9454703331
4.94646167755
4.94745707512
4.94846343994
4.949467659
4.95046496391
4.95349979401
4.95446872711
4.95545458794
4.95645666122
4.95747184753
4.95846962929
4.95946955681
4.96046328545
4.96146583557
4.96245646477
4.96346473694
4.96445679665
4.96545672417
4.96644878387
4.9674487114
4.9684574604
4.97145962715
4.97245407104
4.97345209122
4.97445106506
4.97544980049
4.97644758224
4.97744941711
4.97844696045
4.97944140434
4.9804520607
4.98145723343
4.98245310783
4.98544239998
4.98644733429
4.98744034767
4.99447417259
4.99543833733
4.99644184113
4.99743676186
4.99843931198
4.99944233894
5.00048041344
5.00147795677
5.00247645378
5.00343823433
5.00443887711
5.00544977188
5.00643587112
5.00746870041
5.00843930244
5.00942730904
5.01042675972
5.01142525673
5.0124309063
5.01346039772
5.0144238472
5.01542282104
5.01642847061
5.01742815971
5.01843190193
5.01942110062
5.02042555809
5.02143239975
5.02241396904
5.02345204353
5.02441811562
5.02544116974
5.02640843391
5.02745270729
5.02841353416
5.02952980995
5.03041100502
5.03145360947
5.03240776062
5.03340959549
5.03440761566
5.03540015221
5.03641247749
5.03740167618
5.03840136528
5.03943634033
5.04044008255
5.04143857956
5.04243850708
5.04344248772
5.04443240166
5.04538941383
5.04644489288
5.04743981361
5.04838871956
5.04939746857
5.05045461655
5.05143165588
5.0523982048
5.05338215828
5.05637717247
5.05738139153
5.05838036537
5.05938601494
5.0603826046
5.06142306328
5.06238293648
5.06343412399
5.06443810463
5.06540751457
5.06643486023
5.06743216515
5.06839942932
5.06938171387
5.07038068771
5.07142519951
5.07238149643
5.07337880135
5.07437443733
5.07542276382
5.07637882233
5.07737874985
5.07837963104
5.07938504219
5.08043265343
5.08137249947
5.08236932755
5.0833671093
5.0843667984
5.08537220955
5.08636832237
5.08738327026
5.08866047859
5.0893676281
5.09036850929
5.0913670063
5.09236240387
5.09348654747
5.0943646431
5.09536647797
5.09636855125
5.09736227989
5.09837222099
5.09936857224
5.1003742218
5.10136771202
5.10238075256
5.10339975357
5.10438084602
5.10538291931
5.10639739037
5.10740566254
5.10839676857
5.10936641693
5.11036133766
5.11136865616
5.11235785484
5.11335873604
5.11436390877
5.1153588295
5.11635875702
5.11735415459
5.11835169792
5.11935210228
5.12034845352
5.12134480476
5.12235927582
5.12334775925
5.12434530258
5.12534594536
5.12634348869
5.1273458004
5.12835478783
5.12936854362
5.13038802147
5.13136363029
5.1323492527
5.13334798813
5.13437008858
5.1353635788
5.13639998436
5.13735246658
5.13836073875
5.13935017586
5.14035320282
5.14134931564
5.14235281944
5.14335918427
5.14436793327
5.1553440094
5.15635538101
5.15734815598
5.15933918953
5.16033482552
5.16133713722
5.16235923767
5.1633374691
5.16435027122
5.16534161568
5.16633558273
5.16732883453
5.1684012413
5.16956853867
5.17032694817
5.17132401466
5.1725628376
5.17632818222
5.17732834816
5.17833709717
5.17933154106
5.18032646179
5.1813352108
5.18233013153
5.18358945847
5.18436527252
5.18532180786
5.18633389473
5.18756985664
5.18856906891
5.18958353996
5.19455981255
5.19556641579
5.19658565521
5.19757509232
5.19857573509
5.19955873489
5.20054888725
5.20155191422
5.20254898071
5.2035882473
5.20437383652
5.20554685593
5.20654201508
5.20754146576
5.20854449272
5.20930457115
5.21054148674
5.21153974533
5.21254324913
5.21754050255
5.21854782104
5.22153782845
5.22253775597
5.22355079651
5.22454404831
5.22529816628
5.22654128075
5.22753763199
5.22853708267
5.22954154015
5.23053598404
5.23159718513
5.23253417015
5.23352789879
5.23453307152
5.23534035683
5.23631095886
5.23753070831
5.23856878281
5.23933148384
5.2403512001
5.24156904221
5.24257516861
5.24352931976
5.24452590942
5.24553370476
5.24653863907
5.24752259254
5.24852585793
5.24951601028
5.25056242943
5.25451469421
5.25551843643
5.25652217865
5.25752067566
5.25851202011
5.25951147079
5.26051139832
5.26152229309
5.2625143528
5.26352024078
5.26452851295
5.26552963257
5.26652789116
5.26752185822
5.26851344109
5.26952195168
5.27053618431
5.27154684067
5.27252411842
5.27651286125
5.27752447128
5.27851462364
5.27950906754
5.28051066399
5.28150987625
5.282507658
5.28350830078
5.28451943398
5.28551220894
5.28651833534
5.28753042221
5.28851509094
5.28951454163
5.29051589966
5.29150700569
5.29250192642
5.29349994659
5.29449892044
5.29549884796
5.29650449753
5.29750108719
5.29850077629
5.29949569702
5.30049824715
5.30149745941
5.30260372162
5.30349683762
5.30450487137
5.30549907684
5.30649924278
5.30749535561
5.30849671364
5.30949759483
5.31067609787
5.31150627136
5.31251144409
5.31649947166
5.31749081612
5.31849145889
5.31947588921
5.32047605515
5.3214776516
5.32247304916
5.32347488403
5.32447195053
5.32546901703
5.32647156715
5.32747220993
5.32848381996
5.32947826385
5.33048605919
5.33148503304
5.33248472214
5.33348059654
5.33448028564
5.33547830582
5.33648514748
5.33747076988
5.33846974373
5.33948993683
5.34048748016
5.3414683342
5.34246373177
5.34345841408
5.34446144104
5.34547042847
5.34645867348
5.34746360779
5.34847974777
5.34947037697
5.35046672821
5.35148572922
5.35246086121
5.35346245766
5.35446023941
5.35546088219
5.3564696312
5.35747885704
5.35849475861
5.3595032692
5.36045646667
5.36148285866
5.3624920845
5.36346912384
5.36446213722
5.36552166939
5.36646318436
5.36751818657
5.36844968796
5.3694486618
5.37044715881
5.37147378922
5.37244963646
5.37344741821
5.37444782257
5.37547421455
5.37644743919
5.37744688988
5.37844610214
5.37944626808
5.38044142723
5.38151669502
5.38251209259
5.38349366188
5.38444399834
5.38548874855
5.38644266129
5.38744163513
5.38845038414
5.3894507885
5.39044094086
5.39143705368
5.39245676994
5.39343881607
5.39544224739
5.39644289017
5.39743280411
5.39843654633
5.39943528175
5.40048551559
5.40143156052
5.40246701241
5.40343332291
5.40444612503
5.4054338932
5.40643978119
5.40747308731
5.40843081474
5.40943384171
5.41043162346
5.41143512726
5.41243052483
5.41343021393
5.41442799568
5.41543674469
5.41643428802
5.41742539406
5.41842556
5.41943883896
5.42042946815
5.42143058777
5.42242693901
5.42342615128
5.42443466187
5.42542243004
5.42642617226
5.42741417885
5.42842459679
5.42941665649
5.4304125309
5.43144965172
5.43244934082
5.43341422081
5.43441295624
5.43545365334
5.43641018867
5.43740177155
5.43842101097
5.43941068649
5.44041967392
5.44141578674
5.44241929054
5.44340777397
5.44439291954
5.44539999962
5.44641137123
5.44739675522
5.4483962059
5.44943642616
5.45040512085
5.45138502121
5.4523832798
5.45338749886
5.45438790321
5.45538187027
5.45638203621
5.45740962029
5.45838117599
5.45937943459
5.46037817001
5.46138310432
5.46237850189
5.46343064308
5.46440935135
5.46537971497
5.46637797356
5.46739840508
5.46838188171
5.46938443184
5.4703836441
5.47139143944
5.47237849236
5.47337698936
5.47437620163
5.47537350655
5.47637438774
5.47737550735
5.47837686539
5.47937846184
5.48037528992
5.48137569427
5.48237943649
5.48337721825
5.48437619209
5.48538327217
5.48636889458
5.48738431931
5.48837208748
5.489372015
5.49036478996
5.49136471748
5.49236559868
5.49336433411
5.494358778
5.49536395073
5.4963581562
5.49736952782
5.49835729599
5.49935865402
5.50035858154
5.50136637688
5.50236010551
5.50335597992
5.50435328484
5.50535368919
5.50635433197
5.50736761093
5.50835037231
5.50935482979
5.51035189629
5.51135802269
5.51235222816
5.51335215569
5.51434969902
5.51535081863
5.51634931564
5.51736354828
5.5183506012
5.51934742928
5.5213470459
5.52234888077
5.52335786819
5.52435159683
5.52534651756
5.52634692192
5.52735137939
5.52834391594
5.52935099602
5.5303401947
5.53134083748
5.53233981133
5.53334069252
5.53434062004
5.53533816338
5.5363445282
5.5373404026
5.53834199905
5.53934693336
5.54033660889
5.54134202003
5.54234933853
5.54335021973
5.54433321953
5.54533982277
5.54633688927
5.54734516144
5.54833269119
5.54932951927
5.55034279823
5.55133152008
5.55233311653
5.55332946777
5.55433011055
5.55532765388
5.55632686615
5.5573425293
5.56033062935
5.56133389473
5.56233882904
5.56333971024
5.56433916092
5.56533050537
5.56632423401
5.56732368469
5.56832170486
5.56932258606
5.57032346725
5.57131958008
5.57231831551
5.57331323624
5.57432198524
5.57531118393
5.57632184029
5.57731127739
5.57855415344
5.57931184769
5.58032488823
5.58131957054
5.58260369301
5.58335089684
5.58431529999
5.58530378342
5.58631515503
5.58730816841
5.58831071854
5.58930587769
5.59030461311
5.59130644798
5.59235692024
5.59330463409
5.59432268143
5.59530878067
5.59630799294
5.59730935097
5.59830832481
5.59956479073
5.60054945946
5.60130739212
5.60254263878
5.60330581665
5.60429859161
5.6052980423
5.60653686523
5.60753679276
5.60853457451
5.60953450203
5.61053538322
5.61153793335
5.61253619194
5.61329102516
5.61453413963
5.6155359745
5.616574049
5.61757135391
5.61853599548
5.61953020096
5.62054085732
5.62128376961
5.6225669384
5.62358212471
5.62432527542
5.6255698204
5.62654542923
5.6275267601
5.62852454185
5.6295208931
5.63051986694
5.63132619858
5.63252210617
5.63352227211
5.63452315331
5.63551807404
5.63652038574
5.63751745224
5.63854432106
5.63951683044
5.64051651955
5.64151287079
5.6423227787
5.64352226257
5.64452004433
5.64551448822
5.64651727676
5.64751648903
5.64851593971
5.64951229095
5.65051841736
5.65150666237
5.65263986588
5.65350818634
5.65450787544
5.65551042557
5.65652632713
5.657507658
5.6585085392
5.65950727463
5.66050672531
5.66155290604
5.66250491142
5.66350412369
5.66450357437
5.66550326347
5.66650295258
5.66750240326
5.6685025692
5.66950154305
5.67050290108
5.67150139809
5.67250132561
5.67449760437
5.67550253868
5.67650341988
5.67750144005
5.67850017548
5.6795027256
5.68049645424
5.68149781227
5.68250083923
5.68350100517
5.68449878693
5.68550682068
5.68650054932
5.68749928474
5.68849515915
5.68950724602
5.69033551216
5.69150304794
5.69248914719
5.69348931313
5.69449067116
5.69549012184
5.69650220871
5.69750070572
5.69848465919
5.69949579239
5.70050644875
5.70150184631
5.7025039196
5.70351839066
5.70448851585
5.70549893379
5.70648884773
5.70753955841
5.70848870277
5.7094938755
5.71047949791
5.71148848534
5.71247935295
5.71347641945
5.7144753933
5.71547293663
5.71649312973
5.71747708321
5.71848416328
5.71947431564
5.72047686577
5.72147345543
5.72247266769
5.72347593307
5.72447347641
5.72547101974
5.72646999359
5.72747206688
5.72847223282
5.72947359085
5.73047542572
5.73147320747
5.7324681282
5.7344686985
5.7354695797
5.73646378517
5.73746204376
5.73845982552
5.73947787285
5.74047660828
5.74146509171
5.74246287346
5.74346017838
5.74445986748
5.7454559803
5.7464556694
5.74745440483
5.74845480919
5.74950098991
5.75045967102
5.75149559975
5.75245594978
5.75346469879
5.75446176529
5.75546145439
5.75645685196
5.75746011734
5.75846099854
5.75945925713
5.76045751572
5.76145243645
5.76245355606
5.76346087456
5.76445794106
5.76545190811
5.766466856
5.76750516891
5.76845383644
5.76946163177
5.77045655251
5.771453619
5.77245378494
5.77344965935
5.77445220947
5.77544903755
5.77645301819
5.77744579315
5.77844691277
5.77944517136
5.78045892715
5.78146457672
5.78244900703
5.78345417976
5.78547787666
5.78644514084
5.78743433952
5.78843402863
5.7894346714
5.79043626785
5.79145956039
5.79243755341
5.79343795776
5.79443740845
5.79544615746
5.79644012451
5.79743719101
5.79843735695
5.79943847656
5.80043458939
5.80143070221
5.8024327755
5.80344462395
5.80443167686
5.80543589592
5.80642843246
5.80743217468
5.80843305588
5.80944013596
5.81043982506
5.8114464283
5.81243181229
5.81343412399
5.81442928314
5.81543374062
5.81642699242
5.81742691994
5.81842494011
5.81942629814
5.82042908669
5.82142210007
5.82243037224
5.82342290878
5.82441926003
5.8254199028
5.82641386986
5.82741236687
5.82841563225
5.82944726944
5.83041071892
5.83149337769
5.83241653442
5.83341169357
5.83441352844
5.83541321754
5.83643364906
5.83741021156
5.83840966225
5.83941030502
5.84041213989
5.84141397476
5.84241580963
5.84341621399
5.84440994263
5.84540963173
5.84641313553
5.84740304947
5.84840464592
5.84940290451
5.85041213036
5.8514380455
5.85241007805
5.85340023041
5.85440135002
5.85539722443
5.85640525818
5.85739541054
5.85839891434
5.85939478874
5.8604054451
5.86143612862
5.86243629456
5.86344027519
5.86440396309
5.86538481712
5.86638498306
5.86738443375
5.86840224266
5.86938786507
5.87038588524
5.87141346931
5.87239956856
5.87344098091
5.87437963486
5.87538123131
5.87637710571
5.87739682198
5.8784160614
5.87937831879
5.88037490845
5.88137412071
5.88237547874
5.88337755203
5.88437056541
5.88537669182
5.88637781143
5.88737082481
5.88837814331
5.8893737793
5.89037084579
5.89136815071
5.89236664772
5.89336466789
5.89436388016
5.89536309242
5.89636278152
5.89736294746
5.89836215973
5.89936447144
5.90035915375
5.90135908127
5.90235853195
5.90335798264
5.90437436104
5.90535736084
5.90635728836
5.90736341476
5.90835595131
5.90935969353
5.91036581993
5.91135907173
5.91236281395
5.9163620472
5.91735935211
5.91835403442
5.9193508625
5.920347929
5.92335009575
5.92434668541
5.92634487152
5.92734479904
5.92835640907
5.92936301231
5.93034720421
5.93135452271
5.93234562874
5.93334245682
5.93434405327
5.93834662437
5.93935012817
5.94034838676
5.94134950638
5.9423429966
5.94336080551
5.94458889961
5.94534468651
5.94634342194
5.94733595848
5.94834017754
5.94934797287
5.95033335686
5.95133781433
5.9523370266
5.95333576202
5.9543390274
5.95533704758
5.95633387566
5.95732975006
5.95834732056
5.96333527565
5.96433568001
5.96532917023
5.96633791924
5.96835541725
5.96935129166
5.97034239769
5.97133946419
5.97233176231
5.97432208061
5.97532129288
5.97632050514
5.97733139992
5.97832608223
5.97932004929
5.98031568527
5.98131680489
5.98231577873
5.98331618309
5.98431873322
5.98531365395
5.98631238937
5.98731231689
5.98831152916
5.98930859566
5.99031805992
5.99131178856
5.99231290817
5.99331521988
5.99430918694
5.99531817436
5.99632310867
5.99732160568
6.00031089783
6.00131392479
6.00230765343
6.00330495834
6.00434970856
6.00529909134
6.00629901886
6.00729775429
6.00829815865
6.00929808617
6.01029586792
6.01129698753
6.01229906082
6.01329636574
6.01430749893
6.0152964592
6.01653885841
6.01753592491
6.01854538918
6.01955032349
6.02053952217
6.02129650116
6.02259945869
6.02353978157
6.02453875542
6.02534365654
6.02655935287
6.02753520012
6.0285449028
6.0293033123
6.03057146072
6.03153634071
6.03253388405
6.03553652763
6.0365319252
6.03752875328
6.03852653503
6.03952288628
6.04052662849
6.04153633118
6.04252433777
6.04352974892
6.04452419281
6.04552054405
6.04651689529
6.04751753807
6.04851675034
6.04954528809
6.05051851273
6.05351638794
6.05451416969
6.0555126667
6.05651283264
6.05751156807
6.05851078033
6.0595138073
6.0605134964
6.06155371666
6.06251382828
6.06355762482
6.06451511383
6.06551146507
6.06651210785
6.06751155853
6.06855487823
6.06955504417
6.07051324844
6.07151222229
6.0725133419
6.07350969315
6.07451176643
6.07551050186
6.07651090622
6.07750797272
6.07851099968
6.07951545715
6.08051037788
6.08150887489
6.08251142502
6.08350944519
6.08451199532
6.08550524712
6.08650588989
6.08750510216
6.08855032921
6.08950710297
6.09050798416
6.09150576591
6.09251451492
6.09350824356
6.09450721741
6.0955016613
6.09650278091
6.09750556946
6.09850335121
6.09950470924
6.10050487518
6.10150265694
6.10255479813
6.10355567932
6.10451626778
6.10553026199
6.10651636124
6.10750198364
6.10849809647
6.1095032692
6.110496521
6.11149311066
6.11249756813
6.11449432373
6.1154923439
6.11649250984
6.11749076843
6.11849069595
6.1194858551
6.12048435211
6.12148499489
6.12249326706
6.12349462509
6.12448859215
6.12548661232
6.12649083138
6.12749481201
6.128490448
6.12949061394
6.13049387932
6.13151955605
6.13250160217
6.13349056244
6.13549137115
6.13648533821
6.13948225975
6.14048027992
6.14147353172
6.14248871803
6.14346909523
6.14447641373
6.14547634125
6.14646959305
6.14747667313
6.14846920967
6.14947485924
6.15046596527
6.15151762962
6.15246605873
6.15347099304
6.15446805954
6.15548157692
6.15646982193
6.15746426582
6.15846443176
6.1594645977
6.16045951843
6.16146183014
6.1624610424
6.16345882416
6.16446399689
6.16546273232
6.16646790504
6.16746282578
6.16845822334
6.16947245598
6.17046236992
6.17146134377
6.17245912552
6.17346715927
6.17446637154
6.17546510696
6.17646241188
6.17747592926
6.17846989632
6.17946839333
6.18046784401
6.1814699173
6.18247008324
6.1834731102
6.18446612358
6.1854622364
6.18646836281
6.18946576118
6.19045972824
6.19145774841
6.19245290756
6.19345188141
6.19445037842
6.19545221329
6.19645428658
6.19745349884
6.19845032692
6.19947242737
6.20044660568
6.20144677162
6.20244526863
6.20344400406
6.20445132256
6.20544075966
6.20644497871
6.20744395256
6.20844960213
6.20949101448
6.21045422554
6.21144652367
6.2124478817
6.2134449482
6.21444487572
6.21544337273
6.21643710136
6.2174384594
6.21844053268
6.21943283081
6.22043418884
6.22143030167
6.2224342823
6.22342824936
6.22443032265
6.22547030449
6.22647857666
6.22744417191
6.22849106789
6.22949981689
6.23049402237
6.23143959045
6.23247361183
6.23342418671
6.23442721367
6.23542189598
6.23642373085
6.23743033409
6.23842048645
6.23942732811
6.24041986465
6.2414252758
6.24242067337
6.24344420433
6.24442005157
6.245418787
6.2464261055
6.24742078781
6.24842190742
6.24941468239
6.25041723251
6.2514154911
6.25241923332
6.25341653824
6.25441503525
6.25541377068
6.25641703606
6.25741124153
6.25843930244
6.25940680504
6.26041936874
6.26140737534
6.26240897179
6.26340579987
6.2644097805
6.26640439034
6.26740813255
6.26841664314
6.26941537857
6.27041101456
6.27143979073
6.27241063118
6.27342033386
6.27442121506
6.27541637421
6.2764134407
6.27740049362
6.2784101963
6.27941203117
6.28041100502
6.28138852119
6.28239560127
6.28340673447
6.28439903259
6.28539919853
6.286413908
6.28739738464
6.28841328621
6.28939628601
6.29041790962
6.29140353203
6.29238700867
6.2933807373
6.2943842411
6.29538822174
6.29639530182
6.29737377167
6.29837322235
6.29938030243
6.30037879944
6.30137896538
6.30238461494
6.30340266228
6.30437922478
6.30538225174
6.306381464
6.30739045143
6.30837869644
6.30938267708
6.31037259102
6.31138277054
6.31237149239
6.31341004372
6.31437301636
6.31537032127
6.316375494
6.31736826897
6.318369627
6.31936383247
6.32037234306
6.32136869431
6.32236933708
6.32338070869
6.32437372208
6.32535743713
6.32635569572
6.32737159729
6.32836794853
6.32936358452
6.33036470413
6.33136320114
6.33236026764
6.33336234093
6.3343565464
6.33535814285
6.33635592461
6.33735466003
6.33835577965
6.33935403824
6.34035539627
6.34136366844
6.3423538208
6.34336161613
6.34435582161
6.34535551071
6.34635162354
6.3473572731
6.34835648537
6.34936237335
6.35035276413
6.35135746002
6.35235571861
6.35335755348
6.35435080528
6.35535359383
6.35634851456
6.35735106468
6.35834956169
6.35935473442
6.36034798622
6.36134648323
6.3623509407
6.36335849762
6.364590168
6.36534786224
6.36634254456
6.3673491478
6.36858439445
6.36933779716
6.37034511566
6.37134075165
6.37234520912
6.3733420372
6.37434267998
6.37534022331
6.37633728981
6.37733650208
6.37833428383
6.37933421135
6.3803358078
6.38134121895
6.38233137131
6.38333129883
6.38433790207
6.38533902168
6.38657236099
6.38732647896
6.38832783699
6.38932561874
6.39033389091
6.39132905006
6.39232873917
6.3933339119
6.3943362236
6.39532709122
6.39657068253
6.39732432365
6.39832401276
6.3993461132
6.40031862259
6.40156173706
6.40232253075
6.40332174301
6.40456581116
6.40531802177
6.40631866455
6.4075653553
6.40856361389
6.40931844711
6.41031980515
6.41131496429
6.41232228279
6.41331553459
6.41431641579
6.41531705856
6.41631603241
6.41730976105
6.41831183434
6.41931080818
6.42030262947
6.42130541801
6.42230629921
6.42330980301
6.42455387115
6.42531681061
6.42654561996
6.42730283737
6.42855930328
6.42955827713
6.43055868149
6.4315495491
6.43254780769
6.43354463577
6.43454551697
6.43554234505
6.43654084206
6.43755578995
6.4385573864
6.43954730034
6.44054198265
6.44154191017
6.44255328178
6.44353795052
6.44453167915
6.44553470612
6.44654321671
6.44752812386
6.44852781296
6.44952726364
6.4505302906
6.45152616501
6.45252633095
6.45353150368
6.45452642441
6.45552396774
6.45652127266
6.45752310753
6.45852184296
6.45952224731
6.46052074432
6.46151733398
6.46253490448
6.46352958679
6.46453976631
6.46553373337
6.46653461456
6.46753144264
6.46851849556
6.46951961517
6.47051763535
6.47153162956
6.47251868248
6.47351455688
6.47451281548
6.47551059723
6.47651171684
6.47751617432
6.47851157188
6.47952866554
6.48052310944
6.481508255
6.48252081871
6.48351264
6.48450994492
6.48550891876
6.48650789261
6.48750257492
6.48850560188
6.48950576782
6.49050545692
6.49150800705
6.49257063866
6.49354362488
6.49450182915
6.49554657936
6.49650716782
6.49749970436
6.49849820137
6.49950098991
6.50050115585
6.5015039444
6.50255060196
6.5035431385
6.50449848175
6.50550174713
6.50651049614
6.50749969482
6.50849676132
6.50950908661
6.5103828907
6.51149368286
6.51249456406
6.5134909153
6.5144906044
6.51549243927
6.51649022102
6.51748967171
6.518491745
6.51950263977
6.52048611641
6.52149105072
6.52249717712
6.52349972725
6.52448654175
6.52550387383
6.5264852047
6.52748322487
6.52850747108
6.52948403358
6.5304813385
6.53148293495
6.53248310089
6.53348922729
6.53448700905
6.53548192978
6.53647875786
6.53748106956
6.5384824276
6.53948378563
6.54048442841
6.54148411751
6.54248118401
6.54349279404
6.54448008537
6.54547929764
6.54647803307
6.54749035835
6.5484726429
6.54948663712
6.5504720211
6.55146598816
6.55250811577
6.55346941948
6.55447340012
6.55547213554
6.55647206306
6.55746984482
6.55846381187
6.5594689846
6.56046438217
6.56146430969
6.56246399879
6.56346511841
6.56447672844
6.56546211243
6.56648731232
6.56745553017
6.56845712662
6.56945610046
6.57045698166
6.57145667076
6.57246017456
6.57545471191
6.57645535469
6.57745552063
6.57845807076
6.57945394516
6.58045315742
6.5814511776
6.58245992661
6.58345079422
6.58449864388
6.58545947075
6.58645415306
6.58745479584
6.58846139908
6.58946037292
6.59045624733
6.59145593643
6.59244799614
6.5934484005
6.59444904327
6.59544992447
6.59645009041
6.59744572639
6.59844827652
6.59944820404
6.60044574738
6.60144495964
6.60245203972
6.60344600677
6.60444879532
6.60545539856
6.60644197464
6.60744404793
6.60844135284
6.60944390297
6.61044335365
6.61144399643
6.61244106293
6.61343884468
6.61443805695
6.61543655396
6.61643743515
6.617436409
6.61844110489
6.61943912506
6.62042927742
6.62143540382
6.62243080139
6.62343287468
6.62443041801
6.62543058395
6.62643098831
6.62742567062
6.6284301281
6.62942767143
6.63042497635
6.63146305084
6.63242936134
6.63342499733
6.63442635536
6.63542723656
6.63642716408
6.6374270916
6.63842940331
6.63942360878
6.64047813416
6.6414270401
6.64242339134
6.64342355728
6.64441847801
6.64547109604
6.64641785622
6.64741611481
6.64841890335
6.64941191673
6.65041923523
6.65141224861
6.65241360664
6.65341281891
6.65441417694
6.65541386604
6.65640807152
6.65741109848
6.6584084034
6.65940618515
6.66040873528
6.66140937805
6.66241335869
6.6634054184
6.66440916061
6.66541647911
6.66641664505
6.66741704941
6.66840529442
6.66940426826
6.67040705681
6.67140698433
6.67240428925
6.673402071
6.67440056801
6.67540049553
6.6764061451
6.67841362953
6.67940139771
6.68040347099
6.6813955307
6.68240404129
6.683396101
6.68439769745
6.68539476395
6.68638634682
6.68738436699
6.68839907646
6.68938684464
6.69038796425
6.69139885902
6.6924021244
6.6933889389
6.69438719749
6.69539952278
6.69640207291
6.69741392136
6.69839859009
6.69940400124
6.70040893555
6.70139503479
6.70240139961
6.70346617699
6.70441651344
6.70538568497
6.70643019676
6.70746946335
6.70840358734
6.70938777924
6.71039485931
6.7113764286
6.71240091324
6.71338295937
6.71438598633
6.71538090706
6.71639919281
6.71737933159
6.71839857101
6.71938323975
6.72040057182
6.72142696381
6.72239780426
6.7233877182
6.72437596321
6.7253818512
6.72637796402
6.72737169266
6.72837877274
6.72937631607
6.7303750515
6.73138189316
6.73237895966
6.73337960243
6.73438048363
6.73537969589
6.73640012741
6.7373623848
6.7383658886
6.7393553257
6.74035739899
6.74135518074
6.74235367775
6.74335479736
6.7443549633
6.74535679817
6.74634981155
6.7473628521
6.74835753441
6.74936175346
6.75035834312
6.75135993958
6.75235843658
6.75335431099
6.75435566902
6.75534391403
6.75637698174
6.75734305382
6.75834703445
6.75935173035
6.7603468895
6.76134896278
6.7623462677
6.76334929466
6.76435041428
6.76534605026
6.76634812355
6.76737332344
6.76834249496
6.76934218407
6.77034640312
6.77134656906
6.77234196663
6.77334427834
6.77433919907
6.77533769608
6.7763364315
6.77733373642
6.77833843231
6.77933692932
6.78033471107
6.78133249283
6.78233647346
6.7833313942
6.78433728218
6.78533482552
6.7863304615
6.78733158112
6.78833556175
6.78933525085
6.79033398628
6.79134893417
6.79234170914
6.79333567619
6.79433751106
6.79533743858
6.79632973671
6.79732966423
6.79832482338
6.79932427406
6.80032467842
6.80132365227
6.80232357979
6.80332899094
6.80432081223
6.80531859398
6.80631971359
6.80831646919
6.80931639671
6.81031537056
6.81131529808
6.81231546402
6.81331706047
6.81431770325
6.81531739235
6.81631755829
6.81831288338
6.81931567192
6.82031130791
6.82130765915
6.82230591774
6.82331109047
6.82430720329
6.82530474663
6.82630848885
6.82730865479
6.82830667496
6.82930397987
6.83030104637
6.83130407333
6.83230280876
6.83330607414
6.83430767059
6.83529686928
6.8362994194
6.83754897118
6.83854985237
6.83954501152
6.84054040909
6.8415415287
6.84253811836
6.84330010414
6.84454154968
6.84553909302
6.84654045105
6.85952758789
6.86052846909
6.86153769493
6.86252760887
6.86352729797
6.86452746391
6.8655257225
6.86652445793
6.86752343178
6.86852145195
6.86952185631
6.87051987648
6.87152218819
6.87255954742
6.87352204323
6.87452173233
6.87551665306
6.87651801109
6.87751483917
6.87851834297
6.87951397896
6.88051342964
6.88151693344
6.88251924515
6.88352537155
6.88451290131
6.88551330566
6.88651633263
6.8875105381
6.88851237297
6.88951039314
6.89051032066
6.89152312279
6.89252471924
6.89751029015
6.8985054493
6.89950680733
6.90050363541
6.90150761604
6.90250182152
6.90350055695
6.90450310707
6.90550065041
6.90649938583
6.90749764442
6.90849781036
6.90949606895
6.91049575806
6.91149544716
6.91254925728
6.9133348465
6.91449832916
6.91549777985
6.91649913788
6.91749858856
6.91849803925
6.91949748993
6.92049765587
6.92450118065
6.92549681664
6.92649793625
6.92750263214
6.92849302292
6.92949104309
6.93049097061
6.93153572083
6.93249249458
6.93348908424
6.93448758125
6.93548631668
6.93648695946
6.93748521805
6.93860769272
6.93948125839
6.94048404694
6.94148159027
6.94248056412
6.94348120689
6.94448137283
6.94547867775
6.94647932053
6.9474811554
6.94847941399
6.9494946003
6.9504776001
6.95147538185
6.95247817039
6.95347547531
6.95447254181
6.95547556877
6.95648145676
6.95747256279
6.9584710598
6.95946955681
6.96047997475
6.96147608757
6.96249127388
6.9634976387
6.96447300911
6.96547174454
6.9665145874
6.96746778488
6.96846652031
6.96947026253
6.97046685219
6.97146821022
6.97246956825
6.97346615791
6.97446537018
6.97546052933
6.9764649868
6.97746157646
6.97846150398
6.9794678688
6.98046636581
6.98147344589
6.98250555992
6.98349833488
6.98446846008
6.98546075821
6.98646688461
6.98749351501
6.9884595871
6.98946356773
6.99046039581
6.99146056175
6.99246048927
6.99345374107
6.99445939064
6.9954726696
6.99646735191
6.99747896194
6.99847221375
6.99946475029
7.00046443939
7.00146174431
7.0024740696
7.00347828865
7.00446176529
7.00546336174
7.00649213791
7.0075302124
7.008466959
7.00947856903
7.0104675293
7.01146388054
7.01246547699
7.01345849037
7.01445412636
7.01545405388
7.01646375656
7.01746606827
7.01844954491
7.02044415474
