2.4397265625
2.4397265625
2.3375390625
2.3375390625
2.3375390625
2.2353515625
2.2864453125
1.9798828125
2.0309765625
2.4908203125
2.3375390625
2.3886328125
2.3886328125
2.2864453125
2.0820703125
2.5419140625
2.2864453125
2.3375390625
2.4397265625
2.3375390625
2.4397265625
2.1842578125
2.2353515625
2.2864453125
2.2353515625
2.4397265625
2.4397265625
2.2608984375
2.4908203125
2.1842578125
2.1842578125
2.2864453125
2.3375390625
2.3886328125
2.1331640625
2.4397265625
2.3886328125
2.3375390625
2.3375390625
2.5419140625
2.2353515625
2.222578125
2.3886328125
2.4397265625
2.1331640625
2.3375390625
2.4908203125
2.2608984375
2.0309765625
2.3375390625
2.4397265625
2.2864453125
2.1842578125
2.2353515625
2.3886328125
2.3375390625
2.6951953125
2.3375390625
2.3375390625
2.3375390625
2.2353515625
2.1842578125
2.0309765625
2.3375390625
2.1331640625
2.1842578125
2.4908203125
2.3375390625
2.3375390625
2.4908203125
2.2353515625
2.3375390625
2.3375390625
2.6441015625
2.2353515625
2.3886328125
2.375859375
2.2353515625
2.3886328125
2.5930078125
2.4908203125
2.3886328125
2.2353515625
2.1331640625
2.2864453125
2.222578125
2.2353515625
2.0820703125
2.3375390625
2.0309765625
2.3886328125
2.4908203125
2.1076171875
2.3375390625
2.2864453125
2.1842578125
2.3886328125
2.1842578125
2.1331640625
2.1331640625
2.1842578125
2.4397265625
2.29921875
2.2353515625
2.4397265625
2.5930078125
2.3886328125
2.0820703125
2.1842578125
2.1331640625
2.2864453125
2.6441015625
2.5419140625
2.1331640625
2.2864453125
2.5930078125
2.4397265625
2.3886328125
2.3375390625
2.3375390625
2.2353515625
1.9543359375
2.2353515625
2.1842578125
2.2864453125
2.1842578125
2.1331640625
2.2353515625
2.0309765625
2.3375390625
2.4908203125
2.1842578125
2.1331640625
2.1331640625
1.9798828125
2.0820703125
2.1842578125
2.4908203125
2.1076171875
2.1842578125
2.2864453125
2.0820703125
2.0309765625
2.2353515625
1.8776953125
2.2353515625
2.1331640625
2.5419140625
2.0820703125
2.2864453125
2.1842578125
2.4141796875
1.916015625
2.2864453125
2.4908203125
2.3886328125
2.2864453125
1.7755078125
2.4397265625
2.1842578125
2.1842578125
2.3375390625
2.1842578125
2.2864453125
2.2353515625
2.2353515625
2.1842578125
2.2864453125
2.3375390625
2.4908203125
2.4908203125
2.2608984375
2.1842578125
2.4397265625
2.1331640625
2.0820703125
2.1842578125
2.2353515625
2.1842578125
2.1842578125
2.3375390625
2.2864453125
2.2608984375
2.4908203125
2.2864453125
2.2864453125
2.2864453125
2.2864453125
2.2864453125
2.4525
2.1842578125
2.4525
2.2864453125
2.3375390625
2.3375390625
2.2864453125
2.3375390625
2.5419140625
2.5419140625
2.2353515625
2.2864453125
2.3375390625
2.0309765625
2.2864453125
2.3375390625
2.3886328125
2.6441015625
2.5419140625
2.375859375
2.3375390625
2.1459375
2.3375390625
2.2353515625
2.1842578125
2.3886328125
2.0820703125
2.0820703125
2.375859375
2.4908203125
2.5419140625
2.3886328125
2.3375390625
2.1842578125
2.4908203125
2.7462890625
2.4397265625
2.3886328125
2.2864453125
2.4908203125
2.4908203125
2.0820703125
2.4908203125
2.4397265625
2.3375390625
2.4397265625
2.4908203125
2.5930078125
2.375859375
2.2864453125
2.2353515625
2.5419140625
2.4908203125
2.4397265625
2.3886328125
2.4908203125
2.2864453125
2.3375390625
2.4908203125
2.4908203125
2.2353515625
2.3886328125
2.2353515625
2.1331640625
2.2353515625
2.5930078125
2.3375390625
2.3375390625
2.6441015625
2.4908203125
2.1842578125
2.6951953125
2.3375390625
2.4397265625
2.3375390625
2.3886328125
2.5419140625
2.3886328125
2.6441015625
2.5674609375
2.2864453125
2.4397265625
2.5419140625
2.4908203125
2.4908203125
2.0820703125
2.2864453125
2.3886328125
2.4908203125
2.5930078125
2.222578125
2.2864453125
2.5930078125
2.3886328125
2.5419140625
2.2864453125
2.4397265625
2.5419140625
2.4525
2.7462890625
2.3886328125
2.4397265625
2.2864453125
2.5419140625
2.2864453125
2.3886328125
2.6441015625
2.2353515625
2.7207421875
2.5930078125
2.4397265625
2.2864453125
2.3375390625
2.3886328125
2.4397265625
2.6441015625
2.4397265625
2.3375390625
2.2864453125
2.4908203125
2.2864453125
2.8995703125
2.3375390625
2.3886328125
2.3886328125
2.7462890625
2.5419140625
2.2353515625
2.4397265625
2.4525
2.5419140625
2.3886328125
2.3886328125
2.7462890625
2.6951953125
2.6441015625
2.1842578125
2.4908203125
2.4397265625
2.6441015625
2.4525
2.5930078125
2.8484765625
2.5930078125
2.5930078125
2.3886328125
2.4908203125
2.6951953125
2.5930078125
2.3375390625
2.375859375
2.4397265625
2.4397265625
2.5419140625
2.2864453125
2.2353515625
2.2864453125
2.4397265625
2.6441015625
2.4397265625
2.4908203125
2.5419140625
2.4908203125
2.2353515625
2.6441015625
2.4908203125
2.7462890625
2.4908203125
2.1842578125
2.2864453125
2.4525
2.0820703125
2.0820703125
2.3375390625
2.3886328125
2.4397265625
2.5419140625
2.3886328125
2.6441015625
2.4397265625
2.4397265625
2.4141796875
2.3886328125
2.5930078125
2.6441015625
2.4397265625
2.2353515625
2.5930078125
2.5930078125
2.4908203125
2.529140625
2.5419140625
2.6441015625
2.4397265625
2.2864453125
2.4397265625
2.5419140625
2.7973828125
2.6441015625
2.4908203125
2.529140625
2.2864453125
2.4908203125
2.4908203125
2.3886328125
2.7462890625
2.5419140625
2.6441015625
2.5419140625
2.1331640625
2.4397265625
2.4908203125
2.1331640625
2.4908203125
2.4908203125
2.3375390625
2.3375390625
2.5930078125
2.5930078125
2.6441015625
2.4908203125
2.5419140625
2.6441015625
2.6951953125
2.4908203125
2.5419140625
2.3886328125
2.5930078125
2.5419140625
2.4908203125
2.5419140625
2.3886328125
2.2864453125
2.4908203125
2.7973828125
2.6441015625
2.6441015625
2.3375390625
2.5419140625
2.529140625
2.4908203125
2.7973828125
2.7973828125
2.9506640625
2.4397265625
2.4908203125
2.4908203125
2.5930078125
2.5419140625
2.5419140625
2.375859375
2.2353515625
2.7973828125
2.5930078125
2.3375390625
2.5930078125
2.5419140625
2.4397265625
2.5419140625
2.4908203125
2.3375390625
2.5930078125
2.7462890625
2.4397265625
2.3375390625
2.5419140625
2.529140625
2.6441015625
2.4908203125
2.4397265625
2.6951953125
2.8484765625
2.6951953125
2.7462890625
2.8484765625
2.5419140625
2.4397265625
2.5674609375
2.6951953125
2.3886328125
2.7462890625
2.3886328125
2.5419140625
2.6441015625
2.6441015625
2.6441015625
2.5930078125
2.7973828125
2.6441015625
2.6441015625
2.3375390625
2.7973828125
2.6951953125
2.3375390625
2.8484765625
2.5930078125
2.8995703125
2.7462890625
2.8484765625
2.8995703125
2.6951953125
2.7973828125
2.4525
2.5419140625
2.5930078125
2.3886328125
2.6951953125
2.529140625
2.5930078125
2.5419140625
2.5419140625
2.5419140625
2.4908203125
2.5419140625
2.5419140625
2.4908203125
2.4908203125
2.682421875
2.8484765625
2.8995703125
2.6951953125
2.7973828125
2.8995703125
2.5930078125
2.5930078125
2.6951953125
2.6951953125
3.1039453125
2.6441015625
2.4908203125
2.8484765625
2.7973828125
2.5930078125
2.5930078125
2.7973828125
2.5419140625
2.9506640625
2.6441015625
2.6441015625
2.7462890625
2.8484765625
2.8484765625
2.5930078125
2.5930078125
2.8995703125
2.7973828125
3.0528515625
2.7590625
2.6951953125
2.7973828125
2.4908203125
2.8995703125
2.6951953125
2.9506640625
2.3886328125
2.6441015625
2.7973828125
2.8740234375
2.6951953125
2.6441015625
2.5930078125
2.6951953125
2.7462890625
2.6951953125
2.7973828125
2.6441015625
2.5419140625
2.3886328125
2.60578125
2.6951953125
2.5930078125
2.5419140625
2.5419140625
2.6951953125
2.6441015625
2.835703125
2.7973828125
3.1039453125
2.6951953125
2.7973828125
2.6441015625
2.7973828125
2.8995703125
2.6951953125
2.7973828125
2.6441015625
2.5930078125
2.6951953125
3.0017578125
2.7973828125
2.9506640625
2.7973828125
2.5930078125
2.6951953125
2.8995703125
2.7973828125
2.6441015625
2.4908203125
2.7462890625
2.4908203125
2.6441015625
2.6441015625
2.8484765625
2.6951953125
2.7462890625
2.682421875
2.7462890625
2.8995703125
2.6441015625
2.7462890625
2.6441015625
2.7462890625
2.8995703125
2.8484765625
2.4908203125
2.8484765625
2.682421875
2.9506640625
2.7973828125
2.5930078125
2.5419140625
2.8740234375
2.7973828125
2.4908203125
2.7973828125
2.6441015625
2.5930078125
2.7462890625
2.988984375
2.9506640625
2.9506640625
2.8995703125
2.9506640625
2.6441015625
2.9506640625
2.7462890625
2.7462890625
2.6951953125
2.5674609375
2.7973828125
2.5419140625
2.7973828125
2.8484765625
2.7973828125
2.7973828125
2.8484765625
2.6441015625
2.6441015625
2.835703125
2.8484765625
2.6441015625
2.7462890625
3.0017578125
3.0017578125
2.8484765625
2.9506640625
3.0017578125
2.9506640625
3.0273046875
3.0528515625
2.9506640625
2.9506640625
2.8484765625
2.8995703125
2.9506640625
2.7462890625
2.7973828125
2.6441015625
2.7462890625
2.682421875
2.7462890625
2.8484765625
2.6441015625
2.8484765625
2.6441015625
2.6441015625
2.8484765625
3.1039453125
2.9506640625
2.8740234375
2.6951953125
3.0017578125
2.6951953125
2.7462890625
2.7462890625
2.6951953125
2.8484765625
3.1039453125
2.5930078125
2.8740234375
3.0528515625
3.0528515625
3.0528515625
3.0017578125
3.0017578125
3.0017578125
3.0528515625
2.9506640625
2.6951953125
3.1039453125
3.1550390625
2.7973828125
2.8484765625
2.7973828125
2.7973828125
2.8484765625
2.7973828125
2.8995703125
3.0017578125
2.6951953125
2.835703125
2.7462890625
2.8995703125
2.8995703125
2.8484765625
2.7973828125
3.1039453125
2.7973828125
3.1039453125
2.9506640625
2.8484765625
3.0017578125
2.9506640625
2.9506640625
2.7973828125
3.0017578125
2.9506640625
2.5930078125
2.7462890625
2.5419140625
2.7973828125
3.1039453125
3.065625
2.9506640625
2.9506640625
3.0017578125
2.9506640625
2.4908203125
2.6951953125
2.8484765625
2.8995703125
3.1039453125
2.988984375
3.0017578125
2.6441015625
2.7973828125
2.8995703125
2.9506640625
3.1550390625
2.7462890625
2.7462890625
2.9506640625
2.6951953125
2.9506640625
3.1039453125
2.8995703125
3.0528515625
3.0017578125
2.9506640625
2.9506640625
2.6951953125
3.1550390625
2.8484765625
2.7590625
2.7462890625
2.9506640625
2.9506640625
2.8484765625
2.8995703125
2.6951953125
3.0528515625
3.0528515625
3.0528515625
2.988984375
2.9506640625
3.0017578125
3.1039453125
2.7462890625
3.1550390625
3.1039453125
3.1039453125
3.0017578125
2.7973828125
3.0528515625
3.1039453125
3.0017578125
3.2572265625
2.9506640625
2.8484765625
3.1550390625
2.8995703125
3.2061328125
3.2061328125
3.3083203125
2.91234375
2.7462890625
2.8484765625
2.8484765625
3.1039453125
2.9506640625
3.0017578125
3.1039453125
3.0017578125
2.6951953125
2.91234375
3.0528515625
3.0528515625
2.7973828125
2.8484765625
2.8484765625
2.8484765625
2.9506640625
2.9506640625
2.9506640625
2.7973828125
3.065625
3.0017578125
2.9506640625
3.2572265625
3.1550390625
3.1039453125
2.9506640625
3.1550390625
3.1039453125
2.8740234375
3.1550390625
3.1550390625
3.1039453125
2.9506640625
2.9506640625
3.1550390625
3.0017578125
3.3083203125
3.0017578125
3.1039453125
2.8484765625
2.8995703125
2.7462890625
3.0528515625
3.1550390625
3.0017578125
2.8484765625
3.1039453125
3.2061328125
2.988984375
3.3083203125
3.1550390625
2.9506640625
3.0017578125
3.2061328125
3.3083203125
3.1039453125
2.8995703125
3.0528515625
3.3083203125
3.142265625
2.8484765625
3.2061328125
3.1550390625
3.2061328125
3.1039453125
3.1550390625
3.3594140625
2.9506640625
3.0017578125
3.1805859375
3.4616015625
3.1039453125
3.1550390625
2.7973828125
3.2061328125
3.1039453125
3.2061328125
3.0528515625
3.1039453125
3.065625
3.0017578125
3.1039453125
3.1039453125
3.1550390625
3.1039453125
3.2572265625
3.2061328125
3.3083203125
3.2572265625
2.835703125
3.2572265625
2.8995703125
3.3594140625
3.0017578125
3.0528515625
3.1039453125
2.8995703125
2.7973828125
2.8484765625
3.1039453125
3.142265625
3.1550390625
3.1550390625
2.8995703125
3.1550390625
3.0017578125
3.2572265625
3.1039453125
3.1550390625
3.0528515625
3.3594140625
3.1805859375
3.3083203125
3.1550390625
3.1550390625
3.3083203125
3.0528515625
3.1039453125
3.4105078125
3.2572265625
3.0528515625
3.142265625
3.1039453125
3.0528515625
3.0528515625
3.1550390625
3.1039453125
3.1039453125
3.2572265625
3.1039453125
3.0017578125
3.0273046875
3.2061328125
3.1550390625
3.2061328125
3.2061328125
2.8995703125
3.3083203125
2.9506640625
2.7462890625
3.1039453125
3.1039453125
3.0528515625
3.2572265625
3.0528515625
3.4105078125
3.1550390625
3.1039453125
2.9506640625
3.1550390625
3.3083203125
3.2061328125
3.2572265625
3.2061328125
3.3083203125
3.0017578125
3.2061328125
3.0017578125
2.7973828125
3.065625
3.1550390625
3.1550390625
2.9506640625
3.4105078125
3.1039453125
3.0528515625
3.142265625
3.3083203125
3.1550390625
3.2061328125
3.2572265625
2.9506640625
3.2061328125
3.2572265625
3.0528515625
3.142265625
3.3083203125
2.9506640625
3.2572265625
3.4105078125
3.3083203125
3.3594140625
3.0528515625
3.2572265625
3.3083203125
3.2572265625
3.295546875
3.4105078125
3.2572265625
3.1550390625
3.5637890625
3.2572265625
3.2061328125
3.1039453125
3.0528515625
2.8995703125
3.3721875
3.4616015625
3.3594140625
3.2572265625
3.2572265625
3.1039453125
3.3594140625
3.2061328125
3.3083203125
3.2061328125
3.0017578125
3.2061328125
3.3083203125
3.2061328125
3.2572265625
3.2061328125
3.5126953125
3.3083203125
3.1550390625
3.3338671875
3.1550390625
3.0528515625
3.3594140625
3.2572265625
3.2572265625
3.0528515625
3.3083203125
3.2061328125
3.2572265625
3.3083203125
3.295546875
3.1039453125
3.3083203125
3.1039453125
3.0017578125
3.4105078125
3.2061328125
3.2061328125
3.2061328125
3.0017578125
3.3594140625
3.0017578125
3.1550390625
3.1550390625
3.4105078125
3.3083203125
3.448828125
3.4105078125
3.3083203125
3.3338671875
3.2061328125
2.9506640625
3.0528515625
3.2572265625
3.2061328125
3.2572265625
3.3338671875
3.1550390625
3.1039453125
3.3594140625
3.0528515625
3.5126953125
3.2061328125
3.4105078125
3.3083203125
3.2061328125
3.065625
3.2572265625
3.2061328125
3.2572265625
3.4105078125
3.5126953125
3.4616015625
3.2061328125
3.3083203125
3.3594140625
3.2572265625
3.0528515625
3.1039453125
3.2061328125
2.9506640625
3.1039453125
3.3594140625
3.3083203125
3.3083203125
3.3594140625
3.295546875
3.3594140625
3.3083203125
3.2061328125
3.4616015625
3.5637890625
3.3594140625
3.4616015625
3.4616015625
3.5126953125
3.6148828125
3.448828125
3.2572265625
3.5126953125
3.4105078125
3.5637890625
3.3594140625
3.3083203125
3.3083203125
3.4616015625
3.0528515625
3.2572265625
3.4616015625
3.2572265625
3.1550390625
3.2572265625
3.2572265625
3.1039453125
3.3721875
3.5637890625
3.4616015625
3.4616015625
3.3083203125
3.4105078125
3.4616015625
3.5126953125
3.4105078125
3.4616015625
3.2572265625
3.4105078125
3.2572265625
3.4105078125
3.4105078125
3.3594140625
3.4105078125
3.3594140625
3.2061328125
3.4616015625
3.4105078125
3.448828125
3.0017578125
3.3594140625
3.3594140625
3.1039453125
3.2572265625
3.3594140625
3.4105078125
3.3594140625
3.5637890625
3.2061328125
3.3083203125
3.3594140625
3.4105078125
3.5637890625
3.3083203125
3.4616015625
3.4105078125
3.4105078125
3.4105078125
3.3594140625
3.4616015625
3.2572265625
3.6659765625
3.3594140625
3.5126953125
3.3083203125
3.5637890625
3.3338671875
3.4105078125
3.5637890625
3.4105078125
3.4105078125
3.5637890625
3.4616015625
3.3594140625
3.3083203125
3.2572265625
3.4105078125
3.1039453125
3.3594140625
3.3083203125
3.4616015625
3.2572265625
3.4616015625
3.3594140625
3.6148828125
3.5126953125
3.3083203125
3.295546875
3.5637890625
3.2061328125
3.5126953125
3.4616015625
3.4105078125
3.3594140625
3.2061328125
3.5637890625
3.4616015625
3.4105078125
3.5637890625
3.3083203125
3.4105078125
3.4105078125
3.5126953125
3.3594140625
3.2572265625
3.4105078125
3.3083203125
3.3083203125
3.3721875
3.4105078125
3.2572265625
3.4616015625
3.1550390625
3.4616015625
3.4105078125
3.1039453125
3.5126953125
3.4105078125
3.1550390625
3.3083203125
3.2061328125
3.4616015625
3.3083203125
3.448828125
3.5126953125
3.2572265625
3.5126953125
3.3083203125
3.1550390625
3.4105078125
3.1550390625
3.3594140625
3.5637890625
3.142265625
3.3594140625
3.6148828125
3.2572265625
3.4105078125
3.4616015625
3.4616015625
3.6659765625
3.4105078125
3.2061328125
3.3338671875
3.4105078125
3.0017578125
3.7681640625
3.3594140625
3.2572265625
3.3594140625
3.5126953125
3.5637890625
3.5637890625
3.5637890625
3.1550390625
3.4616015625
3.3594140625
3.4616015625
3.3083203125
3.4616015625
3.3594140625
3.3721875
3.4105078125
3.2572265625
3.2572265625
3.1039453125
3.1550390625
3.6148828125
3.4616015625
3.6148828125
3.1550390625
3.3338671875
3.2061328125
3.5637890625
3.1039453125
3.4616015625
3.3594140625
3.2061328125
3.3083203125
3.3083203125
3.3594140625
3.3594140625
3.4105078125
3.6148828125
3.4616015625
3.5637890625
3.3594140625
3.6148828125
3.4105078125
3.2572265625
3.5126953125
3.3338671875
3.5126953125
3.6659765625
3.5126953125
3.2061328125
3.5637890625
3.3594140625
3.1550390625
3.7170703125
2.9506640625
3.3721875
3.1039453125
3.4105078125
3.4105078125
3.5637890625
3.2061328125
3.3083203125
3.4616015625
3.4105078125
3.5637890625
3.4105078125
3.2572265625
3.4105078125
3.4105078125
3.3594140625
3.3083203125
3.2572265625
3.2061328125
3.6148828125
3.3083203125
3.602109375
3.4105078125
3.3594140625
3.2572265625
3.3083203125
3.2572265625
3.3594140625
3.2572265625
3.5126953125
3.3083203125
3.5637890625
3.3083203125
3.3083203125
3.6148828125
3.6659765625
3.4105078125
3.7170703125
3.3083203125
3.3594140625
3.3594140625
3.5637890625
3.2061328125
3.5637890625
3.1550390625
3.2061328125
3.2572265625
3.4616015625
3.3594140625
3.5637890625
3.3083203125
3.1039453125
3.5126953125
3.5637890625
3.4616015625
3.4616015625
3.295546875
3.3083203125
3.4616015625
3.4105078125
3.1550390625
3.5126953125
3.4105078125
3.4616015625
3.3083203125
3.6404296875
3.3083203125
3.3594140625
3.1550390625
3.5126953125
3.5637890625
3.5126953125
3.4616015625
3.2061328125
3.5637890625
3.67875
3.0017578125
3.2572265625
3.3594140625
3.4616015625
3.2572265625
3.1039453125
3.4616015625
3.4616015625
3.4105078125
3.5637890625
3.4616015625
3.2572265625
3.4616015625
3.3083203125
3.3083203125
3.4616015625
3.4616015625
3.4105078125
3.6148828125
3.2572265625
3.3594140625
3.4105078125
3.4616015625
3.4105078125
3.3083203125
3.4105078125
3.3721875
3.5126953125
3.5126953125
3.5126953125
3.5126953125
3.6659765625
3.6148828125
3.5126953125
3.5126953125
3.6148828125
3.5637890625
3.4616015625
3.4616015625
3.4616015625
3.6148828125
3.5126953125
3.67875
3.1550390625
3.6148828125
3.8703515625
3.8192578125
3.8703515625
3.5637890625
3.8703515625
3.8192578125
3.6148828125
3.4871484375
3.6659765625
3.4616015625
3.4616015625
3.5126953125
3.4616015625
3.5126953125
3.4105078125
3.6148828125
3.6659765625
3.5637890625
3.5126953125
3.2572265625
3.4616015625
3.6659765625
3.1550390625
3.5637890625
3.6148828125
3.4616015625
3.5126953125
3.21890625
3.5637890625
3.5126953125
3.4616015625
3.6659765625
3.6659765625
3.5637890625
3.5126953125
3.7170703125
3.8192578125
3.755390625
3.7170703125
3.4105078125
3.4105078125
3.3594140625
3.5637890625
3.6659765625
3.4616015625
3.6659765625
3.4616015625
3.448828125
3.5637890625
3.7170703125
3.6148828125
3.3594140625
3.6148828125
3.6659765625
3.2061328125
3.6659765625
3.5637890625
3.4871484375
3.5126953125
3.6148828125
3.6148828125
3.5126953125
3.4105078125
3.3083203125
3.4616015625
3.6148828125
3.4105078125
3.3594140625
3.602109375
3.6148828125
3.4105078125
3.5637890625
3.2572265625
3.6148828125
3.5637890625
3.4616015625
3.5126953125
3.5126953125
3.6404296875
3.5637890625
3.6148828125
3.3083203125
3.7170703125
3.8192578125
3.7170703125
3.1550390625
3.5637890625
3.5637890625
3.602109375
3.2572265625
3.4616015625
3.5126953125
3.6659765625
3.4105078125
3.3594140625
3.8192578125
3.5126953125
3.4105078125
3.448828125
3.5126953125
3.6659765625
3.0528515625
3.6659765625
3.3083203125
3.4616015625
3.4616015625
3.6148828125
3.5126953125
3.4105078125
3.2572265625
3.4105078125
3.7170703125
3.4105078125
3.5637890625
3.5637890625
3.0528515625
3.602109375
3.4105078125
3.5126953125
3.5126953125
3.6659765625
3.6659765625
3.7170703125
3.6148828125
3.7681640625
3.5637890625
3.4105078125
3.7681640625
3.5126953125
3.5637890625
3.4105078125
3.5637890625
3.4616015625
3.6659765625
3.602109375
3.6148828125
3.5126953125
3.2061328125
3.3594140625
3.3594140625
3.4616015625
3.4105078125
3.3594140625
3.7681640625
3.4105078125
3.4616015625
3.5637890625
3.4616015625
3.9214453125
3.5126953125
3.3594140625
3.5126953125
3.4105078125
3.4616015625
3.602109375
3.6659765625
3.6659765625
3.6659765625
3.8192578125
3.8703515625
3.6659765625
3.6148828125
3.3594140625
3.5126953125
3.7170703125
3.4105078125
3.5126953125
3.8192578125
3.4616015625
3.7681640625
3.8192578125
3.5126953125
3.6148828125
3.5637890625
3.67875
3.5637890625
3.4105078125
3.5126953125
3.4105078125
3.7681640625
3.7681640625
3.5637890625
3.4616015625
3.7170703125
3.3721875
3.6148828125
3.6659765625
3.6148828125
3.5126953125
3.2572265625
3.6148828125
3.5126953125
3.5126953125
3.5126953125
3.6404296875
3.5637890625
3.6659765625
3.6148828125
3.6148828125
3.6148828125
3.7681640625
3.5126953125
3.4105078125
3.6659765625
3.5637890625
3.7937109375
3.7681640625
3.5126953125
3.5126953125
3.5126953125
3.5637890625
3.7681640625
3.6659765625
3.3594140625
3.6148828125
3.6404296875
3.5637890625
3.5637890625
3.6148828125
3.3594140625
3.5637890625
3.4105078125
3.5126953125
3.6659765625
3.6659765625
3.6404296875
3.7170703125
3.5637890625
3.4105078125
3.9214453125
3.5126953125
3.7681640625
3.6659765625
3.7170703125
3.7681640625
3.6148828125
3.602109375
3.6659765625
3.6148828125
3.4105078125
3.6148828125
3.5126953125
3.6148828125
3.4616015625
3.4616015625
3.7681640625
3.6404296875
3.4616015625
3.5637890625
3.4105078125
3.6659765625
3.5637890625
3.5126953125
3.5637890625
3.5126953125
3.4105078125
3.755390625
3.6148828125
3.7681640625
3.4616015625
3.7170703125
3.6148828125
3.7170703125
3.6148828125
3.6148828125
3.6148828125
3.9469921875
3.6148828125
3.6148828125
3.5637890625
3.6148828125
3.8192578125
3.7681640625
3.8703515625
3.3594140625
3.7170703125
3.8703515625
3.6659765625
3.7681640625
3.7681640625
3.6659765625
3.4616015625
3.6659765625
3.5637890625
3.5637890625
3.6659765625
3.5637890625
3.7170703125
3.8192578125
3.7681640625
3.7170703125
3.8703515625
3.9214453125
3.7170703125
3.7170703125
3.4616015625
3.6148828125
3.4616015625
3.6148828125
3.6148828125
3.5126953125
3.7170703125
3.4616015625
3.6659765625
3.7681640625
3.52546875
3.4616015625
3.6659765625
3.5126953125
3.5637890625
3.8192578125
3.8192578125
3.6659765625
3.4616015625
3.6659765625
3.6404296875
3.5637890625
3.5637890625
3.6659765625
3.7681640625
3.8192578125
3.7170703125
3.6659765625
3.6148828125
3.4105078125
3.755390625
3.8192578125
3.7170703125
3.9214453125
3.8703515625
3.7170703125
3.6659765625
3.7681640625
3.7170703125
3.7170703125
3.6148828125
3.83203125
3.6148828125
3.8703515625
3.5126953125
3.7170703125
3.7170703125
3.8703515625
3.8192578125
3.6148828125
3.8703515625
3.908671875
3.7170703125
3.6148828125
3.7681640625
3.8192578125
3.6659765625
3.6148828125
3.6659765625
3.6659765625
3.6659765625
3.602109375
3.8703515625
3.6659765625
3.8703515625
3.6148828125
3.6659765625
4.1769140625
3.7170703125
3.7681640625
3.8703515625
3.6148828125
3.7170703125
3.7170703125
3.6148828125
3.9725390625
3.9214453125
3.6659765625
3.6148828125
3.8192578125
3.5637890625
3.5637890625
3.7937109375
3.5126953125
3.6148828125
3.8192578125
3.7681640625
3.8703515625
3.7681640625
3.8192578125
3.6148828125
3.9214453125
3.6404296875
3.9214453125
3.6659765625
3.6659765625
3.6659765625
3.8192578125
3.7170703125
3.5637890625
3.6148828125
3.6148828125
3.9214453125
3.9725390625
3.9214453125
4.0236328125
3.6659765625
4.0236328125
3.9725390625
4.0236328125
3.67875
3.6659765625
3.7170703125
3.9725390625
4.0747265625
3.7681640625
3.8703515625
4.0236328125
4.0236328125
3.9725390625
3.83203125
3.7170703125
3.7170703125
3.6659765625
3.7170703125
3.8192578125
3.8703515625
4.0236328125
3.8703515625
3.7681640625
3.7170703125
3.67875
3.8703515625
4.1258203125
4.1258203125
4.0236328125
3.9214453125
3.7681640625
3.9214453125
3.9725390625
3.7937109375
3.7170703125
4.0747265625
3.7681640625
3.9214453125
4.0236328125
4.0747265625
3.9214453125
3.9214453125
4.0236328125
3.8703515625
3.6659765625
3.9214453125
3.8192578125
3.8192578125
3.6148828125
3.6659765625
3.8192578125
3.6659765625
3.8192578125
3.8703515625
3.8703515625
3.8192578125
3.8192578125
3.6659765625
3.7170703125
3.8703515625
3.8703515625
3.6659765625
4.1769140625
3.8192578125
3.448828125
3.5637890625
4.0747265625
3.8703515625
3.8703515625
4.0747265625
4.1258203125
3.7681640625
3.7170703125
4.0747265625
3.8703515625
4.1258203125
3.7170703125
3.7681640625
4.0747265625
4.0236328125
4.0236328125
3.9214453125
4.2791015625
3.8703515625
3.755390625
3.7681640625
3.6148828125
3.8192578125
3.7170703125
3.8703515625
3.8703515625
3.9725390625
3.9214453125
3.7681640625
3.67875
3.9214453125
3.9725390625
3.8703515625
3.9214453125
4.2280078125
4.1258203125
4.0747265625
4.0747265625
3.9214453125
4.1002734375
4.0747265625
4.0747265625
4.1258203125
3.8192578125
3.9725390625
3.6148828125
3.7681640625
3.6659765625
3.9469921875
3.8192578125
3.5637890625
3.7681640625
3.6148828125
3.7170703125
3.6659765625
3.7681640625
3.8703515625
3.9725390625
3.7681640625
3.8703515625
3.8703515625
3.9214453125
3.7170703125
4.2280078125
3.8703515625
4.1258203125
4.2791015625
3.8703515625
3.9214453125
3.908671875
4.0236328125
3.9725390625
4.1769140625
4.2280078125
4.0236328125
3.9725390625
4.0747265625
3.5126953125
3.9214453125
3.7170703125
3.6148828125
3.8703515625
3.9214453125
3.9214453125
3.7681640625
3.9214453125
3.8192578125
3.7681640625
3.6148828125
3.7937109375
3.6148828125
3.7170703125
3.6148828125
4.0236328125
3.9214453125
4.1258203125
3.8192578125
4.1769140625
3.9725390625
4.1002734375
4.0747265625
4.2280078125
3.8703515625
3.9214453125
3.9725390625
4.0747265625
3.9214453125
4.2791015625
4.0236328125
3.8703515625
3.8192578125
3.9214453125
3.7170703125
3.9725390625
3.8703515625
3.7681640625
3.6148828125
3.7170703125
4.0236328125
3.6148828125
3.908671875
3.9214453125
3.8192578125
3.9725390625
3.8192578125
4.0236328125
3.7681640625
3.9725390625
3.8703515625
3.7681640625
3.908671875
3.8192578125
4.0747265625
4.2791015625
3.7681640625
4.2280078125
3.8192578125
3.7681640625
3.8703515625
3.7170703125
3.9469921875
3.9725390625
3.7681640625
3.8703515625
3.8192578125
3.8192578125
3.8703515625
3.9214453125
3.6659765625
3.9214453125
3.9469921875
3.7681640625
4.1769140625
3.7170703125
3.8192578125
3.9214453125
4.1769140625
3.8703515625
3.6659765625
4.0236328125
4.1769140625
3.9469921875
3.7681640625
4.0747265625
3.5637890625
3.9725390625
3.9214453125
3.9214453125
3.9725390625
3.9214453125
4.1769140625
3.8703515625
3.8703515625
3.8703515625
3.9214453125
3.9214453125
3.6659765625
3.8703515625
3.8192578125
3.5126953125
3.9725390625
3.908671875
3.9214453125
3.7681640625
3.9214453125
3.9214453125
3.8192578125
3.8703515625
4.0747265625
3.7681640625
3.8192578125
4.13859375
4.1769140625
4.0236328125
3.9725390625
4.0747265625
3.8192578125
3.7681640625
3.8703515625
4.2280078125
4.2280078125
3.9725390625
4.061953125
3.8192578125
3.8192578125
3.8703515625
3.9214453125
3.7170703125
3.7681640625
3.9725390625
3.8703515625
3.8192578125
3.9725390625
3.9214453125
3.8703515625
3.9214453125
4.1258203125
3.7170703125
3.9214453125
3.9725390625
3.9853125
4.0236328125
4.0747265625
3.9725390625
3.7170703125
3.7681640625
4.0236328125
4.0747265625
3.9725390625
4.2280078125
3.9214453125
4.1769140625
4.0747265625
4.1769140625
3.6659765625
4.0236328125
3.6659765625
4.1258203125
4.0747265625
3.755390625
3.7681640625
3.7681640625
4.0236328125
3.8192578125
3.8192578125
3.7170703125
3.7170703125
3.8192578125
3.9725390625
4.0236328125
4.2791015625
3.9214453125
4.0236328125
3.7170703125
3.9214453125
3.9725390625
4.1258203125
4.2280078125
4.0747265625
4.0236328125
3.8703515625
3.7681640625
3.9214453125
4.1769140625
3.7681640625
3.7170703125
3.8192578125
3.8703515625
3.7170703125
3.8703515625
3.7170703125
3.9725390625
3.7170703125
4.0236328125
4.0747265625
4.0236328125
3.8703515625
3.7681640625
4.0236328125
3.8703515625
3.908671875
3.8192578125
4.0236328125
3.9214453125
3.7681640625
4.0236328125
4.0236328125
4.1769140625
3.9725390625
3.7681640625
3.908671875
4.2280078125
3.9214453125
4.0236328125
3.8703515625
3.7681640625
3.9214453125
4.0236328125
3.9214453125
3.8703515625
3.7937109375
4.1258203125
4.0747265625
3.9725390625
3.9725390625
3.9725390625
4.1769140625
3.9214453125
3.8703515625
3.8703515625
3.6659765625
3.7170703125
3.7681640625
3.9725390625
3.9725390625
4.0236328125
4.0747265625
3.9725390625
3.7170703125
3.9725390625
3.9725390625
4.0236328125
3.9214453125
3.6148828125
4.0236328125
3.5637890625
4.0747265625
3.9725390625
3.9725390625
3.9214453125
3.9725390625
3.9853125
3.9725390625
3.7681640625
3.8703515625
3.9725390625
3.8703515625
3.7681640625
3.7681640625
3.9214453125
4.0747265625
3.9214453125
3.908671875
3.7681640625
3.9214453125
3.6659765625
3.8192578125
3.6659765625
3.5637890625
3.9214453125
3.8703515625
3.9214453125
3.755390625
4.1258203125
4.0236328125
3.9214453125
3.8192578125
3.8703515625
3.9214453125
4.1258203125
3.8192578125
3.6659765625
4.0236328125
3.9214453125
4.0747265625
3.8703515625
4.0236328125
4.1258203125
3.8703515625
3.7681640625
4.0236328125
3.9725390625
3.9853125
3.8192578125
3.7681640625
3.8703515625
3.8703515625
4.0236328125
3.9725390625
3.7681640625
3.9725390625
3.9725390625
3.9725390625
3.8703515625
4.0236328125
3.8192578125
3.9214453125
4.0747265625
3.9725390625
3.9214453125
4.0236328125
4.0236328125
3.9214453125
4.061953125
3.7681640625
3.6659765625
3.8192578125
3.9214453125
3.8192578125
3.7681640625
4.0236328125
3.9725390625
3.6659765625
3.9469921875
3.9725390625
4.0236328125
4.0747265625
3.9214453125
4.0236328125
4.2280078125
3.8703515625
3.9725390625
3.9725390625
3.9469921875
3.8703515625
3.9725390625
3.8703515625
3.9214453125
3.8192578125
4.0747265625
3.8703515625
3.8192578125
3.8192578125
4.0747265625
3.8703515625
3.8703515625
3.8703515625
4.0236328125
4.0747265625
4.0747265625
3.8703515625
4.0747265625
4.0747265625
4.0236328125
4.0236328125
4.0747265625
4.2791015625
4.1258203125
4.1258203125
3.7681640625
3.6148828125
3.9214453125
4.0236328125
4.2280078125
3.7170703125
4.0236328125
3.9725390625
3.6659765625
3.7681640625
4.0236328125
3.9725390625
3.9725390625
4.0236328125
4.2791015625
4.2791015625
4.0236328125
3.9725390625
3.9725390625
4.0236328125
4.1258203125
3.8703515625
3.8192578125
3.9214453125
4.1258203125
4.1769140625
3.8192578125
3.9853125
4.0747265625
3.7681640625
3.9725390625
3.8703515625
3.8703515625
3.9214453125
4.0747265625
3.8703515625
3.8192578125
4.13859375
3.9725390625
4.0236328125
4.2791015625
4.2791015625
3.8703515625
3.8703515625
4.0236328125
3.8703515625
4.2280078125
3.9214453125
3.9214453125
3.8703515625
3.9214453125
4.0236328125
4.0747265625
4.0747265625
3.8703515625
3.9214453125
4.0236328125
3.9725390625
4.2280078125
3.7170703125
4.0236328125
3.9725390625
3.9725390625
3.7170703125
3.8192578125
3.9725390625
4.0236328125
3.8192578125
3.9214453125
3.8703515625
3.9725390625
4.0236328125
4.2280078125
4.0747265625
4.1258203125
3.8192578125
3.7170703125
3.9725390625
4.0236328125
4.0747265625
3.6659765625
4.0747265625
4.1769140625
3.7681640625
3.9725390625
3.9725390625
3.8192578125
4.2791015625
4.0236328125
4.1258203125
4.0747265625
3.9214453125
4.061953125
3.9214453125
3.9725390625
3.8703515625
3.9214453125
4.3301953125
4.0236328125
4.1769140625
3.8192578125
3.7170703125
4.1258203125
3.8703515625
4.2280078125
4.0747265625
4.2280078125
3.9725390625
3.9725390625
3.9853125
4.1769140625
4.2280078125
4.1258203125
3.8192578125
3.7170703125
3.9725390625
4.0236328125
3.9725390625
3.7170703125
4.0236328125
4.1769140625
4.0747265625
4.1769140625
3.9214453125
4.1769140625
3.8192578125
3.9469921875
4.1769140625
3.9725390625
4.1258203125
4.2791015625
4.1769140625
4.0747265625
3.9214453125
4.1769140625
4.1769140625
3.9469921875
4.1258203125
4.0747265625
4.1769140625
3.9725390625
3.9214453125
4.0236328125
4.2791015625
3.8192578125
3.7170703125
3.7937109375
4.2280078125
4.0236328125
4.0236328125
3.9214453125
3.9214453125
3.8703515625
4.0236328125
3.9725390625
4.0236328125
3.8703515625
4.1002734375
3.9725390625
4.1769140625
4.2791015625
4.0747265625
3.9725390625
3.8703515625
4.1258203125
4.0236328125
4.0236328125
3.908671875
3.6659765625
4.1258203125
4.0747265625
4.2280078125
3.9214453125
4.0747265625
4.0747265625
3.9725390625
4.061953125
3.8192578125
3.8703515625
4.1258203125
3.9725390625
3.8192578125
4.0236328125
4.1769140625
3.83203125
4.1769140625
3.9214453125
4.0236328125
3.9725390625
4.3301953125
4.0236328125
3.7681640625
3.9725390625
4.0747265625
4.13859375
4.0236328125
3.9725390625
4.1769140625
4.0747265625
4.0236328125
3.8703515625
4.0747265625
3.9725390625
4.1258203125
3.908671875
4.3301953125
4.0747265625
4.1258203125
4.2791015625
4.1258203125
3.9725390625
3.8703515625
3.7170703125
4.0747265625
4.1769140625
4.3301953125
3.9214453125
3.9725390625
4.0236328125
4.0236328125
4.2280078125
3.9469921875
3.8703515625
3.9725390625
4.0236328125
4.0747265625
3.9214453125
4.0236328125
3.8703515625
4.1258203125
3.6659765625
3.9725390625
4.1769140625
4.0747265625
3.8703515625
3.8192578125
4.2280078125
3.9214453125
3.9725390625
3.908671875
4.2280078125
4.1769140625
4.0747265625
3.7170703125
3.8703515625
3.9214453125
4.0236328125
4.0747265625
4.0747265625
3.8703515625
4.0747265625
3.8192578125
3.7681640625
3.9214453125
4.1258203125
3.7681640625
4.0236328125
3.755390625
4.0236328125
3.8192578125
4.1258203125
4.0236328125
4.0236328125
4.1258203125
3.8192578125
3.9725390625
4.2280078125
3.8703515625
4.2791015625
4.1769140625
4.0236328125
3.8703515625
3.9725390625
4.0236328125
3.8703515625
3.7681640625
3.7681640625
4.0236328125
4.0236328125
3.9725390625
3.7170703125
3.9214453125
4.1769140625
4.0236328125
4.061953125
4.0236328125
4.1769140625
3.9725390625
4.2280078125
4.0747265625
3.8192578125
3.9214453125
3.9725390625
3.9853125
4.1769140625
3.9214453125
3.9725390625
4.1769140625
4.0747265625
4.0747265625
3.8703515625
3.9725390625
4.0236328125
3.7937109375
3.6659765625
4.0236328125
4.3301953125
4.0747265625
3.7170703125
4.0747265625
4.2791015625
4.1258203125
3.8703515625
4.1769140625
3.7681640625
3.8703515625
4.0747265625
4.0747265625
3.9725390625
4.0236328125
3.8703515625
3.8703515625
4.1769140625
3.9853125
4.1769140625
4.2280078125
3.9725390625
3.9214453125
4.2280078125
4.0747265625
3.9853125
3.8192578125
3.7681640625
4.0236328125
3.8703515625
4.0747265625
3.9214453125
4.1258203125
4.1769140625
3.9725390625
3.9725390625
3.9725390625
3.9214453125
4.0236328125
3.9725390625
3.9725390625
4.0236328125
3.7681640625
4.1002734375
3.9725390625
4.0236328125
3.7170703125
3.9214453125
4.1258203125
4.0236328125
4.2280078125
4.2280078125
4.1258203125
4.1002734375
4.1258203125
4.1769140625
3.8703515625
3.8192578125
3.9725390625
4.1769140625
3.9725390625
3.9725390625
4.1769140625
4.0236328125
3.7681640625
4.1769140625
3.9214453125
3.8703515625
4.2280078125
4.1258203125
3.9214453125
4.1258203125
3.908671875
4.1258203125
3.7681640625
3.9214453125
4.0747265625
4.0236328125
4.1258203125
4.1258203125
4.0747265625
4.2791015625
3.8192578125
3.8703515625
4.1769140625
3.8703515625
3.9725390625
4.0747265625
4.2791015625
3.9725390625
4.0236328125
4.0747265625
4.1002734375
4.0236328125
4.1769140625
4.2280078125
4.0236328125
4.3301953125
3.9725390625
3.9214453125
4.0236328125
4.2791015625
4.1258203125
4.0236328125
3.9214453125
4.0236328125
3.9725390625
4.0747265625
3.8703515625
3.8192578125
3.6659765625
3.9725390625
4.2791015625
4.0236328125
3.9725390625
3.9214453125
4.0747265625
4.061953125
4.1258203125
4.1258203125
3.9214453125
3.8703515625
3.8703515625
4.2280078125
3.9214453125
4.0236328125
4.1769140625
4.5345703125
3.9853125
3.9214453125
3.9214453125
3.7170703125
3.9214453125
4.2791015625
4.0747265625
4.0236328125
4.3301953125
4.2791015625
4.061953125
4.2791015625
4.0747265625
3.9725390625
3.9725390625
4.1769140625
3.8192578125
4.0236328125
4.0747265625
3.9214453125
3.9469921875
3.8703515625
3.9214453125
4.1258203125
3.6659765625
3.9214453125
3.8192578125
3.8703515625
3.8703515625
3.9725390625
4.0236328125
4.061953125
4.0236328125
3.9725390625
4.1769140625
3.8703515625
3.9214453125
3.9725390625
3.9725390625
3.9725390625
3.8703515625
4.1002734375
4.0236328125
4.0236328125
4.1258203125
4.0747265625
3.7681640625
4.0747265625
4.0236328125
3.9853125
3.7681640625
3.6659765625
3.6659765625
3.7681640625
3.9725390625
3.8192578125
3.9214453125
4.0236328125
4.0747265625
3.9725390625
3.9853125
3.9725390625
3.6659765625
3.9214453125
3.8703515625
4.0236328125
4.0236328125
3.9725390625
3.9725390625
4.0747265625
4.0236328125
3.7681640625
4.0747265625
3.6659765625
3.9214453125
4.0747265625
4.0236328125
3.9725390625
4.1258203125
4.1258203125
3.9725390625
4.13859375
4.2791015625
3.7170703125
4.1769140625
3.8703515625
4.0747265625
4.0747265625
4.1258203125
3.9725390625
4.1258203125
3.755390625
3.8703515625
4.0747265625
4.2791015625
4.1258203125
3.7170703125
3.8703515625
4.0747265625
4.0747265625
3.7681640625
3.9214453125
4.0236328125
4.0747265625
3.9725390625
3.9214453125
3.8192578125
3.9469921875
4.1258203125
3.8192578125
3.9214453125
3.8192578125
4.0236328125
4.0236328125
3.9214453125
4.1258203125
4.2791015625
4.13859375
4.0747265625
4.0747265625
3.9214453125
3.8703515625
3.8192578125
3.8703515625
3.9214453125
3.9725390625
4.2280078125
4.0236328125
3.8192578125
4.2791015625
3.9725390625
3.7681640625
4.1769140625
4.0747265625
4.2280078125
3.8703515625
4.0747265625
4.2535546875
3.9725390625
3.8192578125
4.0236328125
4.2791015625
3.9214453125
3.8192578125
3.8192578125
3.9214453125
3.9214453125
3.908671875
3.7681640625
3.7170703125
4.0747265625
3.8703515625
4.1769140625
4.1769140625
4.0747265625
4.0747265625
3.9214453125
3.9469921875
4.1769140625
4.0747265625
3.9214453125
3.9214453125
3.9214453125
4.2280078125
3.8703515625
4.1769140625
4.1769140625
4.061953125
4.0236328125
4.0747265625
3.9214453125
3.9214453125
3.7170703125
3.6659765625
3.8703515625
4.0747265625
4.0236328125
4.13859375
3.9725390625
3.9214453125
4.0236328125
4.2791015625
3.5126953125
3.8703515625
3.9214453125
4.1769140625
4.0236328125
4.0236328125
4.061953125
4.1769140625
4.2791015625
4.0747265625
3.8192578125
4.0747265625
4.4323828125
4.2280078125
3.8703515625
3.9725390625
3.7937109375
3.8703515625
4.3812890625
4.0747265625
3.9214453125
3.9214453125
4.1769140625
3.9214453125
4.0236328125
4.0747265625
3.8703515625
3.9214453125
4.1769140625
4.1258203125
4.0747265625
3.9725390625
3.9214453125
4.0236328125
4.0236328125
4.0747265625
3.9469921875
4.3301953125
4.3812890625
4.1258203125
3.9725390625
4.0747265625
4.0236328125
3.9214453125
3.8703515625
3.7681640625
4.1002734375
4.0747265625
3.9725390625
4.0236328125
3.8192578125
3.8703515625
3.9214453125
3.9725390625
4.2791015625
3.7681640625
4.061953125
3.8192578125
4.0747265625
3.9725390625
4.0747265625
4.1769140625
4.1258203125
4.0236328125
4.0747265625
3.9214453125
4.1769140625
4.2280078125
4.0747265625
4.0236328125
4.1769140625
4.1258203125
4.0236328125
4.0236328125
4.1258203125
4.0747265625
4.0747265625
3.7937109375
3.9214453125
4.0236328125
4.0747265625
4.2280078125
3.9725390625
3.8703515625
4.1258203125
4.1769140625
4.0747265625
3.9853125
4.1258203125
4.1769140625
4.0236328125
4.2280078125
4.1769140625
4.0747265625
4.1769140625
4.0236328125
4.2791015625
4.1002734375
4.0747265625
4.2280078125
3.9214453125
4.0747265625
4.3301953125
4.3812890625
4.0747265625
4.1258203125
4.0236328125
4.215234375
4.2280078125
3.9725390625
4.1769140625
4.1258203125
4.3812890625
4.3301953125
3.9214453125
4.1769140625
4.3301953125
4.3812890625
4.1002734375
4.1258203125
4.2280078125
4.1769140625
4.1769140625
4.1258203125
4.3301953125
4.0236328125
4.3812890625
4.1769140625
4.2535546875
4.1769140625
4.0236328125
4.1258203125
4.2280078125
4.2280078125
4.1769140625
3.9725390625
3.8192578125
4.2280078125
4.13859375
4.0236328125
4.1769140625
4.0747265625
3.9725390625
4.1769140625
4.3812890625
4.2791015625
4.0236328125
3.9214453125
4.3301953125
4.1769140625
4.0236328125
3.9725390625
3.9725390625
3.9725390625
4.3301953125
4.1769140625
4.0747265625
3.7170703125
4.1002734375
4.2791015625
3.9725390625
4.4834765625
3.9469921875
4.1258203125
4.0747265625
4.3301953125
4.2791015625
4.0747265625
4.3301953125
4.1258203125
4.0747265625
4.1258203125
4.1002734375
4.2791015625
3.9214453125
4.1258203125
4.0747265625
4.0747265625
3.9725390625
4.3301953125
4.0747265625
4.0236328125
4.1769140625
4.061953125
4.0236328125
4.0747265625
3.9214453125
4.2280078125
4.3301953125
4.1258203125
3.9214453125
4.2280078125
4.0236328125
4.0236328125
3.9214453125
4.2280078125
4.0236328125
4.2791015625
4.0236328125
4.2280078125
4.1769140625
4.1258203125
4.0747265625
4.1258203125
4.1769140625
4.4323828125
4.0236328125
4.1258203125
4.215234375
4.2280078125
4.1258203125
4.2280078125
3.8703515625
4.1769140625
3.9725390625
3.9725390625
4.1769140625
4.0747265625
4.13859375
4.0747265625
4.2791015625
4.3301953125
4.1258203125
4.3301953125
4.3301953125
4.0747265625
4.2791015625
4.1258203125
4.13859375
4.0747265625
4.1258203125
4.0747265625
4.0236328125
4.2791015625
4.1769140625
4.0236328125
4.1258203125
4.3301953125
4.13859375
4.1769140625
3.9725390625
4.1258203125
4.2280078125
4.3812890625
3.9214453125
4.0747265625
4.2791015625
4.0747265625
4.1258203125
4.2535546875
3.9214453125
3.9725390625
4.2280078125
4.3301953125
3.8192578125
4.1258203125
4.2791015625
3.9725390625
4.3301953125
4.061953125
4.1258203125
4.0747265625
3.8192578125
4.0236328125
4.0747265625
3.9725390625
4.0747265625
3.9214453125
3.8703515625
3.8192578125
3.8703515625
4.1769140625
4.0236328125
4.0747265625
3.8703515625
4.2280078125
4.1769140625
4.0236328125
4.215234375
4.0747265625
4.2280078125
4.0236328125
4.3301953125
3.9725390625
4.3812890625
4.2280078125
3.9725390625
4.0236328125
4.2280078125
4.3301953125
4.2280078125
4.0747265625
4.0236328125
4.0236328125
4.1258203125
4.0236328125
4.3301953125
4.13859375
4.0747265625
4.2280078125
4.0747265625
4.1769140625
4.1258203125
3.9725390625
4.2791015625
4.3301953125
3.7681640625
4.0236328125
4.2791015625
4.1258203125
4.0236328125
4.2535546875
4.2791015625
4.0747265625
4.0236328125
4.1258203125
3.7681640625
4.0747265625
4.0747265625
3.9725390625
4.061953125
4.4323828125
4.1769140625
4.0236328125
4.3301953125
4.2280078125
4.1769140625
4.4323828125
4.1769140625
4.2791015625
4.13859375
3.9725390625
4.1258203125
3.9725390625
4.2280078125
4.1769140625
3.9214453125
3.9725390625
3.8703515625
4.1769140625
4.1002734375
4.1769140625
4.0747265625
3.8192578125
4.0747265625
4.1258203125
4.0747265625
4.1769140625
3.8703515625
4.1769140625
3.9214453125
4.3301953125
4.0236328125
3.7681640625
4.1258203125
3.9725390625
4.0236328125
4.0236328125
4.0236328125
3.9214453125
4.1769140625
4.1258203125
4.1769140625
3.7170703125
4.2280078125
4.2791015625
3.8703515625
3.9469921875
4.2791015625
4.4834765625
4.1258203125
3.9725390625
4.3812890625
4.0747265625
4.0747265625
4.2280078125
4.1002734375
4.1258203125
4.0747265625
3.8703515625
3.9725390625
3.8703515625
3.9214453125
3.6659765625
3.4105078125
3.8703515625
3.8703515625
3.9214453125
3.7681640625
3.6659765625
3.9214453125
4.0747265625
3.9725390625
3.7170703125
3.9214453125
3.9853125
3.8703515625
3.9725390625
4.3301953125
4.1769140625
4.2280078125
4.0236328125
4.0747265625
3.9725390625
3.8703515625
3.7170703125
4.0236328125
3.5126953125
4.0236328125
3.6148828125
4.0236328125
4.0236328125
4.0747265625
3.5637890625
3.8703515625
3.5126953125
3.67875
3.7681640625
4.0747265625
3.7170703125
3.7681640625
4.1258203125
3.7681640625
4.1258203125
3.7681640625
3.9725390625
4.061953125
3.9725390625
3.6659765625
4.0236328125
3.9725390625
4.2280078125
4.0747265625
4.1769140625
4.2791015625
3.7681640625
4.0236328125
3.8192578125
3.7681640625
4.1769140625
3.8192578125
3.9725390625
3.9725390625
4.0236328125
4.0236328125
3.9853125
4.0747265625
4.0747265625
3.9725390625
4.2791015625
3.7681640625
4.2791015625
4.2791015625
3.9725390625
4.0236328125
4.061953125
4.1258203125
4.1769140625
4.3301953125
4.1258203125
4.2280078125
4.3301953125
4.1258203125
4.0747265625
3.8192578125
4.215234375
4.0747265625
4.3301953125
4.2280078125
4.1258203125
4.2791015625
4.1769140625
4.0236328125
4.1769140625
4.3301953125
4.0236328125
4.1002734375
3.9214453125
3.9214453125
3.7681640625
4.0236328125
4.0236328125
3.8192578125
3.6659765625
3.9214453125
3.9725390625
3.908671875
3.7170703125
4.1769140625
4.1258203125
4.0236328125
3.8192578125
3.8192578125
3.8192578125
4.1258203125
4.1258203125
4.061953125
3.8192578125
4.3301953125
4.1769140625
4.0236328125
4.1258203125
3.8703515625
4.0236328125
4.2791015625
3.9214453125
3.9214453125
4.0236328125
4.0747265625
4.0747265625
3.9725390625
4.2280078125
4.1258203125
3.6659765625
4.0747265625
4.0236328125
4.1769140625
4.1769140625
4.1258203125
4.0747265625
3.9725390625
4.0747265625
4.0747265625
3.9725390625
4.1769140625
4.1769140625
3.9725390625
3.9725390625
4.0747265625
4.1769140625
4.2280078125
4.0747265625
4.0747265625
4.3812890625
4.1258203125
4.1002734375
4.1769140625
4.4323828125
4.2791015625
4.0236328125
3.9214453125
4.1769140625
4.0747265625
4.0747265625
4.3301953125
4.0236328125
4.0236328125
4.2791015625
4.1258203125
4.1258203125
4.1258203125
4.0236328125
4.1258203125
4.3812890625
4.1258203125
4.13859375
4.1258203125
3.9725390625
4.1258203125
3.8703515625
3.9214453125
4.0236328125
4.0747265625
3.8703515625
4.0747265625
4.0236328125
4.0236328125
4.0236328125
3.9725390625
3.9725390625
3.8192578125
4.0747265625
4.1258203125
3.7681640625
3.8192578125
3.9214453125
3.9469921875
3.9214453125
4.0747265625
4.0236328125
4.0236328125
3.9214453125
3.8703515625
4.0747265625
4.2280078125
4.0236328125
4.0236328125
3.9725390625
4.0747265625
4.1769140625
3.8703515625
4.215234375
4.0747265625
4.0747265625
4.1769140625
4.0236328125
3.9725390625
4.0747265625
3.9725390625
4.1258203125
3.9853125
4.1258203125
4.3301953125
3.9725390625
4.0747265625
4.0236328125
4.0747265625
3.9725390625
3.8192578125
4.2280078125
4.215234375
3.9214453125
4.0236328125
4.0236328125
3.9725390625
4.1258203125
3.9725390625
4.2280078125
4.1258203125
4.1258203125
3.9469921875
4.1258203125
3.9214453125
4.3301953125
3.9725390625
3.9725390625
4.2280078125
4.2791015625
4.0236328125
4.061953125
4.3301953125
4.0747265625
3.9214453125
3.7681640625
4.1258203125
3.8703515625
3.7681640625
3.9214453125
4.1258203125
4.1258203125
4.1002734375
4.0747265625
4.0747265625
4.1258203125
4.0747265625
4.2791015625
4.2280078125
3.8192578125
4.1769140625
4.2280078125
4.1769140625
4.1258203125
4.2280078125
4.3812890625
4.2280078125
4.1769140625
4.2791015625
4.2280078125
4.2791015625
4.1769140625
4.13859375
3.9214453125
4.1769140625
4.0236328125
4.1769140625
4.1258203125
3.9725390625
4.2280078125
4.3812890625
4.1258203125
4.1258203125
4.0236328125
4.3301953125
4.1769140625
4.4323828125
4.2791015625
4.3301953125
4.3301953125
4.215234375
3.9725390625
4.1769140625
4.1258203125
3.8703515625
4.2280078125
4.2280078125
4.0747265625
3.9725390625
4.0747265625
4.061953125
3.9214453125
4.1258203125
4.0747265625
4.1258203125
4.3301953125
4.0747265625
4.2280078125
4.2280078125
3.9214453125
4.0747265625
4.2535546875
4.2280078125
4.0236328125
3.9725390625
4.0236328125
4.2791015625
4.1258203125
4.0236328125
4.0747265625
4.0747265625
4.215234375
4.2280078125
4.2280078125
4.2280078125
4.0236328125
4.0236328125
4.2791015625
3.9214453125
4.4323828125
4.4323828125
4.368515625
4.3301953125
4.0236328125
4.3812890625
4.2791015625
4.0747265625
4.3812890625
4.3301953125
4.6878515625
4.3301953125
4.13859375
4.5856640625
4.1769140625
4.1258203125
4.3812890625
4.2280078125
4.3812890625
4.2280078125
4.3301953125
4.5984375
4.2280078125
4.0747265625
4.1769140625
4.0747265625
4.2791015625
4.4834765625
4.3812890625
4.2791015625
4.3812890625
4.291875
4.3301953125
4.0747265625
4.2280078125
4.1769140625
3.8703515625
4.3812890625
4.0747265625
4.1258203125
4.0236328125
4.5345703125
4.2280078125
3.9214453125
4.3812890625
4.1769140625
4.5345703125
4.3812890625
4.1769140625
4.2791015625
4.4834765625
4.1769140625
4.3812890625
4.5856640625
4.5856640625
4.5345703125
4.3812890625
4.2791015625
4.3301953125
4.5856640625
4.4323828125
4.368515625
4.4834765625
4.5345703125
4.3812890625
4.5856640625
4.3812890625
4.3301953125
4.1769140625
4.3812890625
4.3812890625
4.4068359375
4.3812890625
4.1769140625
4.5856640625
4.1769140625
4.3812890625
4.3301953125
4.6878515625
4.3812890625
4.1769140625
4.1769140625
4.1002734375
4.1258203125
4.5345703125
4.3301953125
4.2280078125
4.4323828125
4.3812890625
4.0747265625
4.2791015625
4.3301953125
4.4068359375
4.3812890625
4.3812890625
3.9725390625
4.3301953125
4.0747265625
4.4323828125
4.3301953125
3.9214453125
4.4834765625
4.3812890625
4.2280078125
4.1769140625
4.2791015625
4.3812890625
4.3812890625
4.2280078125
4.4323828125
4.2280078125
4.368515625
4.2791015625
4.1258203125
4.4834765625
4.5856640625
4.5345703125
4.3812890625
4.4323828125
4.1769140625
4.2791015625
4.3301953125
4.3812890625
4.3812890625
4.2791015625
4.2791015625
4.1769140625
4.2280078125
4.4323828125
4.5856640625
4.061953125
4.2280078125
4.2280078125
4.0747265625
4.2791015625
3.9725390625
3.8703515625
4.0747265625
4.1258203125
4.0236328125
4.0236328125
4.215234375
4.2791015625
4.0236328125
4.2280078125
4.3301953125
4.3812890625
4.3812890625
4.1769140625
4.5345703125
4.6367578125
4.3812890625
4.3812890625
4.5856640625
4.5856640625
4.5856640625
4.3301953125
4.215234375
4.1258203125
4.4323828125
4.2791015625
4.2791015625
4.2791015625
4.2280078125
4.2280078125
4.1258203125
4.2535546875
4.1258203125
4.1258203125
4.0236328125
4.1769140625
4.0747265625
4.0747265625
4.5345703125
4.3301953125
4.1769140625
4.4068359375
4.3812890625
4.4323828125
4.2791015625
4.2791015625
4.1769140625
4.2791015625
3.9725390625
4.0236328125
4.2280078125
4.1769140625
4.3301953125
4.2791015625
4.3301953125
4.4834765625
4.2280078125
4.2791015625
4.3812890625
3.9469921875
4.3301953125
4.1258203125
4.5345703125
4.6878515625
4.4323828125
4.2280078125
4.4323828125
4.3301953125
4.4323828125
4.521796875
4.2791015625
4.3812890625
4.3301953125
4.2280078125
4.3301953125
4.4323828125
4.3301953125
4.0747265625
4.3301953125
4.2535546875
4.5856640625
4.2280078125
4.0236328125
4.0236328125
3.7681640625
4.4323828125
4.0236328125
4.0747265625
4.0236328125
4.0236328125
4.13859375
4.2791015625
4.2280078125
4.1258203125
3.9214453125
4.1769140625
4.2791015625
4.3301953125
4.3301953125
4.3301953125
4.44515625
4.2791015625
4.4834765625
4.4834765625
4.3812890625
4.2280078125
4.3812890625
4.4323828125
4.3812890625
4.13859375
4.1769140625
4.0747265625
4.3301953125
4.2791015625
4.1769140625
4.2791015625
4.1769140625
4.0747265625
4.2280078125
3.9214453125
4.2535546875
4.3812890625
4.0236328125
4.1769140625
4.1258203125
4.1769140625
4.1769140625
4.2280078125
3.9725390625
4.1002734375
4.1258203125
4.0747265625
4.2791015625
4.2280078125
4.1258203125
4.0236328125
4.3812890625
4.5345703125
4.1769140625
4.44515625
4.0236328125
4.0236328125
4.1258203125
4.6367578125
4.3301953125
4.2280078125
4.1258203125
4.2280078125
4.2791015625
4.1769140625
4.1769140625
3.8192578125
3.8192578125
3.9725390625
4.0236328125
4.0236328125
4.1769140625
4.1769140625
4.1258203125
4.1769140625
4.1769140625
4.2791015625
4.1769140625
4.2280078125
4.2791015625
4.1769140625
4.0747265625
4.1769140625
4.6367578125
4.3301953125
4.13859375
4.3301953125
4.3301953125
4.2791015625
4.0747265625
3.8703515625
4.1258203125
4.0747265625
3.8192578125
4.1258203125
4.0236328125
4.2280078125
3.8703515625
4.1769140625
3.9214453125
4.1769140625
4.1258203125
4.2280078125
4.0236328125
3.6659765625
4.1769140625
4.1258203125
4.0747265625
4.0236328125
4.1769140625
4.0747265625
4.1769140625
4.1769140625
3.9725390625
4.2791015625
4.0747265625
4.2791015625
3.7681640625
3.7170703125
4.0236328125
3.9214453125
3.9725390625
3.9214453125
3.9214453125
4.0747265625
3.9853125
4.0747265625
4.1769140625
4.3812890625
3.7681640625
4.0747265625
4.0747265625
4.1258203125
4.061953125
3.8192578125
3.6148828125
4.0236328125
3.7681640625
3.9214453125
3.8192578125
3.9214453125
4.0747265625
3.7681640625
3.83203125
3.7681640625
3.6148828125
3.8703515625
3.8192578125
3.7170703125
3.9725390625
3.9725390625
3.9214453125
4.1258203125
3.908671875
4.1258203125
4.3301953125
4.1258203125
4.1769140625
4.2280078125
3.9725390625
4.1258203125
4.2791015625
4.1258203125
4.1002734375
3.9214453125
4.0236328125
4.2791015625
3.9214453125
3.7170703125
3.8192578125
3.7681640625
3.8703515625
3.8192578125
3.8703515625
3.9469921875
3.7170703125
3.5126953125
3.7170703125
3.9214453125
4.1258203125
3.9214453125
4.0747265625
4.0236328125
3.9725390625
4.3301953125
3.9725390625
4.0236328125
4.1258203125
4.3301953125
4.1769140625
3.6659765625
4.1258203125
3.9853125
3.7681640625
3.9214453125
3.8703515625
3.4616015625
3.6659765625
3.8703515625
3.9214453125
3.7170703125
3.7681640625
3.7937109375
3.9725390625
3.7170703125
3.8703515625
3.9214453125
4.0747265625
4.1258203125
4.0747265625
3.7681640625
3.9214453125
4.0236328125
4.0236328125
4.1258203125
4.0236328125
4.3301953125
3.9214453125
3.9214453125
4.0236328125
3.7170703125
3.6148828125
3.8703515625
3.755390625
4.0747265625
3.8192578125
3.7170703125
3.7681640625
3.7681640625
3.9214453125
3.7681640625
3.9214453125
3.9214453125
3.7170703125
3.9725390625
4.1258203125
3.5126953125
3.8703515625
3.7681640625
3.9214453125
3.7681640625
3.8192578125
3.6148828125
3.7681640625
3.602109375
4.1258203125
3.8192578125
3.8192578125
3.8703515625
3.6659765625
3.6659765625
3.5637890625
3.4105078125
3.5637890625
3.5637890625
3.5126953125
3.6659765625
3.6148828125
3.5637890625
3.5637890625
3.5126953125
3.5126953125
3.2572265625
3.4871484375
3.5126953125
3.7681640625
3.8192578125
3.4616015625
3.7681640625
3.7681640625
3.3594140625
3.8192578125
3.8192578125
3.9214453125
3.8703515625
3.8703515625
3.6659765625
3.7681640625
4.0236328125
3.6659765625
3.7681640625
3.7170703125
3.8192578125
4.0236328125
4.061953125
3.6659765625
4.0236328125
4.1769140625
4.0747265625
4.1258203125
4.0747265625
4.2280078125
3.9725390625
3.9214453125
4.061953125
4.0747265625
4.1769140625
4.1769140625
4.2280078125
3.8192578125
4.0236328125
3.6148828125
3.9214453125
3.8703515625
3.7681640625
4.061953125
3.9725390625
3.4616015625
3.6659765625
3.9725390625
3.9725390625
3.8192578125
3.7681640625
3.7681640625
3.7170703125
3.9469921875
4.1258203125
3.8703515625
4.0236328125
3.7681640625
3.7681640625
3.8703515625
4.2791015625
4.1258203125
3.8703515625
4.2280078125
3.908671875
3.9725390625
4.0747265625
4.0747265625
3.8192578125
3.8192578125
3.7170703125
4.3812890625
3.9725390625
4.2280078125
3.8703515625
3.9214453125
3.7681640625
3.9214453125
4.0747265625
3.8192578125
3.9214453125
3.7681640625
3.6659765625
3.9725390625
3.6148828125
3.9469921875
4.0747265625
4.1769140625
3.9725390625
3.7681640625
4.2280078125
3.9214453125
3.7681640625
4.2791015625
4.0236328125
4.0236328125
3.9214453125
3.9214453125
3.5637890625
3.9725390625
4.2280078125
3.8192578125
3.9214453125
3.7681640625
3.9725390625
3.7681640625
4.0236328125
3.7681640625
3.8703515625
3.9214453125
3.8703515625
3.5126953125
3.6148828125
3.8703515625
4.0236328125
3.9214453125
4.061953125
4.0236328125
3.9214453125
4.1258203125
3.7170703125
3.9725390625
3.9214453125
3.8192578125
3.8703515625
3.7170703125
4.0236328125
3.7681640625
3.7681640625
3.7170703125
3.7681640625
4.0236328125
4.0236328125
3.83203125
3.8703515625
3.9725390625
4.0236328125
3.9214453125
3.9725390625
3.7681640625
4.1769140625
3.9214453125
3.6659765625
3.602109375
3.8703515625
3.9725390625
3.8192578125
3.8192578125
4.0747265625
3.8192578125
3.9725390625
3.8703515625
3.8192578125
3.755390625
3.8703515625
3.8192578125
3.9214453125
3.9725390625
4.0236328125
3.8703515625
3.6659765625
3.8703515625
3.6659765625
3.9214453125
3.6148828125
3.6659765625
4.0236328125
3.7170703125
4.1258203125
3.8703515625
3.7681640625
3.6659765625
3.6404296875
3.8192578125
3.8192578125
3.9214453125
3.7170703125
3.8192578125
4.0236328125
3.6659765625
3.9725390625
3.9214453125
3.6404296875
3.5637890625
3.7170703125
3.8192578125
3.9725390625
3.7170703125
3.9214453125
3.7681640625
3.9725390625
3.9214453125
4.0236328125
3.908671875
3.8703515625
3.5126953125
3.6659765625
3.6148828125
3.8703515625
3.9725390625
3.7170703125
3.6148828125
3.8703515625
3.6148828125
3.6659765625
3.5637890625
3.6659765625
3.6659765625
3.9214453125
3.6148828125
3.8703515625
3.6148828125
3.8703515625
3.8703515625
3.7170703125
3.8703515625
3.7170703125
4.2280078125
4.0236328125
4.1769140625
3.9725390625
3.5637890625
3.8192578125
3.5637890625
3.6148828125
3.7170703125
4.0236328125
3.9725390625
3.6148828125
3.8703515625
3.9725390625
3.4871484375
3.9725390625
3.7681640625
3.6148828125
3.8192578125
3.7170703125
3.602109375
4.0747265625
3.8703515625
3.8703515625
3.4105078125
3.6659765625
3.5637890625
3.9214453125
3.9725390625
3.6148828125
3.7681640625
3.67875
3.6659765625
3.5637890625
3.6659765625
3.5637890625
3.7681640625
3.5637890625
3.9725390625
4.0747265625
3.83203125
3.8703515625
3.6148828125
3.9725390625
3.8192578125
3.9214453125
4.1769140625
3.9214453125
3.8192578125
3.7170703125
3.83203125
3.8703515625
3.8192578125
3.8192578125
3.5126953125
3.6148828125
3.4616015625
3.6659765625
3.7681640625
3.9725390625
3.7937109375
3.3083203125
3.6148828125
3.7681640625
3.8703515625
3.7170703125
3.7681640625
3.7681640625
3.83203125
4.1769140625
3.7170703125
3.6659765625
3.8703515625
3.8703515625
3.6659765625
3.8703515625
3.8703515625
3.6148828125
3.6404296875
3.6148828125
3.7681640625
3.6659765625
3.6148828125
3.7681640625
3.7170703125
3.7170703125
3.6659765625
3.67875
3.5637890625
3.6659765625
3.6148828125
3.7170703125
3.4616015625
3.6148828125
3.6148828125
3.6659765625
3.83203125
3.9725390625
3.8192578125
3.5637890625
3.6659765625
3.8192578125
4.1258203125
3.6659765625
3.7681640625
3.6148828125
3.908671875
3.7170703125
3.8703515625
3.6148828125
3.5126953125
3.7170703125
3.6148828125
3.3594140625
3.5637890625
3.2572265625
3.4871484375
3.7681640625
3.4616015625
3.4616015625
3.7170703125
3.6659765625
3.7170703125
3.6148828125
3.7681640625
3.5126953125
3.67875
3.6148828125
3.4616015625
3.9214453125
3.7681640625
3.5126953125
3.7170703125
3.6659765625
3.8192578125
3.7681640625
3.5637890625
3.7681640625
3.8703515625
3.4616015625
3.6148828125
3.5637890625
3.4616015625
3.4616015625
3.5637890625
3.3083203125
3.4616015625
3.602109375
3.3594140625
3.5126953125
3.3083203125
3.6148828125
3.5637890625
3.5637890625
3.7170703125
3.7170703125
3.7170703125
3.7170703125
3.5637890625
3.7681640625
3.4105078125
3.6148828125
3.7170703125
3.7170703125
3.4105078125
3.4616015625
3.3594140625
3.4105078125
3.6659765625
3.52546875
3.5637890625
3.7170703125
3.4105078125
3.3083203125
3.7681640625
3.3594140625
3.7170703125
3.3594140625
3.4616015625
3.602109375
3.8703515625
3.6404296875
3.5126953125
3.5637890625
3.3594140625
3.6148828125
3.7170703125
3.6148828125
3.3594140625
3.5126953125
3.5637890625
3.8703515625
3.5637890625
3.4616015625
3.2572265625
3.6659765625
3.3594140625
3.52546875
3.2061328125
3.3083203125
3.3594140625
3.1550390625
3.3083203125
3.4105078125
3.5126953125
3.4105078125
3.4616015625
3.448828125
3.5637890625
3.2572265625
3.7681640625
3.5126953125
3.7170703125
3.6148828125
3.5126953125
3.8703515625
3.4105078125
3.142265625
3.5637890625
3.4105078125
3.5126953125
3.2572265625
3.3594140625
3.5126953125
3.3594140625
3.2572265625
3.3083203125
3.3594140625
3.5126953125
3.4105078125
3.4105078125
3.2061328125
3.4616015625
3.4105078125
3.4616015625
3.52546875
3.5637890625
3.3594140625
3.5637890625
3.4105078125
3.4105078125
3.2061328125
3.5126953125
3.4616015625
3.4616015625
3.3594140625
3.295546875
3.4105078125
3.2572265625
3.6148828125
3.5126953125
3.2061328125
3.4616015625
3.8703515625
3.5126953125
3.5126953125
3.4105078125
3.1550390625
3.5637890625
3.1039453125
3.6659765625
3.5126953125
3.4105078125
3.3721875
3.4616015625
3.5637890625
3.1039453125
3.4105078125
3.4105078125
3.1550390625
3.0528515625
3.1039453125
3.0528515625
2.988984375
3.0528515625
3.2061328125
3.2061328125
3.4616015625
3.3594140625
3.2061328125
3.3594140625
3.1039453125
3.1550390625
3.2572265625
3.3594140625
3.3594140625
3.5126953125
3.295546875
3.5126953125
3.1039453125
3.2572265625
3.4105078125
3.0017578125
3.2572265625
3.3594140625
3.1039453125
3.0528515625
3.0273046875
3.1039453125
3.0017578125
2.9506640625
3.0017578125
2.9506640625
3.2061328125
3.2061328125
3.3083203125
3.2572265625
3.21890625
3.0017578125
3.2061328125
3.0528515625
3.2572265625
3.2572265625
3.2572265625
3.3083203125
3.2572265625
3.0528515625
3.1550390625
3.2572265625
3.0528515625
3.4105078125
3.3083203125
3.3083203125
3.0528515625
3.0528515625
3.1550390625
3.1039453125
3.3594140625
3.3338671875
3.2061328125
3.0017578125
3.1550390625
3.2061328125
3.1550390625
3.3083203125
2.9506640625
3.0017578125
3.1039453125
3.21890625
3.1550390625
3.3083203125
3.0017578125
3.3083203125
3.4616015625
3.3083203125
3.2572265625
3.4105078125
3.0017578125
3.295546875
3.2572265625
2.8995703125
3.3083203125
3.1550390625
3.2572265625
3.0017578125
2.9506640625
3.0528515625
3.0017578125
3.1039453125
3.2572265625
3.3594140625
3.1039453125
3.1039453125
3.4105078125
3.0528515625
3.1550390625
2.9506640625
3.7681640625
2.8995703125
3.295546875
3.1550390625
3.2572265625
3.1550390625
3.4105078125
3.1550390625
2.9506640625
3.0528515625
3.1550390625
2.8484765625
3.0273046875
3.0528515625
3.2572265625
3.0528515625
3.0528515625
2.9506640625
2.8484765625
3.0528515625
2.8995703125
3.1550390625
3.065625
2.8995703125
3.0528515625
2.9506640625
2.8995703125
3.0017578125
2.8484765625
2.9506640625
2.8484765625
3.0528515625
3.0273046875
2.9506640625
2.9506640625
2.8484765625
3.1550390625
3.0528515625
2.8484765625
3.0528515625
3.0017578125
3.0017578125
2.7462890625
2.835703125
2.8995703125
2.8484765625
2.8995703125
2.9506640625
2.8484765625
2.9506640625
2.8484765625
3.2061328125
2.9506640625
2.7590625
2.8995703125
2.9506640625
3.2572265625
3.1039453125
2.8484765625
3.3083203125
3.1550390625
3.0017578125
2.6951953125
2.682421875
2.5930078125
2.8484765625
2.7462890625
2.6441015625
2.7973828125
2.6441015625
2.8995703125
2.6951953125
3.0017578125
2.5419140625
2.7207421875
2.7973828125
2.8484765625
2.5419140625
2.3886328125
2.5930078125
2.6441015625
2.7973828125
2.6951953125
2.5930078125
2.8740234375
3.0017578125
2.8995703125
2.6441015625
2.8995703125
2.9506640625
2.7973828125
2.7590625
2.7462890625
2.6441015625
2.5419140625
2.8484765625
2.9506640625
2.8995703125
2.5930078125
2.7973828125
2.6951953125
2.6441015625
2.8740234375
2.4397265625
2.7462890625
2.3886328125
2.8995703125
2.6441015625
2.4397265625
2.7462890625
2.3886328125
2.7462890625
2.7973828125
2.8484765625
2.7973828125
2.8995703125
2.7462890625
2.5930078125
2.8995703125
2.7462890625
2.5419140625
2.5930078125
2.7973828125
2.7590625
2.4908203125
2.4908203125
2.5930078125
2.6441015625
2.5930078125
2.7462890625
2.5930078125
2.9506640625
2.6951953125
2.60578125
2.2864453125
2.5930078125
2.7973828125
2.6951953125
2.6951953125
2.7462890625
2.3375390625
2.6441015625
2.6441015625
2.529140625
2.5930078125
2.6441015625
2.8995703125
3.0528515625
2.7973828125
2.6951953125
2.4908203125
2.5419140625
2.7462890625
2.6951953125
2.682421875
2.5419140625
2.3886328125
2.5930078125
2.7462890625
2.8484765625
2.6951953125
2.5419140625
2.4908203125
2.4908203125
2.3886328125
2.5419140625
2.2864453125
2.6441015625
2.3375390625
2.5419140625
2.5674609375
2.4397265625
2.6951953125
2.4397265625
2.4397265625
2.6951953125
2.8995703125
2.6441015625
2.8484765625
2.5930078125
2.3886328125
2.3375390625
2.5930078125
2.5930078125
2.6951953125
2.6441015625
2.2864453125
2.4908203125
2.5419140625
2.2353515625
2.3886328125
2.4525
2.3886328125
2.4397265625
2.2864453125
2.5419140625
2.2353515625
2.3886328125
2.3886328125
2.5419140625
2.4397265625
2.529140625
2.3375390625
2.5419140625
2.4397265625
2.3886328125
2.2864453125
2.5930078125
2.6441015625
2.3886328125
2.2864453125
2.5419140625
2.4908203125
2.1842578125
2.3375390625
2.4908203125
2.5419140625
2.1331640625
2.3886328125
2.4908203125
2.3375390625
2.4908203125
2.4397265625
2.7462890625
2.5930078125
2.3886328125
2.2864453125
2.3375390625
2.4397265625
2.3375390625
1.8776953125
2.2608984375
2.1331640625
2.3375390625
2.3886328125
2.3375390625
2.1331640625
2.0309765625
2.1331640625
2.1842578125
2.2864453125
2.069296875
2.0309765625
2.3886328125
2.0820703125
2.1842578125
2.0820703125
2.0309765625
2.1842578125
2.0820703125
2.1842578125
2.2353515625
1.9798828125
2.1331640625
2.1842578125
2.0309765625
2.1842578125
2.2353515625
2.2353515625
2.2353515625
2.7462890625
2.222578125
2.0820703125
2.2864453125
2.4908203125
2.5419140625
2.3886328125
2.4397265625
2.3886328125
2.3375390625
2.3886328125
2.60578125
2.2864453125
2.2353515625
2.4908203125
2.5419140625
2.5930078125
2.7462890625
2.2864453125
2.29921875
2.0820703125
2.2864453125
2.2353515625
2.1842578125
2.2864453125
2.4908203125
2.3375390625
2.1842578125
2.3886328125
2.1459375
2.1842578125
2.1331640625
2.3886328125
2.1331640625
2.3375390625
2.5419140625
2.4397265625
2.3375390625
2.4397265625
2.3375390625
2.2353515625
2.2353515625
2.2353515625
2.4908203125
2.3886328125
2.1842578125
2.2353515625
2.2864453125
2.2608984375
2.2353515625
2.1331640625
2.3375390625
2.3375390625
2.1842578125
2.4908203125
2.3375390625
2.2864453125
2.1331640625
2.1842578125
2.1331640625
2.0820703125
2.0820703125
2.1331640625
2.2864453125
2.2353515625
2.3886328125
2.3886328125
2.3375390625
2.1842578125
2.4908203125
2.0820703125
2.2864453125
2.3375390625
2.3886328125
2.3375390625
2.2864453125
2.1331640625
1.9287890625
2.2864453125
2.4525
2.4397265625
2.2353515625
2.4397265625
2.5419140625
2.4908203125
2.1842578125
2.2353515625
2.3375390625
2.2353515625
2.2608984375
2.2864453125
2.1842578125
2.1842578125
2.5930078125
2.3375390625
2.0820703125
2.1331640625
2.3886328125
2.2353515625
2.1459375
2.1842578125
2.0820703125
2.0820703125
2.3375390625
2.4397265625
2.2353515625
2.7462890625
2.4908203125
2.3375390625
2.375859375
2.4397265625
2.5419140625
2.2353515625
2.4908203125
2.3375390625
2.3375390625
2.5930078125
2.2864453125
2.2353515625
2.222578125
2.1331640625
2.3886328125
2.2864453125
2.1842578125
2.2353515625
2.0309765625
2.3375390625
2.2353515625
2.2353515625
2.069296875
2.0309765625
2.1331640625
2.0820703125
2.1842578125
2.2864453125
2.2864453125
2.0820703125
2.0309765625
2.2353515625
2.0820703125
2.2353515625
2.1842578125
2.1842578125
2.3886328125
2.2353515625
2.3886328125
2.1842578125
2.1331640625
2.2864453125
2.1459375
2.4908203125
2.1331640625
2.2353515625
2.0309765625
2.2353515625
2.2864453125
2.3886328125
1.9287890625
2.1331640625
2.29921875
2.2353515625
2.1331640625
2.2353515625
2.2864453125
2.2353515625
2.2353515625
2.0820703125
2.2353515625
2.2608984375
2.1331640625
2.1842578125
2.1842578125
2.0820703125
1.9287890625
1.7244140625
1.8776953125
2.0820703125
2.2353515625
2.1842578125
2.0820703125
1.9287890625
1.7755078125
2.1842578125
2.1331640625
2.1331640625
2.0309765625
2.3375390625
2.2353515625
2.1842578125
2.2353515625
2.1842578125
2.6441015625
2.0820703125
2.2353515625
2.0820703125
1.8776953125
2.2353515625
2.1459375
1.8266015625
1.9287890625
1.8266015625
2.4908203125
1.9287890625
2.2864453125
2.5419140625
2.0309765625
2.2353515625
1.9798828125
1.762734375
1.9798828125
2.1331640625
2.0820703125
1.8776953125
2.1842578125
2.0820703125
1.9798828125
1.99265625
2.0309765625
2.0820703125
2.1331640625
2.1331640625
2.1331640625
2.2353515625
2.0820703125
2.2353515625
2.1331640625
2.2608984375
2.1842578125
2.2864453125
2.2353515625
1.7755078125
2.0309765625
2.3886328125
2.2353515625
2.2353515625
2.0309765625
2.1331640625
2.2608984375
1.9798828125
1.8776953125
2.1331640625
2.1331640625
1.9287890625
2.2353515625
2.3375390625
2.1842578125
2.1459375
2.3375390625
2.0820703125
2.2864453125
2.1842578125
2.0309765625
2.1842578125
2.2864453125
2.4908203125
2.2353515625
2.29921875
2.1331640625
2.3886328125
2.3886328125
1.9798828125
2.4397265625
2.4397265625
2.5930078125
2.0309765625
2.1842578125
2.2353515625
2.1842578125
2.2353515625
2.1331640625
2.2864453125
2.1842578125
2.1842578125
2.1842578125
2.1331640625
2.3375390625
2.3375390625
2.1459375
1.7755078125
2.0820703125
2.1331640625
2.1331640625
1.9798828125
2.1842578125
2.2864453125
2.2353515625
2.3375390625
2.375859375
2.1842578125
2.2864453125
2.0820703125
2.0820703125
2.1842578125
2.0820703125
2.1842578125
2.0309765625
2.2608984375
2.4397265625
2.2353515625
2.4397265625
2.3375390625
2.1842578125
2.4397265625
1.9798828125
2.2353515625
2.3375390625
2.1842578125
2.1331640625
2.2353515625
2.2864453125
2.2864453125
2.1842578125
2.2864453125
1.8776953125
2.2864453125
2.1842578125
2.0820703125
2.0820703125
2.1331640625
2.0309765625
2.0820703125
1.9287890625
2.3375390625
2.2353515625
2.2353515625
2.2353515625
2.1459375
2.3375390625
2.2353515625
2.2353515625
1.7755078125
1.8776953125
2.3375390625
2.2353515625
2.5419140625
2.1331640625
2.3375390625
2.2864453125
2.2864453125
2.2864453125
2.0820703125
2.1842578125
2.3375390625
2.4397265625
2.3886328125
2.0820703125
2.29921875
2.0309765625
2.2864453125
2.3886328125
2.2864453125
2.5419140625
2.4908203125
2.0820703125
2.4397265625
2.4908203125
2.2353515625
2.2864453125
2.2864453125
2.2353515625
2.3375390625
2.4397265625
2.4908203125
2.4397265625
2.4397265625
2.1331640625
2.29921875
2.1842578125
2.4397265625
2.3375390625
2.2353515625
2.1842578125
2.2864453125
1.9798828125
2.2353515625
2.3375390625
2.29921875
2.2353515625
2.2353515625
2.1842578125
2.1842578125
2.3375390625
2.3375390625
2.1842578125
2.5419140625
2.3375390625
2.4141796875
2.2353515625
2.1842578125
2.4397265625
2.2864453125
2.4397265625
2.3886328125
2.1842578125
2.4908203125
2.3375390625
2.4141796875
2.4908203125
2.0309765625
2.2864453125
2.2353515625
2.4908203125
2.3375390625
2.2864453125
2.1842578125
2.4908203125
2.4397265625
2.3886328125
2.2864453125
2.2353515625
2.5930078125
2.0820703125
2.4397265625
2.4908203125
2.3886328125
2.2353515625
2.222578125
2.3886328125
2.3375390625
2.3375390625
2.3375390625
2.2353515625
2.4525
1.9287890625
2.7462890625
2.3375390625
2.4397265625
2.2353515625
2.1842578125
2.6441015625
2.3886328125
2.5419140625
2.3375390625
2.2353515625
1.9798828125
2.1331640625
2.1842578125
2.3886328125
2.4908203125
2.1842578125
2.3886328125
2.3375390625
2.1842578125
2.4525
2.3886328125
2.1842578125
2.2864453125
2.0820703125
2.2353515625
2.1331640625
2.4908203125
2.2353515625
2.0309765625
2.1842578125
2.1842578125
2.0820703125
2.2864453125
2.2353515625
2.3375390625
2.2864453125
2.2353515625
2.3375390625
2.1842578125
2.222578125
2.1842578125
2.3375390625
2.4397265625
2.2864453125
2.2353515625
2.1842578125
2.2608984375
2.3886328125
2.4397265625
2.2353515625
2.3886328125
2.1459375
2.2353515625
2.1842578125
2.5419140625
2.0309765625
2.1842578125
2.5419140625
2.2353515625
2.4397265625
2.4397265625
2.1459375
2.2353515625
2.2353515625
2.3375390625
2.2353515625
2.4908203125
2.2353515625
2.3375390625
2.5419140625
2.5930078125
2.222578125
2.3886328125
2.3886328125
2.5930078125
2.4397265625
2.2353515625
2.2864453125
2.2353515625
2.2353515625
2.3375390625
2.4525
2.0820703125
2.0820703125
2.1331640625
2.3886328125
2.3886328125
2.2353515625
2.3886328125
2.6951953125
2.1842578125
2.3375390625
2.4908203125
2.6441015625
2.3375390625
2.5419140625
2.2353515625
2.0820703125
2.2864453125
2.5930078125
2.4908203125
2.222578125
2.2353515625
2.2353515625
2.2353515625
2.2353515625
2.6441015625
2.4397265625
2.2864453125
2.3886328125
2.3375390625
2.6441015625
2.3375390625
2.3375390625
2.4908203125
2.5930078125
2.4908203125
2.3375390625
2.2864453125
2.2864453125
2.2864453125
2.2864453125
2.2353515625
2.1331640625
2.2353515625
2.2864453125
2.1331640625
2.4525
2.6951953125
2.4908203125
2.3375390625
2.4908203125
2.1842578125
2.4397265625
2.1331640625
2.1331640625
2.3375390625
2.2608984375
2.2353515625
2.3375390625
2.8484765625
2.222578125
2.2864453125
2.3375390625
2.2864453125
2.0309765625
2.6951953125
2.3375390625
2.4141796875
2.2864453125
2.4397265625
2.1331640625
2.0820703125
2.3886328125
2.3886328125
2.5419140625
2.5419140625
2.2353515625
2.4525
2.3886328125
2.3886328125
2.2353515625
2.2864453125
2.3375390625
2.2864453125
2.3375390625
2.4397265625
2.3375390625
2.1842578125
2.375859375
2.0820703125
2.2864453125
2.2864453125
2.2864453125
2.5419140625
2.2864453125
2.4397265625
2.4908203125
2.1331640625
2.3375390625
2.3886328125
2.3375390625
2.5419140625
2.2864453125
2.0820703125
2.3375390625
2.4908203125
2.0820703125
2.0309765625
2.0309765625
2.3886328125
2.4908203125
2.1842578125
2.5419140625
2.3886328125
2.2864453125
2.0309765625
2.5930078125
2.4397265625
2.2608984375
2.2864453125
2.2353515625
2.3886328125
2.3375390625
2.3375390625
2.5419140625
2.3886328125
2.4397265625
2.3886328125
2.3375390625
2.3886328125
2.4908203125
2.5419140625
2.0309765625
2.4397265625
2.3886328125
2.3375390625
2.1331640625
2.1842578125
2.1842578125
2.4525
2.2864453125
2.6441015625
2.3886328125
2.5419140625
2.4908203125
2.1842578125
2.4397265625
2.3886328125
2.60578125
2.5930078125
2.3375390625
2.2864453125
2.0309765625
2.3375390625
2.4397265625
2.1842578125
2.3375390625
2.3886328125
2.5674609375
2.4908203125
2.1331640625
2.3886328125
2.4397265625
2.3375390625
2.5930078125
2.4397265625
2.1842578125
2.5419140625
2.5419140625
2.2353515625
2.4908203125
2.3375390625
2.4908203125
2.2864453125
2.2608984375
2.1842578125
2.1331640625
2.3375390625
2.5930078125
2.3375390625
2.1842578125
2.3886328125
2.2864453125
2.5419140625
2.4397265625
2.375859375
2.2864453125
2.5419140625
2.5419140625
2.6951953125
2.2864453125
2.3886328125
2.3375390625
2.2864453125
2.2864453125
2.4525
2.1842578125
2.2864453125
2.4397265625
2.4908203125
2.5930078125
2.2864453125
2.3886328125
2.4397265625
2.3375390625
2.1076171875
2.0309765625
2.0820703125
2.4397265625
2.4397265625
2.3375390625
2.4397265625
2.4141796875
2.2864453125
2.2864453125
2.3375390625
2.3375390625
2.4908203125
2.0820703125
2.2864453125
2.1331640625
2.1842578125
2.0820703125
1.99265625
2.2353515625
2.0820703125
2.0820703125
2.3375390625
2.1331640625
1.9287890625
2.0309765625
1.9287890625
1.9798828125
2.2608984375
2.1331640625
2.1842578125
2.0820703125
2.1331640625
2.1842578125
2.1842578125
2.0309765625
2.6441015625
2.4908203125
2.2608984375
2.0309765625
2.1842578125
2.2353515625
2.4908203125
2.1331640625
2.1842578125
2.3375390625
2.2353515625
2.2864453125
2.3375390625
2.2608984375
2.3375390625
2.0309765625
2.3375390625
2.1842578125
2.3375390625
2.2353515625
2.1842578125
2.3886328125
2.2864453125
2.29921875
1.8266015625
2.0820703125
2.1842578125
2.2864453125
2.1331640625
2.0820703125
1.8266015625
2.3886328125
2.0820703125
2.222578125
2.3886328125
2.0820703125
2.0820703125
2.5930078125
2.2353515625
2.2353515625
2.2864453125
2.2353515625
2.3375390625
2.2608984375
2.3375390625
2.0820703125
2.0309765625
2.2353515625
2.1842578125
1.8776953125
2.4397265625
2.1331640625
2.1842578125
2.3375390625
2.2353515625
2.0820703125
1.8776953125
2.3886328125
2.0820703125
2.2353515625
2.1842578125
2.1842578125
2.1842578125
2.0309765625
2.1842578125
2.3886328125
2.4397265625
2.2353515625
2.4397265625
2.1842578125
2.2864453125
1.9798828125
2.3375390625
2.3375390625
2.1459375
2.2353515625
2.2353515625
2.1842578125
2.2353515625
2.3375390625
1.9798828125
2.1331640625
2.3375390625
2.1331640625
2.0820703125
1.9287890625
2.1842578125
2.1842578125
2.0820703125
2.3375390625
2.2864453125
2.3375390625
2.1842578125
2.069296875
1.9287890625
1.8776953125
2.0820703125
2.2353515625
2.1331640625
2.0820703125
2.1842578125
2.0309765625
2.1331640625
2.069296875
1.8266015625
1.9798828125
2.0309765625
1.9287890625
2.1842578125
2.3886328125
1.7755078125
2.1842578125
2.0309765625
2.2608984375
2.3375390625
2.2353515625
2.0820703125
2.1331640625
2.0820703125
2.2353515625
2.0309765625
2.1842578125
1.8776953125
2.1331640625
1.9287890625
2.2864453125
2.1842578125
1.9287890625
2.1459375
2.0309765625
1.7755078125
2.0309765625
1.9798828125
1.9798828125
2.0309765625
1.9798828125
2.0309765625
2.069296875
2.4908203125
2.1842578125
1.7755078125
2.2864453125
1.9798828125
1.9287890625
2.4908203125
2.5930078125
2.1842578125
2.1459375
2.1331640625
2.0309765625
2.2353515625
2.2353515625
2.1842578125
1.8266015625
1.8776953125
2.2353515625
2.0309765625
2.0309765625
2.1842578125
1.9287890625
1.9798828125
1.8776953125
2.0309765625
1.8266015625
2.0820703125
1.9798828125
2.069296875
2.0309765625
2.1842578125
2.0820703125
2.1331640625
2.1331640625
2.1842578125
2.0309765625
2.2353515625
2.0309765625
2.2864453125
2.069296875
1.9798828125
2.2353515625
2.1842578125
2.0309765625
1.9798828125
2.0309765625
2.0309765625
2.0309765625
1.8266015625
2.0309765625
2.0820703125
2.1842578125
2.2353515625
1.8776953125
2.3375390625
1.9798828125
1.9287890625
1.9798828125
2.3375390625
2.1842578125
2.2864453125
1.9798828125
2.1331640625
2.0820703125
2.0820703125
2.0309765625
2.2864453125
2.1331640625
1.8776953125
2.1076171875
2.2864453125
2.4908203125
1.8776953125
1.9798828125
2.2864453125
2.1331640625
1.8776953125
2.2864453125
2.2864453125
2.1076171875
2.2864453125
1.9798828125
2.3375390625
2.1331640625
1.9798828125
2.1331640625
2.1842578125
1.8776953125
2.0309765625
2.0309765625
2.0820703125
2.3886328125
2.1842578125
1.8266015625
2.1842578125
1.9798828125
1.9287890625
1.916015625
1.9798828125
2.0820703125
2.1842578125
2.0309765625
1.9798828125
2.0820703125
2.1331640625
2.1842578125
1.8776953125
2.1331640625
2.3375390625
2.0820703125
2.2353515625
1.9798828125
1.9287890625
2.0309765625
2.1842578125
2.222578125
2.1331640625
2.0309765625
2.1842578125
2.0820703125
2.0309765625
2.0820703125
1.9798828125
1.9798828125
2.0820703125
1.99265625
2.1331640625
1.8266015625
1.7755078125
1.9798828125
1.8776953125
1.9287890625
1.9798828125
1.8266015625
2.0309765625
2.069296875
2.0820703125
2.0309765625
2.0309765625
2.0309765625
2.1331640625
1.9798828125
2.1331640625
2.2353515625
1.7755078125
1.9798828125
2.0309765625
1.7755078125
1.8776953125
2.1842578125
1.7244140625
1.6733203125
1.8266015625
1.7755078125
1.8776953125
1.6222265625
1.8776953125
2.0309765625
1.9798828125
1.9287890625
1.5711328125
1.8776953125
1.7244140625
1.9287890625
1.9287890625
1.8266015625
1.9287890625
2.0309765625
2.1842578125
2.0820703125
2.0820703125
1.9798828125
2.1331640625
2.0309765625
1.9798828125
1.8776953125
1.8776953125
1.9287890625
1.99265625
2.0309765625
1.9798828125
2.1842578125
1.9798828125
1.8776953125
2.2864453125
2.0820703125
2.0820703125
2.0309765625
2.2864453125
2.3375390625
2.4397265625
2.2864453125
1.9798828125
2.0820703125
2.0820703125
1.9798828125
1.8776953125
2.0309765625
2.0820703125
2.1842578125
1.7244140625
1.9287890625
1.9287890625
1.9287890625
1.8776953125
1.7244140625
1.6222265625
1.68609375
1.7244140625
1.9287890625
1.9287890625
2.0309765625
1.7755078125
1.9287890625
1.7244140625
1.8266015625
1.8776953125
2.069296875
2.1842578125
1.8266015625
1.9798828125
1.7755078125
1.8776953125
1.8266015625
1.9798828125
1.8010546875
1.7244140625
1.8266015625
1.6222265625
1.9798828125
1.9798828125
2.0309765625
1.9287890625
1.916015625
2.1842578125
2.0309765625
1.9798828125
1.8266015625
1.9287890625
1.8266015625
2.0309765625
2.0309765625
1.8776953125
1.839375
1.9798828125
1.8776953125
1.8266015625
1.9287890625
1.8776953125
2.0309765625
1.7755078125
1.9798828125
1.9798828125
1.7755078125
1.8776953125
1.7755078125
1.5200390625
1.8266015625
1.7755078125
1.9287890625
1.7244140625
1.8776953125
2.0820703125
1.6733203125
2.0309765625
1.9798828125
2.0309765625
1.8776953125
1.8266015625
2.0309765625
2.0820703125
2.0820703125
1.9287890625
1.8776953125
2.1842578125
1.8776953125
1.8776953125
1.9287890625
1.7244140625
2.2353515625
2.0820703125
2.0820703125
1.9798828125
1.9287890625
1.99265625
1.8776953125
1.9798828125
1.9287890625
1.6222265625
1.7755078125
1.5200390625
1.5200390625
1.7755078125
1.7244140625
1.8010546875
1.7755078125
1.7755078125
1.9287890625
1.7244140625
2.0309765625
2.0309765625
1.9287890625
2.0309765625
2.1331640625
1.9287890625
2.1076171875
1.8266015625
1.9798828125
1.9287890625
1.7244140625
2.0309765625
1.8776953125
2.0820703125
1.8776953125
1.9798828125
2.0309765625
1.9287890625
1.7244140625
1.9287890625
1.7755078125
1.6222265625
1.7244140625
1.5200390625
1.6222265625
1.68609375
1.5200390625
1.8266015625
1.9287890625
1.8776953125
1.8266015625
1.7244140625
1.8266015625
1.4178515625
1.9287890625
1.8010546875
1.7244140625
1.9798828125
1.9287890625
1.7244140625
2.0309765625
1.9798828125
2.1842578125
1.7755078125
1.8776953125
2.1076171875
1.6733203125
1.5200390625
2.0820703125
1.9798828125
1.8266015625
1.8266015625
1.9287890625
1.9287890625
1.8266015625
2.0309765625
1.9543359375
2.0820703125
1.8266015625
1.6222265625
1.9287890625
1.7755078125
1.8266015625
1.8266015625
1.7244140625
1.8266015625
1.5328125
1.6733203125
1.9798828125
1.8776953125
1.9287890625
1.6222265625
1.7244140625
1.7755078125
1.7755078125
1.7755078125
1.839375
1.8776953125
1.6733203125
2.1331640625
1.8776953125
1.6733203125
1.6733203125
1.7244140625
1.8266015625
1.5711328125
1.6222265625
1.6733203125
1.9287890625
1.8776953125
1.6222265625
1.7755078125
1.8776953125
1.4178515625
1.6477734375
1.4178515625
1.7244140625
1.6733203125
1.8266015625
1.7755078125
1.8266015625
1.7755078125
1.8776953125
1.6733203125
1.7244140625
1.609453125
1.9798828125
1.7244140625
2.1331640625
1.7244140625
1.7755078125
1.7244140625
1.6733203125
1.6733203125
1.7755078125
1.762734375
1.6222265625
1.4689453125
1.6733203125
1.5711328125
1.6733203125
1.7244140625
1.8266015625
1.7244140625
1.5711328125
1.7244140625
1.7244140625
1.6222265625
2.0820703125
1.6222265625
1.9287890625
2.0309765625
1.9287890625
1.7755078125
1.8776953125
1.839375
1.7244140625
1.7244140625
1.6733203125
1.8776953125
2.0820703125
1.6733203125
1.6733203125
2.0820703125
1.5711328125
1.7244140625
1.8010546875
1.9798828125
1.7755078125
1.6733203125
1.6733203125
1.6733203125
1.6733203125
1.7244140625
1.7244140625
1.9798828125
1.6477734375
1.6222265625
1.6733203125
1.7755078125
1.6733203125
1.6222265625
1.7755078125
1.8266015625
1.9798828125
1.7244140625
1.8010546875
1.9287890625
1.8776953125
1.8776953125
2.0309765625
1.8776953125
1.6733203125
1.9287890625
1.7755078125
1.7755078125
1.762734375
1.7755078125
1.6222265625
1.8776953125
1.6222265625
1.6733203125
1.4178515625
1.6222265625
1.8266015625
1.6222265625
1.4178515625
1.3667578125
1.8776953125
1.6222265625
1.6222265625
1.6733203125
1.6222265625
1.5200390625
1.5711328125
1.4178515625
1.456171875
1.7244140625
1.8776953125
1.9287890625
2.0309765625
1.9798828125
1.7244140625
1.4689453125
1.4689453125
1.7244140625
1.8266015625
1.68609375
1.5711328125
1.6733203125
1.6222265625
1.5711328125
1.7755078125
1.7755078125
1.4178515625
1.7244140625
1.6733203125
1.37953125
1.7244140625
1.7755078125
1.7244140625
1.6222265625
1.7755078125
1.8266015625
1.7244140625
1.6477734375
1.5200390625
1.6733203125
1.6222265625
1.7755078125
1.5200390625
1.8776953125
1.7244140625
1.7755078125
1.7755078125
1.762734375
1.5711328125
