14.0273085394
14.0072740303
14.0023962798
14.027086712
14.0468754196
14.0476961188
14.0593145946
14.0938482455
14.0898395013
14.100586608
14.0616338074
14.0898531711
14.0682512704
14.0677140944
14.0688208688
14.0889446431
14.0805620037
14.0397431463
14.0235217705
13.9949566345
14.0116111132
13.9518671905
13.9973195556
13.9748873939
13.9957586203
13.973042369
14.0089281092
13.9472450183
13.9688750836
14.001193205
13.9723853994
14.0116780289
13.9801652713
13.9706286721
13.9658858042
13.9837505975
13.994445571
13.951650646
13.9914266349
13.9911672284
13.9918717753
14.0238337091
14.0508356421
14.055618838
14.0617980908
14.048896784
14.0796956955
14.0798179625
14.1429290819
14.1383452633
14.1355530408
14.1699707251
14.1434212393
14.0972110604
14.1093653281
14.108395687
14.1305778385
14.1432518595
14.1537388572
14.1612856017
14.1442707148
14.1985344822
14.1774588611
14.1884111704
14.1651364931
14.1510424751
14.1492536019
14.14453161
14.125478539
14.144281693
14.0773992638
14.0902306045
14.0362368798
14.0123605721
14.0060429079
14.0250766067
13.9710892043
13.9478271713
13.9361186174
13.9321727724
13.9034951253
13.9476616307
13.9586431089
13.9244000446
13.9572599299
13.9472557608
13.9522397352
13.9805082584
13.9674491725
13.9607119907
13.963749122
13.9432097616
13.9494287167
13.9550023246
13.9581703853
13.951392069
13.9099879105
13.9642214386
13.9694717722
14.0220164726
14.0011351371
14.0262425627
14.0165870226
14.035397402
14.0362302243
14.0313931053
14.0075563522
13.9999585103
13.997453566
14.0172690506
14.0169263517
14.0151024264
13.9838582044
13.9653007931
13.9400040107
13.9506231976
13.9919288509
13.937890728
13.9753572119
13.9359327411
13.9741461732
13.9626559292
13.9998092725
14.0290935977
14.0410177793
14.0365752713
14.056863264
13.9991079611
13.9303731688
13.9222327384
13.9382275736
13.941383898
13.899388048
13.9306251918
13.9074235065
13.9821275299
13.9716675115
14.0012070774
14.0168483332
14.0490989284
14.1081123042
14.1093269406
14.1360167236
14.0920311676
14.1031379141
14.1005412771
14.1032911777
14.0793977222
14.094276178
14.106207158
14.062973551
14.0841214594
14.0771180727
14.1195856281
14.0771161334
14.1187532551
14.1170722058
14.1428629271
14.1614665549
14.1690520138
14.151366661
14.1529383181
14.1757444574
14.175008593
14.1996922534
14.1581307986
14.1947643382
14.1498568442
14.1685246849
14.1514501099
14.1255290233
14.114370118
14.1240306411
14.0750311854
14.1115345554
14.0758117733
14.0981798585
14.0883199517
14.091308867
14.0739302991
14.1052050433
14.069482607
14.0844101692
14.1200722769
14.1152629552
14.0549970423
14.0791022902
14.0719879273
14.0982368593
14.087012836
14.0963252965
14.109838067
14.0660293069
14.074943452
14.1027001461
14.0618749187
14.0892061269
14.066794603
14.0515120136
14.0841185406
14.0800441543
14.0906761467
14.0926294418
14.0849044252
14.0903993586
14.1099106884
14.075578584
14.1288639744
14.0969261083
14.1105895614
14.1060064859
14.1056424791
14.1270371072
14.1332632662
14.1317086535
14.1446795346
14.1242785911
14.1167921806
14.1358853395
14.134048186
14.1424970236
14.1267978457
14.1007990455
14.1195417659
14.1065714858
14.1173340559
14.1729793592
14.1613978026
14.1240218674
14.182427046
14.1662448562
14.1765791074
14.1857040941
14.1985372751
14.2282892194
14.2010678755
14.2106914444
14.1932074832
14.2304152819
14.2291287598
14.221723693
14.1990640202
14.1795586969
14.1992068067
14.1623821153
14.1646805802
14.1634134134
14.1694349465
14.145617308
14.1433583032
14.1942076896
14.1474093351
14.1477512235
14.1649977492
14.1871177355
14.1926790707
14.1720751058
14.19099295
14.2566016612
14.2507581842
14.2348943032
14.2100337661
14.2442339079
14.2507627243
14.2364309921
14.2315943582
14.2586665398
14.2654806263
14.2533098336
14.2201962804
14.2505110101
14.2686149985
14.2568344267
14.2923329033
14.3187671923
14.270649856
14.3236201533
14.2747547346
14.296270122
14.2830130221
14.2907534445
14.2901908605
14.2861536082
14.3094852295
14.3157417038
14.3283110163
14.2923846212
14.3111195959
14.3257874397
14.2994861185
14.3050750287
14.3074563677
14.2583599992
14.2935584828
14.2993195344
14.2828664306
14.2945771223
14.3237204787
14.3202243384
14.3329910748
14.3088817516
14.3015168416
14.3070308905
14.2982147375
14.3244604487
14.3049956159
14.2779082517
14.2905432049
14.3171276864
14.3224674632
14.3194248471
14.3173557311
14.3627364703
14.3439641774
14.3691529311
14.3479431483
14.3646333044
14.4105545532
14.4312883256
14.4226703805
14.4283675175
14.4095981413
14.4050961909
14.3675625909
14.3506378971
14.3133108592
14.3258223925
14.2951220253
14.2878052979
14.2946644323
14.2740997521
14.3206022481
14.3651097637
14.3581740129
14.3504765513
14.3617639982
14.3824015329
14.34973296
14.3403863131
14.3457795396
14.3748324306
14.3722520302
14.3971136133
14.3850678668
14.3703477878
14.3494470171
14.3548674003
14.3913201942
14.3741285096
14.3658047251
14.3303822386
14.3996346557
14.3896990681
14.4073192349
14.4039561527
14.3785226197
14.4282572821
14.4314175742
14.3681073341
14.3532286589
14.3918283854
14.3243763737
14.3968718605
14.3989822793
14.3793796802
14.431771688
14.4457155399
14.4502478306
14.4632231205
14.4420626677
14.4700262839
14.4947398428
14.4742898372
14.4898081106
14.4613990537
14.4269507117
14.395201341
14.4172937108
14.4285478785
14.427785905
14.4398342921
14.3913825782
14.4015415872
14.4113910987
14.4329950495
14.4426917796
14.3880016042
14.4755370327
14.4630212298
14.4783704805
14.4847964459
14.4948706043
14.5248123151
14.5146698566
14.5273515082
14.5100291431
14.5036031896
14.4572635177
14.4455602187
14.4572206907
14.4267615692
14.3918780928
14.403698353
14.4507077029
14.4937948714
14.5215498861
14.5315271534
14.5396833566
14.586098001
14.6171505555
14.6099090404
14.6362701483
14.5746126632
14.5883211034
14.5516153244
14.5264210765
14.52257038
14.4940379121
14.4879214659
14.4826595166
14.4863626238
14.4885239942
14.4741886881
14.4619929347
14.5304647535
14.5508344611
14.5607654098
14.5318611232
14.5576116417
14.5880471386
14.6547753773
14.6764462499
14.711556864
14.7334255392
14.7582699561
14.7004593617
14.7004549006
14.6580656115
14.6322510913
14.6216225383
14.6346616019
14.6599825597
14.6548391665
14.6560489725
14.7202261232
14.7487811773
14.8029954169
14.8526100208
14.8694491143
14.881411442
14.9095781462
14.8678717691
14.7929962113
14.7676772249
14.7035284782
14.683591117
14.6362070337
14.6315057261
14.6286888811
14.580764397
14.5603315827
14.6171665432
14.610335362
14.6093719161
14.5761586034
14.5305582189
14.5578392092
14.581012775
14.6313913263
14.6278618996
14.6805086669
14.7292291922
14.7750590539
14.7861490089
14.7054904494
14.709128334
14.6959007765
14.6911707406
14.7362641563
14.7234417525
14.7646583612
14.7524253285
14.719946193
14.7554250379
14.7918626014
14.8037429653
14.8088364141
14.8151977446
14.8230193833
14.8193928832
14.8541342328
14.8594696182
14.778776228
14.7796993786
14.79534362
14.8364951459
14.8290921717
14.8251347603
14.860455483
14.8326761264
14.8348524646
14.8365111279
14.8508768647
14.8196104803
14.8372352163
14.8589493212
14.865072309
14.8735711504
14.8304838492
14.8284225579
14.8115633704
14.7803337319
14.8197059526
14.8259029859
14.8570976235
14.8671047721
14.8514220924
14.8815601721
14.8608905571
14.8385446348
14.850263753
14.8327148235
14.8344235876
14.7574739569
14.7723532781
14.7936941969
14.7631185431
14.7839511912
14.7793174583
14.7780289526
14.8058608261
14.8270974612
14.826708206
14.8367022314
14.8258642617
14.8707800897
14.8468949195
14.8700291636
14.8748596974
14.8824359832
14.8658456604
14.8763983993
14.904598059
14.9072055211
14.8909964253
14.9224866381
14.9319630713
14.9222921475
14.9193893238
14.8945816383
14.8791028171
14.8377197269
14.8869658986
14.7977542565
14.8300143036
14.8809038931
14.8787431703
14.9035577066
14.8787755976
14.8690011531
14.8849804852
14.8819381299
14.906038714
14.8760310419
14.8351177644
14.8718631465
14.8708884547
14.851892067
14.8326680886
14.8165803618
14.8186789842
14.8366990186
14.8521280188
14.8586541352
14.796236659
14.8081499408
14.7737584708
14.7790235521
14.7802997954
14.8457776172
14.8527327
14.8595055522
14.8614203362
14.8629930355
14.8948981387
14.8637493204
14.8435957106
14.838356545
14.8369742075
14.7729578785
14.8148494477
14.8482440971
14.8396260305
14.8350261769
14.9177861457
14.956861183
14.8528525717
14.8442000918
14.8311345492
14.8129310443
14.7928323786
14.8004196099
14.8448737904
14.8180093316
14.8626613246
14.8887054886
14.8971594352
14.8815607935
14.8873844034
14.8550814286
14.8700472666
14.8651133989
14.8841821209
14.8992223069
14.9105641295
14.8797955588
14.8747971684
14.8528807351
14.8430821945
14.8159868937
14.7903976955
14.8071141776
14.7899405761
14.8178786432
14.8143051418
14.8232199456
14.862625929
14.8852474595
14.8996795624
14.9076802239
14.9557722059
14.9651533221
14.9529893561
14.9270719187
14.9013357528
14.9389548951
14.9647760642
14.8965304051
14.9479855558
14.9532959611
14.9410021747
14.9388547461
14.8674508192
14.8669006703
14.8399288714
14.8509984985
14.831321707
14.8439944954
14.8790696668
14.8804332093
14.9039331434
14.937466009
14.9218064278
14.9323153135
14.9239497661
14.8831327146
14.9215654751
14.8741363727
14.8809730189
14.8846238861
14.8938531168
14.895467429
14.9302227203
14.9420669714
14.9318549162
14.881998341
14.9135269438
14.889516565
14.9091268789
14.8932549104
14.9032032894
14.9170785788
14.9564840247
14.9911465681
14.9995848794
14.9759041247
14.9581933316
14.9532705979
14.9283786222
14.9320550517
14.8715166195
14.8850640071
14.9008583996
14.924594699
14.9080291395
14.9110056889
14.8878306099
14.8901255107
14.9245888555
14.9143845357
14.9121219984
14.9637215338
14.9873407386
15.0301542901
15.0329622906
15.0294856454
14.9680530496
14.9863180252
14.9700587199
14.9839156496
14.9436779774
14.9330428871
14.9254662949
14.9369221364
14.8654594512
14.8618866956
14.9169865097
14.9155895745
14.9377808858
14.9731642758
15.0299790581
15.0342410845
15.0686674325
15.0989416298
15.1655030713
15.1559812375
15.1524986699
15.1503532584
15.1384842673
15.1485166105
15.0818191252
15.0881310218
15.0298788293
15.0310676846
15.0137124424
15.0023269818
15.0104215381
15.0013696508
15.0191463824
14.976080304
15.0349212093
15.0277564303
15.0130636236
15.045028265
15.0744958841
15.099064604
15.0892856698
15.0620806174
15.0990837783
15.1447846355
15.1451031995
15.1375883379
15.1059500439
15.078018505
14.9972105371
14.9894045587
14.9825343341
14.9781538033
14.9264365731
14.9329240524
14.9575293545
14.9746192373
14.9801303584
15.0182608889
15.0125233339
15.0704933356
15.0847317875
15.1333967541
15.1253174236
15.1592220605
15.1816106294
15.1821152283
15.167995546
15.1431005955
15.1306562872
15.0951848796
15.1535331751
15.0937645368
15.1211172185
15.0699070536
15.1099985585
15.075428997
15.0957359852
15.0552959067
15.1005806184
15.0527724558
15.0816801309
15.0663292965
15.0684974425
15.073835471
15.1304748039
15.1346337675
15.1753019177
15.1584082358
15.1505024677
15.1670764885
15.1467023097
15.1008266055
15.1313259725
15.1089363799
15.0700628173
15.0449006913
15.0863758071
15.0484855821
15.0874375448
15.0921625808
15.0985862092
15.1442395448
15.1356531687
15.1084408524
15.1888467626
15.2007310084
15.1854852742
15.2308241707
15.2556690513
15.2024592467
15.1915571392
15.160426067
15.1523446779
15.1361615882
15.1405718987
15.1636425632
15.0905176032
15.1126957843
15.0927190743
15.1166052554
15.1331633281
15.1080099159
15.1253315857
15.1328224054
15.1992972636
15.2532571751
15.2328183203
15.2864090229
15.2928518973
15.3122266205
15.2984447303
15.3818758499
15.3118912498
15.327511098
15.288365139
15.200505799
15.2087138819
15.1530123805
15.0857041429
15.1095824918
15.0545004662
15.0699413315
15.1118274177
15.1246925531
15.2004251284
15.1844773853
15.253945884
15.2789139879
15.3346100108
15.3312813533
15.3803981594
15.3661493689
15.3912795395
15.4008037382
15.3808752154
15.3675996291
15.315089014
15.2474258003
15.2170610099
15.195569095
15.1860529116
15.1491417138
15.1526089841
15.16241157
15.1477960924
15.1534353292
15.1584207707
15.1807441863
15.2341091221
15.2735718051
15.3037576108
15.3187320575
15.3777567567
15.3701418351
15.4042968239
15.3779995504
15.3892558218
15.3804729125
15.2858725761
15.2589677767
15.235728356
15.2268722151
15.1731055529
15.2079655695
15.1878375784
15.2029782561
15.196110786
15.1667958547
15.2099750407
15.199597463
15.2383913435
15.2274248039
15.2736578841
15.3470416869
15.3220225374
15.3457560533
15.3795242961
15.4147324051
15.3708671585
15.3662191497
15.3390606828
15.3468846058
15.3457103433
15.3258828399
15.2990603254
15.2818252197
15.2579086492
15.2718994331
15.2453755477
15.2477511009
15.2691967551
15.3051797364
15.3131440716
15.3412478065
15.4017834259
15.3641868667
15.3781951875
15.4083331299
15.3910090877
15.4357898712
15.4691662161
15.450589242
15.4182017713
15.3996727934
15.3968041198
15.3843823435
15.3628114231
15.348852168
15.3793772413
15.3969792742
15.4041920782
15.3932514839
15.3523393498
15.3852946206
15.4428089423
15.4410042793
15.421800066
15.4774326177
15.4242744427
15.4443386572
15.4286157364
15.4209803325
15.4209420756
15.3685379989
15.4097402347
15.3992923245
15.3540886192
15.3256942521
15.3087390013
15.3208018909
15.3649056292
15.3837473867
15.4249115523
15.4374321517
15.4732751984
15.518930014
15.5343780684
15.5489126222
15.522484241
15.5601721693
15.517002525
15.5289972866
15.513505378
15.5333014821
15.5084245212
15.4591794373
15.4547656411
15.4152969368
15.3897533273
15.4065856747
15.39888997
15.4247221848
15.417893187
15.4297732052
15.4469029718
15.4487347218
15.4652486585
15.5298832574
15.4773571413
15.5563602137
15.5485536998
15.6114000226
15.6288326889
15.6085516941
15.6126213216
15.5615199544
15.5530876576
15.5343636886
15.5164060237
15.5427953336
15.5157736853
15.4963170779
15.4831616043
15.4997050095
15.4762511978
15.3625661371
15.4335127372
15.4252059384
15.4316439861
15.4602929391
15.4569894362
15.4887574433
15.5453568621
15.5612330986
15.5416642947
15.5363442044
15.5053785248
15.5346924886
15.5284853159
15.5277803529
15.5633905265
15.5328970335
15.5865377722
15.5781389774
15.5761671836
15.6023518196
15.5673387697
15.5901457665
15.5620469691
15.5517978136
15.5521692993
15.5206433133
15.4855562072
15.4585173684
15.4213732436
15.397340334
15.3879925701
15.3333239552
15.3826129743
15.4078292196
15.3822506678
15.407826554
15.3682737004
15.4210608897
15.473519372
15.4610539362
15.5276474908
15.462356581
15.4772680434
15.4579899048
15.4304198383
15.4007492914
15.4036878781
15.3936918817
15.3891699743
15.4008566314
15.3721875927
15.3390037975
15.3510442718
15.3107583691
15.2943745064
15.3470255619
15.3235760048
15.3222870219
15.3304267985
15.3527238839
15.3699080419
15.3666503641
15.374859742
15.4125158426
15.4453205689
15.4451553912
15.4496907557
15.4780705717
15.5320895666
15.5506653424
15.605902308
15.6199261578
15.6411221628
15.5950952989
15.61715308
15.5494268152
15.55524156
15.5416995228
15.5514166264
15.5669384743
15.5485551978
15.5894781775
15.5626189036
15.6155020722
15.5374557656
15.5226664456
15.5731081537
15.5685671736
15.5460907783
15.5582366405
15.5351867045
15.5187528109
15.5090874899
15.528783306
15.4554579549
15.5216220498
15.4680704624
15.503491411
15.4831498783
15.51045643
15.4863699265
15.4878951588
15.4623830139
15.517197414
15.5195160856
15.5760325251
15.5570137611
15.6311701118
15.5858158431
15.6154808419
15.5967212323
15.6023412629
15.6045855838
15.6260823145
15.618315571
15.6546256784
15.6255111956
15.6305992629
15.5775573263
15.5518791378
15.5811640449
15.5771159487
15.5759229311
15.5653227991
15.5483900059
15.5322921504
15.5553440183
15.565916595
15.5954920426
15.5814542348
15.6340939016
15.633172381
15.6319247588
15.6711236303
15.6670142142
15.6875848089
15.6651439949
15.6242960904
15.6059340892
15.5880733448
15.5961209393
15.5844392099
15.545926256
15.5826716492
15.5891657783
15.526132
15.5953591685
15.5587557375
15.5942574277
15.5923793967
15.616307949
15.6286978561
15.6563689642
15.6498866713
15.6323690591
15.618584137
15.5826359912
15.6017218117
15.6356645193
15.5252355266
15.4832526829
15.4890312622
15.5064552735
15.5550554059
15.5377270087
15.6061666594
15.6545316799
15.7209736088
15.6981568199
15.7273039007
15.677678993
15.7343494536
15.6783361004
15.6551389546
15.7133025035
15.7091407801
15.6567259219
15.6839393897
15.6193265355
15.6041985629
15.5630520511
15.5824529463
15.5268483627
15.5498611703
15.5150301364
15.5478567471
15.5408051958
15.5828097763
15.6477666154
15.654154236
15.6750635609
15.6616632296
15.7159650843
15.6899600296
15.7100152275
15.7584564371
15.7579825756
15.7552103095
15.7793776441
15.8014878465
15.7534604741
15.7955662767
15.7004205116
15.7243226963
15.6930959071
15.7025913768
15.6865619028
15.6850060933
15.7061491871
15.663521304
15.6529041586
15.6872768478
15.7265989078
15.6980312595
15.6799597418
15.7323487615
15.7332757055
15.727479841
15.7317550281
15.7442512694
15.7231787319
15.7313941491
15.7523784428
15.7292916316
15.7122901127
15.6703290235
15.6627977386
15.6324389102
15.6315496289
15.6439193433
15.6906607904
15.6884389021
15.6627224735
15.6905727939
15.6445490676
15.6579267026
15.6234545042
15.6803226314
15.6893509567
15.6774571725
15.6963390147
15.7290192817
15.6927656951
15.6916285226
15.6773664046
15.6830871296
15.7033186436
15.7156592429
15.695924269
15.7617108491
15.7376881106
15.7199876566
15.7395344688
15.7200183606
15.6828928606
15.6709307616
15.6423513585
15.7152792449
15.6769255975
15.7076619824
15.7305711594
15.7756603784
15.813839896
15.8208023674
15.8012123232
15.8383383586
15.8398841989
15.817096038
15.8042695381
15.8554628489
15.8084278054
15.8176862603
15.8175112062
15.7743327483
15.7917724102
15.7641858404
15.7932353734
15.8041525618
15.7548694106
15.785755451
15.7834466806
15.8347219911
15.8029008942
15.8337881518
15.8502440751
15.8264251378
15.8521111057
15.8486834539
15.8700899518
15.8748823744
15.8751590339
15.8946381246
15.9044405184
15.8860132179
15.8917718972
15.8712488194
15.906216932
15.9293330961
15.8810129179
15.8296342452
15.8651100175
15.8310939771
15.8385898348
15.8514389574
15.8311830169
15.8798753425
15.8471118194
15.8634564718
15.8455715724
15.8464215361
15.8686302636
15.889176746
15.8770413853
15.9096147036
15.93088309
15.937774595
15.9199371598
15.9402569926
15.9309259995
15.891086226
15.8798642998
15.8316678202
15.8738099323
15.8665694101
15.8730039602
15.8921037252
15.8654580435
15.9121417456
15.9105686518
15.9263454932
15.9611937664
15.9713409892
15.9666721813
15.9956313219
16.0046958626
15.9898578484
16.0000836737
15.99019052
15.9744866092
15.9692743973
15.9116527987
15.9396117822
15.9383593624
15.9486559206
15.9471812657
15.9572957561
15.9710840114
15.9793287568
15.9908714006
16.0052066469
15.9682220519
15.9590051391
15.9862013842
16.0456719643
16.0358304479
16.034920768
16.014166005
16.0187226166
16.0330111952
15.9856756295
16.0047987275
16.0441057828
16.0250482633
15.9844942525
15.9763987085
15.9929351703
15.9672510068
16.0081894694
15.9803551028
15.9836387479
15.9730705667
16.0249148743
16.0290799259
16.0477275723
16.0154844669
16.0498249184
16.072487822
16.1137003558
16.0846609214
16.1268864767
16.0750370631
16.0938157911
16.0917946322
16.0780910613
16.0622873592
16.0434019554
15.968507863
15.9978851997
15.990678272
15.996125093
15.9905192546
15.973102747
16.0040746128
15.9957644387
16.0046397868
15.9987800286
16.0594121386
16.0630381072
16.0737756517
16.1714606988
16.1376534493
16.1843375582
16.1270052822
16.1349158377
16.1384166268
16.145638349
16.1091744862
16.0846057348
16.1032218125
16.0390087736
16.0161866078
15.9721901349
15.9584316673
15.9208586565
15.9133816965
15.9108235813
15.9558790788
16.0105476208
15.9490039557
15.9841819307
16.0199679272
16.0152379219
16.0349961398
16.0905014856
16.0648387252
16.1372987854
16.1228804102
16.1164444706
16.0926377038
16.097683801
16.1277788369
16.0931889583
16.1424822429
16.1529039591
16.0806649388
16.0456085892
16.120864125
16.0611075855
16.0628647795
16.0662184388
16.0550414588
16.0500614316
16.0697382888
16.1304179556
16.1108967211
16.1247777459
16.1710733963
16.1875901232
16.1395899664
16.1668770863
16.1644275593
16.1809933118
16.1462515368
16.1840182257
16.1549871483
16.2077546977
16.2350743542
16.2352526134
16.2530182291
16.2637261168
16.2409807378
16.2379372221
16.2311737268
16.2009632859
16.2265166457
16.2094080675
16.1993786185
16.1999645646
16.2038067673
16.1592823233
16.1901509443
16.1907730916
16.2327581685
16.1707957803
16.2191284256
16.1826236919
16.1951145282
16.1834414629
16.2627197729
16.2962254586
16.3313952266
16.3474719095
16.3341339951
16.336896898
16.3152147605
16.3678050657
16.3743525398
16.3256740086
16.313240142
16.2978460271
16.3455300372
16.3155936502
16.2369458444
16.284879353
16.2420922622
16.2983798227
16.2789733815
16.3167937273
16.3221113298
16.3291658019
16.3392587046
16.3456199518
16.337834146
16.3589658601
16.3988738669
16.3561979092
16.4089061605
16.3946786443
16.3859351597
16.3984042942
16.4389581073
16.4066659499
16.3673530204
16.349073459
16.3739311102
16.3554047682
16.3608997592
16.297065364
16.3511708286
16.3553249552
16.3090823411
16.284339739
16.2939880124
16.2814164779
16.2678035698
16.2740609286
16.2948184445
16.285011734
16.3054314374
16.3789122664
16.3503996509
16.363294685
16.363058778
16.3347577651
16.332106066
16.3329493317
16.3297268626
16.354283121
16.4202492134
16.4360164263
16.4473796543
16.4615505456
16.4351134875
16.4271804818
16.3984192398
16.4227532417
16.4053962603
16.435946622
16.4586841568
16.4833108527
16.4828346926
16.5227806143
16.5212661937
16.5251664057
16.4959872212
16.4838347324
16.4525680988
16.4734069827
16.513439414
16.5070491908
16.4878534119
16.4937451668
16.5924547262
16.5591493653
16.5278190441
16.6016283814
16.619740146
16.5679951528
16.5874702212
16.6016647625
16.6189920628
16.5607982121
16.5514749262
16.5675959554
16.5661139421
16.4970739521
16.4938625556
16.4537328865
16.4873396209
16.4983826805
16.5096004564
16.5239151872
16.4965788367
16.5515797962
16.5956220824
16.5961312654
16.6091309761
16.6367959656
16.6772987096
16.7319252661
16.7483309687
16.7158772308
16.6765200512
16.624679607
16.6115519407
16.6003379211
16.579183448
16.6155472848
16.607674248
16.6054315104
16.6001017582
16.5849747593
16.6700427282
16.6769520936
16.7046887176
16.7091601909
16.711330924
16.7259891953
16.7378447632
16.6905947135
16.620242618
16.6721765263
16.6607021272
16.6957777953
16.6458332769
16.671670124
16.6707551893
16.6733684377
16.6571030532
16.6278168743
16.6207082689
16.6484958296
16.7015622611
16.6785390191
16.6774163109
16.7093942305
16.7311710183
16.6927662704
16.6822755439
16.7565998022
16.7870480967
16.7382895536
16.7443431807
16.7565049602
16.7418080255
16.7162579723
16.6542196553
16.6896550982
16.7335445287
16.6677552944
16.6340898932
16.6292934921
16.6255803272
16.6476461311
16.5710301268
16.5843477463
16.6071942232
16.6050488646
16.586118266
16.6282909195
16.6336496686
16.6573642046
16.6649062683
16.6887533389
16.6668856017
16.6351059033
16.6903790057
16.721879066
16.7199706708
16.6954145412
16.7456267414
16.7380513095
16.7943921496
16.7996997027
16.7940151303
16.7878563639
16.7410891969
16.7798248271
16.7414032129
16.765735245
16.7524133487
16.786449447
16.7897718961
16.8054250682
16.8437964711
16.7987274596
16.7552213453
16.7341958304
16.7892020964
16.7455393535
16.8127221798
16.8133182035
16.8056274989
16.7937868979
16.8480671203
16.8204092171
16.7506974874
16.7752961951
16.7843035971
16.7913267702
16.8486559546
16.834271069
16.832280882
16.8601236852
16.834987141
16.807522158
16.8236089179
16.7864066705
16.8243851622
16.798664895
16.7784779489
16.7697859609
16.8207355504
16.7721932349
16.8393483446
16.8432738622
16.8420716098
16.8016499301
16.8151214782
16.812238518
16.824707361
16.8641221416
16.839924394
16.7994791788
16.7973001077
16.8460729359
16.8994132332
16.9011794957
16.8819079069
16.8861999547
16.910547868
16.9051104407
16.8475826686
16.9010861116
16.9096839449
16.8731747558
16.8709101366
16.8348502864
16.7874616152
16.8133610811
16.7724088625
16.8368249146
16.8127488178
16.8789512288
16.8618823053
16.8767625914
16.9475570248
16.9394518159
16.9246396196
16.9518138217
16.9383943023
16.9296997845
16.9233548642
16.978171243
16.9398666382
16.91135435
16.9215792373
16.876817105
16.911869118
16.8354485886
16.8614233718
16.8697987808
16.8721451691
16.8055161467
16.8416523246
16.833210344
16.7955263238
16.8694090301
16.8835540584
16.9728241003
16.8791686865
16.949065069
16.9750544492
16.9631600879
16.9496930232
16.9055194929
16.952740237
16.947556986
16.9596061949
16.9357135942
16.9081895942
16.8766763416
16.8816278337
16.8630457597
16.8935313051
16.863893232
16.9152877272
16.9162681874
16.8857184968
16.9472375111
16.9328839232
16.9365540544
16.9839102679
16.9218441638
16.9832594403
16.9458611998
16.9839667599
16.9735023313
16.9496082938
17.0031538379
17.0244395089
16.9850593331
16.9900936175
16.9476167224
16.9446290665
16.9121740945
16.9803796945
16.9588076316
16.9288778489
16.9231748886
16.8889610033
16.8896386446
16.9250976092
16.9249245281
16.9796982832
16.9610834161
16.9808491128
16.9875122186
17.0384139943
16.9991734393
17.0352173059
17.0434175727
16.9964729559
16.9745731512
16.9813888328
16.9804815324
16.954203682
16.9586914306
16.9649172583
17.02579779
17.0040806886
17.0167761824
17.0375572714
17.0698504464
17.0607766553
17.1069493774
17.0879855393
17.0937157451
17.0957290062
17.1079930252
17.1098760046
17.0976000983
17.1066547896
17.0571061841
17.07182905
16.9797358097
17.0623097971
17.0592753492
17.0428454807
17.0545317121
17.063241205
17.0522387864
17.0671265166
17.0641926385
17.0390386492
17.1225678753
17.0991580412
17.1237991478
17.1099865645
17.1038944114
17.1051640962
17.1069355626
17.1444853796
17.1376831323
17.1014697681
17.0905997038
17.0914860006
17.1055618655
17.1136867921
17.120376869
17.1096176582
17.0955632586
17.1067625799
17.0643863489
17.0705373694
17.0513777181
17.0577689646
17.0769658687
17.0983973635
17.1448846597
17.0995338723
17.1121606616
17.1441707788
17.1231893523
17.045377003
17.041724973
17.0575694791
17.0802416932
17.088150633
17.0994055741
17.0618996199
17.0801749073
17.0606304976
17.0301577849
17.0131301728
17.0521791334
17.0397903713
17.0717353943
17.1059672076
17.1352624841
17.0420844933
17.0837382085
17.0882598013
17.1232914225
17.1150525876
17.2032209964
17.1239090485
17.1870836995
17.1370852367
17.0767637455
17.0608467747
17.0518494106
17.0039289797
16.9974748341
17.0191099783
16.9819756417
16.9643837662
16.9569371881
16.9735010843
16.9676208409
16.9971422401
17.0444795372
17.0217156679
17.0188029813
17.0168342656
17.063020077
17.1040742518
17.0890250388
17.1179084069
17.1993929949
17.1297687122
17.0835973052
17.0703537723
17.0000115228
17.021464924
16.9936030286
16.9719416747
16.9838940531
16.9969337851
16.9977162486
16.9369698516
16.9906712086
16.9770987444
17.0084891774
16.9909408181
17.0687303317
17.0874085006
17.0511723846
17.1260183555
17.1518023807
17.1070780181
17.0750491037
17.0929966455
17.0907859903
17.0874785602
17.0600351115
17.0448785195
17.0394465446
17.0283460801
16.9954796704
17.0285249549
17.0258686647
16.9890902897
17.0186042135
16.9875698919
17.0355695247
17.0664291218
17.0683909153
17.0599756231
17.056908013
17.0185425621
17.0350898671
17.0241400365
17.0427628824
17.0419646908
16.9991360583
17.0633264788
17.0476685344
17.049067046
17.0269256147
17.0060748964
17.031339604
17.0220188633
17.0907815315
17.0051920934
17.0534902604
17.0157475736
17.0411665519
17.0351021696
17.0399916191
17.0696964686
17.020632783
17.1452607092
17.059970407
17.108171775
17.1069669203
17.0767091855
16.9892788006
17.0293590838
17.0416810305
17.0356070452
17.0547646114
17.0153645324
17.0413733621
17.0439371755
17.04832243
17.0870822753
17.0731845558
17.0633667977
17.0535554469
17.0406614409
17.0997680236
17.1146206644
17.1246445706
17.1149778646
17.1128792034
17.0832547809
17.1051571291
17.051886135
17.0538486218
17.0562211818
17.0624376692
17.0200765856
17.0467015664
17.0377802319
16.9941197627
17.0557928651
17.0223180993
17.0178639635
17.0259479173
17.0018210695
17.0225581602
17.0285088291
17.0475610449
17.0096984255
17.05379342
17.0394597115
17.0856305023
17.0835298577
17.0857902445
17.050634365
17.0823954444
17.0498852707
17.0591510389
17.0806161526
17.0562620117
17.0677416343
17.0805598077
17.0430258721
17.0764220354
17.0752417452
17.0963923057
17.0472896624
17.0692268292
17.0537641969
17.0937054697
17.053054071
17.0183164426
17.0647848998
17.0360479772
17.0334300756
17.0339364174
17.0113773899
17.0261712755
17.1069016509
17.0449882926
17.0767805588
17.1110376779
17.0813659978
17.1373287614
17.0670404988
17.1127643725
17.1298982024
17.1553184091
17.1332218509
17.1304839866
17.1498845383
17.1910752016
17.1542155791
17.1677198572
17.2017242102
17.1926674822
17.2004787346
17.1288938844
17.135537686
17.1452722192
17.0835547188
17.0828262517
17.0720992235
17.1435426826
17.1005326547
17.1259260594
17.1244723958
17.0751783988
17.1113797795
17.1315650091
17.14078182
17.1992033995
17.1661809177
17.2100067615
17.222837304
17.230866522
17.2269745319
17.2166829272
17.1868052875
17.2342336826
17.2139472816
17.1954316331
17.2094871581
17.1893014394
17.2175773567
17.2021644715
17.2319390773
17.1836081873
17.2057243506
17.1847152652
17.22006968
17.2508190171
17.2419443824
17.2263336575
17.1849257431
17.2164071334
17.2292376961
17.2204723146
17.2512545511
17.2423292791
17.2485909189
17.2206058521
17.2210516643
17.2688343717
17.2301569478
17.2776313877
17.2916325698
17.280451214
17.3364217093
17.3802684457
17.3310814726
17.3199465803
17.3117640642
17.2810105802
17.2666526043
17.2544040616
17.2368076783
17.3166749392
17.3363920246
17.3322784827
17.3020342695
17.2751108366
17.3082188487
17.3048564629
17.3036270936
17.2870733013
17.328240979
17.2981480221
17.3814276138
17.3810814487
17.3427646224
17.3406693699
17.31725088
17.3117688929
17.3138923695
17.3163944394
17.3601243044
17.3827194786
17.3733226563
17.4082458753
17.3778284227
17.3973077314
17.3819555211
17.3719708578
17.3723958464
17.354834163
17.3492575175
17.3844773202
17.4119690655
17.3714783008
17.3674051839
17.3767417676
17.4388070769
17.4362722023
17.4195321664
17.4136959783
17.4812792187
17.448472504
17.4643093365
17.4297769666
17.440121751
17.4879323268
17.4277758336
17.4831527771
17.4514402222
17.4364205126
17.4542492863
17.380110154
17.4331583916
17.4335117762
17.4441279859
17.4465405914
17.469282564
17.4554537691
17.4731853185
17.5042214797
17.4830117083
17.5329585653
17.5275909398
17.5394818706
17.5080931366
17.5396411119
17.4843764694
17.4997245983
17.5208543861
17.5678292627
17.5199548087
17.5958151476
17.5693905571
17.581152061
17.6356015329
17.5572803841
17.5525311661
17.5731736901
17.6106939742
17.6327648635
17.61482895
17.6905669991
17.6878422757
17.6780580239
17.6355269059
17.6660897913
17.671379575
17.680856918
17.6756222023
17.7090112037
17.6794672147
17.6760125847
17.7131255523
17.6910742431
17.7124511627
17.7216782942
17.7214276985
17.7024385907
17.7585133471
17.7268275378
17.7975761817
17.7536270451
17.8291825268
17.8137827341
17.8194046913
17.7979956003
17.8054366841
17.8378806619
17.8163057286
17.7970687014
17.8192134035
17.8553471226
17.8287412143
17.7832751526
17.7869079434
17.7849971143
17.7538539969
17.8260448975
17.8591545105
17.7824199062
17.776325144
17.7893396206
17.8104702871
17.8018257228
17.8241044088
17.8446754025
17.8560960581
17.7790996815
17.8034379605
17.77129726
17.8184060369
17.8399715208
17.7900728129
17.8317931527
17.8313844853
17.7815416146
17.7919061889
17.7778738207
17.7947680462
17.7435304968
17.8153291605
17.7941972087
17.7706824394
17.7898279456
17.7944431376
17.8216337852
17.7929424252
17.8444631207
17.832247622
17.8771734059
17.8485913485
17.8207844986
17.7748762105
17.7749238245
17.8183584902
17.7912780871
17.7354766317
17.7334330982
17.7147513307
17.7097836863
17.7360010341
17.7077986634
17.7114796107
17.7354246172
17.7836653935
17.7694085345
17.7753412386
17.735023824
17.7604701682
17.781061312
17.7382046296
17.7195791975
17.7525676545
17.7247143176
17.7342309433
17.7849064865
17.775749171
17.7848498366
17.7194852071
17.7200131397
17.6979081819
17.6692182837
17.6625533381
17.6398694709
17.6343145635
17.6612067312
17.6184772095
17.6583879111
17.6496276571
17.6691845272
17.652942584
17.6080355811
17.600242293
17.6654336981
17.5825566995
17.5854533411
17.5417419896
17.5784270297
17.553913394
17.5672417731
17.5426715053
17.4657718941
17.4880975181
17.4768872999
17.4669165496
17.4816213717
17.4694421821
17.4401479595
17.4124365043
17.4104793415
17.4370204026
17.3896854078
17.3725833728
17.4271396454
17.3742427791
17.3917157549
17.4120920107
17.3448185124
17.3532731187
17.3459244152
17.3443523951
17.3427518157
17.3406182796
17.3114699845
17.3671490479
17.2956509493
17.3525049429
17.3711271706
17.3488567243
17.3493507367
17.3908559696
17.3482050118
17.3673159699
17.348530915
17.3412271745
17.3592165573
17.382207099
17.3983890157
17.3916039121
17.4106811947
17.4171699427
17.3825025209
17.4129381066
17.3868997477
17.4099484082
17.4535708301
17.4745892764
17.4342804235
17.443626283
17.4386352654
17.425247201
17.4374392765
17.4613181093
17.4801065623
17.4732796723
17.4502280976
17.4774822383
17.4343301474
17.5188052343
17.487894914
17.5146244258
17.5140257454
17.4386540015
17.4865971427
17.4981324874
17.5163672048
17.4949213954
17.5172965407
17.5075166718
17.482074924
17.4728114721
17.5067046747
17.5046277315
17.4569638034
17.4540950154
17.4892094157
17.4370513009
17.4357175558
17.4599851871
17.4873871984
17.5110350628
17.4505925477
17.5183202737
17.4805768859
17.5020571416
17.4913739575
17.4859825133
17.4773054148
17.5415784146
17.4846528597
17.5349938395
17.5115572026
17.5396409072
17.4983903281
17.4952236254
17.5096434775
17.5606440231
17.5568465136
17.5214658594
17.5137539724
17.5262156157
17.504405168
17.4803002384
17.5194844867
17.5394619914
17.5213685933
17.4951823046
17.5037034824
17.5193189918
17.512522781
17.5141928692
17.5316364448
17.4856715069
17.5037554816
17.4931240478
17.5226794393
17.4735577807
17.4772455463
17.4670859898
17.5241006164
17.5462672676
17.5102057519
17.5029090629
17.4947616928
17.5294792866
17.5400906824
17.5152443341
17.5689236646
17.5766371692
17.5961374079
17.5967014783
17.5879263037
17.604680226
17.5868280736
17.6118802229
17.5929594805
17.6108459871
17.5585945593
17.564830514
17.6230747533
17.5896887151
17.5780007801
17.6150536922
17.5809117528
17.5857840339
17.6265412054
17.6135658578
17.6530246417
17.6090201146
17.6015215631
17.6065126463
17.6123988188
17.609620181
17.5947862248
17.6335103857
17.6310174172
17.5941226101
17.600278969
17.6098482375
17.5942233105
17.6006885676
17.6012180829
17.5725051546
17.5582554217
17.5607837493
17.5019266188
17.5220725171
17.5294626556
17.5658412335
17.5385830023
17.5481273622
17.4925147691
17.5286460991
17.4750591146
17.4975603387
17.4935583076
17.4934351152
17.4621294883
17.4898156278
17.4790052758
17.4429669911
17.4848918125
17.4888072216
17.4782031507
17.4910077428
17.5219571311
17.5208954723
17.4768292525
17.4963102033
17.4857743589
17.4527457723
17.4895292244
17.4678243292
17.4924287106
17.5253438103
17.4871309941
17.4683455533
17.5312929367
17.4767720733
17.5544457705
17.5321421529
17.5328894407
17.5146301334
17.5099702914
17.5020431474
17.5050725871
17.5013309989
17.4692351377
17.4823865832
17.4733362035
17.4966537665
17.4130818326
17.4983897709
17.4441776036
17.5007763851
17.4997673357
17.4851585567
17.4922139615
17.4528758057
17.501230132
17.4849768541
17.5409226016
17.4828919281
17.5152333268
17.5422016664
17.5058021541
17.5316381832
17.5166481869
17.5111647754
17.5023734009
17.4633275043
17.4999708679
17.4831714001
17.4977592449
17.5099262399
17.4746626106
17.4486252961
17.4636912244
17.480929999
17.4628390764
17.505718868
17.4919312609
17.5055918032
17.5296994802
17.5242748053
17.5244354673
17.5266310652
17.5413378915
17.5322793977
17.5198854554
17.4989779446
17.5542781383
17.5089383773
17.5073799543
17.502834245
17.482097197
17.4253890647
17.4510839181
17.4404564971
17.4058306513
17.4201491354
17.4545023105
17.4725366431
17.4400833494
17.493132104
17.4562794695
17.460651536
17.4721118155
17.4296813393
17.4863973099
17.4228587785
17.4584760247
17.4403385885
17.4516820645
17.4370000435
17.4314028071
17.4339277771
17.3870927876
17.4101623846
17.4699693453
17.4186864934
17.4174003768
17.4130580833
17.4641138171
17.3740889355
17.4407345527
17.4807434268
17.4784971874
17.4850736747
17.4624494937
17.4672459214
17.4994529973
17.4766325712
17.4759465404
17.4731139974
17.4605886449
17.4826149235
17.4559911354
17.413761328
17.4033805897
17.4153106175
17.4036117547
17.4317118721
17.4411584199
17.4272801455
17.4547970378
17.4090780377
17.419810393
17.4271535996
17.4219188622
17.4525080948
17.4176464593
17.373900378
17.441680946
17.429448751
17.3809484833
17.4310776773
17.356796191
17.4053019279
17.3759142173
17.4009560885
17.368250267
17.3673444939
17.4151805083
17.4213542985
17.3997257209
17.390190549
17.3812801799
17.4003423384
17.4356035392
17.4203697008
17.4386193044
17.432179433
17.4653464037
17.4839358083
17.4096820186
17.4527298573
17.4610203991
17.457453138
17.5062196982
17.49397377
17.4784023182
17.4324246633
17.4667766454
17.4008475376
17.4612095664
17.4353739776
17.4270552641
17.4511645549
17.4344460438
17.4407494737
17.4631334929
17.461011239
17.4915606181
17.4868982906
17.4731685093
17.5039812573
17.4442797152
17.4533474864
17.4437263206
17.4656214819
17.4276979693
17.4233392322
17.4177699897
17.4157198175
17.3555392485
17.3142623435
17.3285304904
17.3397805039
17.3757355146
17.3547644535
17.3193145799
17.3425922229
17.3449632384
17.3423723658
17.3509927986
17.3134740487
17.3281101588
17.3573121767
17.3596132275
17.3601941601
17.3714422894
17.3454816691
17.3954287639
17.3992079091
17.3666538821
17.3742088587
17.3926888288
17.4375745049
17.4105193233
17.4082873222
17.3639431153
17.3951780992
17.4095139703
17.3842723773
17.3848949942
17.4303616814
17.4379955973
17.422813006
17.4126845899
17.4067417772
17.4195073936
17.4736437077
17.4693507795
17.4624429558
17.4968334838
17.4552611795
17.4207090346
17.4696418351
17.402783023
17.4372097017
17.4657088336
17.4607485474
17.4905369727
17.4635225491
17.4706966449
17.4995144427
17.4900484998
17.5242460957
17.5415774551
17.5745513181
17.5160051714
17.5501661073
17.5405279417
17.5577789082
17.5260449829
17.5612589035
17.5504981638
17.5533640631
17.5299387822
17.5560008849
17.5698001711
17.5635909861
17.5634973405
17.558736106
17.5604954246
17.5645903797
17.5525590605
17.585136952
17.6181504585
17.583915686
17.5523050553
17.6153397482
17.5655792318
17.5994063702
17.5567490368
17.5195837432
17.552366196
17.5411975998
17.51573983
17.4989781722
17.5112158615
17.5207920555
17.5452248115
17.5317894562
17.5723508198
17.5164599048
17.5450831894
17.5482594597
17.5865633297
17.5628307667
17.5185674215
17.6026390303
17.5706043513
17.6026708353
17.5709423662
17.5715304094
17.5571073197
17.5303075489
17.5179869757
17.5687007461
17.5573795849
17.5907160555
17.5999917515
17.6008415619
17.5430692547
17.5589263464
17.5322445694
17.5531038484
17.5648067262
17.5277306162
17.5397399595
17.5496819001
17.4896448575
17.4873860849
17.524883577
17.4672802385
17.4529909941
17.4502430453
17.4315270186
17.446616697
17.4974125876
17.4918559592
17.4685958556
17.407110352
17.4674051012
17.4584514263
17.4691225851
17.4450009157
17.4462163216
17.4915223349
17.5162070086
17.5750209915
17.4962972905
17.579027547
17.5422055059
17.5697995813
17.5670527988
17.5971927798
17.4887171238
17.5503222516
17.546985448
17.5492591731
17.5242842482
17.5613737386
17.5645306778
17.540800655
17.5632949928
17.5245161578
17.5479856496
17.5086961176
17.5388104511
17.5249293991
17.505330617
17.4922886644
17.4554936258
17.4261174888
17.4360223385
17.3786667712
17.4204432439
17.4447991529
17.4348994601
17.4165157063
17.4814487341
17.4004974836
17.4574070288
17.3751711789
17.4176972775
17.4223563264
17.4498313095
17.4425942425
17.4910623676
17.493407176
17.4992321481
17.5143099318
17.4952898271
17.4845142792
17.5117426708
17.4746358401
17.5070080806
17.528310603
17.5433989777
17.5211936969
17.5341567153
17.4837998121
17.5573888322
17.5299000805
17.5207180855
17.537796529
17.5372592511
17.4945584362
17.4959251771
17.4867470805
17.469261703
17.5088213937
17.4954980033
17.4985510889
17.4919073978
17.4711027683
17.5207557219
17.4992731729
17.4780841833
17.5315586795
17.4116973623
17.4355630483
17.4594940461
17.4513151331
17.4464063871
17.4762531732
17.4472318395
17.4312129214
17.4749664352
17.4394329022
17.5066835944
17.4651663183
17.4875665859
17.4132022096
17.4437322553
17.5207775232
17.4797609872
17.4809591648
17.5045498714
17.5373716027
17.5418985097
17.4881299775
17.5219223264
17.5214604369
17.4587116625
17.4911318982
17.4821462265
17.4635528792
17.426335508
17.4343710053
17.4657746022
17.4833606852
17.4346086308
17.4450148677
17.3717952644
17.3900705373
17.4279305353
17.3467470475
17.3521647944
17.3315980888
17.3466707215
17.3357712928
17.3245980958
17.2958397492
17.3549264316
17.3592612685
17.3185781686
17.3205741429
17.2984861524
17.3348986805
17.2934038992
17.3274130731
17.3193820093
17.3079574219
