-1.81236058609
-1.78598810362
-1.75523787939
-1.77612884939
-1.76688105711
-1.74101814715
-1.76148629568
-1.73273254406
-1.76303819704
-1.763538408
-1.79021443439
-1.7921520581
-1.8437310757
-1.83571487545
-1.83609770066
-1.81404639243
-1.82616810981
-1.81189712008
-1.83213145334
-1.82204503372
-1.8040829557
-1.76931397521
-1.77818762607
-1.76157976022
-1.77033657946
-1.75970569992
-1.78157190249
-1.79961107475
-1.79225024306
-1.79291333722
-1.75960494931
-1.78467563844
-1.81295552678
-1.81213833924
-1.80683679709
-1.77556849789
-1.77874691335
-1.78294909818
-1.79947779048
-1.79934194447
-1.79522554065
-1.82227743649
-1.77711987153
-1.82049541068
-1.77514119431
-1.79240493967
-1.80086988246
-1.7880131503
-1.79121442576
-1.77441222804
-1.78747159837
-1.74926640709
-1.76187796766
-1.77964539096
-1.75070473592
-1.78460079986
-1.76021823634
-1.76473046271
-1.7451567422
-1.82960146051
-1.78346636208
-1.80430648252
-1.77888695132
-1.81218738511
-1.80312580981
-1.8196698101
-1.7898161334
-1.77666122229
-1.7846076105
-1.76388052205
-1.76842755633
-1.73527726536
-1.76041935039
-1.73578126313
-1.77459400678
-1.77021171821
-1.80379687266
-1.74504112386
-1.74938465397
-1.73653538061
-1.75340594862
-1.73199758728
-1.77408887536
-1.76974564242
-1.77796397773
-1.77391373147
-1.79914980864
-1.78248637174
-1.77808979219
-1.76496924365
-1.79053637852
-1.77334757862
-1.76884320143
-1.79045767874
-1.78259454805
-1.77013612458
-1.7920405541
-1.74914884389
-1.78320913958
-1.77350178975
-1.76083478172
-1.79048143919
-1.78678433386
-1.77005770823
-1.80865033437
-1.75766530702
-1.78307392419
-1.79936969575
-1.79510321779
-1.77003850551
-1.77443681419
-1.7194622981
-1.75740368284
-1.74838892897
-1.73540058289
-1.74797398125
-1.77804305508
-1.74092222692
-1.75404345019
-1.76723606255
-1.75440081338
-1.77863513678
-1.7399685039
-1.75198079264
-1.73544773887
-1.76839662253
-1.74787531269
-1.76912292016
-1.76558274173
-1.77806641041
-1.75345847237
-1.78744700139
-1.74975840313
-1.72872087895
-1.75027892215
-1.72063457251
-1.72816083636
-1.73230396454
-1.72329044848
-1.73584214705
-1.72286340965
-1.7054340536
-1.76538362172
-1.76509828216
-1.75342894204
-1.77910725921
-1.75854031854
-1.77942806575
-1.77551794169
-1.77502545821
-1.77052773963
-1.75746779255
-1.77436479056
-1.72273410054
-1.73091282206
-1.74795447154
-1.7485861974
-1.7450009825
-1.74068531244
-1.73266824913
-1.72922669906
-1.74588381473
-1.72577711336
-1.75054641245
-1.77590090032
-1.76261951642
-1.76698931578
-1.73211719049
-1.77344266436
-1.77409287893
-1.74883703113
-1.754100156
-1.78039109142
-1.78884217969
-1.77193211377
-1.77161716049
-1.7383810002
-1.74995710238
-1.75805994482
-1.79583996851
-1.7919634774
-1.76167666144
-1.77805408498
-1.7316726536
-1.78229606302
-1.74023778315
-1.74968899621
-1.72851587908
-1.762696852
-1.76281644938
-1.75464826244
-1.78326206543
-1.73266138263
-1.77877881333
-1.76459023369
-1.77230281946
-1.77256913479
-1.77718418725
-1.74877490641
-1.71989210269
-1.76275783102
-1.74650850144
-1.72521178336
-1.7587790278
-1.74576213804
-1.73236146679
-1.75259727217
-1.75663972227
-1.71794048328
-1.73476750848
-1.71786305168
-1.74379403944
-1.73529952613
-1.72342501648
-1.70262236877
-1.77029339868
-1.73662005536
-1.75367812704
-1.76625898421
-1.74949364031
-1.75376575587
-1.72418123482
-1.75772137734
-1.71545496103
-1.75342199611
-1.71864628645
-1.72351452747
-1.73581646234
-1.71058566863
-1.70704153964
-1.70709344449
-1.74591884624
-1.73776520918
-1.72603778922
-1.73816202821
-1.72126361881
-1.70797489969
-1.75881105521
-1.75398541054
-1.72824754328
-1.76098421053
-1.76970065787
-1.77384260126
-1.76587467704
-1.77423850421
-1.73656678911
-1.72888376403
-1.7634886462
-1.76353466931
-1.78851267655
-1.77496253721
-1.76313171548
-1.76302774783
-1.7414485992
-1.76681011342
-1.77922622486
-1.74577725379
-1.74093948765
-1.7572783184
-1.78758510502
-1.74572862868
-1.75837329067
-1.82216718208
-1.78038679068
-1.76133833718
-1.71908997899
-1.77788554855
-1.75726907652
-1.74384621016
-1.77014207106
-1.78666215014
-1.75761987828
-1.73311187584
-1.7412229794
-1.75352904142
-1.74052262739
-1.72770895442
-1.77835048481
-1.73175929578
-1.71950773079
-1.74880547451
-1.7486572746
-1.76584413159
-1.71888767827
-1.75357760879
-1.74476872675
-1.75326931601
-1.76579407643
-1.75293938228
-1.73994212581
-1.74462706956
-1.74833643958
-1.76524597982
-1.77351326778
-1.73939995302
-1.72714748289
-1.73101935153
-1.74011122812
-1.75301579099
-1.72379876563
-1.7409458128
-1.74971866387
-1.75789631537
-1.73328697765
-1.75456170065
-1.76261753413
-1.74947248967
-1.7184409883
-1.7048228838
-1.71646653921
-1.73751738639
-1.70469235476
-1.7476831258
-1.72402737388
-1.78016207727
-1.78068967753
-1.80309344213
-1.73231376562
-1.76555792795
-1.76116110425
-1.74745898994
-1.72544305248
-1.72415913876
-1.71904070745
-1.68054971378
-1.69316522489
-1.73570360585
-1.7190537852
-1.71511998407
-1.7416268306
-1.73846739916
-1.73937837298
-1.77795921689
-1.77065655827
-1.76645210088
-1.80390595026
-1.77030378907
-1.76425722034
-1.7377211554
-1.76583855284
-1.7523216806
-1.73934690358
-1.75619377587
-1.74414854365
-1.74887005501
-1.76269118799
-1.69977891744
-1.7562263672
-1.74373406664
-1.78237023559
-1.71464701929
-1.76954821811
-1.78107777338
-1.78798654653
-1.7491973337
-1.76028319551
-1.75897668063
-1.74249325144
-1.78455450804
-1.74737748992
-1.76516802441
-1.7573339257
-1.75321200599
-1.76292094271
-1.74572560591
-1.75376858636
-1.78369692891
-1.75313492742
-1.72768933284
-1.73982892304
-1.72653622301
-1.72590283275
-1.7301915343
-1.71344776661
-1.75576023451
-1.73566933645
-1.75727946299
-1.76226634512
-1.75040817429
-1.72544702756
-1.74620516849
-1.75834801978
-1.72812097259
-1.72278233638
-1.7768905915
-1.78505887165
-1.77244543875
-1.73446260036
-1.71751539907
-1.71859323701
-1.73160854972
-1.72824196265
-1.71152063422
-1.72883164633
-1.73352601445
-1.72985270977
-1.70399333072
-1.70344747418
-1.70317290756
-1.68153016507
-1.71473554161
-1.71497272872
-1.72334477984
-1.73211874113
-1.72793471936
-1.74079344744
-1.73754307309
-1.72887714375
-1.73724349254
-1.72944491386
-1.74213136687
-1.75468479457
-1.74190614328
-1.73778977966
-1.73735019861
-1.72070501798
-1.73671410144
-1.73673397888
-1.75383218605
-1.74967775345
-1.72951436097
-1.7551636735
-1.75508063279
-1.73430548511
-1.76344846354
-1.75568467802
-1.738584067
-1.71760618801
-1.72573692486
-1.77138740765
-1.76721700796
-1.75826057527
-1.78745555177
-1.77937167372
-1.76639568343
-1.75431278433
-1.7759182924
-1.76336412524
-1.73841595132
-1.74233005629
-1.76817321239
-1.76808000482
-1.78905282887
-1.75057073576
-1.77609845499
-1.7505507651
-1.75833208305
-1.74549196725
-1.75375019087
-1.76194202051
-1.79973372337
-1.76610936707
-1.77057782515
-1.78729847583
-1.73718866003
-1.78341843627
-1.7529848395
-1.76564892381
-1.75680853817
-1.74372605862
-1.76499719692
-1.77757299331
-1.76014245439
-1.74334465063
-1.74374597438
-1.74360079723
-1.77820919936
-1.73189138049
-1.73164714439
-1.73635115367
-1.71944313559
-1.71905626661
-1.73553926334
-1.75638493987
-1.70159470958
-1.73897479637
-1.74740488714
-1.70544007653
-1.75612167184
-1.71405686678
-1.74788237922
-1.74798908529
-1.73999301948
-1.71899224029
-1.71072536025
-1.71886885312
-1.71085186038
-1.68554243746
-1.72755669603
-1.66898823995
-1.71537180256
-1.7113990694
-1.71615218929
-1.74164670616
-1.69100520613
-1.70793881382
-1.73802490611
-1.7124381606
-1.73785222893
-1.70398676533
-1.72116603994
-1.72937870329
-1.75089515942
-1.70413046053
-1.73415536494
-1.74661813705
-1.7509326095
-1.77229103343
-1.77262238438
-1.72617625474
-1.75593859925
-1.75632451196
-1.73480007133
-1.73539413615
-1.77698938058
-1.80251360438
-1.75563011814
-1.75181810847
-1.76432452643
-1.76388851836
-1.76389860371
-1.78533340787
-1.74666483208
-1.7468204908
-1.79314823707
-1.77187910453
-1.7714840116
-1.78766046732
-1.77893107755
-1.76192046884
-1.79123924043
-1.71943377895
-1.78671390594
-1.7868579787
-1.79115562101
-1.7697631964
-1.73601138182
-1.77425058549
-1.70680919067
-1.76118651126
-1.73588765729
-1.7778292635
-1.74433821987
-1.76915215332
-1.75262464581
-1.80713197477
-1.75633145402
-1.74329459547
-1.77312836624
-1.77312527875
-1.76852744984
-1.80307285249
-1.72677861318
-1.7566802559
-1.77392728188
-1.78617875366
-1.74811126902
-1.72718634436
-1.76541214276
-1.74815315908
-1.74831729572
-1.74910076995
-1.71924946862
-1.70669955901
-1.73617540071
-1.7061994716
-1.7362595743
-1.74049704761
-1.71513593362
-1.73149240174
-1.73197004007
-1.72350601918
-1.75780405032
-1.72393252249
-1.74494122544
-1.74059065728
-1.71492682525
-1.7152902987
-1.73189624711
-1.74517461407
-1.74945715234
-1.73698377108
-1.75401777531
-1.70751092365
-1.74968022204
-1.72891672317
-1.75003475474
-1.71652213491
-1.73273225092
-1.71607590509
-1.72493848584
-1.70290538478
-1.71663762378
-1.75026179765
-1.71269242502
-1.72180064233
-1.7435078436
-1.7228805281
-1.71371414945
-1.74266798828
-1.72118699724
-1.75021829804
-1.74118812541
-1.76289984423
-1.76340436768
-1.73063903315
-1.76433394096
-1.74370245811
-1.78611363665
-1.74004657983
-1.73944339765
-1.75197685469
-1.76387839171
-1.73470261605
-1.69115103255
-1.76752975245
-1.75865502476
-1.73325936175
-1.72056124238
-1.74627729117
-1.76777308718
-1.77177898249
-1.78894170147
-1.7761101587
-1.78493149958
-1.77570714602
-1.79627356289
-1.77046862201
-1.77033001024
-1.76094192025
-1.75220409086
-1.75632797613
-1.7521254843
-1.79010465648
-1.76546718812
-1.75275326545
-1.74486381249
-1.74102406334
-1.78320908467
-1.76746144992
-1.76221841931
-1.72793773817
-1.74822633714
-1.74782149342
-1.7513877243
-1.76793079868
-1.77666576721
-1.78101836166
-1.75535749354
-1.71716563697
-1.74802475042
-1.7566483502
-1.74796642923
-1.72288048114
-1.76891228665
-1.7433630197
-1.71832191975
-1.73961161149
-1.71861980154
-1.72265017224
-1.73083346322
-1.72716644239
-1.72289222597
-1.73972167957
-1.73631816812
-1.74478410342
-1.71147479944
-1.73201352984
-1.74947570578
-1.71527723079
-1.74055712339
-1.71075226403
-1.7315660996
-1.70656740957
-1.73676566892
-1.69018555
-1.69924576692
-1.73363836983
-1.71728993922
-1.74201707253
-1.75109045059
-1.72230526593
-1.71732029822
-1.72603202215
-1.73082776876
-1.74330657082
-1.7220144222
-1.71755810424
-1.73002254474
-1.7390175721
-1.74291216153
-1.7646253623
-1.7430642718
-1.76442411295
-1.75249249143
-1.75159903251
-1.77313293769
-1.78152927776
-1.77305778824
-1.7483009078
-1.7684888404
-1.75603368104
-1.76832730577
-1.7722599623
-1.76383800225
-1.78496408116
-1.72995047696
-1.77620516105
-1.74674034926
-1.7632774468
-1.76287233326
-1.79250540885
-1.71224171221
-1.78735934992
-1.75782697506
-1.81677777276
-1.74838892314
-1.76536722592
-1.76084180805
-1.7306830349
-1.73529516953
-1.75150128197
-1.751852173
-1.74810470363
-1.76933487377
-1.78214394692
-1.77400788249
-1.7267303411
-1.74813620535
-1.73098041949
-1.74789045505
-1.75669677528
-1.76093789026
-1.7431627687
-1.73511232945
-1.74324395972
-1.73893941467
-1.74316638188
-1.73901357936
-1.74771799844
-1.71751508624
-1.7092202756
-1.73923725626
-1.77677626587
-1.76007833297
-1.73100144153
-1.72699576489
-1.74843720312
-1.71791890707
-1.72231210196
-1.7309473279
-1.72717147279
-1.71854265428
-1.71492528839
-1.71115219905
-1.72442137996
-1.71643995725
-1.72894730299
-1.72449611054
-1.71610809232
-1.74533176646
-1.73629215776
-1.7110763445
-1.68943319992
-1.74080438413
-1.74979787651
-1.7458321412
-1.73765340797
-1.7208986634
-1.73468441279
-1.75596602683
-1.75193778736
-1.76106958262
-1.75650603291
-1.71429241206
-1.76850034692
-1.74824895388
-1.73099703091
-1.72283939027
-1.70105461116
-1.73913309534
-1.74320535028
-1.76441689829
-1.74425310372
-1.74402328219
-1.75702580852
-1.74004814517
-1.76926864842
-1.78681238312
-1.75231075179
-1.74321388498
-1.75164188472
-1.78874487345
-1.77583531054
-1.76330254297
-1.74619579715
-1.77163994998
-1.75875464564
-1.74613366071
-1.73711396965
-1.76282785685
-1.72883167087
-1.74618771944
-1.75899938477
-1.75373480832
-1.74560158421
-1.77008711892
-1.75267297184
-1.76125262673
-1.75229674238
-1.74763322859
-1.73452075776
-1.73032785596
-1.75176414208
-1.74286358744
-1.75163751837
-1.74418187659
-1.7862533793
-1.76098202536
-1.75260503705
-1.75657684242
-1.74832601687
-1.75649710298
-1.74755253289
-1.74745926058
-1.73880831472
-1.7137906103
-1.73921016416
-1.72679803363
-1.70605429444
-1.73198897107
-1.72787864715
-1.77022121126
-1.73228725496
-1.76589715649
-1.73965258154
-1.72763532713
-1.7439307083
-1.74009465384
-1.76533542796
-1.75716268329
-1.75699657149
-1.7650425345
-1.74427795578
-1.74014568392
-1.73679867713
-1.72453622847
-1.74140908846
-1.71173273688
-1.72463909173
-1.6784769963
-1.69991180046
-1.69524490201
-1.69844222692
-1.66986797488
-1.7035546814
-1.72064238434
-1.69947724982
-1.71672976133
-1.68747214725
-1.7344546413
-1.73435239975
-1.71315696695
-1.73826461483
-1.71698553224
-1.74251169895
-1.72977013001
-1.73819060809
-1.69977176164
-1.72923592416
-1.71720375986
-1.69195675772
-1.73903017906
-1.71759163813
-1.7309430252
-1.7310160453
-1.75677848305
-1.76031350749
-1.74786081672
-1.71815921992
-1.75231032515
-1.73931732811
-1.7351204856
-1.7687132166
-1.76001637991
-1.76359330332
-1.76793640285
-1.78058836569
-1.77605252698
-1.79313815172
-1.76785259116
-1.79746624042
-1.78023580044
-1.77618610834
-1.77241873305
-1.76732072163
-1.7756961446
-1.75780786745
-1.75397536144
-1.75339837394
-1.76192787274
-1.74064869693
-1.75321763077
-1.74077189578
-1.77010404228
-1.77001443618
-1.74934840431
-1.76981867235
-1.74826218167
-1.75669174675
-1.76976781888
-1.80720927999
-1.7690876032
-1.77288917149
-1.76400172497
-1.74703855659
-1.75103594173
-1.74693559823
-1.76362360842
-1.76850335202
-1.74756150401
-1.77784282673
-1.75277879221
-1.74416336032
-1.75296176663
-1.76551814653
-1.76546756569
-1.76480963531
-1.73520990832
-1.74798191084
-1.73537938425
-1.70988033813
-1.74796949219
-1.68025586593
-1.71814724852
-1.71002695703
-1.72726494904
-1.74037051712
-1.7317152273
-1.7192860783
-1.74069166102
-1.74089895007
-1.75811184779
-1.75797105177
-1.7117199103
-1.70750346485
-1.74133033566
-1.71676183081
-1.68286428491
-1.71632681921
-1.71212774241
-1.7208513995
-1.71240609695
-1.6920063687
-1.71353269338
-1.73044669814
-1.72702165256
-1.73141494254
-1.75673481666
-1.74750689011
-1.70910524856
-1.71301441634
-1.70476766493
-1.71228904461
-1.73347266784
-1.7207554105
-1.70429136343
-1.74686585875
-1.7223891295
-1.74406441924
-1.74898494456
-1.72374235112
-1.74498192297
-1.72269910428
-1.7259849309
-1.73441250006
-1.7049197752
-1.74598842866
-1.74154117505
-1.74092488476
-1.71162229706
-1.73269605616
-1.71658355922
-1.72523715028
-1.73396404298
-1.73451427082
-1.76384034726
-1.77677927974
-1.72550503684
-1.74628842601
-1.73287955535
-1.75344692849
-1.73540462854
-1.73513757374
-1.73937790415
-1.75624431651
-1.74338909668
-1.75674630663
-1.73594116768
-1.75809834929
-1.74969328413
-1.77162117973
-1.74188509276
-1.74993303305
-1.78789347238
-1.73645818033
-1.74399725624
-1.72632372695
-1.76442360392
-1.75135397359
-1.77627405894
-1.73908563148
-1.74339057863
-1.75267753147
-1.76151206385
-1.7914207329
-1.74862464
-1.75378432102
-1.73303118013
-1.76566927204
-1.71140871834
-1.74857461145
-1.73167068615
-1.7355788673
-1.7647907445
-1.71450734828
-1.74429099916
-1.72340078336
-1.69054947857
-1.72872296699
-1.73307565466
-1.75450355607
-1.73318717433
-1.71643499157
-1.74976095212
-1.70703038615
-1.75757978301
-1.74074995767
-1.74459840041
-1.70237904686
-1.71938290186
-1.71957264865
-1.74119026648
-1.69146188715
-1.71696990252
-1.7385744828
-1.70884074083
-1.70073620266
-1.71760906265
-1.70443512731
-1.70065967431
-1.7085636124
-1.70394207606
-1.71590131536
-1.70770849509
-1.7294210583
-1.72102760758
-1.73889847193
-1.76456722943
-1.75592192986
-1.72146819981
-1.75499504197
-1.77614402109
-1.73412249203
-1.76337249124
-1.72971148317
-1.75481318458
-1.74646115714
-1.74251970609
-1.7177713643
-1.75950217321
-1.7265356237
-1.75587695813
-1.73448453352
-1.74238058223
-1.72471513065
-1.74950101573
-1.75722928424
-1.73250066898
-1.75328830586
-1.74884378764
-1.741088331
-1.76211653966
-1.74938190384
-1.7581192781
-1.73335100003
-1.77146357811
-1.76274420894
-1.76663288037
-1.75297612818
-1.75285058433
-1.7109771316
-1.74451383643
-1.76890416763
-1.71927250813
-1.71506856471
-1.73148889349
-1.72354274942
-1.7404262391
-1.76643858679
-1.78770278214
-1.77041078443
-1.74495634231
-1.74474515462
-1.77418700147
-1.72710581432
-1.76065804794
-1.73483942024
-1.73004142184
-1.76021455654
-1.73153294915
-1.72763517901
-1.73680605255
-1.71638687932
-1.72094620678
-1.73376504656
-1.73375731793
-1.69949133873
-1.72116004044
-1.75427408174
-1.72446590246
-1.74494619111
-1.74007248721
-1.72713912365
-1.69842875296
-1.71911407774
-1.72402194027
-1.74225546896
-1.73427555857
-1.74295479997
-1.76054295223
-1.73050144128
-1.72175414733
-1.73324776485
-1.73353213643
-1.69470866004
-1.71938276656
-1.70728842375
-1.7377388752
-1.7003676988
-1.73128732048
-1.72759737678
-1.73213571445
-1.74503990959
-1.73196198778
-1.76055625069
-1.70600787018
-1.70906548082
-1.73418897523
-1.69602430399
-1.71692845075
-1.69482174505
-1.75413138601
-1.72879900002
-1.74630718735
-1.7843451113
-1.76008245518
-1.74688919542
-1.7434837184
-1.72669193168
-1.73845269722
-1.72584786583
-1.70878720196
-1.72869676831
-1.71617968349
-1.70681153963
-1.72393541979
-1.69401109836
-1.73194579413
-1.72773584538
-1.71988052068
-1.75296148229
-1.76057885285
-1.75255893056
-1.73468887532
-1.74697225092
-1.72624629534
-1.72250428885
-1.69750569204
-1.69342097826
-1.71948326524
-1.75769327595
-1.7538566958
-1.71152615995
-1.71564600145
-1.70708789823
-1.72814937399
-1.70269162756
-1.70197886862
-1.73125253506
-1.75234301358
-1.72724085122
-1.7528400684
-1.74912560724
-1.70760141734
-1.70859997867
-1.74247819547
-1.75081594755
-1.75458304834
-1.78424561989
-1.74588386664
-1.76227713369
-1.71119865462
-1.72013684577
-1.70332887515
-1.72897072888
-1.72510323155
-1.70795135605
-1.74662193948
-1.74301267978
-1.718354563
-1.74323790337
-1.72205384955
-1.69591897494
-1.74724475495
-1.72506746738
-1.73296533541
-1.72877665399
-1.71224899252
-1.73709729839
-1.71584468899
-1.71242509457
-1.74162518485
-1.74748860255
-1.73467080242
-1.71281861232
-1.73877376076
-1.73387490955
-1.72068627039
-1.68680992895
-1.72445833872
-1.71239062705
-1.72923349577
-1.6873063747
-1.70830619762
-1.72589718152
-1.72100513984
-1.71718267898
-1.73403272215
-1.75080549447
-1.73829673151
-1.74630473047
-1.78813426284
-1.75766077588
-1.75346736011
-1.75330919843
-1.72844570514
-1.72814729766
-1.69880763934
-1.74203964125
-1.72052318324
-1.71204759693
-1.75449085589
-1.74616050959
-1.72067301906
-1.72457198962
-1.74595386793
-1.75794158618
-1.72327206862
-1.72779203533
-1.71089498242
-1.72839777932
-1.72800434496
-1.77833837505
-1.7369127605
-1.75333713304
-1.77429294051
-1.73183528563
-1.73623543628
-1.71531779102
-1.71499432946
-1.72818146613
-1.72803785432
-1.71119375763
-1.73173356789
-1.70360175587
-1.69054636654
-1.71195315269
-1.7241485621
-1.72801522674
-1.74910110732
-1.69466969764
-1.74059072597
-1.70347315889
-1.69022145739
-1.71968882116
-1.72885470449
-1.74561443927
-1.75394832819
-1.7077592054
-1.73385854036
-1.70427845347
-1.72547856948
-1.67034832011
-1.72546996609
-1.69614124445
-1.72129660248
-1.7255800038
-1.73455271549
-1.7554418818
-1.73029062055
-1.72194578511
-1.72668802133
-1.71787305751
-1.71369412687
-1.74812729001
-1.72652378959
-1.75554002072
-1.75517765749
-1.75966449241
-1.77612350908
-1.74715465942
-1.73839240767
-1.76764228329
-1.7255486904
-1.73835582064
-1.73437066885
-1.76366265722
-1.73353396857
-1.74622557557
-1.75497198381
-1.78399378969
-1.74193154645
-1.7078046096
-1.73297954792
-1.73707495423
-1.73261178655
-1.76188037939
-1.77400670941
-1.76162161608
-1.73181327301
-1.77820373837
-1.78216290829
-1.76526794641
-1.76046366114
-1.76909179601
-1.73976868348
-1.75258084413
-1.70646875084
-1.73165157854
-1.71494527077
-1.72334530552
-1.72727968816
-1.73617734362
-1.70257462237
-1.7319122544
-1.7278741179
-1.74023936416
-1.73223982046
-1.735818523
-1.73995394121
-1.74079792368
-1.71508896596
-1.75308595212
-1.73678157716
-1.72357946987
-1.72776324447
-1.72386162871
-1.74482005101
-1.71983563234
-1.71604800484
-1.73307716511
-1.69529896074
-1.73323871728
-1.72948983069
-1.70401405651
-1.6784949063
-1.70041179466
-1.66220208694
-1.71254721751
-1.7004619734
-1.73808584305
-1.71761757094
-1.70025252276
-1.69174503075
-1.69615021369
-1.71728329045
-1.71712553087
-1.70858897537
-1.70881575148
-1.73858850698
-1.74698632901
-1.70915560089
-1.7258257943
-1.6963394063
-1.72640056038
-1.71379254826
-1.73006045978
-1.70114529712
-1.70067212331
-1.7092822246
-1.70080636378
-1.70952302489
-1.72984010281
-1.75495829699
-1.73370916548
-1.729416123
-1.77146289446
-1.72074338413
-1.76758741453
-1.75904383082
-1.75428516655
-1.76713283437
-1.75873501234
-1.74596544805
-1.76702716796
-1.72409853336
-1.75394487484
-1.75810824632
-1.76694884877
-1.77915304098
-1.72859575474
-1.78344362658
-1.72496945792
-1.73327532884
-1.75837604361
-1.74151610341
-1.71592677343
-1.7576592409
-1.72367310991
-1.71475704913
-1.72752414482
-1.77790376555
-1.76106890981
-1.76098427527
-1.73151903289
-1.79020440678
-1.76920168468
-1.74787796772
-1.78236181264
-1.71855063482
-1.73170077253
-1.7277930867
-1.72742757524
-1.7317501254
-1.75275512497
-1.72724938988
-1.72804029255
-1.71460839221
-1.71958837159
-1.70218115764
-1.72788361283
-1.75731929639
-1.72355336441
-1.71015715956
-1.72730141248
-1.69011459056
-1.68995735666
-1.73628105729
-1.72800520801
-1.74857704567
-1.71551333804
-1.71588189492
-1.69493844136
-1.72929067236
-1.74983242553
-1.72479385703
-1.69543455557
-1.7377150059
-1.70454313873
-1.70981528585
-1.6973364838
-1.72656456943
-1.68890167453
-1.72292785178
-1.71003000522
-1.71850053847
-1.76897281843
-1.6930595035
-1.73907139137
-1.74373437947
-1.74398117927
-1.73166328314
-1.72321410929
-1.71483459937
-1.75719241376
-1.71886952781
-1.72266908847
-1.73079676819
-1.73003570285
-1.73434585702
-1.70055705519
-1.73862605028
-1.74245653
-1.71286670003
-1.75884915268
-1.7420978026
-1.71688501399
-1.75409911446
-1.71610012254
-1.75805782343
-1.77463551157
-1.74027428679
-1.72361716129
-1.75321516218
-1.70654741042
-1.76527349079
-1.75690905642
-1.73140926781
-1.76959304667
-1.7314418209
-1.73149400728
-1.74853719174
-1.70630665033
-1.7362049614
-1.71907731713
-1.74009809736
-1.740244324
-1.74396324968
-1.73944534362
-1.7311024551
-1.74800406575
-1.73600870225
-1.72336429143
-1.69752029493
-1.73989244821
-1.74851805564
-1.76930768845
-1.73950339498
-1.75260683184
-1.76956753162
-1.72256432442
-1.72347349458
-1.74435850336
-1.71562562869
-1.71100548109
-1.72444196953
-1.72842419762
-1.69921260476
-1.69494948881
-1.67008654969
-1.67778615094
-1.70319728972
-1.71578125704
-1.66919555936
-1.70677198869
-1.70690027096
-1.70313270923
-1.72395242654
-1.72479884724
-1.70761307198
-1.70787097224
-1.7543311936
-1.73812810393
-1.71695649724
-1.7338299663
-1.70861011911
-1.70046693324
-1.72131759998
-1.69592005292
-1.72090255905
-1.69551151451
-1.70028861446
-1.73480793618
-1.71834447765
-1.6971883771
-1.72665784174
-1.74016886072
-1.73177180853
-1.72286885587
-1.74340403782
-1.72323472735
-1.72689459826
-1.76086029764
-1.71803654676
-1.73874465118
-1.75598856118
-1.74756321648
-1.7388492681
-1.75603461277
-1.7603777123
-1.76930268347
-1.73144985346
-1.76516021439
-1.72324064534
-1.72304895565
-1.73117358808
-1.73114553971
-1.74825043584
-1.74344528752
-1.72162521689
-1.75136712978
-1.74669544507
-1.74192645131
-1.72564075338
-1.7292981557
-1.78795394042
-1.76675694227
-1.73625540883
-1.76255612072
-1.75750925603
-1.7316216118
-1.74804500542
-1.7437228632
-1.73544959839
-1.76076154876
-1.73531005884
-1.73083515895
-1.68852967719
-1.73038269831
-1.72191984067
-1.67964170498
-1.696257367
-1.73811491737
-1.70033819496
-1.70924716467
-1.70111155536
-1.71821635827
-1.72282487972
-1.73069755836
-1.69249180119
-1.72220544891
-1.71368941825
-1.72686230221
-1.71004108027
-1.68051410167
-1.71053721713
-1.70648792714
-1.66025743689
-1.67711404545
-1.67705994652
-1.69050026005
-1.70765696781
-1.68644673796
-1.63285996002
-1.71258972065
-1.7091851999
-1.70940992816
-1.68798643826
-1.70962929849
-1.73926413055
-1.75168029502
-1.75188459168
-1.71872240775
-1.70567583559
-1.74393402329
-1.72314255944
-1.71068133001
-1.74085995024
-1.76214862097
-1.74070367262
-1.7111627953
-1.72827450096
-1.77056164026
-1.77038881684
-1.72798821497
-1.71481609895
-1.72340441025
-1.70632617375
-1.73155394469
-1.7442745867
-1.73195598245
-1.75236109129
-1.7650726463
-1.77294652255
-1.74333850105
-1.80639869888
-1.74717610221
-1.76793630963
-1.75947033412
-1.77149103793
-1.75054980882
-1.75437233442
-1.74601501961
-1.76266615843
-1.74172040007
-1.75423120104
-1.75469469159
-1.73324986682
-1.70310120751
-1.73640660114
-1.73294052266
-1.7787266024
-1.75276563107
-1.76994243708
-1.74781027519
-1.73106700283
-1.74346480218
-1.76881932042
-1.7519812653
-1.73997354602
-1.75660076363
-1.72681708239
-1.76470877969
-1.7058851314
-1.75669976956
-1.75203378718
-1.75243671647
-1.69746919423
-1.73120029097
-1.69313158023
-1.72286822137
-1.69268861451
-1.68961149416
-1.70168462851
-1.69721042904
-1.70140182039
-1.69340393526
-1.67644388475
-1.70137974887
-1.70164973041
-1.71034148367
-1.70182684174
-1.70616190376
-1.7058991899
-1.71868733611
-1.68120679673
-1.71944563267
-1.6897869773
-1.64341605014
-1.67744129961
-1.7282589547
-1.7071148707
-1.66955687705
-1.67389251778
-1.67429763132
-1.69518861695
-1.69147813671
-1.6920274064
-1.67965365185
-1.67992243577
-1.69276911695
-1.76489313318
-1.68414794557
-1.71806003946
-1.66759873826
-1.70579789968
-1.70627359509
-1.69707016846
-1.71838494466
-1.73520466199
-1.70596212159
-1.7112750271
-1.71153218487
-1.70688207636
-1.71557299694
-1.70761995995
-1.69917402568
-1.742087931
-1.73763259968
-1.74594377952
-1.7116947767
-1.72040462828
-1.75385529229
-1.7239544194
-1.74093803111
-1.69433399097
-1.74901876583
-1.75332522531
-1.75715473704
-1.74417389184
-1.73502325879
-1.77732744692
-1.77224997205
-1.76801940336
-1.76293684507
-1.7672000846
-1.79220860692
-1.73238982404
-1.74093251433
-1.77512100891
-1.78301933789
-1.76203646869
-1.7320339428
-1.73619342846
-1.74007094641
-1.73130126622
-1.76082269856
-1.7093313628
-1.71781136249
-1.73016354083
-1.7549228193
-1.76769053391
-1.76770455809
-1.75054874375
-1.77981794378
-1.73336996446
-1.76339159796
-1.76294755239
-1.72967162435
-1.72109716063
-1.70427390067
-1.73812043327
-1.72573478576
-1.72182773749
-1.72596897859
-1.70956307422
-1.70523103496
-1.7260330334
-1.70087967129
-1.70967357288
-1.68921294601
-1.71875697155
-1.71860217588
-1.68599659686
-1.68519749291
-1.72370165754
-1.70652377168
-1.71143103796
-1.69855587782
-1.74533625947
-1.70273490356
-1.71164682547
-1.72904972395
-1.70394907391
-1.72180100818
-1.7342838138
-1.68423314016
-1.70984682194
-1.74785428966
-1.73103251166
-1.68830779896
-1.68457691559
-1.6972815905
-1.69327674655
-1.69715323766
-1.68466756134
-1.71898905857
-1.74900804688
-1.69798566454
-1.69782852387
-1.73181373296
-1.74456091102
-1.71043951855
-1.70649983568
-1.70661523836
-1.69788680486
-1.7152687764
-1.71869567756
-1.71879723546
-1.69775596077
-1.72728950287
-1.74006603064
-1.7197379151
-1.72818357086
-1.75732547526
-1.77401486951
-1.73588807893
-1.72812044779
-1.75277711698
-1.75242927326
-1.73914005882
-1.72719500166
-1.73875701681
-1.79791217401
-1.73844634864
-1.72612816515
-1.74206672164
-1.78489938291
-1.74610948062
-1.73780490824
-1.74184964049
-1.74960981283
-1.75789802772
-1.76190629653
-1.76246001209
-1.78283050718
-1.75367264152
-1.77816967879
-1.74004415638
-1.72724346794
-1.74809070793
-1.76542820307
-1.71388215931
-1.72673438487
-1.71845613173
-1.74772549253
-1.7556877401
-1.74291361807
-1.72179765299
-1.73841685763
-1.72107089441
-1.74631173138
-1.73375238757
-1.76360776304
-1.75909285126
-1.7757137203
-1.72123246923
-1.75526237155
-1.74752069775
-1.73903148748
-1.7222971215
-1.70560951924
-1.70508428263
-1.68414659614
-1.71400233934
-1.68461049463
-1.71027284471
-1.70171865184
-1.70257721267
-1.72368106798
-1.70676604221
-1.66994756036
-1.69456055146
-1.68694515418
-1.70337045051
-1.72062425754
-1.71616065738
-1.71228138766
-1.70457651467
-1.72612160371
-1.6926891539
-1.69310807483
-1.71516511575
-1.69824257817
-1.6898002727
-1.72442097292
-1.70749769284
-1.70770414921
-1.72051374804
-1.71174228571
-1.70284669092
-1.6906279792
-1.70692918327
-1.702905934
-1.72806715701
-1.6990470097
-1.70733777075
-1.71554048404
-1.70990858852
-1.72281638513
-1.72657322584
-1.73520993374
-1.71738086932
-1.73480352468
-1.71721260552
-1.71314490833
-1.71290745139
-1.72501146574
-1.72958599234
-1.77991601886
-1.73737169143
-1.75804472115
-1.7405509601
-1.76159337939
-1.74874081646
-1.73164109698
-1.76592772648
-1.75258950054
-1.75241076101
-1.73967923534
-1.75248387433
-1.75646405457
-1.74425817344
-1.72696312842
-1.71465175748
-1.77333947638
-1.75224163228
-1.71387127564
-1.71881565464
-1.72687750135
-1.73938731569
-1.75282623065
-1.7107248993
-1.7319990849
-1.70211211262
-1.76154955225
-1.73169621291
-1.74362336007
-1.73912949882
-1.73901933752
-1.75651365461
-1.7188080094
-1.71875644191
-1.72272667211
-1.76497799421
-1.70236094854
-1.71510147782
-1.71110125235
-1.71191406859
-1.71997363503
-1.73288329117
-1.6908497112
-1.6778858003
-1.67830179751
-1.72850513559
-1.70345401503
-1.70338845373
-1.70398769707
-1.7167513679
-1.69128110961
-1.68712849633
-1.70828114165
-1.73001838722
-1.70430107516
-1.73434499397
-1.74708965041
-1.7007648052
-1.72556215265
-1.70002556323
-1.73439450079
-1.72602163963
-1.70928894205
-1.69698324776
-1.72627128558
-1.68036610379
-1.68544496551
-1.72293626497
-1.69372575197
-1.6896454497
-1.68982354767
-1.70694030827
-1.72362603632
-1.71972981286
-1.69012595871
-1.69820854312
-1.68560010042
-1.71943159371
-1.72789275561
-1.68062736023
-1.72288623435
-1.73162924809
-1.73585019826
-1.71401385167
-1.73163806527
-1.71842011446
-1.74420206192
-1.73950294774
-1.74772920281
-1.73938730091
-1.73483049319
-1.71783043079
-1.76383979704
-1.74266076192
-1.74259362944
-1.71719069195
-1.76721950504
-1.7168653807
-1.72545865184
-1.72065948036
-1.73685264264
-1.73286898452
-1.74070994766
-1.75704326252
-1.74824578211
-1.74376541936
-1.76074009031
-1.72282835948
-1.764854458
-1.76535169925
-1.75175388012
-1.74356473589
-1.74366552584
-1.70972140267
-1.71829143904
-1.73528462718
-1.69236378875
-1.74756708671
-1.72249685853
-1.71433418749
-1.70538357769
-1.70990996167
-1.73109502666
-1.73570241523
-1.7396711331
-1.75265904671
-1.71896567387
-1.74419704629
-1.7064488332
-1.75243818859
-1.73132469211
-1.71857719935
-1.71913140623
-1.73376955128
-1.69984679333
-1.70450374174
-1.71729928602
-1.73444403026
-1.70933031231
-1.67932026477
-1.71774819822
-1.69279374046
-1.68417352534
-1.68396272804
-1.70524797391
-1.71385114208
-1.70988535375
-1.71820534208
-1.71842461919
-1.73087074457
-1.73064002962
-1.72711624886
-1.71001255617
-1.70173272598
-1.73561785324
-1.71040740776
-1.68926188388
-1.70653140214
-1.70589856605
-1.72343187803
-1.68104126641
-1.73588814761
-1.69763374668
-1.71433306832
-1.71439822752
-1.71900013056
-1.72697310784
-1.75180353407
-1.70115965867
-1.71756205479
-1.71777325419
-1.71761155578
-1.74693780882
-1.74644204953
-1.73819995095
-1.72133754216
-1.75464494343
-1.71676277142
-1.732904273
-1.73350345161
-1.72923158323
-1.72076200625
-1.72101331077
-1.69508452177
-1.72033346682
-1.71653550982
-1.69487088414
-1.72827352911
-1.75816675675
-1.69899529509
-1.73737317338
-1.72399497176
-1.73267566475
-1.76606723961
-1.74060958829
-1.74030271272
-1.73170829419
-1.68887255713
-1.731210645
-1.74832438679
-1.75624582696
-1.72242429543
-1.75688752041
-1.75675133704
-1.72745864638
-1.71907318997
-1.71936052734
-1.68977158892
-1.70247349505
-1.7228885294
-1.69357309248
-1.72755503747
-1.7022011685
-1.71112030506
-1.6897744881
-1.71475613117
-1.7195346846
-1.7318682693
-1.69374222121
-1.74918014446
-1.7239762889
-1.76646169098
-1.70690671464
-1.71600001034
-1.72880809685
-1.69912993177
-1.70831017666
-1.72155075316
-1.71284253748
-1.7005404143
-1.70140088954
-1.69647108891
-1.7014823532
-1.73100134731
-1.7270796373
-1.68494987814
-1.68075340523
-1.7183754252
-1.72679087288
-1.71825019022
-1.7227275587
-1.71004911283
-1.71824316389
-1.72711773082
-1.7188993955
-1.73559433413
-1.76113604717
-1.7266467471
-1.72685595057
-1.70962507812
-1.76057144795
-1.6843132817
-1.7311441206
-1.73930574216
-1.73095184237
-1.73055338743
-1.71756451755
-1.73364215659
-1.74179783167
-1.73734412855
-1.74576408095
-1.72892060504
-1.71610450368
-1.73715240849
-1.74975290478
-1.76216956457
-1.72851277688
-1.71141047292
-1.69459809664
-1.71561157602
-1.681922089
-1.74987863507
-1.71504689341
-1.72749166042
-1.71475742669
-1.7189691291
-1.75638678956
-1.72285607141
-1.74432410059
-1.71435147275
-1.73170662391
-1.72681785617
-1.72768945454
-1.70562532254
-1.71448737761
-1.72754085253
-1.689594354
-1.72775190569
-1.69437145395
-1.67352220631
-1.69907251103
-1.69052892732
-1.69470626013
-1.73224505294
-1.74155771896
-1.68701651571
-1.71185849754
-1.67815904875
-1.69933660192
-1.71180600227
-1.72886966041
-1.7115401194
-1.72068855369
-1.70786480708
-1.71711363791
-1.69306705364
-1.70207061966
-1.72691411192
-1.71435066361
-1.74765455263
-1.74415943914
-1.72695257129
-1.69783866224
-1.72731601626
-1.68955535416
-1.70660442224
-1.74014623503
-1.71444325415
-1.73537455587
-1.73144347452
-1.72295139543
-1.7306595697
-1.74334704954
-1.74342309241
-1.73884572949
-1.72602817653
-1.73858893945
-1.73531217529
-1.72501834001
-1.74996611182
-1.70814456394
-1.74075226248
-1.7280762303
-1.69793061829
-1.66851729059
-1.70640908112
-1.68975846798
-1.69804824822
-1.70655481244
-1.71067777181
-1.72735304865
-1.69766147246
-1.73622253215
-1.70226629921
-1.72821999606
-1.73624389155
-1.69426733423
-1.72399602125
-1.71956966608
-1.70644859186
-1.69028599768
-1.71510187404
-1.71555095002
-1.71538915651
-1.6817637792
-1.69526419887
-1.66582534629
-1.6912649944
-1.69981110956
-1.67389285514
-1.67059057594
-1.69239532572
-1.70066356012
-1.67956753535
-1.73817030099
-1.69616214685
-1.70452116042
-1.72141703838
-1.7002825444
-1.72608853665
-1.72221250066
-1.70157260274
-1.7478373663
-1.72674833937
-1.69376331981
-1.73971069774
-1.7352083282
-1.73598477609
-1.73460462222
-1.73882128447
-1.71342826666
-1.73854346656
-1.7429725992
-1.76432948815
-1.7724971494
-1.75571022931
-1.74310135414
-1.75954076788
-1.730035337
-1.76425581878
-1.72212653229
-1.72591792201
-1.7294788136
-1.72131649164
-1.75043262514
-1.74170366595
-1.72478170707
-1.7288160166
-1.70715059072
-1.72054128156
-1.73289142377
-1.72365856003
-1.73633611437
-1.7444521434
-1.72755216283
-1.73572090393
-1.71492137409
-1.75692012653
-1.73111703533
-1.7269477155
-1.73499960634
-1.74761002231
-1.72237716794
-1.71838440527
-1.71002508281
-1.68879846112
-1.71020413706
-1.69320302328
-1.68927036675
-1.6937537219
-1.70631358156
-1.71091363491
-1.70580046644
-1.69358298951
-1.69384181756
-1.71483720445
-1.70626014174
-1.68118784707
-1.69356345131
-1.71057111876
-1.71087880436
-1.71107351098
-1.74493064477
-1.72471127915
-1.7245530871
-1.70371968297
-1.7126317932
-1.7213035758
-1.70488607563
-1.70048835149
-1.67991346653
-1.67545810485
-1.73062888008
-1.68825124127
-1.69724238864
-1.67251103495
-1.68949820605
-1.70630495057
-1.71508648654
-1.66853022409
-1.6476074552
-1.71113407313
-1.72778595444
-1.6936079758
-1.69833667915
-1.70646584084
-1.71456488766
-1.7234163434
-1.7277769852
-1.71916333546
-1.73194340397
-1.75675429013
-1.7396330248
-1.72316652085
-1.69763793857
-1.68130055541
-1.71972158611
-1.68084149901
-1.70989693783
-1.69757697521
-1.70147698543
-1.71774628568
-1.71776241073
-1.7002511359
-1.69198940403
-1.71263136261
-1.69184628754
-1.70370229866
-1.72050130003
-1.74542505439
-1.7288766828
-1.76225373816
-1.75399505359
-1.76206386779
-1.7278360106
-1.76638560792
-1.79950772693
-1.75313397115
-1.75787500976
-1.74103704787
-1.71980900707
-1.72359596265
-1.71974939225
-1.72766035668
-1.73637655684
-1.74057454207
-1.68564002804
-1.70656840604
-1.71095899891
-1.75377408755
-1.73198736553
-1.75304944848
-1.74457478808
-1.74451579216
-1.74503889753
-1.71942962726
-1.7532756989
-1.7400304392
-1.70239605361
-1.73217557733
-1.74524008215
-1.75404690353
-1.72437388662
-1.72020336334
-1.70795139625
-1.73749474215
-1.69967156605
-1.71200725162
-1.71224690732
-1.69521438505
-1.6740207412
-1.69883439311
-1.68219644579
-1.720796163
-1.69508566047
-1.69476864071
-1.69962551447
-1.69084501816
-1.72862778026
-1.74226647433
-1.70032486813
-1.72558426438
-1.70022222448
-1.71664675098
-1.70430394398
-1.70839971802
-1.7214762511
-1.68339023755
-1.71362995055
-1.70445004303
-1.70943747933
-1.68022283918
-1.6884824819
-1.67574343457
-1.69699770253
-1.71411187679
-1.66409073347
-1.69739169295
-1.70107196511
-1.69722148624
-1.7478028703
-1.7311650779
-1.70986990063
-1.7145364087
-1.7362871224
-1.71887204943
-1.71037198586
-1.72347505498
-1.74423603223
-1.73521634117
-1.74009565418
-1.71059811269
-1.73532838652
-1.7058567652
-1.71842495655
-1.74362134748
-1.71810017099
-1.73048804294
-1.75148019026
-1.72207305038
-1.72530626003
-1.73369224212
-1.73815771764
-1.72048418835
-1.74595084516
-1.76241744422
-1.73632602902
-1.73190223567
-1.72314053809
-1.75288383971
-1.72300433606
-1.693460032
-1.72709677846
-1.71397231958
-1.70199711319
-1.71018773938
-1.73140834986
-1.70613934092
-1.71003448452
-1.71458740455
-1.68099168115
-1.69723739755
-1.68883362905
-1.70559527825
-1.71362152177
-1.70492806975
-1.73439787175
-1.70092531683
-1.73138782502
-1.71376490694
-1.71437764878
-1.72728594654
-1.69749961026
-1.70272744476
-1.71919087293
-1.69408251292
-1.70685364067
-1.71116878504
-1.68662116693
-1.6737709775
-1.71646881377
-1.69974760892
-1.71659234998
-1.666533629
-1.70100150682
-1.68838239423
-1.72694915814
-1.70980231304
-1.72752429195
-1.70601526425
-1.71856018365
-1.71443950176
-1.68550106413
-1.68088446498
-1.73202496273
-1.7036238411
-1.69047272259
-1.70328829826
-1.71954258769
-1.71546067987
-1.73239984366
-1.69823354419
-1.71897694881
-1.70210569436
-1.70988087752
-1.73533442622
-1.7182351794
-1.73909231831
-1.72707275909
-1.71818105011
-1.71379072894
-1.71761812116
-1.7344931654
-1.71298690648
-1.73859365514
-1.7044822548
-1.75058631058
-1.74166464069
-1.7501774633
-1.7255191582
-1.69148281409
-1.70437310863
-1.70848996756
-1.69099774733
-1.71215976399
-1.71238357618
-1.69948239798
-1.71168723946
-1.71563456944
-1.71559160535
-1.71133646619
-1.71908957782
-1.70183022641
-1.69810131048
-1.71069724132
-1.71951158624
-1.70668549463
-1.7403173441
-1.72003888933
-1.72045282005
-1.69907048662
-1.69375273714
-1.71903363903
-1.70621097229
-1.70650632263
-1.70617540226
-1.7026126591
-1.7403558495
-1.6862602268
-1.71183044917
-1.70415935724
-1.73324032282
-1.69167924873
-1.71705084829
-1.64879905281
-1.68609974243
-1.7106053293
-1.65870465886
-1.65807229654
-1.72616266624
-1.71442483528
-1.70350687913
-1.70448011186
-1.69370800181
-1.73135448621
-1.70953424201
-1.71686570133
-1.68645427513
-1.65462772451
-1.6582714283
-1.68323141872
-1.67965306637
-1.68887836637
-1.69970742736
-1.71004450713
-1.66463965106
-1.69055866359
-1.74227421364
-1.71200952994
-1.68244320044
-1.71193823203
-1.71453996699
-1.71273146011
-1.6863957971
-1.68543514097
-1.68517791846
-1.72426204333
-1.70030784566
-1.68044859033
-1.70244095566
-1.72933828435
-1.75579003248
-1.70117734411
-1.73918022372
-1.70886492881
-1.70822370801
-1.70307474802
-1.70629146489
-1.73964500114
-1.71409886378
-1.70097332503
-1.67533542185
-1.71368148955
-1.72219403061
-1.693402871
-1.7237602081
-1.74608362909
-1.72084380141
-1.72097233954
-1.74529673
-1.77453242067
-1.73148545385
-1.70931744742
-1.73702220196
-1.72387933775
-1.73595512713
-1.7230629829
-1.74424099702
-1.75397438063
-1.74666420035
-1.71351843864
-1.7260076517
-1.73486819445
-1.70016054316
-1.67829254673
-1.71851278357
-1.71380442163
-1.70026103599
-1.69996979015
-1.72142074972
-1.68721872628
-1.73502115801
-1.70984341373
-1.70604785665
-1.70241807211
-1.73204904684
-1.70714751494
-1.71954241322
-1.6933843265
-1.71045254239
-1.72686190011
-1.70933371176
-1.69690789441
-1.71452927751
-1.70178024977
-1.66815244406
-1.65564253651
-1.65606349356
-1.69488988195
-1.71206058352
-1.66194181714
-1.65819626219
-1.70898783636
-1.67508772864
-1.68297153041
-1.67450204853
-1.69083549869
-1.69867744659
-1.66920644115
-1.66945041233
-1.67368779054
-1.66624257148
-1.66674196942
-1.65823176165
-1.68933142421
-1.69397197306
-1.69825130024
-1.69443697593
-1.6690709021
-1.69793316927
-1.68948859337
-1.68500142108
-1.66354808802
-1.67612999467
-1.66360156804
-1.69308091799
-1.70251555677
-1.72832456596
-1.691135089
-1.69862432352
-1.68151427642
-1.71513151317
-1.74012252759
-1.71454223159
-1.71905766905
-1.74001301557
-1.71829638993
-1.74012465882
-1.76106896372
-1.73560770904
-1.74447583417
-1.72302592597
-1.76114698386
-1.75249021208
-1.73984770397
-1.71933853426
-1.77818267702
-1.74397070353
-1.74434031179
-1.73109095529
-1.73110099856
-1.74294658696
-1.69229834026
-1.70903748547
-1.73418628983
-1.75523222908
-1.7169975203
-1.73391698022
-1.74629008738
-1.72068040729
-1.78049013755
-1.71681834247
-1.74643548134
-1.71697903159
-1.74572305976
-1.68625637135
-1.73211411282
-1.71527159131
-1.73116546041
-1.73169870999
-1.69339986113
-1.72761181196
-1.68481999527
-1.69405907531
-1.73226455093
-1.74072106
-1.70345958394
-1.7461660638
-1.72855339485
-1.69033024055
-1.69385263257
-1.66237687976
-1.686488383
-1.71590990708
-1.68669149298
-1.70471435967
-1.73154639463
-1.71165109853
-1.67843170953
-1.71589899268
-1.68505054835
-1.68895492799
-1.68443849218
-1.66760056065
-1.64358268386
-1.68233756447
-1.66161585661
-1.67388372607
-1.66203623606
-1.68726801641
-1.67485450885
-1.66671629454
-1.68812968816
-1.67545876395
-1.67510225398
-1.69234825313
-1.68771226202
-1.6542231613
-1.68022393075
-1.66332487207
-1.66727197354
-1.65937453798
-1.67642070499
-1.68959368406
-1.65258286325
-1.68231753883
-1.68718577986
-1.69585642958
-1.7129936218
-1.69139508122
-1.71641729036
-1.67333432104
-1.65251928506
-1.66902083523
-1.6604361254
-1.70314502194
-1.7113122526
-1.71490840216
-1.67214377078
-1.6797472634
-1.70480251111
-1.70033255936
-1.67873210623
-1.71751133864
-1.72628382198
-1.72677044126
-1.68065023007
-1.69752016052
-1.70583654737
-1.71322690938
-1.69582290651
-1.68719384386
-1.71158583362
-1.71074345669
-1.70641126537
-1.69758320515
-1.74859396904
-1.74496026832
-1.68623272865
-1.7283520651
-1.72858721608
-1.72901690011
-1.71590485986
-1.71151462889
-1.71977852048
-1.75711610413
-1.70582496636
-1.69367567327
-1.7056994225
-1.69344680613
-1.73587709228
-1.71076275543
-1.68568111791
-1.71133687224
-1.70301952911
-1.69536097942
-1.72952238378
-1.67877189553
-1.68290135554
-1.72039351806
-1.707941713
-1.72398926754
-1.69815137147
-1.69001019325
-1.68146201159
-1.68577571421
-1.69095675463
-1.71615434598
-1.72090958538
