0.00314358239157
0.00357027351573
0.00334351431295
0.00364914795816
0.00385870310554
0.00404597185644
0.00414394090072
0.00487369275946
0.00569848093247
0.00728727608814
0.00749095329414
0.00769347292698
0.0059139823205
0.00560372563513
0.00430826151743
0.00476903588888
0.00371287557768
0.00352203898577
0.00351411357129
0.00382220885983
0.00362074385687
0.00413115446338
0.00381276084516
0.00274727415417
0.00251261004906
0.00296364762547
0.00349166374469
0.00758556665902
0.0084094696539
0.00796520872454
0.00650291979048
0.00471361333238
0.00343767143629
0.00238622578676
0.00154110297707
0.00262349722338
0.00336988668847
0.0060281303273
0.00751527437608
0.00773382130531
0.00738457193263
0.0054888603356
0.00293893373467
0.00176028200225
0.00102599683395
0.00115445721375
0.00252766438889
0.00487124198274
0.00655788109449
0.0083707037163
0.00804923820107
0.00666938965513
0.00550011980481
0.00330040078433
0.00298822151667
0.00279535426163
0.00345422390807
0.0036669086075
0.00548023263578
0.00632096787582
0.00707090592134
0.0085158235399
0.0084015091487
0.00745492014206
0.00627082830206
0.00575009086187
0.00448883546009
0.00418490992451
0.00376376226216
0.00409271057869
0.00484266433175
0.00568398115939
0.00611387494478
0.00653239642647
0.00717166060686
0.00557182271263
0.00398941595563
0.00354921207254
0.00366050148698
0.00447268267011
0.00572047237755
0.00613774463882
0.00600706173212
0.00673932433366
0.00715547018672
0.00641315992137
0.0067271487185
0.00608584331028
0.00714344191372
0.0064030044746
0.00616954203962
0.00533480838901
0.00427213342319
0.00310979103709
0.00239838952939
0.00198870165612
0.00177189149329
0.00260129388355
0.00440942047903
0.00514093386178
0.00617942929772
0.00670283380786
0.00690845505798
0.00648214884297
0.00490582401381
0.003849047471
0.00341311525973
0.00386720484172
0.00503025488355
0.00622045378086
0.00602073780735
0.00487520040994
0.0045476229487
0.00349182808943
0.00317276956038
0.00349477172109
0.00265162631771
0.00327962143479
0.00422529358215
0.00401851415934
0.00369234474453
0.00400596260153
0.00495409878656
0.00655307198909
0.00727912045841
0.00822210858149
0.00780916701764
0.00759096804726
0.00684645508007
0.00601264597341
0.00158799610619
0.000207141916033
0.000221638279562
-0.000827479099024
-0.000199052204836
0.000673071553703
0.0056645059766
0.00521804745721
0.00520206835434
0.00592504807806
0.00626935568632
0.00679329676315
0.00586766297072
0.00552890604973
0.00503497356302
0.00516187260205
0.00486045615079
0.00518017326662
0.00457765095695
0.00341240950014
0.00226077855044
0.0019541050855
0.00195471063379
0.00204501927108
0.00271289877026
0.00342595784797
0.00416467524735
0.00470391711571
0.00469231770446
0.0049136673916
0.00457983487834
0.00395388984252
0.00437327147738
0.00458965602959
0.00459381518733
0.00375310594765
0.00407794697616
0.00378471698213
0.00314734085386
0.00347120009432
0.00274380225804
0.00338675380066
0.00442857962446
0.00465638332186
0.00527350757223
0.00559617502897
0.00578900302269
0.00588141494183
0.00600489303978
0.00661300537202
0.00618103435819
0.0058623392414
0.00475914913242
0.00349831749016
0.00265226926563
0.00276387096647
0.00307600445616
0.0040698725613
0.00512249939933
0.00937718032017
0.00958122338903
0.00989243176098
0.00977238408362
0.00839053634142
0.00797967526672
0.00574545874542
0.00502225894701
0.00448712319789
0.004704814486
0.00489808482153
0.00481258042296
0.00471238040074
0.00440501229537
0.00492222940952
0.00566898038752
0.00894105109751
0.00904562467135
0.009042658247
0.00968550181809
0.0104431236628
0.0101205653199
0.00895560106801
0.00692225342783
0.00523144254995
0.00438838089006
0.00333752874489
0.00248152561555
0.00270404271401
0.00271452473258
0.00324221196973
0.00356338448966
0.00484915064018
0.0047247357703
0.00525970630379
0.00514968838625
0.00620276063822
0.00576760782598
0.00429193538708
0.00502784098252
0.0039820239386
0.00238724692285
0.00261098136796
0.00283147791284
0.00409796500623
0.00473668348579
0.0063274171186
0.00728080241356
0.00727889686436
0.00759388641703
0.00655959613514
0.00540783007127
0.00456321445816
0.00372162023297
0.00468090626198
0.00458775579806
0.00448568321218
0.00383654467996
0.00245431781394
0.00171608220577
0.00183649965449
0.00275833667778
0.00433632581672
0.00624755192087
0.00739403135529
0.00740655047486
0.00667513272662
0.00667025535298
0.00697609377225
0.00601758986424
0.00559594008661
0.00475055234821
0.0047392269117
0.00411956404003
0.00381574655476
0.00379690109531
0.00443911469267
0.00269155574353
0.00321813925133
0.00405705428789
0.00439357329856
0.00417916427903
0.00343449821489
0.00332971679887
0.00291193712269
0.00268276536674
0.00395284377692
0.00235761268187
0.0023642875544
0.00247888493587
0.00227218058238
0.00291406114032
0.00260884367447
0.0025990290656
0.00249225356033
0.00354458680354
0.0035413137736
0.00344677593749
0.00354291515848
0.00291572101607
0.00303564042808
0.0029448075611
0.00253491423069
0.00264319863775
0.00307157417291
0.00356069107263
0.00421563065154
0.00516689831446
0.00537568307834
0.00538532285175
0.00517342038716
0.00452205921876
0.00354187995076
0.0038682539213
0.00405354466637
0.0036655417376
0.00365888238403
0.0038948269838
0.00370514220548
0.0040245189426
0.0053994655804
0.00688093858031
0.00664817827781
0.00705514346048
0.00568727602726
0.00428827775307
0.00313182186391
0.00305147362365
0.00251559580244
0.00274091978564
0.00432565481837
0.0057177336154
0.00696363117416
0.00709552805774
0.00678094351995
0.00529605183696
0.00437465563681
0.0032250215466
0.00288747887841
0.00247728627691
0.00311770439335
0.00385365087807
0.00470452594141
0.00542217122283
0.00560222641605
0.00578695442719
0.00494545167917
0.00473874672616
0.00513615413711
0.00641889591037
0.00768896769007
0.00854981298458
0.00897622255382
0.00823269562012
0.00707948974988
0.0060309997626
0.0045672639893
0.00423497512712
0.00433748456662
0.00435160574936
0.0042416285285
0.00475508845767
0.00445830648695
0.00425590561348
0.00372460752758
0.00372801246402
0.00308241607034
0.00306748100212
0.00476211864157
0.00570524986588
0.00656089041882
0.00825762724353
0.00848934533194
0.00776818244647
0.00651902093885
0.00628841535444
0.00556578798377
0.00405914027397
0.00446492275401
0.00444594372505
0.00433905033132
0.00381401845713
0.00384499294044
0.00458050268539
0.00407810986716
0.00525250585765
0.00504742886367
0.00515988878327
0.00609186122687
0.00620617069434
0.00546213569316
0.00559013832199
0.00602443260904
0.00580478380154
0.00326418922615
0.00302911231144
0.0022691244486
0.00227839267835
0.00355820649647
0.00609164699054
0.00725047310344
0.00723768378605
0.00468481279639
0.00321585736207
0.00291073083466
0.00386624049739
0.00482246715045
0.00504685765296
0.00440910422143
0.00369950906605
0.00307944023434
0.003081388817
0.00211902597655
0.000207568445419
-0.00107367608477
-0.000978619017486
-0.00119376641971
0.00049112483539
0.000872230287562
0.00319072217556
0.00297060002337
0.00212634043497
0.000867058036498
0.000464393178409
7.16125103007e-05
0.00032618060002
0.000442067334125
0.000371814907492
0.000385620005142
0.00113935906123
0.00240907943755
0.00101029745658
-0.00145372938098
-0.00189963818654
-0.00234196048522
-0.00118166087615
0.0015731111032
0.0032617737266
0.00249919856324
-0.00100673106679
-0.00187377482102
0.000558334021777
0.00237138959404
0.00588935559822
0.0070020324094
0.00647890149736
0.00247608007697
0.00228276173196
0.00514608902577
0.00821892989459
0.0107987048677
0.00943339061579
0.00827028026174
0.00521111720062
0.00702651335434
0.00959578182269
0.0104229463549
0.0120905710889
0.0109858784895
0.00266839939685
-0.00741461175778
-0.0105846501194
-0.0146807612502
-0.0136041683008
-0.00887924981183
-0.00138947034819
0.00458009401078
0.00990135322925
0.0130792208063
0.0130877188717
0.0100922604971
0.00498253106657
-0.000145927869311
-0.0026278301415
-0.00330336296175
-0.00150374336356
0.00227635251265
0.00427706480826
0.00766073286914
0.00915523854429
0.00947195709541
0.00863866135183
0.00756953571978
0.00556043708156
0.00363423347525
0.00247855285828
0.00223446643696
0.00203514612134
0.00160832665305
0.00206058296321
0.00422659722244
0.00467052802218
0.00703872134695
0.00745080957996
0.00808033987057
0.00656391718911
0.00579452742173
0.00442653171863
0.00356692886971
0.00302891021208
0.00391123745336
0.00531264771147
0.00703545210886
0.00863521371272
0.00905839260719
0.0086332239694
0.0075713705785
0.00566675294293
0.00451066174862
0.00346642878108
0.00295058192723
0.00380039660564
0.00370461015343
0.00403431708946
0.00401222266604
0.00358040695091
0.0030362983829
0.00199411066098
0.00206563100415
0.00209663744001
0.00211220797017
0.00242724400963
0.00350292730404
0.00318808960153
0.00309029232005
0.0033861277112
0.00233026674987
0.00157184813609
0.000929373688583
0.00112418392878
0.000702498828841
0.000287401627741
0.000172917592182
0.000577281916256
0.00110745185215
0.00251247807082
0.00367742577526
0.00590257218466
0.00569732899486
0.00611770445313
0.00611446318314
0.00577537599298
0.00407444613692
0.00331509501785
0.0015179462759
0.00150254664217
0.00162956690918
0.0026826832276
0.00364776519629
0.00631419252613
0.00716590660441
0.0080350754835
0.00888080357009
0.0086763605979
0.00731736027004
0.00542210104558
0.00436636845865
0.00299245347022
0.00106717421525
0.00045121726238
0.000114981815775
0.000546695804638
0.00193145291969
0.00299644528986
0.00395623324156
0.00534431003542
0.00609135555791
0.00693982673823
0.0063058301105
0.00616761756104
0.00549594580022
0.00494667087627
0.00438682759544
0.00355766337195
0.00252640458348
0.0031497954353
0.00276448819431
0.00149300007922
0.00116575698826
0.00136141514988
0.00241815223877
0.00377217993032
0.00397693467271
0.00462548374408
0.00378220336609
0.00323246388143
0.00313980425928
0.00356391527785
0.00352914247142
0.00321107292536
0.00289376384588
0.000969288747533
0.00140276559127
0.00152697917067
0.00195377209584
0.00269873569382
0.00438623612751
0.00438235159709
0.00479250542297
0.00343126167086
0.00258565389282
0.00165533095339
0.00071422721478
0.00115757775777
-1.40554931986e-05
-0.000324019297094
-0.000127327477714
-0.000578712662829
0.000461891928361
0.0014184476561
0.00321986689255
0.0036513128058
0.00345630157224
0.000403100835199
-0.000112384619559
-0.000421247787949
7.67220290255e-05
0.00209101818362
0.0044074334427
0.00524825622089
0.00607915778005
0.00680304137349
0.00694884437217
0.00610130757395
0.0050493570341
0.00283636516324
0.00190788397721
0.000318248664312
-0.000549300273331
-0.000346543375155
-0.000346454178513
-0.000142850685241
0.000931181284429
0.00208666204176
0.00420595680752
0.00548833774617
0.00762449372028
0.00784102577673
0.00675001664011
0.00398539152594
0.00194682286814
-0.00081927237698
-0.0015530969188
-0.00154872730619
0.000686510185688
0.00253064321028
0.00414069170821
0.00510319329995
0.00564310269184
0.00457742617196
0.00224564148991
-0.000737339337506
-0.00156802411296
-0.00211085634844
-0.00233470471727
-8.24549589978e-05
0.000879681155086
0.00214969569069
0.00278587007006
0.00299427685239
0.0035174798444
0.00262941198168
0.0013571624153
0.00102725926076
-0.000137852223953
-5.01009783274e-05
0.00155276061486
0.00378572764436
0.005794169171
0.00654067046786
0.00636341466279
0.00478257283062
0.00277151870789
0.00170183689361
0.000541584012187
-0.00062611678622
-0.00107735848489
-0.00170362482263
-0.000978294792344
0.00072283269587
0.0020128685533
0.00413119242335
0.00562461268408
0.00638122445985
0.00509967740264
0.00435798634892
0.00338803121218
0.00242538556474
0.000838476990762
0.000212529346787
-0.000536501187887
0.000670195094577
0.000982936172227
0.00324547801089
0.00430542298186
0.005767654558
0.00597565784411
0.00478702153033
0.00275288374703
0.00060926885833
-0.00117829113955
-0.0020305705294
-0.000961965459396
0.00285932341614
0.00530515690811
0.00837179709827
0.00879233614421
0.00826600049698
0.00657011208793
0.00286196307609
0.000451992907208
0.000395102370049
0.00209138655082
0.00356012826955
0.00397950471407
0.00419514849855
0.00239116629892
0.00109161045589
0.00025294741151
0.000978386555604
0.000856083335305
0.00212778353802
0.00433866568916
0.00603712819938
0.00667178259125
0.00622997879318
0.00463848219493
0.00209607118822
-0.000423686228298
-0.00249252411895
-0.00331784909499
-0.00286192620612
-0.00144521539735
-0.00155363334366
0.000793456401086
0.00206558856872
0.00176004980095
0.001761698513
0.00120752437238
0.00067655157969
-0.0002197438572
-0.000112727931139
3.6436972897e-05
0.000659095796589
0.00203632728667
0.00447835900699
0.00672282766905
0.00863672973162
0.00908347045849
0.0087575534733
0.00726647958011
0.00525919459819
0.00270473145749
8.94420010369e-05
-0.000857826502956
-0.00125402906183
-0.000687877826282
-0.000266460425304
0.00120425978494
0.00166020967688
0.00195055089831
0.00235938967763
0.0020518851015
0.000648596765797
0.000533227066425
0.00124064943764
0.00088976297658
0.00224903100339
0.00499238354045
0.00840653777225
0.00716101175716
0.0063107769649
0.00418822430295
0.000891095821865
-0.000150586113112
-0.0012851019319
-0.00127658990158
-0.000160744009668
0.000899032213576
0.00219476761909
0.00305802152776
0.00294871308199
0.00240701551317
0.00259739897545
0.000348659026764
6.31534723988e-07
-0.000530691873244
-0.00032470063266
0.00150235100841
0.00350235549074
0.00487736918027
0.00762308443968
0.00711680774763
0.00633624162368
0.00382001806555
0.00168114538327
-0.000420081120313
-0.000500946281472
4.6097659754e-05
0.000457486928877
0.00100837016129
0.00164890230193
0.0019536125712
0.00227230728108
0.00290757021059
0.00368273692364
0.00511286287712
0.00605619933093
0.00603873651254
0.0066744441777
0.00740100897294
0.00684452571292
0.0060144496677
0.0061136955302
0.00457333631965
0.00298924658701
0.00216533763993
0.00238039785869
0.00165445649001
0.00208612681935
0.00187266896618
0.0024100779439
0.00179213127823
0.000625299110531
0.000390486906203
0.000194313150005
0.00112591885985
0.00113205216317
0.00217241850429
0.00268948936578
0.00257662026915
0.00247090515334
0.00107611740757
0.000441667571427
0.000428157534473
0.0001294740674
0.00161252691158
0.00185152367902
0.00312488674735
0.00345072803716
0.0033429336267
0.00250646070602
0.000949319592559
-0.0008046618159
-0.0033238613084
-0.00426446436708
-0.00140035264601
0.00175413537397
0.00248759904612
0.00276883836066
0.00296462495374
0.0031753200674
0.0037721757264
0.00384326850286
0.00425135873715
0.00538348564062
0.00611260600696
0.00612442393892
0.00668328994374
0.00564637562535
0.00525382676943
0.00267309083684
-4.22326340851e-05
-0.00171691483946
-0.00382612351593
-0.00414287051405
-0.00372743247428
-0.00308347086272
-0.00135900900435
9.16686976415e-05
0.00136022000416
0.00346555945007
0.00346231383415
0.00351785618166
0.00316372046354
0.00198175409855
0.00172218585803
0.00213376264978
0.0031944860701
0.00459185093211
0.00694705171463
0.00793429499639
0.00815523391359
0.00582231762821
0.00380097180149
0.000112209546934
-0.00208892032073
-0.00374803199594
-0.00393741239163
-0.00168583697542
0.0014017020207
0.00299303503129
0.00329513157942
0.00323374906664
0.00105851340981
0.000506553862067
6.63782638887e-05
0.00100147992738
0.00281450778321
0.00577319062782
0.00749781126393
0.0101173340765
0.0103406081666
0.00959177082599
0.00726978765393
0.00505667955309
0.00253509549523
-0.000102622641096
-0.00207985955727
-0.00246002834681
-0.00180695656991
-0.000950453631543
0.00107474737719
0.00167160200774
0.00304501306031
0.00355939671558
0.00419621511244
0.00374301550917
0.00257168274555
0.00309206125047
0.00350175105361
0.0036172210876
0.00475874462574
0.00602360944091
0.00698599594494
0.00773355444932
0.00849149683887
0.0082020113724
0.00707118196618
0.0045390729873
0.00212519762231
0.00224217264558
0.00107571527749
0.000959941246051
0.000443132101078
0.00160114386451
0.00170675321456
0.00191925449246
0.00180214862619
0.00276308453602
0.00329065551267
0.00403272288492
0.00496638617741
0.00578355637738
0.00600102248377
0.0048304544579
0.00419899235037
0.0035926605579
0.00169890707979
0.000759233068533
-0.000297126909706
-0.000589190170705
-0.000905475671443
-0.000807655404676
5.29210221004e-05
0.000792506373897
0.00193532491042
0.00254300837612
0.00348981856468
0.00432962357996
0.0050644167019
0.0052493493826
0.00544657369011
0.0052133719167
0.00543521570154
0.00352630545254
0.00311639576732
0.00154329451848
0.000932026773382
-0.000191963686954
-0.00024921585085
-2.97422546872e-05
-0.00073960654919
-0.000743880002514
-0.000107788495736
-0.000252106063606
-0.000360840344372
0.000155147383226
4.46949971145e-05
0.000688912163224
0.00015587345067
0.000665357425297
0.00225613009631
0.0025528042881
0.00359797353307
0.00402689071622
0.00464591029242
0.00484906489671
0.00454180552474
0.0043358397948
0.00305973355397
0.00234648059907
0.00205225392806
0.0012118965908
0.000706823713049
-1.05546264813e-05
-0.000932114493074
-0.00145893211932
-0.00221276941808
-0.00189659784107
-0.00145589497159
-0.000560597701671
0.000702073164606
0.00173618195484
0.00300455062742
0.00342321306164
0.00394622062727
0.00436810960464
0.004250978333
0.00405360695472
0.00415199707561
0.00469073549381
0.00403126271463
0.00401076543997
0.00475061492836
0.00411779467921
0.00348972008982
0.00339567649174
0.00300434324067
0.00323310327701
0.00283927911701
0.0028297491357
0.00302441588945
0.00217402077025
0.002139968412
0.00173099777445
0.00183949419035
0.000593266799848
0.00135166088368
0.00137415656703
0.001478900954
0.00222620021046
0.00285423534593
0.00195592707593
0.00184997283916
0.0017371921821
0.000482275510264
0.00120524736075
0.00214728064582
0.00237348189885
0.00498422180023
0.00601650451358
0.00723502637215
0.00679466075248
0.00567038332781
0.00495704231853
0.0046617425444
0.00435737686877
0.00404663952592
0.00392786442613
0.00348968833065
0.00234194198612
0.00139896174962
0.00132528099435
0.00112134033004
0.00144868473633
0.00237511553869
0.00309392811761
0.00336752318736
0.00386236720272
0.0047065276425
0.00515524436603
0.00558066665903
0.00568274174378
0.00525263114895
0.00682820214201
0.00704275263028
0.00714154302637
0.00679832863102
0.00712898695653
0.00525307780566
0.00579613359488
0.00520278464684
0.00574460836258
0.00607707140765
0.0063944037655
0.0057627381307
0.00363663436296
0.00234577049273
0.00122257116891
0.00105335326189
0.0017277715167
0.00353470775062
0.00428460849571
0.00428891678565
0.00566058769726
0.00488204949275
0.0046403980361
0.00333533405357
0.0020676131449
0.00237546132994
0.00220934822216
0.0028565696908
0.00267718547442
0.00290045565191
0.00330296339526
0.0027796506594
0.00170070867669
0.000717607326963
0.00060721873665
0.0013647817093
0.003378946719
0.00478333149781
0.00638075866423
0.00813902695705
0.00760770979837
0.00632200887449
0.00513821192914
0.00237183175456
0.0014054001258
0.0023867464987
0.00324196769964
0.0047274090482
0.00652717329682
0.00824529642524
0.00802630601192
0.00709759918019
0.00477106996716
0.00278463213981
0.00122509605836
4.35055041959e-05
0.000491778634348
0.000464801270296
0.00141101873327
0.00226461912187
0.00227947469205
0.00238735881536
0.0025047029317
0.00302750602037
0.00321802138915
0.00331933654606
0.00306970204564
0.00273458608367
0.00177474319414
0.00166996612807
0.0029478075424
0.00349266041478
0.00446015727342
0.00349551033776
0.00287674323944
0.000529594053368
1.17173239857e-05
-6.12468738612e-05
0.000697695405133
0.00124498712815
0.00242539209562
0.00346627296782
0.00366541852676
0.00352782652381
0.00225350722558
0.00190684890385
0.00102689449445
0.00124752025436
0.00242831059092
0.00329105643211
0.00487861125585
0.0058319505545
0.00552696595579
0.0040362656942
0.00148933863415
-0.000318295684205
-0.000811203453925
0.000480933628441
0.00168437391407
0.00188869778077
0.00123724722312
0.000582907971653
4.9800356282e-05
-8.45903203044e-05
0.000126088245941
0.00423807408774
0.00346531701728
0.00323413299671
0.00173390709922
0.00153755388624
0.00199590913162
0.00337657465688
0.00300797688388
0.00294820995486
0.00243195577962
0.000750600714881
-9.20452561217e-05
-0.00136984257349
-0.00159898778179
-0.00118194354722
-0.00105599282954
-0.000436907606449
-0.000450453560692
0.000304622249434
0.00100361882865
0.00131028351894
0.00363240348618
0.00401334921093
0.00401841429981
0.00338817431379
0.00254346909713
0.00221263892551
0.00199124997704
0.00220727456554
0.00330161484709
0.00406953978313
0.00315844183388
0.00241529636077
0.000635277393
0.000316085788681
-0.000212682052979
-0.00104233393629
-0.000632243630305
0.000225428539958
0.000977952857554
0.00142579144036
0.00165638347071
0.00258754251452
0.00234171517347
0.00190366424018
0.00124498521021
0.000498328803234
0.000713171529732
0.00114263008949
0.00305867450262
0.00422596460986
0.00401364982614
0.0037783195541
0.00345307910794
0.00185779171847
0.00164858010123
0.00167643929937
0.000723689767994
0.000717860055197
0.000201445360404
0.000845443734425
0.00169207335395
0.00328791068038
0.0038148335867
0.002769676158
0.00201255832792
0.000952220355471
0.00147102260899
0.00101528378943
0.00132938071565
0.00175032129289
0.00320938378428
0.00343609286393
0.00442685962316
0.00557883250076
0.00579968912318
0.00535349811015
0.00407768657136
0.00228011615781
0.00121302531572
0.00132894907887
0.00241501878784
0.00381805344261
0.00393516673148
0.00488135754153
0.003822112318
0.00209112039988
0.000815686536209
0.000717534179698
0.000722596498333
0.00242527891114
0.0037091028381
0.0052028767385
0.00531911870519
0.00635287831954
0.00527051800843
0.00422036838094
0.00300592211444
0.00280383743134
0.00154361614728
0.00261889752517
0.00357501806232
0.00424793749436
0.005212436847
0.00427388615011
0.00362198238405
0.00174192638221
0.000679687591698
0.000567478145349
0.0006855707234
0.00111312210599
0.00323237386402
0.00304750785866
0.00386395318172
0.00321081674266
0.00331358252429
0.00351484329116
0.00370606671805
0.00328670901816
0.00390287071936
0.00466853258057
0.00508623615898
0.00498313407268
0.00512074626418
0.00351427778698
0.00321595026584
0.00185692230966
0.00099684875524
0.00134873998963
0.00135513822167
0.00134444979629
0.00189461556986
0.00187610776714
0.00199534878902
0.00177562713969
0.00241415826349
0.00314905379
0.00380238562492
0.00389086242575
0.0040981175871
0.00430927976965
0.00270860750351
0.00344445699713
0.00290557191054
0.00291441059546
0.00354312817389
0.00353905063265
0.00323553163088
0.00345854187738
0.00377337450339
0.0047232793286
0.00272672414703
0.00229705418274
0.00123158233242
0.00210019619806
0.00210546533042
0.00232835125057
0.00193408925677
0.00159899024914
0.00160698964773
0.000519728977683
0.0010189906111
0.000182481961212
0.000702226930039
0.00112998555982
0.00153561977855
0.00272829108128
0.00292726854506
0.00368162518481
0.00316351056005
0.00274891498854
0.00168259952768
0.0017002965433
0.00233934076282
0.00277487125018
0.00269379813302
0.00353534109203
0.00331504584216
0.00385209387546
0.00352810474167
0.00352153648409
0.00191752834642
0.00159738660018
0.00189490814413
0.00253124524027
0.00392178376077
0.0050846658955
0.0055145022442
0.004139106337
0.00339972209239
0.00310160904391
0.00277834698878
0.0028735278927
0.00320409615068
0.00298772180848
0.00353189515248
0.00248256587888
0.00269600892643
0.00324117049635
0.00260529796572
0.00353042059683
0.00310317404752
0.0017242784052
0.00191978483048
0.0026682450604
0.00320431198394
0.00436915258775
0.00448787513953
0.00414815623385
0.00371949767337
0.0033819877148
0.00349047409995
0.00329625123266
0.00299044468716
0.00302043162284
0.00322527711107
0.00279742746407
0.00186475883539
0.000591273475595
0.000832340136964
0.000514875680005
0.000841552864409
0.00189297966027
0.00168152491588
0.00157104743083
0.000918805023321
0.00197194345613
0.00141596959847
0.00224294437655
0.00319241144674
0.00381756791915
0.00411841001281
0.00561504054545
0.00487714596377
0.00413659604963
0.00349506057101
0.00308677517718
0.0026926798649
0.00335371352086
0.00251773377873
0.00221661227434
0.00126569064041
0.00117798694028
0.000445813727991
0.00075096894723
0.00129148464926
0.00149137499827
0.0019319354448
0.00201336110762
0.00337331138026
0.00346161166143
0.00438011742596
0.00488214668759
0.00625781018472
0.00600397159375
0.00663620352031
0.00717836929577
0.00749889863406
0.00613287710757
0.00569979865303
0.00402176970499
0.00404824876094
0.00428115398524
0.00441049774833
0.00454368704787
0.00369002289852
0.00360042421869
0.00147931908761
0.00117269623628
0.000953588884168
0.00170315829659
0.00190674456415
0.00230471728667
0.00293976245254
0.00356289125116
0.00460675914796
0.00535129096882
0.00610320481439
0.00556406570074
0.00405812272756
0.00330915481538
0.00320684254406
0.00279394198332
0.00323612435792
0.00218826630047
0.00264915451687
0.00319720133208
0.00258710096326
0.00152061960848
0.000874922937245
0.000745139738122
7.62253846293e-06
0.000342937598466
0.00148664449027
0.00258847561725
0.00269192104109
0.0024416703441
0.00224488047011
0.00140742170855
0.00129833295227
0.000368831395164
0.000270731507885
0.00166920729419
0.00146751059287
0.00167844300693
0.00219058875188
0.00174937026132
0.0019284371148
0.00138029194308
0.00158101677328
0.00369611331259
0.00478073413411
0.00522106696085
0.00619313942318
0.0048179160444
0.00374551017815
0.00374655671166
0.00150293472347
0.00127752654135
0.00121512695875
0.00283849604114
0.00317508371377
0.00361724878389
0.00331266939266
0.00267124033639
0.00203107962559
0.00149024579426
0.000426704478254
0.00010504032896
0.000124106812769
0.00148308415533
0.002549549072
0.00337652483481
0.00411376189322
0.00270875672544
0.00236300148584
0.00247044467218
0.00278987887651
0.00292152384668
0.0032640731386
0.00306295968337
0.00265805276163
0.00337188127318
0.00296098681057
0.00285910870139
0.00273512897384
0.0022432172028
0.00191954111249
0.0024534229451
0.0023099518585
0.00179638993571
0.00147478354672
0.00191799455084
0.00309133705373
0.00340974626968
0.00362423046782
0.00393948280051
0.0029913549527
0.00314042085699
0.00292393949293
0.00314330451804
0.00325328008042
0.00397349709967
0.00463074216163
0.00496148226572
0.00420405671829
0.00409348636494
0.00357378863996
0.00313599522212
0.00312287036166
0.00272537079122
0.00276128848767
0.00332005980764
0.00406327201686
0.00384246908472
0.00328494081388
0.00169744073538
0.000511471333988
0.000515368547558
0.00148693131445
0.00299672713286
0.00375994623494
0.00421015072204
0.00472342560172
0.00398667753801
0.00269156721754
0.00203795447094
0.00234427650199
0.00214181297098
0.00300607418236
0.00335734101
0.00398863380532
0.00381831402004
0.00412006430284
0.00329670969092
0.00295202285836
0.00304404294
0.0036623741344
0.00313819730636
0.00304517415812
0.00421928954338
0.00338131041238
0.00296862731364
0.00159824025312
-0.000310443290708
-0.000837539780397
-0.000819350268545
-0.00122240927038
-0.00078409381529
-0.00162175319356
-0.000880057903716
0.000153684292317
0.000362325464472
0.000870740161156
0.000866203971545
0.000857498930389
0.00136156317457
0.00188333809771
0.00209135717417
0.00281915941727
0.00355490623495
0.00364385578095
0.00249480914722
0.00207442812197
0.000540402367463
-0.000379966013291
-0.000487711354793
-0.000587916265703
-0.00111523215179
-0.000250250492226
0.0010272350019
0.00105958792066
0.0011827749577
0.0019064707049
0.00189788121544
0.00071898185878
0.000584123518316
0.000231268750035
0.00084263253656
0.00255018450283
0.00141420961229
-0.000396513557403
-0.000526764499181
-0.00177917524215
-0.00067483222959
0.00136266778029
0.00319594564974
0.00448825177694
0.00384791093106
0.00245332959211
-0.000237048365998
-0.0019571944681
-0.00154716787913
-0.000805295176193
0.000140101013752
0.00154915945566
0.00218866335199
0.00346964200379
0.00398611943088
0.00364925273274
0.00299496360919
0.00254470994384
0.000232144842543
0.000687944162134
0.00218118364455
0.00305878524852
0.00380803879418
0.00444055450313
0.0029486477615
0.00144004119743
0.000601167837741
-0.00022663180625
9.3092132662e-05
-0.000820640776435
9.84126386075e-06
0.000987118739156
0.00140310448361
0.00117217688847
0.000832350960925
0.000708388537859
0.0018663142601
0.00259183521328
0.00365043839744
0.00440643152605
0.00524485484995
0.00510569678442
0.00553202280279
0.00415141503783
0.00329921492769
0.00296963875588
0.00278512157626
0.00217063535385
0.00355689840786
0.00335586336144
0.00324994235503
0.00303138974498
0.00196410442618
0.000904484428774
0.00177212506192
0.00157056991265
0.00167835212565
0.00287702338504
0.0022378844019
0.00160769744958
0.00150864375274
0.00128262521242
0.00118760634697
0.00107232750726
0.000561309877259
0.000533206183773
0.000224771111509
0.000304350894102
0.000330464165973
0.00160275125189
0.00130381432222
0.00205477681336
0.0028965306872
0.00416871779267
0.00287902804302
0.00173739160961
-0.00021289502117
-0.000538573191826
-0.00106874013838
0.000863537711121
0.00174441984641
0.00324638409002
0.00336488823013
0.00219638548088
0.00144918693543
-0.00143424318739
-0.00389049982586
-0.00261463680257
-0.00217490058738
0.00167841096348
0.00296258613575
0.00412201692604
0.00398260433441
8.07630324012e-06
-0.000426246754405
0.000757454906583
0.0024583065207
0.00322351623699
0.00384844188193
0.00299497853334
0.00352664101622
0.00213656841781
0.00107367925071
-0.000401896004478
0.000575528703673
0.000888554784765
0.00259608069762
0.00301241969654
0.00364330013768
0.00426493234503
0.00299815753023
0.00128616974001
0.00121973782967
0.00199956168413
0.00231981401006
0.00178623913773
0.00190332702122
0.00168770073383
0.000834707333673
0.00114347954645
0.00059370068664
0.000909256417249
0.00173183034754
0.00249065500466
0.00354199211819
0.00394862301389
0.00406382121731
0.00415264912842
0.00383023684102
0.00404949718558
0.00437254688649
0.00322170756832
0.00270302986427
0.00241576586598
0.00180144323124
0.00147727706554
0.00148690672943
0.000958708361473
0.000637570971238
-0.000323597236476
0.000308408855813
-0.000313021592545
-0.000537693378584
0.000624511503513
0.00125105803957
0.0016663539535
0.00374293837967
0.00439236270291
0.00481148087493
0.00374287906085
0.00404195705688
0.00330198937359
0.00342267224553
0.00287899216338
0.00344644224824
0.00356956685086
0.00314221912655
0.00358289401754
0.00307226700399
0.00181328906693
0.000959613258861
0.000871008870966
0.000769081968744
0.00107751510661
0.000642874711792
0.00148091100811
0.00190262485292
0.00359784937959
0.00388485287387
0.00417828723102
0.00448640088754
0.00383111671499
0.00342907555484
0.00365111808757
0.00250525449955
0.00304831941812
0.00370587703307
0.00393012204452
0.00424190806506
0.00318291959057
0.0030692785963
0.0017071432282
0.00126014961252
0.00139228618153
0.00190609357986
0.00266263384466
0.00310126961695
0.00235752260855
0.00190312761547
0.00139485387132
0.0017122077791
0.00170775627863
0.00255206444577
0.00316907224303
0.0031726065871
0.00355571730156
0.00408340431559
0.00332502113341
0.00325729283757
0.00346107051296
0.00283381749849
0.00167976801771
0.00191534281561
0.00352478500339
0.00342466100016
0.00396062043786
0.00344226726995
0.00270444465919
0.00279043603929
0.00248485404546
0.00269886066279
0.0028756993348
0.004568264017
0.00561753351713
0.00644731771411
0.0063366821296
0.00138404578465
0.00129272862761
0.000994475576271
0.00133628048504
0.00166791135996
0.00041111476742
0.000936560234012
0.00041079194204
0.000516851318555
0.000411181135555
0.00126282813159
0.00180673241525
0.00252819881248
0.00220835486665
0.003676640659
0.00334577350659
0.00374758753346
0.00342225365001
0.00246187873232
0.00152357919177
0.000691482619455
-0.000447402019817
0.000107151730313
0.00125925374417
0.00105807964456
0.00114887980192
0.000312256764324
-0.000549570970797
-0.000847000062178
-0.00019972319651
0.00107080815473
0.00192428122764
0.00192338151528
0.000945006288543
0.000962882568342
0.000953196610038
0.000225654424967
0.000517610585326
0.00051325176055
0.000625841766083
0.00220535820129
0.00168891087566
0.00179683059265
0.00242942172108
0.00209419124041
0.00220123308805
0.00154389959131
0.000689952224037
-0.000144272116336
0.00038411997126
0.00112253188077
0.00241793443947
0.00233396611183
0.00276679189589
0.00190854718859
0.00105555417364
7.85330099649e-05
6.80754120538e-05
-0.000884985618136
0.000176678893549
0.00125390844719
0.00199878542616
0.00232500102987
0.00293893750793
0.00272974251688
0.00303566722222
0.00289904575551
0.00204162088135
0.000858912094108
0.00150253009676
0.00165438589799
0.001785846996
0.00118758326006
0.000336255859201
0.000557553790453
-0.000922102292432
-0.00112959244312
-0.00198086031533
-0.00187806652419
-0.00218187161939
-0.00124054598552
-0.000527903467592
0.00029369499871
0.00249760972028
0.00214950637134
0.00233057416287
0.00157543623796
0.00240086199059
0.00305316191357
0.00442509544764
0.00531077681915
0.00404774519703
0.00353894127101
0.00113050957142
0.00059805546154
-0.000774224942166
-0.00032596420208
-0.000617336359284
-0.00135626660335
-0.000913453576727
-0.00165978615241
4.38981324908e-05
0.00129681500854
0.000951615080267
0.000407290731269
0.000671520873259
0.00109271700505
0.00277121293868
0.00256784489018
0.00395184343399
0.00436494271209
0.00330224628846
0.00213817837442
0.00141174154667
0.000771786778696
0.00121503685153
0.00104137258158
0.000940082716208
0.0014017941355
0.00128844952346
0.000873332978207
0.000334448955118
-0.000309176846784
0.000644651656344
0.000726730225132
0.00159387999078
0.00168785528556
0.00200263718413
0.00228115429828
0.00301479965469
0.00365900277705
0.00299714659648
0.00246647821293
0.00121058524126
0.000256895598711
0.000255396618382
0.00070630595593
0.0015409680473
0.00252112183115
0.0015725259693
-0.000241192395338
-0.00128522678105
-0.00236068511687
-0.0022463933608
-0.000869622200092
0.00146881058774
0.00145156053526
0.00188605880424
0.00154254014007
0.000912315261314
0.0013273544262
0.00131067297174
0.001728038587
0.00247382038535
0.00302138355374
0.00355907053256
0.00401127698618
0.00369593497116
0.00274422197306
0.00144557087063
6.20857686774e-05
-0.000448956093389
-0.000667389260987
-0.000230262661868
0.00126787226506
0.00212833882096
0.00224745801536
0.00222335632982
0.00177078469566
0.000921666473459
5.82154753921e-05
-0.000683822394915
-0.000268288423518
0.000489587268998
0.00156455639101
0.00208652264397
0.00231125349467
0.00232774220968
0.00155939362795
0.000925394912287
0.000195733169344
0.000523440637729
0.000428366641843
0.00117863370976
0.00171496121208
0.00276024596048
0.00138655986966
0.00126724369969
0.00105461624435
0.00134648272238
0.000509958203374
0.00132892733759
0.00145241921271
0.00134113409198
0.00124714252117
0.00197745396241
0.0028027045037
0.00292036723049
0.00279914059691
0.00354584096129
0.00322841277631
0.00184684381877
0.00174400875314
0.00154460674225
0.000714671185582
0.00134853539061
0.00145465752994
0.00167872259892
0.00188563289524
0.00231320514468
0.00305267377601
0.00314003000699
0.0030229872489
0.00344505155144
0.00259854807883
0.00173364871405
0.00145155891845
0.00124990957481
0.00199223543791
0.0032841267166
0.00253877101455
0.0036799024486
0.00370160791005
0.00326054975123
0.00207347472114
0.00131586923124
-5.66100824342e-05
0.00101125307756
0.000837665943139
0.00230952789197
0.00212005429985
0.0014637345437
0.00102267138236
0.000907389899439
0.0012118120621
0.00257588358775
0.00364659482366
0.00367580482413
0.00400015596054
0.0044308641999
0.00358354263142
0.00347075842055
0.00315850638983
0.00220330205941
0.00190348563242
0.00169963321508
0.00182760979051
0.00302782114316
0.00343043631075
0.00344588270717
0.00217585972052
0.00197597819443
0.000356077380282
0.000648945668798
0.000851422268169
0.00161452605942
0.00224753019005
0.00254853057578
0.00190708524348
0.00219671476086
0.00305056301002
0.00367786539535
0.00402334097939
0.00401323769944
0.00368962904606
0.00325851609345
0.00275384763107
0.00286663820506
0.00372351412246
0.00287760688551
0.0024553005865
0.000903335522787
0.000708683303274
0.00166055969643
0.0014566018852
0.00102098065201
0.000586925888308
0.000472014128485
0.000156047107198
0.000778629640522
0.000564862901224
0.000987860982328
0.00141644186533
0.00184593748465
0.00256846669143
0.00279304868131
0.00279683254896
0.00248872726018
0.00269952667372
0.00183739928709
0.00236070305569
0.00194366469454
0.0017313152668
0.000884257651635
0.000685716284396
0.00154490919922
0.000402096422285
0.00113018351127
0.00113738791311
0.000712721661978
0.00124954337129
0.000696147986451
0.00061409087949
0.00134335923575
0.001876220019
0.00264262648169
0.00338015435535
0.00372239658171
0.00403331965234
0.00296472056025
0.00199302297629
0.00125835934076
0.000809421378549
0.000494538138925
0.00133424039949
0.00251886380846
0.00222381341836
0.00316658429854
0.00369501746802
0.00306522966197
0.00305800822704
0.00240659269006
0.00101680934054
0.00079034296618
0.0010062280158
0.00221050285661
0.00340008121142
0.00394410993526
0.00309891977597
0.00170960292154
0.00076390072099
-0.000750868219411
-0.000437893544053
-0.000536771840973
0.000733636352694
0.00181028806968
0.00351229663491
0.00407075952872
0.0046110771129
0.00403898993482
0.0034153006828
0.00285752837658
0.00176911819921
0.00147178398528
0.00127667931442
0.00226082105767
0.00235226507496
0.00352978281901
0.00355034051492
0.00323068759728
0.00214643725593
0.00131373404533
0.000449535106292
0.00017227266571
0.000580553363454
0.00179007845646
0.00273431810622
0.00273756861485
0.00272487242833
0.00227773522094
0.00173660673582
0.00269799055847
0.00311925282284
0.00448014573603
0.0051082457308
0.00458309135084
0.00383567352761
0.0029852509944
0.00277287809568
0.00302395674841
0.00303692343063
0.00293583467246
0.00198193313489
0.00168657964877
0.00115741152336
0.00115171257478
0.000735201051464
0.000628804963104
0.00179198500755
0.00221396742222
0.00219728577516
0.00262857116887
0.00210096100967
0.00250082784099
0.00188865784962
0.00284103750034
0.00369659567972
0.00337696017559
0.00369337848424
0.00350562965367
0.0020149515322
0.00105000842409
0.000426489906425
0.000779752158196
0.00165255522998
0.00208706640977
0.00251259099349
0.00219144300803
0.00100920465491
0.000380280941041
-5.28058857706e-05
0.000687422455068
0.00100710511949
0.00284042672724
0.00336645310314
0.00305831586181
0.00048685398253
0.000159090898016
0.000907726067886
0.000588804959267
0.00145712368543
0.00136823920851
0.000951234427868
0.00116764911206
0.000860810431488
-9.10181183006e-05
-9.11661870029e-05
-0.00092373360514
-0.000999479282346
-0.00121687361041
-0.00087066584068
-0.000678551936043
-0.00057181783627
-0.000180374955184
0.000139865790807
-0.00040423932867
-0.000937564406043
-0.00113375932696
-0.000379435125446
4.39772091812e-05
0.00089170688187
0.00185780653017
0.00172115754896
0.000640448667858
0.000412838738363
-0.000217416053274
0.00055240353031
0.00183327000018
0.00174103063597
0.00132111735337
-0.00131838186543
-0.000795423447535
-0.00133502425117
-0.00112660225631
-0.00155216772932
3.8779317184e-05
0.00110012214174
0.00277796546651
0.0025565668725
0.00169944145724
0.00062568813268
0.00092791626767
0.000721694738358
0.00126131007623
0.00179734496846
0.00221311529058
0.00173050891866
0.00139491646109
0.00086567568645
8.34791721999e-06
-8.51587640066e-05
-0.000708819590789
-0.00132005454749
-0.00120886902602
-0.00151742418397
5.75366434877e-05
0.000130473015615
0.00129484334285
0.00150508358961
0.0012557022587
0.000803934395949
0.000683103805464
0.00186378041091
0.00237746491825
0.00324970656525
0.0012416866274
0.00104751475894
0.000957057939117
0.000937416419412
0.00106309099564
0.000539900201084
0.000548193220219
0.00033948129818
0.000342516625345
-9.87936394911e-05
0.000321983350084
0.00072554859883
0.00103009989774
0.00177327985278
0.00252725726823
0.00306142342197
0.00239707020102
0.00251652656646
0.00196231286741
0.00206001940306
0.00236139488626
0.0023651334359
0.00225607750306
0.00300078725323
0.00247584322363
0.00279735753191
0.002364351534
0.00161549621066
0.00173101167248
0.000752795118998
0.000883350522195
0.00109387003931
0.000979162949039
0.0013918278724
0.0013974106743
0.00190568172699
0.00253697873271
0.00263794846015
0.00242839907235
0.00324814810462
0.0025853743077
0.00193229234249
0.00152284249616
0.00203882487588
0.00184426916178
0.00237534055183
0.00386856220902
0.00301702875151
0.00259438949185
0.00267131556996
0.00223698520354
0.00106048391804
0.00127922973152
0.00201276684502
0.00203255540498
0.00255107186747
0.00254450659923
0.00199072793323
0.00263988724897
0.00250687193971
0.00272309079061
0.00313294966962
0.00251995666796
0.00252448022267
0.0022053992728
0.00253295307046
0.00209912663989
0.00283786213587
0.00305994400869
0.00347940745264
0.00295204999897
0.00254260700146
0.0029734998006
0.00203153137029
0.00139707490367
0.00118212420563
0.000339695504029
0.00119379827929
0.0010813726185
0.00160838578495
0.00108897760196
0.00160272041689
0.000650531496467
-7.20059992705e-05
0.00111404135097
0.00195909468858
0.00229032343268
0.00237975257265
0.00205582068296
0.00185336726148
0.000586880925157
0.000147931562105
0.000265974961905
0.00163666767835
0.0015539419889
0.00261206175389
0.00222316308229
0.00104549814043
0.000490143901314
6.92769229774e-05
-0.000139912466043
8.53116419826e-05
0.00199876951166
0.00114888294562
0.000181415540665
0.000263064372017
-4.18192092454e-05
-3.63264748813e-05
0.00050833846796
0.00114113967084
0.00144186890427
0.00156036252794
0.00228161453128
0.00226907549454
0.00109497404854
0.00131607595389
0.00120988425918
0.000994000758749
0.0015317763564
0.000782427968345
0.00166673033138
0.000270222966127
0.00102976712175
0.000403130903366
-1.28945880944e-05
0.000838003867445
0.00103286115889
0.00155692191904
0.00134618194203
0.00101340243068
0.000500572693575
0.000591941641553
0.00111778807498
0.00176259560335
0.0019922096178
0.00314575325859
0.00326411035845
0.00252471070871
0.00218896205103
0.00177907073379
0.000366585215326
0.000270423958722
0.00113123749329
0.00165500113131
0.00295126921755
0.00293594870146
0.00241576831439
0.00229710070044
0.00146968642554
0.00101837816083
0.00123013097702
0.00175181738181
0.00344252096645
0.00356532964154
0.0035570271164
0.00335274848894
0.0022748458448
0.00111599171837
0.000807082272975
0.000181811583761
0.00144609473255
0.0021059251692
0.00262868546924
0.00263130260387
0.00230028920332
0.00124704355605
0.00155907225136
0.000400002295688
-0.000106493000646
-0.00105100417455
-0.000922916559468
-0.000272122925589
-0.000383005806207
-0.000171441190941
-0.000502230473277
-0.00125396516849
-0.000928954035666
-0.00114556711362
-0.000615521311462
-0.000940224726937
-7.47144394881e-05
0.000878032483731
0.00149423903896
0.00172310614089
0.000546534897624
-0.000163748946005
-0.000500991962683
-0.000793612276804
-6.27977706036e-05
5.23504974941e-05
0.000250890236768
0.00077258232237
2.39060706106e-05
0.000134037719271
1.86244436782e-05
-0.000291853484383
-0.00049561594801
0.000777742315195
0.0016091438712
0.00150821810117
0.00169539534437
-0.000405324833528
-0.000416114792563
-4.33976913711e-06
0.000535397558306
0.000940838547873
0.000943723001044
0.00126285293656
0.00103558816517
0.000710290181837
0.00135297084356
0.0014486290352
0.00143158220357
0.00133376943818
0.000901208661618
0.000799704866352
0.000166482972075
0.000147902520124
0.00111520672262
0.000912734254871
0.000840499065553
0.00133219750621
0.00165202843194
0.00164801389437
0.00164449454852
0.00226733255761
0.00279131202487
0.00259992501032
0.00261637935722
0.00227701389861
0.00196654857894
0.00163983732354
0.0016439843626
0.00249378749158
0.00218783890354
0.00230038687751
0.00166725861314
0.00211083816303
0.0013784765267
0.000727181377048
-0.000237353376678
-3.36081387554e-05
0.000485804661551
0.00121984253375
0.00123227177838
0.00250061592101
0.00283053956198
0.00240459717092
0.00207959323304
0.00139449563394
0.000891508212802
0.000557099985353
0.00162276631238
0.00299786506694
0.00342611157967
0.00353450789728
0.0026774200366
0.000675598930345
-0.00111506574816
-0.00152268650254
-0.000232126109001
0.000845605559925
0.00181294382863
0.00234686337338
0.00201106738853
0.0013674018356
-0.000356338546131
-0.000997660230382
-0.00100936856285
-6.46645401949e-05
0.00162143955405
0.0038621508128
0.00545762825428
0.00577776451232
0.00492371091531
0.00301728287937
0.00185464689846
0.00123163739794
0.000704996532224
0.000695886209333
0.00206279573641
0.00367564929851
0.00431777850914
0.00296995582047
0.00235874471996
0.00075298636231
0.000326975939331
-0.00139228129128
-0.00170024736479
-0.000426789502319
0.00188578320965
0.0026410432029
0.00390036447749
0.00494928238164
0.00386610549812
0.00352820128197
0.00148271410148
0.0021150238676
0.00351250139722
0.00405184778859
0.0056622306568
0.00491454293739
0.00448394777659
0.0023739555087
0.00161899149529
0.000774533110754
0.000892106269038
0.00132845881702
0.00239287797185
0.0033434477079
0.00292412370235
0.00290577956607
0.0028747035491
0.00201513265272
0.00232609968076
0.0023130152239
0.00392024120884
0.00457632116574
0.0046744884417
0.00468592442738
0.00317855148598
0.00286732993184
0.0020044615061
0.00138944268174
0.00118732521025
0.0026933318654
0.00314251386298
0.00356020108659
0.00336810785619
0.00249594253008
0.00143294971087
0.000355012615318
-0.000809578386125
0.000368940730984
0.00173353198283
0.00447763330124
0.00403609595937
0.00295490835519
0.00189803963118
0.00201708916569
0.00139931347523
0.00234336125241
0.00361865269314
0.00404863222185
0.00445584867468
0.0038322442211
0.00320590406134
0.00223741723498
0.000966194884455
0.000424702693998
-0.000313702178116
-0.00133186499056
-6.19001976696e-05
0.00109858995363
0.00332846305528
0.00458796878438
0.00436210640913
0.00403269920338
0.00252779453578
0.000631678878074
-0.000217219269438
0.000408232990214
0.000934224914705
0.00370489921685
0.0056066868731
0.00667486171998
0.00624273502678
0.00412894745084
0.00254165089961
0.000531886282272
-0.000198905510019
-7.88236526291e-05
0.000883455479383
0.00269520008365
0.00280799690291
0.00367316771307
0.00354807888179
0.00218560411516
0.00119681873151
0.000979911384979
0.00141619905648
0.00225893115601
0.00353372480088
0.00458891073731
0.00529852311841
0.00551795704634
0.00467820340174
0.00310209277387
0.00288275883041
0.00174287044625
0.00237733588014
0.00185417665293
0.00196576275602
0.0020707362332
0.00217172291496
0.0017617864723
0.00144218906149
0.00132114335057
0.00195363199567
0.00214694091423
0.00236578170966
0.00384377440191
0.00425269411942
0.00326753151942
0.00292901887946
0.00282117208308
0.00175008480002
0.00314147896165
0.00378994345369
0.00432108382533
0.00560880844492
0.00507437043007
0.00367542027063
0.00282758504196
0.00142270700582
0.00196610640396
0.00123402518026
0.00178013976763
0.00285484293247
0.00347365325686
0.003911130861
0.0032911071547
0.002124253144
0.00158489107611
0.00116743547209
0.000763693541598
0.000311203817011
0.00349515828941
0.00307046239678
0.00275436548217
0.0022218105957
0.001273630992
0.000723840701116
0.001261999169
0.00233251931993
0.00393132714927
0.00373569916789
0.00234017605851
0.00201869351017
0.0029667274302
0.00383253948761
0.00374852380228
0.00437845133981
0.00396721796437
0.00339978396295
0.00385632256269
0.00353180631515
0.00328878126802
0.00319275838631
0.00307764187816
0.00329732003005
0.00290315532925
0.00279256305411
0.00269810835796
0.00228579275004
0.00037490411934
0.00018283363337
0.000296590778847
0.000631453308729
0.00107123473264
0.00137373268503
0.00073590214452
0.000936980688381
0.000389119036486
0.00104738840374
0.00199569328346
0.00295363907485
0.00379307535175
0.00400217410876
0.00316576747822
0.00210679199332
0.00241911784128
0.002010944358
0.00137767896628
0.00190394157907
0.0024432383065
0.00243762836196
0.00150352549389
0.000864813259605
0.000327341851992
0.000239935571866
0.000249963896324
0.000769247367772
0.00118617466354
0.000741805570047
0.000840745614544
0.000280889563242
-0.00035269550243
7.48454775421e-05
0.000597929092677
0.00177191833102
0.00284090857752
0.00284452627987
0.00221943359873
0.00133170331397
-0.000125288010216
-0.00109501701959
-0.000439084181726
-0.000747271165768
0.000110227692503
0.00139078402015
0.00149858345885
0.0024588338576
0.000965359801306
0.000207980250182
-0.00031478092076
-0.0010660534403
-0.000222772384016
0.000403602791619
0.000951899940535
0.00264933710768
0.00273864653863
0.00253677383385
0.00157087711331
-0.000243090096621
-0.000678637809685
-0.00153179025897
-0.000567600203386
0.000473593800387
0.00155296562581
0.00241116202575
0.00336099988254
0.00305720837191
0.00241180914641
0.00176227413367
0.00164392991359
0.000877019589033
0.000757440796602
0.00117727642746
0.00181562097831
0.00320508650497
0.00363657080865
0.00449656334609
0.00341723292617
0.00343352118655
0.00310661643463
0.00279376885586
0.00184502663205
0.000998382014307
0.000920851258802
0.000527222253805
0.000300438061116
0.00107976414622
0.00180346723271
0.0018204686325
0.00224704349616
0.00191588104219
0.00260568285024
0.00250136534715
0.00219719278685
0.00135099350428
0.00191544231099
0.000738501103768
0.000568774643581
0.00119793641492
0.00194047580099
0.00106228924419
0.00137855993478
0.000200506416149
0.000612386605819
0.000704910435502
0.00113117505242
0.00197558108156
0.00290381130865
0.00268874291475
0.00309859157519
0.00179911724415
0.00169348721986
0.0010467453717
0.00170626778909
0.0024590802133
0.0036374690824
0.00341447432435
0.00331477168628
0.0011874891244
0.000969743957423
-0.000200017412967
-0.000203001063018
0.00151183798028
0.00301182516773
0.00399291981981
0.00410785918146
0.00271661724588
0.00123417196316
0.00026677421809
0.00101118227708
0.00174536928148
0.00312035180605
0.00430484702844
0.00555852912793
0.00546426418188
0.00387656889609
0.00207671689552
0.001340119649
0.00190978963087
0.00176553914123
0.00178948137072
0.0016724817342
0.00272832316356
0.00325484942727
0.002933695761
0.00290762413549
0.00268737632208
0.00266956739591
0.00163211031381
0.000361908255582
0.00121128414599
0.00058961267732
0.00175714893839
0.00187994145127
0.00345712374212
0.00376765900238
0.00340349393135
0.00276105219345
0.0024512763191
0.00117466872005
0.00183061049466
0.00193481176776
0.00321000417369
0.00341506560045
0.00350024407979
0.00276903966194
0.00223452986877
0.00213390355764
0.00297436493675
0.00311525023696
0.00354949727083
0.00238894447054
0.00195855560725
0.000488605509135
-0.000230763365837
8.77332261911e-05
0.00104284211469
0.00169365471154
0.00274859188599
0.00315278558954
0.00252344137687
0.00218900494328
0.000994537967034
0.00130071007829
0.00279032788908
0.00354047388658
0.00364176510853
0.00469367650089
0.00370838180178
0.00161253041548
0.000422677161963
0.000416114199983
0.0012509977797
0.00137452804525
0.00294397766107
0.00391691652663
0.00306675851522
0.0037740118416
0.00313822862143
0.00259713757707
0.00164917236725
0.00249457915193
0.00227812156527
0.0026957082049
0.00238742297365
0.00354432188694
0.00480924079477
0.00491828037281
0.00440021587597
0.00427074610552
