0.021718236969
0.0207491980133
0.0210778741756
0.0190514408175
0.0189585292819
0.0175819489303
0.0162110468482
0.0158799278962
0.0162077353491
0.0168436553162
0.0183442115616
0.0200408847831
0.0210089995801
0.0207795524398
0.0208899729521
0.0209890310777
0.0211041472006
0.0191828136592
0.0191860370252
0.0181225636623
0.0172957506163
0.0178254756022
0.0168610430605
0.0176017181718
0.0174932030161
0.0179264068605
0.0182366972402
0.0187827872931
0.0196074127493
0.0198252283638
0.0197192085152
0.0201490385047
0.0203418427256
0.0187570128202
0.018653171432
0.018022637777
0.0182248294774
0.0177216523107
0.0181388380973
0.0179256397634
0.0177227248446
0.0172933046752
0.0180322274225
0.0172968240211
0.0179275966045
0.0188831732357
0.0193155187475
0.0201695662918
0.0198327329028
0.0195218477321
0.0187653442298
0.0183517269672
0.0172935232007
0.0171869107053
0.0174130707977
0.017500925888
0.0181414433018
0.018787583759
0.0188673585914
0.0185543775569
0.0188926760744
0.019613749877
0.0197328610843
0.019709601184
0.0190758104991
0.0185527277549
0.017799910442
0.0173967117086
0.0179361881859
0.0183544504454
0.0191069405042
0.0184691445249
0.018357932841
0.0186569949679
0.0189849881228
0.0194053706973
0.019720621402
0.0192750094777
0.018855381689
0.0190787292992
0.0184381404789
0.018974590951
0.0183210681931
0.0185481468515
0.0188671064596
0.0186737215221
0.0188814638793
0.0185646773267
0.0187866610357
0.0192947548373
0.0185458098317
0.0183381571568
0.0189715541837
0.0192894102855
0.0195153904354
0.0191995606467
0.0190734371027
0.0188735139303
0.0187597728682
0.0186654287213
0.0188723564359
0.0187743309046
0.019618502246
0.0190884419096
0.0190001952049
0.0191005450682
0.0185979153347
0.0186905840862
0.0198602123814
0.0200814639351
0.0196759549136
0.0184991740864
0.0194561480067
0.018268662478
0.0182743496891
0.0168731997167
0.016872702897
0.0179212875691
0.0190584563353
0.0198203402811
0.0202244929027
0.0192748859084
0.0163013970531
0.0166179540297
0.0184338027401
0.0192987961066
0.0212136456984
0.0205733055308
0.0182499349866
0.0164447691346
0.0158130788561
0.0169876645921
0.0180545265061
0.0200807315311
0.0196433773036
0.0198640473531
0.0188137142558
0.0189170468195
0.0182946792445
0.0184159281063
0.0189159529283
0.0190195774237
0.0191021304794
0.0189045181596
0.018349768686
0.0178273973394
0.0165354847914
0.0173963451675
0.0181458814851
0.0194105175953
0.0202421962774
0.019723455049
0.0193992530705
0.0190952668905
0.0186572487019
0.0179442617829
0.018250418327
0.0184548476358
0.0182530020737
0.0183450540291
0.0182382829485
0.0179383093718
0.0190835135372
0.0187645440122
0.0198110922664
0.0186485976449
0.0170479260313
0.018509910504
0.0188411456859
0.0193517977502
0.018448950242
0.0175753850187
0.0181115100572
0.0187482775691
0.0189934142703
0.0190753133823
0.0192837872469
0.0203513167937
0.0187603896643
0.0182370810858
0.0177344064984
0.0175133535787
0.0173137881727
0.0180401203987
0.0181470369703
0.0181461983623
0.0194116988577
0.019734299941
0.0187720607486
0.0178158247736
0.0177144065339
0.0189818213226
0.0188557220372
0.0189800271983
0.0188833284253
0.0180256235455
0.0186485602041
0.0178975338384
0.0182390630307
0.0182411460187
0.018458104364
0.0189989185753
0.0187955856565
0.0192040897942
0.0181455930323
0.0183760460352
0.0184822883436
0.0186014951066
0.0182568627479
0.018680606954
0.0185661580481
0.0184695904246
0.01971972074
0.0200487279286
0.0197307966786
0.0193062279964
0.0179275793788
0.0184687036185
0.018368547177
0.0183790152563
0.0193110368782
0.0193249900445
0.018712105207
0.018717918565
0.0180708751395
0.0180742973016
0.0186033834559
0.0186002155134
0.0191381140808
0.018707016888
0.0185944642094
0.0196572772482
0.0183913162356
0.0179358609318
0.0188896951158
0.0189835677346
0.0195097742456
0.0185672600099
0.0187772235374
0.0192097942309
0.0186758277137
0.0187706724268
0.0177422126148
0.0177157768987
0.0171826361885
0.017299279122
0.0191829853432
0.0190837318701
0.0182279165869
0.0183322194725
0.0181290011557
0.019189347658
0.0189829796046
0.0192996544392
0.0185556251976
0.0183358624664
0.01726890508
0.0172865159671
0.0188897785271
0.0188756525344
0.0187716695942
0.0183376055919
0.0187726913219
0.0189904389044
0.0186648945747
0.0194144991168
0.0189767401503
0.0190662101796
0.0185547383915
0.0185534548335
0.0188692966576
0.0190828452566
0.0185471334081
0.0196203329402
0.0195030078702
0.0191077356936
0.018983379048
0.017830821025
0.0174786517147
0.017915479021
0.0175825142676
0.0182211634725
0.0184228886473
0.0179883273396
0.0204318535327
0.0194832677804
0.0189550880735
0.0186350061841
0.0179007472875
0.017906322588
0.018761628854
0.0182403738146
0.0182410823367
0.0181394864607
0.0183387447223
0.0194193520698
0.0185624857979
0.018771911809
0.0194023038028
0.0189717906132
0.0189679676768
0.0190894689377
0.0183445668292
0.0186515028861
0.0196143007596
0.0191846482136
0.0182113605183
0.0181275643082
0.0177209966345
0.0183466135453
0.0193106287654
0.019204641355
0.0186787158345
0.0187680001617
0.0183597041727
0.0188923267059
0.0190019577884
0.01899330972
0.0188994263133
0.0186812327173
0.0182628233388
0.0180470634864
0.0180421532893
0.0187924449705
0.0185720474299
0.0188808086928
0.0195170632227
0.0190718237918
0.0181185457901
0.0180143902162
0.018638692404
0.0191695791205
0.0193781283257
0.0187447485246
0.0189697993206
0.0183584020324
0.0184484471233
0.0184584704452
0.0178509874036
0.0186901207683
0.0182720492391
0.0189207307026
0.0181725487717
0.0185837084344
0.0190198106712
0.0190072874248
0.0184892937567
0.0182766591064
0.0188150009653
0.019340713943
0.0187940341274
0.0182545560221
0.0184842491237
0.0179526722836
0.0186803468609
0.0187936356642
0.0185818248951
0.018247562837
0.0184801095027
0.0183747129186
0.0195303614997
0.0196478110887
0.0199709462093
0.0198491905361
0.018712234422
0.0180484168969
0.0186813685886
0.0191199555678
0.0191112159965
0.0199685338488
0.0188980805875
0.0182577838128
0.0172135823909
0.0179612372081
0.0183720957839
0.0187939174077
0.0193176881619
0.0190072546022
0.0184622026317
0.0179257808258
0.0194161841273
0.0201621842585
0.0200337755559
0.018873438397
0.0182316397315
0.0179235342501
0.0173894413933
0.0185819460403
0.0181609197197
0.0175076520525
0.0173015629458
0.0164411091036
0.017079184708
0.017514918994
0.0176322957412
0.0178268980254
0.0183550531978
0.0207910235552
0.0228010720337
0.0253417675432
0.0260723024244
0.0245747475404
0.021064660223
0.0189706696581
0.016749828497
0.0169628894362
0.0160227780551
0.0157047532586
0.0158183068768
0.0185650433782
0.0198459517658
0.0207983485284
0.020785235598
0.020578047112
0.0197058129664
0.0202480474521
0.0201558166177
0.0185550590151
0.0173829086507
0.0174170382754
0.0177285393713
0.0192166708889
0.0196326063129
0.0187857396994
0.0179208961433
0.0185709291968
0.0198372379757
0.0211239362503
0.0212234482626
0.0207882558172
0.0200438092539
0.0193101976706
0.0196561190755
0.0200712586318
0.0185780534432
0.0187994602957
0.0186983407273
0.0181549390534
0.0184701991805
0.0182949522438
0.0184927843319
0.0182757336128
0.018993741278
0.0191143083751
0.0203838871994
0.0205979282681
0.0198437127952
0.0193122011863
0.0190156734658
0.0199887809167
0.0207211516824
0.0212497189026
0.020300940792
0.0178715982425
0.0181845638718
0.0186068217014
0.0191406100967
0.0184053737316
0.0181869601747
0.017138747585
0.01839185492
0.0196516555959
0.0211448099783
0.0209374233744
0.0203842764544
0.0201997963039
0.0198773737277
0.020298387825
0.0203870339731
0.0198757250944
0.0191124395096
0.018170336836
0.0182694070803
0.0200737198992
0.0206914937691
0.0203830915203
0.0198516077324
0.0186941544574
0.0193254365437
0.0187049738396
0.0197545517659
0.0209364750624
0.0212406917984
0.0212649228916
0.0206980581665
0.0206123931696
0.0199668033276
0.0201735345524
0.0189909324634
0.0200457669924
0.0196261221706
0.0202820960904
0.0208985837108
0.0197347886909
0.0199454689989
0.0197430959206
0.0193364437464
0.0197195502504
0.0184639322032
0.0188681356311
0.0195330587061
0.0201742570137
0.0185940984861
0.0185949225599
0.0188233936975
0.0191501300518
0.020101293113
0.0207233499813
0.020396094579
0.019770008862
0.0192348698265
0.0187989195186
0.0191263062801
0.0196591890989
0.0190172268457
0.0181828961923
0.0178551306922
0.0178604752441
0.0200860682314
0.0210417037651
0.0212686150895
0.0201936567553
0.0188068618914
0.0180776439562
0.0178661204228
0.0190311193187
0.0198045033735
0.0199940734711
0.0192681118873
0.0187445748712
0.018412789074
0.0189462577166
0.0202254627257
0.0219048600253
0.0204181162651
0.0198879447012
0.0192417805804
0.0198006531019
0.0208604753745
0.0221166454724
0.0224477171805
0.0215942565234
0.019281234542
0.0182261836059
0.0193689057509
0.0198184877306
0.0208819741875
0.0200354019259
0.0172874849448
0.016667378865
0.0164581427133
0.0169887602906
0.0176174760485
0.0171887945027
0.017175276562
0.0162210283171
0.0162298062789
0.0170720942994
0.0170358000966
0.0167447806776
0.0167216942819
0.0167539033375
0.018233782751
0.0209967490126
0.0223846819434
0.0237576997231
0.0243805802799
0.0226737095793
0.0208812521114
0.0195930101857
0.0192823865739
0.019384918049
0.0180075489459
0.0178992654098
0.0161064957076
0.0152637806412
0.0154812468614
0.0155890836271
0.0167355232357
0.0183265003004
0.0201378849059
0.0222232510659
0.0229747963657
0.0229796328501
0.023519292911
0.0240439578845
0.0221590033443
0.0202321452298
0.0184475688337
0.0168664536218
0.0177124726905
0.0188891766324
0.0183645638216
0.0176227546081
0.0162343595016
0.0161298268171
0.0172873136725
0.0182482022247
0.0208830191983
0.0209735994736
0.0219197705591
0.0217176468906
0.0217120224118
0.0220500773048
0.0216350554444
0.0193150428906
0.0185597501877
0.0174978195263
0.0170852470072
0.0176282282961
0.0177310380654
0.0185842231456
0.0185939544219
0.0178720882001
0.0170361864551
0.0177421544069
0.0187058090638
0.0215746208818
0.0223898447314
0.0218775407731
0.0201772729789
0.0194366867928
0.0192388113999
0.0195589292899
0.0200855635252
0.0197708586258
0.0180610283239
0.0155370026141
0.0145922625909
0.0151141225003
0.0174410985977
0.0201980779966
0.0215931333276
0.0222018959881
0.0205250921595
0.0202082170886
0.0195873549669
0.0210822387281
0.0216183783009
0.0217137333877
0.0206574119925
0.0195018567653
0.0185457007483
0.0180965481209
0.0172638619434
0.0176707518992
0.0168194264764
0.0157715870583
0.0148051870802
0.0151237678664
0.0164939892473
0.0173544231724
0.0177731712711
0.0183153109674
0.0186311870503
0.0185246475893
0.0191676163577
0.0183260040359
0.019173919034
0.0192874662143
0.0191850511617
0.0189610402688
0.01780781312
0.0164489322828
0.0156891734619
0.0147499669002
0.0149666797701
0.0154904505242
0.0169837120072
0.0166542420652
0.0176087422234
0.0180313100814
0.018441346404
0.0194958639506
0.0209788382464
0.0214775925211
0.0207483880395
0.0202220344094
0.0198077447347
0.0186394715919
0.0183372147908
0.0182341464776
0.0181527585221
0.0183502036131
0.0175262468227
0.0172986492302
0.0155284812221
0.016050997412
0.0154029833581
0.0162867945558
0.0165871395624
0.0176445662892
0.0192119635082
0.0188866127842
0.0191982103855
0.0187686814876
0.0177167022559
0.0180286533043
0.0174969107541
0.0173665237485
0.0168484385774
0.0156915087751
0.0147535455299
0.0135941335932
0.0132736237869
0.0137197380979
0.0144776645966
0.0160797726468
0.0169149277764
0.017016645475
0.0161600444033
0.0174476734671
0.0182674001924
0.0178677951914
0.0180915132817
0.0174468660546
0.0161702319912
0.0155365787315
0.0150186243247
0.014877868839
0.0148959388079
0.015721853503
0.0161622482699
0.0157207824045
0.0164747170795
0.0166780599153
0.0155984947819
0.0169793816029
0.0159362861028
0.016786631558
0.0164508854297
0.0178537543784
0.0177700175565
0.0179867264873
0.0174724872636
0.0165007877803
0.0155620761872
0.0147143126581
0.0139772568771
0.014206514158
0.0140861939718
0.0140695497655
0.0148144823606
0.0156679085663
0.0174691289761
0.0174559135624
0.017651424605
0.0176533633495
0.0171209887907
0.0178633162817
0.0187975473364
0.0181948329398
0.0173172524218
0.0157452290595
0.0158508726684
0.0160637723261
0.0159686732008
0.0157667309406
0.0142668309709
0.0154558225173
0.0162097189945
0.0203421012283
0.0192846875699
0.0179088246771
0.0160997005032
0.0155763123479
0.0147331112496
0.0149476004503
0.0147295284891
0.0162984704227
0.0171349106337
0.0178801981113
0.0178981881222
0.0182158804438
0.0192632873277
0.0196780555329
0.0212784105406
0.0215820204808
0.021902115657
0.020958987995
0.0202399399363
0.0194994562335
0.0192723208167
0.0181220045899
0.0163590437804
0.0149712344189
0.0147588631481
0.0150911520103
0.0163630819815
0.0188235110294
0.020284609453
0.0196345481974
0.0183554976161
0.0174207396403
0.0169693397634
0.017721361016
0.0174240812759
0.01795611655
0.0182635884953
0.0184856432255
0.0194344952414
0.0196463975134
0.0201741830765
0.0200767987925
0.0192107650324
0.0183725886194
0.0168764524076
0.0162532376731
0.0158358900406
0.0162680663977
0.0166872980295
0.016066596804
0.0158478182551
0.0160577139433
0.0170141273619
0.0166983556882
0.0165780108582
0.0165730744987
0.0177313008486
0.0188974465298
0.0206963794747
0.0216421971131
0.022161780236
0.021119464634
0.0189769464589
0.0178301824802
0.0166907842853
0.016265222182
0.0156451372669
0.0159759215467
0.017334640538
0.0174361390377
0.0175380675679
0.017639772365
0.0174395056625
0.017954671929
0.0175481182733
0.0194243890766
0.0199656973904
0.0199649652047
0.0205868295221
0.0210061599655
0.021127572415
0.0208067048422
0.0204993119052
0.020298812826
0.0197519081563
0.0190003057745
0.0166881275915
0.0144743206929
0.0140471568235
0.0144810202044
0.0153444338405
0.016725494166
0.017361061557
0.0164082866202
0.0159897331908
0.0167141611237
0.0190512315643
0.0192553939312
0.0225303400484
0.0233686289364
0.0237763877943
0.0231469448532
0.022609777408
0.0217440132727
0.0205772557675
0.0185816637129
0.0166673172165
0.0139208968353
0.0118019027805
0.0104297646907
0.00886552693264
0.00972756610282
0.0114414158262
0.0142884355942
0.0162080620895
0.0187554865337
0.0208723986592
0.0217062367291
0.0228692048785
0.0229750876871
0.0218124687393
0.0214995441918
0.0212887018453
0.0207649694028
0.0206718226065
0.0201400228122
0.0186427452776
0.0160066181982
0.014717995906
0.0123943656498
0.0108251531418
0.00987541353221
0.0111367868225
0.0116764639165
0.0142260743225
0.0163524065279
0.0183553680073
0.0200502781814
0.0204859798366
0.0219712938694
0.0213353502388
0.0216491786559
0.0204948145037
0.0191223385646
0.0177411637508
0.0164617815959
0.0197357074995
0.0207077965093
0.018911792386
0.0184928413594
0.018159369602
0.0180564492788
0.0178534281302
0.0169017406467
0.0161744552107
0.0160442117703
0.0143651358818
0.0183994532185
0.0205052531333
0.0213523753319
0.0208217446557
0.020924804903
0.0206122522711
0.019242958393
0.0178566527429
0.0163778270096
0.0153070177237
0.0142641823166
0.0133085721049
0.0138414158551
0.0150178866539
0.0153220544043
0.0168124577059
0.0174473673809
0.0185155937911
0.0187353899102
0.019258869004
0.0193559757766
0.0191438522877
0.0179766840912
0.0173431424442
0.0166031323575
0.0171469692875
0.0160946457687
0.0154467357521
0.0140786920441
0.014626300426
0.0148112301438
0.0164099058218
0.0172595595122
0.0184331072491
0.0200024689198
0.0202081595327
0.0206041966046
0.0208363681728
0.020487741872
0.0198653066503
0.0187077435832
0.0170152248234
0.0145998505523
0.0103665837606
0.00921117739432
0.00891935547723
0.00914100481588
0.0106363108965
0.0135014202747
0.0157089689698
0.0179500063139
0.0185819177214
0.0194386730323
0.0189929091791
0.0178403546351
0.0164526359056
0.017203142659
0.0154249431119
0.0156201521131
0.0137180392425
0.0139327243645
0.0142394397822
0.0131665500859
0.0136866052757
0.014546078087
0.0158999878153
0.0172696790931
0.0197130607449
0.0201342945357
0.0198164775026
0.0169807817614
0.0152854329084
0.0134894000145
0.0128550417951
0.0132819396191
0.0141515019637
0.0156273170969
0.0159262032203
0.015921612776
0.015811067259
0.0151502895645
0.0146299434761
0.0144057761116
0.0155812136074
0.0185215929384
0.0178862227156
0.0166282771545
0.0174578235957
0.0167094208025
0.0168105192062
0.0151202460373
0.0141681471844
0.0127951992572
0.0111278875051
0.0107003714448
0.0108358515745
0.0129657394283
0.0143680342907
0.0164987628661
0.0180033571241
0.0186586793059
0.0195089804973
0.0195097080657
0.0197290117151
0.0189704384809
0.0176026999914
0.0172821212822
0.0168423528479
0.0167555948307
0.0155624406781
0.0151500119916
0.0155641444378
0.0161954803196
0.0167277199568
0.0172363453275
0.0169342470858
0.016502744992
0.0158637407121
0.0159718640351
0.0159675575657
0.0161728694657
0.0162847323138
0.0171505240774
0.0165143115002
0.0150572741749
0.0150693894522
0.0142526063843
0.0150890263015
0.0158460664798
0.015963461131
0.0163916001579
0.0164738080555
0.0160604952545
0.0162830351456
0.0165803024699
0.0183744168344
0.0193340602189
0.0196292549578
0.0203785936216
0.0193091156059
0.0176079028601
0.0131556107928
0.013803922485
0.0134820635043
0.0127506649949
0.0133889086156
0.0132998651419
0.0143600326771
0.0165885417722
0.0172125229553
0.0178764962689
0.0170349972182
0.0169393109383
0.0158990314827
0.0153959501689
0.0147667673467
0.0146895259405
0.0154245178937
0.0163806104961
0.016705907044
0.0164910912418
0.0166872852919
0.0157032602691
0.0151354269336
0.0146237730588
0.0147128935801
0.016189178307
0.0167247884293
0.0178817606701
0.0175560647093
0.0184034607733
0.0175622656943
0.0166396376133
0.016982237904
0.0152779475016
0.0147557824782
0.0148750386074
0.0149886563185
0.0144738430085
0.0137239025422
0.0146836795175
0.0148004773685
0.0150473786571
0.0155684344098
0.0165347993673
0.0161148935028
0.0159244898254
0.0166877769594
0.0172029823252
0.01743969084
0.0179607671931
0.0184006384086
0.0194647922495
0.020294535745
0.0205909808161
0.0207011862563
0.020365897468
0.0203448948221
0.0201535885226
0.0191983200993
0.0179158676754
0.0171571847629
0.0148626723261
0.0158020686684
0.0163561736083
0.0177418419806
0.0183621305018
0.0172011070748
0.0163677657108
0.0162388630725
0.0152923386492
0.0161236225094
0.0166399135561
0.0163216624396
0.0181049815495
0.0194914862188
0.0196106054132
0.0200491131127
0.0174087268421
0.0158440318228
0.0150003778965
0.0159588242797
0.0169391786803
0.0170620176752
0.0171614783168
0.0164324388886
0.0155768805167
0.014399101354
0.0124106485448
0.011531772053
0.0120688531771
0.0143935547991
0.0155579153232
0.0182890658853
0.0197604213689
0.0203053197519
0.0211503874311
0.0212421505228
0.0204072884143
0.0202027469235
0.0201109177342
0.0187287326589
0.0185189283949
0.0181831192372
0.0172372507925
0.0149267608808
0.012792925033
0.0106687305608
0.00972350700459
0.00939519811474
0.0113052349646
0.0135154199459
0.0152046076747
0.0178557018535
0.0198725583843
0.0213251974395
0.024431585151
0.0256033248243
0.0268491102799
0.0268759394614
0.0260181902437
0.0232587187935
0.0181548884161
0.0139177210105
0.00820472325926
0.00460837561531
0.00154509553328
0.00242253786902
0.00389753490637
0.00837070145951
0.0118743839143
0.0156014590259
0.0173977754092
0.0204674441822
0.0241968973955
0.0261963128722
0.0295799521579
0.0299680595792
0.0273019929219
0.0200862182405
0.0152219568697
0.00877507801079
0.00604441665774
0.00362865720538
0.00409776912639
0.00571033824874
0.00618928028826
0.00620979826288
0.00677206643312
0.00616878460656
0.00779412302864
0.0116261842258
0.0160768557739
0.021483572081
0.0242103853939
0.0257022050309
0.0249522059598
0.0230433696161
0.0199645356612
0.0155283449882
0.00979110739557
0.00557547947879
0.00122724868571
0.000708167678042
0.0022101268934
0.00519132935631
0.0128873959905
0.0134080272798
0.014976375967
0.0159151505638
0.0174716911267
0.0183135766311
0.0188324497966
0.0183004128945
0.0173604847424
0.0141920575998
0.0107121182017
0.00913296561615
0.00706426485283
0.00644816561657
0.00836546614719
0.010056700132
0.0127216746354
0.0147263747018
0.0164185107841
0.0167238970234
0.0171464175237
0.0156437969513
0.0144729458213
0.0120436737769
0.0102332453708
0.0108984357644
0.0114334315107
0.0121696470557
0.0139835437349
0.0142974433354
0.0134399527661
0.0132102654241
0.0127791451322
0.0126814052874
0.0126701090815
0.0139320746333
0.0153049793602
0.0157396517076
0.0160630485798
0.0156262522763
0.0132180729758
0.0113344050663
0.00930763234467
0.00773587928547
0.00858571667326
0.00944520518675
0.0111396025715
0.0115504373652
0.0111335468053
0.0105119723318
0.00903583339301
0.00934829432462
0.00948392842698
0.0104614363796
0.0121680083253
0.0126029538599
0.0134511688073
0.0141000244538
0.0147393909249
0.0148390295746
0.0149684710641
0.015661389111
0.0160789994142
0.0163902134669
0.0155454229927
0.0148063611922
0.0132940444733
0.0122425931429
0.0110810328778
0.0101414415948
0.00983537436125
0.0101516456514
0.00985466469189
0.0113414977626
0.0111467400704
0.0117792893599
0.011575965763
0.0115433409826
0.0116379429904
0.0111022192158
0.0109021464207
0.0102653791014
0.00967608459554
0.0125455460636
0.0139448239933
0.0163774548686
0.0162644852535
0.0148725067341
0.0133690977954
0.00988914094391
0.00670525314685
0.00435370932322
0.00488590690238
0.00659216984817
0.00912471524719
0.0107420750245
0.0126611979908
0.0143578258943
0.0169273309325
0.0169292162932
0.0160799204746
0.0147958983253
0.0126759306576
0.0108705657864
0.00987970423781
0.0110352115383
0.0120763314176
0.0131384073775
0.014713924111
0.012844598216
0.0117964108695
0.0106410878615
0.0110923696924
0.0113043953411
0.0117658641603
0.0120748431868
0.0124838929115
0.0118489694593
0.0110883656713
0.00844008492835
0.00800898205475
0.00611903935928
0.00643483046443
0.00846609934793
0.0106870100113
0.0134608061716
0.0143407999468
0.013710069154
0.0117231194083
0.0100354854402
0.00971956471758
0.0106809528862
0.012156532273
0.0124351369558
0.0117775801284
0.00943099364124
0.00644292286686
0.00409891656402
0.00462333057863
0.00696322974698
0.0104678789964
0.0124944730581
0.0146307276818
0.0147322952729
0.013373751528
0.0117865165708
0.0118774737642
0.012096403944
0.0120916388568
0.0129548505936
0.0126086886276
0.0112393538642
0.00945461244027
0.00883792439094
0.00887574244147
0.00984486475549
0.0109294469152
0.0122214944728
0.0131772273041
0.0126431261889
0.0121248608827
0.0103133039149
0.00955822962371
0.00625337854208
0.00688254845803
0.00865962629301
0.0124616227109
0.0164919716209
0.0195520918568
0.0209349387008
0.0196627181287
0.0175407429275
0.0138491519147
0.0113177321668
0.0099086915244
0.00960350510969
0.00980411223924
0.0104289260524
0.00988795403878
0.00860223706652
0.00437524635126
0.00204908035788
0.0039651782687
0.0066260070944
0.0105520581471
0.0108560525067
0.0101232475789
0.00748357517909
0.00591867674631
0.00414985658167
0.00405164168067
0.00512143956207
0.00760225608691
0.00972887919487
0.0107123476542
0.010213850233
0.00843067566383
0.00696915049134
0.00433591346647
0.00460299295528
0.00448132533647
0.00695643550023
0.00876428326279
0.0116367495456
0.0138462495944
0.0141313498856
0.0139014098646
0.0127106779589
0.010898205607
0.00917472349781
0.00735077779423
0.00850531792419
0.00912177128581
0.0107210227833
0.0132547005778
0.0132419394625
0.0128360317064
0.0112533948003
0.00894654117315
0.00608109011586
0.00343436263904
0.00270446351693
0.00280379838749
0.00427126336199
0.00712694301476
0.00880510552299
0.0104987698512
0.0126243061889
0.0129679754511
0.0110938115483
0.0100534238498
0.00900226217528
0.00796090461889
0.00735338712589
0.00703479335016
0.00755265701118
0.00795289852827
0.00816005131079
0.00889713371827
0.00921021299541
0.00880073304762
0.00858419183131
0.00921064822105
0.00963872758828
0.0108108571692
0.0109245144395
0.0118942426613
0.0122157233891
0.0127248823114
0.0134810853218
0.0121049256616
0.0113528562109
0.0112310380728
0.0106060028284
0.0108990216057
0.010982619291
0.0101327283003
0.0103609360584
0.0102375662033
0.0100426536981
0.0104917995025
0.0110150296722
0.0123103661241
0.0120082212335
0.0129676543028
0.0137083030591
0.0132637130551
0.0119872461372
0.0105027504973
0.00899760717728
0.00698418059854
0.00761338353054
0.00645521173325
0.00741529759466
0.00955462862742
0.0108313998141
0.0105073242804
0.0106239988951
0.00853360285467
0.00716283010144
0.00387934079357
0.00333211683109
0.00174746599727
0.00333247429595
0.00471610765921
0.00745508183474
0.00873034572112
0.0103062113632
0.0107204431155
0.0111544789374
0.0107667202366
0.0104586452677
0.00993467264921
0.00964846230463
0.00913036656406
0.0115065636326
0.0132009764225
0.0136319347547
0.0131990129509
0.0119128834669
0.00971243782772
0.00768782245011
0.00767640135336
0.00852101813524
0.00872862287939
0.00862192282009
0.00892826680798
0.00796458924457
0.00615364380373
0.00700852791242
0.00777036781744
0.00870461935373
0.00966334900792
0.00965431894493
0.00968235642706
0.00788784677657
0.00650808166769
0.00598634309531
0.00693219605603
0.00873746371301
0.0100083742933
0.0115990486384
0.011171507851
0.0103426333621
0.00928629552397
0.00704787732769
0.00675019700598
0.00834101010632
0.00982183503589
0.0105833126404
0.0112344342855
0.0108132057942
0.0112326125585
0.0101675838071
0.00921296367244
0.0081631705952
0.00762263266494
0.00730883044076
0.00720592666491
0.00870068724205
0.0105958983518
0.0115378031789
0.0128101092277
0.0127974141047
0.0126884761391
0.0112301104018
0.0115331901344
0.0121752659261
0.0119569395528
0.012381296428
0.0120393374984
0.0112864516679
0.0107700990271
0.0101437728371
0.00983292589476
0.0102542961307
0.00897187767249
0.00844456371626
0.00761311730144
0.00483577104135
0.00187073663931
0.00254268288712
0.00730389105684
0.0109034667979
0.0136747894635
-8.07995392074e-05
0.00109631940394
0.00301734163438
0.00641861050257
0.00833724145838
0.0102822424351
0.0114711172961
0.0114172231749
0.0102698888034
0.00806974186603
0.00605791428714
0.00320804749735
0.00157905771686
0.000832336266536
0.00117426237275
0.00285816743681
0.00542112326368
0.00658919522055
0.00799187915024
0.00929872627668
0.0100255421495
0.0101295033519
0.00908168808792
0.0088346786352
0.00828837562858
0.0080511647013
0.00856325472562
0.00737024595022
0.00744656628744
0.00648782508836
0.00648514154978
0.00500085318357
0.00328735362084
0.00320831181457
0.00330776332682
0.00329766466418
0.00278167402602
0.0032096530276
0.00292691959039
0.00269227637786
0.00217884543762
0.00251935906791
0.00284811086806
0.00410468818204
0.00506971877073
0.00666317017042
0.00762337506257
0.0084847035922
0.00903152765134
0.00935024208579
0.0101017791271
0.0112534730275
0.0126415778043
0.0132855371096
0.0125282179846
0.0113383304722
0.00972212751106
0.00973042607145
0.00844038404351
0.00779185769084
0.0059785177677
0.00502895484466
0.0050322372713
0.00649933142026
0.00755571824403
0.0095623948769
0.011776527804
0.0114526037136
0.010504474159
0.00836027808966
0.00656278063177
0.00465736645025
0.0035830330085
0.00263713771834
0.0040455254805
0.00521073770675
0.0069175220067
0.00724305671664
0.00873549749961
0.00832473409833
0.00834306293397
0.00959605604734
0.00993825881978
0.0112246257087
0.0120659476433
0.0118668108325
0.0102957214414
0.00946052957987
0.00756718839516
0.00628162240216
0.00575017586235
0.0041644059291
0.00480887492984
0.00617014696284
0.00732100369529
0.00836254562741
0.00847244335022
0.00772362823788
0.00697973619839
0.00740350754706
0.00738940184823
0.00793478337902
0.00899035142862
0.0104698521035
0.0119278447525
0.0115111198988
0.0107610635836
0.00939342988843
0.00876602203044
0.00769972330959
0.00673933896467
0.00569579870718
0.00483122363768
0.00506283220058
0.00677385129607
0.0080771352768
0.00944139117818
0.00977478846579
0.00912623402004
0.00892829483134
0.00861278026139
0.00742201325176
0.00646575842308
0.00518176485177
0.00371176307654
0.00329845277431
0.00403601018496
0.00564097573828
0.00829198185874
0.0103944339192
0.0127266301633
0.0133606224411
0.0134797889931
0.0113643503684
0.00933997161286
0.00742380634842
0.00541799312541
0.00467575781554
0.00426785759821
0.0041713511835
0.00449842894953
0.00470713772015
0.0048434803141
0.00516889263209
0.00645578557123
0.00814323845865
0.00984332737392
0.0116277149953
0.0117551321763
0.0128886450423
0.012367669059
0.0112038900086
0.00865101652009
0.00769489976441
0.00652670475901
0.00728819448222
0.00685442002665
0.0078054045067
0.00877104833843
0.00971478771997
0.00916978356719
0.00843868250836
0.00757581695813
0.00639287508543
0.00572363426747
0.00602400850465
0.00758893415884
0.00811457445684
0.00960957107826
0.00950374696247
0.00940501342527
0.00834757053626
0.00827365101472
0.00870754865436
0.00946315997623
0.0081906444784
0.00872692261388
0.00809985643896
0.00809825005558
0.00809729684554
0.00725955549532
0.00845661178527
0.0101548885934
0.0108020717504
0.0120800703933
0.011744404223
0.0112420164861
0.00995832987504
0.00836697252258
0.00794063666606
0.00770990903585
0.00739021606929
0.00696472612958
0.00686420442023
0.00822920951467
0.00940027897753
0.011726803985
0.0128846032889
0.0139282556495
0.0127711080836
0.0116923599038
0.0101037233381
0.00821006000628
0.00704121652363
0.00701213932627
0.00810079937739
0.00829130159902
0.00937318603607
0.00894317832695
0.00894726002554
0.00768724169497
0.00771999587768
0.0075154032828
0.0076297750226
0.00840453145543
0.0102000108891
0.0094645922752
0.0117953798686
0.0121065548526
0.0123229984695
0.0116703788726
0.0115814650255
0.0110380270491
0.00946045753811
0.00849260052794
0.0062575450182
0.0053816082978
0.00569165627009
0.00620357175683
0.00587909938793
0.00151650731497
-0.00204642162066
-0.00498117269144
-0.00630416267767
-0.00459942286627
-0.000979140845131
0.00276135926412
0.00661225141222
0.00845285199611
0.00920653277434
0.00721791235895
0.00446743866853
0.00141345377484
-0.000820580878912
-0.00174813312279
-0.00176960545051
4.95471523168e-05
0.00184583611699
0.00374625446714
0.00536785414776
0.00643764116332
0.00711907442053
0.00775623917932
0.00787871810596
0.00882260384946
0.00839266058871
0.00825585312762
0.00780940604862
0.00489698789534
0.00262860525895
0.00217527420914
0.000478140252101
2.74384861213e-05
-0.00061265650304
0.000244690886253
0.00217664367887
0.00398734500556
0.00630553246718
0.00735627068863
0.00813151602883
0.00832600553157
0.00726251092068
0.0043934389791
0.00281814443795
0.00207413405002
0.00269694339302
0.00279637053288
0.00470089761522
0.00596935616273
0.00839122449297
0.00964928223603
0.0101896051946
0.0108109753838
0.00962265703721
0.00845120372871
0.00602742982355
0.00528937752761
0.00454315058669
0.00474852242706
0.00526175369546
0.00601413626841
0.00623355202096
0.00612324698153
0.00422877612335
0.00350504217833
0.00391733662152
0.00403218224877
0.00540887065071
0.00636306566927
0.0084858957545
0.00930448682839
0.0102707019496
0.0108981447447
0.010689094702
0.00975387716317
0.00910826202965
0.00881641209903
0.00871106632112
0.00805107729933
0.00752630983765
0.00627594445413
0.0064708773927
0.00637649053587
0.0063875337649
0.00682059692813
0.0087285761953
0.00924253234061
0.0104031844471
0.0100793816936
0.00995467160098
0.00845993911616
0.00771955104789
0.00667978292056
0.00687659811661
0.00646759409114
0.00605899431896
0.00721431235953
0.0075591481622
0.00734693238276
0.00712963985973
0.00691278793672
0.00628139374729
0.00648146355308
0.0063872920398
0.00618005274757
0.00617988522089
0.00660019696668
0.00650554559206
0.00661484132415
0.00703176864565
0.00735935526675
0.00737894714824
0.00769803021176
0.00854833738589
0.00780696521854
0.0081476003792
0.00845278573042
0.00846987719775
0.00835980847399
0.00562103622346
0.00595587093241
0.00851202612102
0.00902909758203
0.00913223278486
0.00883188085467
0.00776808099478
0.00647680431973
0.00539732425139
0.00478578665384
0.00459048114717
0.00500138802557
0.0058698584921
0.00671928037881
0.00767257310736
0.008731397149
0.00886687978239
0.00896452494233
0.00906728322711
0.0087675479004
0.00769390670473
0.00611073898665
0.00567849326673
0.00558485783446
0.005895094226
0.00835257472777
0.00750531907353
0.00770605227601
0.0080298851309
0.00877508091293
0.00951475681795
0.00973300785064
0.0103544713938
0.0100160164049
0.00949396027699
0.00906812498657
0.00767075619034
0.00669815582667
0.00542270465852
0.00543854761424
0.00543203391382
0.00596164516863
0.00659864160862
0.00884765922624
0.00905024208108
0.00883970408216
0.00832204288894
0.00727482817069
0.00494036592797
0.00390147335894
0.0024152951286
0.00400858179835
0.00549613153577
0.0067608208372
0.00803181569496
0.00833971979324
0.00677047552527
0.00634933027847
0.00520045866801
0.00541411417505
0.00818780785193
0.00934735229456
0.00999397764136
0.00776538552007
0.00640516281733
0.00407400341293
0.00658987504215
0.00713164724285
0.00747042440461
0.0074700807957
0.00770784394046
0.00864377174314
0.00949289810996
0.0105557415779
0.0107501996185
0.00916140424454
0.00766372487212
0.00565543269678
0.00500776967443
0.00385675715356
0.00438250841244
0.00628358023781
0.0069216354393
0.00807715621502
0.00794651419761
0.00771798309392
0.00623434646971
0.00441105636357
0.00323755114391
0.0047292013291
0.00506155735231
0.00707354544621
0.00728678333852
0.00694848144652
0.00582276793539
0.00529049982467
0.00518796922046
0.00647815595188
0.00765589123192
0.00990163546491
0.00731562372895
0.00644853446812
0.00496028343406
0.00326973794888
0.00296760479584
0.00232656439512
0.00212264103529
0.00405097930673
0.00726048253078
0.00727606066682
0.00845870076957
0.00773142283493
0.00741758925319
0.00794795086906
0.0097505793558
0.0103708671987
0.0107953935257
0.00950084017961
0.00821863986173
0.00567598982215
0.00462385249102
0.0034384153369
0.00452428284944
0.00568177212499
0.00771384959913
0.00994574420859
0.0105895620757
0.0104659660893
0.00970371560236
0.00917176623845
0.00808594105534
0.00794830728819
0.00707514109724
0.00696863453848
0.00666493559425
0.00677154300837
0.00680935007846
0.00808505538751
0.00885199399697
0.0100148555315
0.010755804294
0.0129924293156
0.0135111453313
0.0121212283335
0.0095569220847
0.00615968141666
0.00233670101395
-6.0316656798e-05
0.000467688214635
0.00163310105759
0.00461303066223
0.00736910978438
0.00941446222659
0.00941445915847
0.00944654160726
0.00799606561599
0.00619526831315
0.0057635309273
0.00649732272445
0.00700754925686
0.00794585773894
0.00899826556577
0.00946139581076
0.00902723701907
0.00956803987805
0.00809099585328
0.00509500960785
0.0040547069487
0.00287565308144
0.00318406225862
0.00465195276093
0.00489294802062
0.00553217679992
0.0043532138711
0.00339652718654
0.00190072814575
-9.68285186141e-06
-0.000123661512182
-0.00118899866004
-0.000959629552629
0.00141488375292
0.00364240097624
0.00581655917469
0.00701855965317
0.00927803258338
0.0104548020841
0.0110198264164
0.011020324864
0.0113313417486
0.00982246362533
0.00844400753288
0.00639295121836
0.00427804519102
0.00224917961273
0.00235326927316
0.00584288877483
0.00762897823083
0.0105966637292
0.0122909271686
0.0121555571288
0.00988800386181
0.00883348109442
0.00495612801269
0.0024053978244
-0.00141419690648
-0.00193264215511
-0.00117686330655
0.00113844923362
0.00276175411331
0.00521365423728
0.00618363515528
0.00799087717617
0.00672213196143
0.00555078767864
0.00365370343148
0.00230148168054
0.0022986998152
0.00326243068369
0.00520081998417
0.00849263442582
0.00911822862272
0.0108241843369
0.0108372262459
0.010313244201
0.00987563151779
0.00883967276876
0.00746808575417
0.00787818318112
0.00743825248999
0.00699040860757
0.00579029780916
0.00568187877362
0.00428563850858
0.00490054216243
0.00457446398393
0.00587231142022
0.00734990557051
0.00818100603965
0.00944003296235
0.0112333071696
0.0115434836256
0.010588178825
0.00795655750092
0.00721908439822
0.00575888549359
0.00481813758709
0.00449908666392
0.00409653610544
0.0035646025576
0.00358354818932
0.00294741423928
0.00211795164611
0.00236410507249
0.00257301994802
0.00322198201681
0.00472452982614
0.00587466717391
0.00775907294996
0.00784571903087
0.00803338450316
0.00662960092748
0.00554552569297
0.00438287710366
0.00363738628744
0.00290349314924
0.00366180042625
0.00450296184589
0.0052362339519
0.00651785469132
0.00737853496281
0.00737358455473
0.00768200883916
0.00631080585802
0.00527640942515
0.00493324757781
0.00432667117617
0.0054775765964
0.00633541666923
0.00716073417894
0.0072806379932
0.00674488794686
0.00645516018227
0.00456603119302
0.00425494233749
0.00363500918443
0.00554798026518
0.00607476249034
0.00829628313154
0.0086008670613
0.00935935598753
0.0095635185471
0.00796806322001
0.00665921835916
0.00484766782923
0.00385603372188
0.00323269186024
0.00187190634959
0.00261613343765
0.00274900719486
0.00484716672516
0.00645916779303
0.00696670204272
0.00758580699038
0.00760319886628
0.00697397254208
0.00612215011561
0.00571067637166
0.00443195027824
0.00539750778807
0.00548287446833
0.00622170407537
0.00695339259068
0.00760983281294
0.00697727776389
0.00689473636686
0.00735891575805
0.00641019211654
0.00631262300611
0.00664761899168
0.00495436304361
0.00347168261399
0.00264291272686
0.00126999509369
0.000390098720509
0.000600107155078
0.000921678029162
0.00122371399849
0.00185755347643
0.00132113215614
0.00142882267364
0.00219038833253
0.00315029040055
0.00484822715361
0.00611527062183
0.00717419530051
0.00780055968832
0.00788750821748
0.00745432371246
0.00673207530352
0.00516253225494
0.00452561743144
0.00303354936014
0.0029586276429
0.00190283626268
0.00116068927856
0.00136240040884
0.00186719001562
0.00123488369804
0.00198985664818
0.00188434863919
0.00181121135247
0.00139379012108
0.00162955621375
0.00248438327094
0.00277338031572
0.00362218412453
0.00422851947936
0.00350508314694
0.00318162392364
0.00147631641085
0.00224302568126
0.00253963251942
0.00401694867264
0.00431885289755
0.00483217162081
0.0047907796718
0.00457326927584
0.00331028778165
0.00375162499652
0.00336040248723
0.00359214934624
0.00392910331519
0.00592245322736
0.0058155374128
0.00610488912571
0.00484568956477
0.00206119016903
0.00110307337191
8.36336576792e-05
0.000740697258238
0.00215492427425
0.00480844950978
0.00671963673782
0.0082942265073
0.0090929305557
0.00840271238341
0.00667404525718
0.00488545103707
0.00405011667381
0.00395928285717
0.00378281936594
0.00442372372854
0.00548349606582
0.00623486489818
0.00641330074947
0.00547711853452
0.00430653790025
0.00314613936568
0.00888271965333
0.0108727334968
0.0118140996388
0.0106460986984
0.0084092692786
0.00608971523286
0.00346506361888
0.00286027599369
0.00308985884772
0.00490591543529
0.00526316912551
0.00740338590086
0.00729464991335
0.00622545238914
0.00450833770169
0.00215917825561
-7.61461218609e-05
-0.00179571916619
-0.0012503098402
0.000113594732559
0.00265536180056
0.0138448792398
0.0131068596535
0.0124438642677
0.00905662371801
0.00765162135553
0.00543394916537
0.00427614263596
0.0038563988099
0.00543648519972
0.00587808432823
0.0060121694799
0.00591605914334
0.00530382229738
0.00415864500324
0.00394659791848
0.00311240159164
0.00289362584358
0.00321833183669
0.00277427605804
0.00285376210546
0.00262220404235
0.00280679955201
0.00314504658495
0.0033359166786
0.00578482187499
0.00801588874301
0.00972512928216
0.010889622229
0.0109580707282
0.00946292168359
0.00628143863642
0.00341000676922
0.00150307077964
0.000379239932902
0.00102350755507
0.00275261474258
0.00468945146458
0.00716688202125
0.00865496390066
0.00938954121909
0.00843177167202
0.00798784021972
0.00722191100492
0.00626909083295
0.00603197257658
0.00528243682345
0.00400363084678
0.0024143698743
0.00212669700541
0.00140474612552
0.00195266679382
0.00284138783842
0.00358370563567
0.00551647258515
0.00656804699907
0.00740899209043
0.00751128645775
0.00610749345485
0.00436744525025
0.00256992765609
0.000648816683674
-0.00127134868937
-0.00171372320391
-0.00135450180598
2.50736618213e-05
0.00239986700412
0.0105090719338
0.0123309810268
0.0150914153326
0.0153069205801
0.0148795898672
0.0112744535524
-0.0011926207585
0.000491401026028
0.000729950830327
0.00287606845356
0.00468452562465
0.00683729752016
0.00822501597828
0.00886865620914
0.00833075862192
0.00704793360421
0.00584280167356
0.0044601046448
0.00189238593247
0.000499823296016
0.000197205713361
-0.000251143352471
0.00133654666422
0.00412620892753
0.00676408560074
0.00801843799399
0.0094318491199
0.0110152659764
0.00977569574219
0.00892751266849
0.00618215596316
0.0045005015183
0.00384393446605
0.00342355264867
0.00384006512166
0.00245420295119
0.0038221105954
0.0044379485963
0.00550984984362
0.00666684597113
0.00795987675213
0.00679218432599
0.00594975168537
0.00468254300152
0.00371750192211
0.00278394656611
0.00214134635211
0.00226163624428
0.00204220250895
0.000896159928136
0.000802844169813
-0.00065761781647
-0.000127603288567
0.00112128638847
0.00282631242513
0.0038782744311
0.00620772198424
0.00662011024139
0.00597064510764
0.00563500779604
0.00510125278863
0.00381638472251
0.00361424057237
0.00328239155313
0.00329230556866
0.00254798670632
0.001076395962
0.000976441984306
0.000560941514644
0.00194048899943
0.00270987585624
0.00442068294365
0.00556668914722
0.00694262745948
0.00726015176869
0.0067052790229
0.00575224532795
0.00341974057813
0.00247294951462
0.00143972703546
0.00167430474469
0.00230803473217
0.00370713953774
0.00521156165253
0.00703011843593
0.00778367920802
0.0081146098498
0.00746438791711
0.00660968209242
0.00437575587496
0.00339689633243
0.00167505370142
0.000900349895373
0.00141561054508
0.00352537021798
0.00416065268424
0.00584726283279
0.00763380522984
0.00840626446935
0.00829423420841
0.00863355051929
0.00766771587849
0.00639669088874
0.00493238575104
0.00281162017603
0.00257589614065
0.00260110421195
0.00271929272163
0.00198551341905
0.00241666391691
0.00264855184228
0.00328359481093
0.00542726232641
0.00681079842719
0.0082874546673
0.00826934052264
0.00774510884033
0.00591075732979
0.00270610743915
0.000673385151373
4.68714130331e-05
-0.000397085142235
0.001640350823
0.00311551492783
0.00483516301575
0.00620826445162
0.00662493793464
0.00704808110442
0.00272844146995
0.00260876522243
0.000289836069123
0.00126653255633
0.00194218421472
0.00590272758166
0.00761971063399
0.00836557999623
0.00655340642494
0.00505842778629
0.00230404549094
-0.000693607782247
-0.0023897956502
-0.00145486757008
3.67568245198e-05
0.00266675434692
0.00436653785589
0.00615631947924
0.00691094248787
0.00767764686959
0.00812371423457
0.00895826120772
0.0104255532819
0.0108378335675
0.00994286144498
0.00707106814364
0.00537770104689
0.00167108921774
-0.000233444031105
-0.00129417736836
-0.00118663340543
5.76353618525e-07
0.00173862016682
0.00281537871709
0.00389221309373
0.00540055005873
0.005445450491
0.0050162081457
0.00426414032297
0.00414446434683
0.00295889484878
0.00207150075032
0.00163829948358
0.000477808461385
0.000382263322568
0.00028884670888
0.00179093400555
0.00306759494019
0.00541940896165
0.00669837746247
0.00893768083688
0.00903290448118
0.00881537685951
0.00731306604415
0.00540292141541
0.00198817321527
0.00070758034427
-0.000975982445756
-0.0011989789456
-0.000458659780153
0.00142858194911
0.00261623595411
0.00494754123478
0.00683966507285
0.00758258339015
0.00941389079888
0.00919248829637
0.0095195192997
0.0086528957769
0.00602385550807
0.0040056728139
0.000307420407846
-0.00297591762365
-0.00621642098519
-0.00578011924343
-0.0050268946927
-0.00278445090366
0.000818318264059
0.00241419647977
0.00582044778334
0.00759246167172
0.00746980269809
0.00731394393923
0.0062439243544
0.00367274856856
0.00262757524502
0.00270710289054
0.00219326028374
0.00187897895126
0.00264462717965
0.00306005464992
0.00225531391292
0.0020613194045
0.000823143583938
0.00104457114116
0.00117149346259
0.00108840327089
0.00130413377888
0.00075781490237
0.000327830563749
2.97791880842e-05
0.000242588262112
-0.00179004366102
-0.00105123437354
-0.00159376408199
-0.000108829851228
0.000419745819979
0.00244590090965
0.00454151095205
0.00670113936931
0.00689875448585
0.00594488278718
0.00379934186363
0.00197509844294
0.00134818555834
0.000573230329365
0.000157937290947
0.000272902925107
0.00110829513677
0.00162783226342
0.00291455325194
0.0038509937394
0.00491341985994
0.0050137216872
0.00585742517215
0.00667476173002
0.00664780167045
0.00665833892396
0.00484737027873
0.00463354724501
0.00263362331567
0.000924516262726
0.000734109298954
0.0015050937069
0.00213974090383
0.004401648309
0.00536232681722
0.00695253667553
0.00747513290222
0.00714379319724
0.00598641852371
0.00461282760745
0.00276681924894
0.00191544263479
0.000425169611771
0.000204731181889
0.00181055786454
0.00211843077666
0.00350005364359
0.00406528668975
0.00459471444426
0.00546627770114
0.00428539960809
0.00385269486393
0.0032044133037
0.00339227681506
0.00380552715122
0.0039087508724
0.00539517957599
0.00562104599476
0.00624041788431
0.00614746152045
0.00647696987867
0.00639205285302
0.00628971585462
0.00482773823079
0.00451736153851
0.00357582420223
0.00306059818798
0.00265379186184
0.00180667977282
0.0015704343045
0.00224273978948
0.00234193848691
0.00549955442241
0.00624560437969
0.00310135001397
0.00183185356804
0.000549901120054
0.000437755653556
0.000435111376296
0.000518812118804
0.00138361217741
0.00289108790001
0.00575698171483
0.00649539726548
0.00596825515537
0.00637497959766
0.00510870053905
0.0042674927114
0.00423522417937
0.00328900823053
0.0041172800459
0.00432469561296
0.00582142699618
0.00648580198538
0.00692605696778
0.00715818113004
0.00804421015851
0.00794635169392
0.00835754648634
0.00793203451101
0.00581046863962
0.00485694448408
0.00368787006014
0.00208094497425
0.00156012178672
0.00239585752852
0.00303813616923
0.00326109156146
0.00514044684045
0.00513578942767
0.00533204620999
0.00584459197211
0.0060538975959
0.00625178779896
0.00666815133235
0.00583142138672
0.006164458982
0.00563197386924
0.00499445050811
0.00521357027602
0.00489273647631
0.00426392671188
0.00438337068725
0.00439204839719
0.00356533851278
0.00494416294122
0.00581296549749
0.00645158709977
0.00560085067791
0.00391593591678
0.0032739196802
0.000916714432316
0.000155762007141
1.85572203563e-05
0.00107006723494
0.00148780091482
0.00309791790464
0.00320652035768
0.00407175401396
0.00483837873077
0.00557456985518
0.00537242638332
0.00612351876779
0.0061136020608
0.00579660254975
0.00651878754809
0.00513965384832
0.00438430145075
0.00323333674676
0.00269248743152
0.00206402032634
0.00218008322145
0.00208457688399
0.00190210438074
0.00348228285126
0.00464961732684
0.005060308376
0.00623931768232
0.00613069851977
0.00697779607456
0.00538906297289
0.00380546831814
0.0034793071923
0.00262712680672
0.00200004370397
0.00207399256991
0.00220087609478
0.00248991240089
0.0025917525796
0.00225603742845
0.00205375864982
0.00140729912296
0.00213502037961
0.00257011716479
0.00350560857382
0.00456574068222
0.0050758361533
0.00557997209704
0.00546385771742
0.00514053186649
0.00514454050493
0.00460283467766
0.00448412519423
0.00417279586116
0.00417388312188
0.0042902903042
0.00547288555292
0.00442054809479
0.00453508293657
0.00378580238783
0.00220935651878
0.00357831466124
0.00328643739941
0.00413023412905
0.00434649965454
0.00690417192009
0.00530656250494
0.00443397146371
0.0034741380014
0.00273991855876
0.00316439407959
0.00293608546615
0.00368382872291
0.00538596484469
0.00539073436063
0.00506636447506
0.00621734861052
0.00495547187011
0.00580515154364
0.00537004147177
0.0057884336246
0.00631967541608
0.00536109163338
0.00559196407636
0.00580350233658
0.00537923292067
0.00528394673668
0.00485232753716
0.00517791726825
0.00540002858997
0.00497646633957
0.00468601070873
0.00435472895666
0.0041522636924
0.00447070148636
0.00405574043241
0.00472180532082
0.00480933478502
0.00524844224753
0.00525962528682
0.00418821162055
0.00344929705299
0.00249021637182
0.00262136058809
0.00250126191191
