51.7443249226
51.7453212738
51.7463240623
51.7473282814
51.7483243942
51.7493271828
51.7503166199
51.751316309
51.7523245811
51.7533245087
51.7543246746
51.7553479671
51.7563316822
51.7573320866
51.7583158016
51.7593183517
51.7603161335
51.761310339
51.7623128891
51.7633166313
51.7643084526
51.7653210163
51.7663121223
51.7673265934
51.7683107853
51.7693054676
51.7703027725
51.7713046074
51.7723031044
51.7733075619
51.7745456696
51.7755432129
51.7762978077
51.7773008347
51.778583765
51.7795414925
51.7805404663
51.7815413475
51.7825419903
51.7835886478
51.7842915058
51.7855422497
51.7865405083
51.7875409126
51.7885985374
51.7895448208
51.7905824184
51.7915408611
51.7922933102
51.7935361862
51.7975342274
51.7985315323
51.7995307446
51.800526619
51.8015275002
51.8025348186
51.8035264015
51.8045217991
51.805526495
51.8063306808
51.8075187206
51.8085198402
51.8095211983
51.8105220795
51.8115229607
51.8125214577
51.8135180473
51.8145205975
51.815518856
51.8165185452
51.8175210953
51.8185169697
51.8195147514
51.8205182552
51.8215174675
51.8225193024
51.8236322403
51.8245174885
51.8255183697
51.8263335228
51.8275096416
51.828571558
51.8295836449
51.8305568695
51.8315622807
51.8325104713
51.8375093937
51.8385534286
51.8395063877
51.840503931
51.841504097
51.8425071239
51.8435044289
51.8445029259
51.8455069065
51.8464999199
51.8475086689
51.8485004902
51.849503994
51.8595032692
51.8603854179
51.8615043163
51.8624970913
51.8634984493
51.8644983768
51.8654968739
51.8664913177
51.8674910069
51.8684909344
51.8694913387
51.8704917431
51.8714892864
51.8724884987
51.8734891415
51.8744924068
51.875487566
51.8764886856
51.8774914742
51.8784902096
51.8794867992
51.8834822178
51.8844971657
51.8854813576
51.8864815235
51.887481451
51.8884778023
51.8894770145
51.8904809952
51.8914775848
51.8924770355
51.8934738636
51.8944785595
51.8954811096
51.8964755535
51.897482872
51.898473978
51.8994736671
51.9004743099
51.9014699459
51.9024677277
51.9034712315
51.9045083523
51.9054663181
51.9064674377
51.9074707031
51.9084672928
51.9094662666
51.9104781151
51.911468029
51.9134659767
51.9144661427
51.9154639244
51.9164657593
51.9174625874
51.9184606075
51.9194664955
51.9204614162
51.9214639664
51.9224655628
51.923469305
51.9245214462
51.9254646301
51.9264836311
51.9274604321
51.9284565449
51.9294760227
51.9304666519
51.9314546585
51.9324615002
51.9364547729
51.9374554157
51.9384529591
51.9394545555
51.9404513836
51.9414520264
51.9424579144
51.9434528351
51.9444489479
51.9454498291
51.9464449883
51.9474475384
51.9484517574
51.949454546
51.9504487514
51.9514577389
51.9524478912
51.9534454346
51.9544456005
51.9554419518
51.9564454556
51.9574458599
51.9584453106
51.9594686031
51.9604463577
51.9614436626
51.9634375572
51.9644396305
51.9654407501
51.9664394855
51.9674370289
51.9684352875
51.9694359303
51.9704353809
51.9714412689
51.9724378586
51.9734325409
51.9744389057
51.9754378796
51.9764389992
51.9774363041
51.9784398079
51.9794437885
51.9804353714
51.9814412594
51.9824285507
51.9834251404
51.9844269753
51.9854252338
51.986423254
51.9874341488
51.9884574413
51.9894237518
51.9904191494
51.9914236069
51.992420435
51.9934215546
51.9944167137
51.9954192638
51.9964146614
51.9974548817
51.9984197617
51.999417305
52.0004169941
52.00142169
52.0024242401
52.0034151077
52.0044140816
52.0054142475
52.0064203739
52.0074195862
52.00841856
52.0094194412
52.0104191303
52.0114121437
52.0124132633
52.013412714
52.0144114494
52.0154483318
52.0164041519
52.0174109936
52.0184483528
52.0194487572
52.0204014778
52.0214040279
52.0224061012
52.0234014988
52.0244417191
52.0254018307
52.0263879299
52.0273981094
52.028386116
52.0294177532
52.0304133892
52.0313982964
52.036397934
52.0373888016
52.038387537
52.0394556522
52.0404551029
52.0414013863
52.0423994064
52.0433859825
52.0444087982
52.0453996658
52.0463981628
52.0473833084
52.0483882427
52.049382925
52.050381422
52.0513842106
52.0523788929
52.053394556
52.0543797016
52.0553796291
52.0563840866
52.058380127
52.0593838692
52.0603766441
52.0613722801
52.0623710155
52.0633735657
52.0643744469
52.0656325817
52.0663743019
52.0673692226
52.0683701038
52.0693750381
52.0703735352
52.0713732243
52.0723829269
52.0743739605
52.0753736496
52.0763690472
52.0774300098
52.0783679485
52.0793652534
52.0803642273
52.081363678
52.0823805332
52.083365202
52.0844347477
52.0853660107
52.0863654613
52.0873656273
52.0883593559
52.0893545151
52.0903563499
52.0913619995
52.0923595428
52.093362093
52.0943601131
52.0953593254
52.0963537693
52.0974195004
52.0983555317
52.0993478298
52.1003642082
52.1013689041
52.10242033
52.103374958
52.1043498516
52.1053538322
52.1063451767
52.1073639393
52.1083493233
52.109349966
52.1103625298
52.1113483906
52.1123490334
52.1133494377
52.1143491268
52.115350008
52.1163480282
52.1173481941
52.1183493137
52.1193468571
52.1203513145
52.1216454506
52.1223886013
52.1233432293
52.1243488789
52.1253874302
52.1263473034
52.1273424625
52.1283383369
52.1303408146
52.1313393116
52.1323387623
52.1333396435
52.1343345642
52.1353445053
52.1363453865
52.1373438835
52.1383430958
52.1403343678
52.1413376331
52.1423308849
52.1433808804
52.1443412304
52.1453375816
52.1463356018
52.147384882
52.1483283043
52.1493291855
52.150321722
52.1513359547
52.1523222923
52.1533284187
52.1543216705
52.1553287506
52.1563227177
52.1573295593
52.1583218575
52.1593213081
52.1603171825
52.1613235474
52.1623222828
52.1633265018
52.1643159389
52.1653289795
52.1663193703
52.1673307419
52.1683177948
52.1693334579
52.1703307629
52.1713218689
52.1723198891
52.1733191013
52.1743199825
52.1753280163
52.1763124466
52.1773130894
52.1783165932
52.1793124676
52.1803107262
52.1813087463
52.1825516224
52.1835508347
52.1846079826
52.1855490208
52.1865434647
52.1875960827
52.1883480549
52.1895442009
52.1905918121
52.1915555
52.1925470829
52.1935470104
52.1945440769
52.1955389977
52.1965425014
52.1975431442
52.1985425949
52.1995475292
52.2005472183
52.2015428543
52.202552557
52.203565836
52.2045488358
52.2055449486
52.206543684
52.207546711
52.2083396912
52.2095406055
52.2105362415
52.2115390301
52.212536335
52.2135350704
52.2145345211
52.2155349255
52.2165317535
52.2175314426
52.2185270786
52.2195341587
52.2205305099
52.22148633
52.2226696014
52.2235887051
52.2245726585
52.2256662846
52.2266561985
52.2275879383
52.2286798954
52.2295238972
52.230550766
52.231523037
52.233518362
52.2345182896
52.2355184555
52.236518383
52.2375178337
52.2385189533
52.2395148277
52.2405142784
52.2415175438
52.2425162792
52.2435119152
52.2445116043
52.2455108166
52.2465128899
52.2475128174
52.2485125065
52.2495121956
52.2505090237
52.2515108585
52.2525055408
52.255515337
52.2565126419
52.25750494
52.2585041523
52.259503603
52.2605452538
52.2615115643
52.262506485
52.2634983063
52.2645022869
52.2655022144
52.2665464878
52.2675015926
52.268499136
52.2694995403
52.2705001831
52.2715024948
52.2724986076
52.2735013962
52.2744970322
52.2755045891
52.2764987946
52.27749753
52.2785015106
52.2794995308
52.2804989815
52.2815001011
52.2825016975
52.2835018635
52.2845151424
52.2854967117
52.2864964008
52.2875185013
52.2884948254
52.2894937992
52.290494442
52.2914953232
52.2924900055
52.2934889793
52.2944920063
52.2954864502
52.2965016365
52.2974932194
52.3004846573
52.3014917374
52.3025040627
52.3034796715
52.3044741154
52.3054749966
52.3064782619
52.30747962
52.3084754944
52.3094756603
52.3104739189
52.3114800453
52.3124778271
52.3134856224
52.3144843578
52.3154728413
52.316475153
52.3174753189
52.3184738159
52.3194727898
52.3204753399
52.3214747906
52.3224732876
52.3234710693
52.3244678974
52.3254656792
52.3264710903
52.327464819
52.3284652233
52.3294706345
52.3304641247
52.3314716816
52.3324663639
52.3354606628
52.3364658356
52.3374650478
52.3384652138
52.3394637108
52.3404598236
52.3414626122
52.3424568176
52.3434717655
52.3444797993
52.345454216
52.346455574
52.347454071
52.3484780788
52.3494565487
52.3504743576
52.3514547348
52.3524546623
52.3534567356
52.3544530869
52.3554654121
52.3564617634
52.3574614525
52.3584504128
52.3594620228
52.3604569435
52.3614521027
52.3624575138
52.3634514809
52.36445117
52.3654532433
52.3664484024
52.3674547672
52.3684523106
52.3694496155
52.3704528809
52.3714520931
52.3724517822
52.3734507561
52.3744502068
52.3754637241
52.3764503002
52.3774487972
52.3784484863
52.3794481754
52.3804531097
52.3814485073
52.3824770451
52.3834347725
52.3844397068
52.3854677677
52.3864355087
52.3874735832
52.3884575367
52.3894376755
52.3904399872
52.3914418221
52.3924341202
52.3934407234
52.39442873
52.3954293728
52.3964252472
52.3974707127
52.3984582424
52.399474144
52.4004285336
52.4014332294
52.4024710655
52.403431654
52.4044482708
52.4055495262
52.4064555168
52.4074211121
52.4084913731
52.4094648361
52.4104893208
52.4114882946
52.4125230312
52.4134514332
52.4144921303
52.4154891968
52.4164247513
52.4174439907
52.4184904099
52.4194920063
52.4204640388
52.4214727879
52.4224584103
52.4234540462
52.424454689
52.4254214764
52.4264159203
52.4274339676
52.4284141064
52.429475069
52.4305412769
52.4314136505
52.4324657917
52.4354028702
52.4364070892
52.4384183884
52.4394087791
52.4404027462
52.4413979053
52.442397356
52.4433994293
52.4443993568
52.4453976154
52.4463984966
52.4473981857
52.4483895302
52.4503827095
52.4513998032
52.4523978233
52.4533879757
52.4543840885
52.4553842545
52.4563851357
52.4573805332
52.4583785534
52.459387064
52.460375309
52.4613769054
52.4623754025
52.46337533
52.4643745422
52.4653737545
52.4664280415
52.4674239159
52.4683887959
52.4694287777
52.4703733921
52.4713726044
52.4723749161
52.4733698368
52.4743673801
52.4753699303
52.4763629436
52.4773671627
52.4783620834
52.4793627262
52.4803800583
52.481366396
52.4823691845
52.4833674431
52.4843628407
52.4853639603
52.4863631725
52.4873597622
52.4883570671
52.4923565388
52.4933547974
52.494353056
52.4953539371
52.4963517189
52.4973521233
52.4983508587
52.499352932
52.5003533363
52.5013589859
52.5023508072
52.5033488274
52.5043544769
52.5053553581
52.5063567162
52.5073592663
52.5083591938
52.5093502998
52.5103609562
52.5113508701
52.5123581886
52.5133502483
52.5143549442
52.5153486729
52.516351223
52.5173437595
52.5183537006
52.5193769932
52.5204195976
52.5215964317
52.5223510265
52.5233597755
52.5243520737
52.525343895
52.5263464451
52.5273444653
52.5283491611
52.5293431282
52.5303394794
52.5313405991
52.5323395729
52.5333440304
52.53434062
52.5353422165
52.5363378525
52.5393464565
52.5403432846
52.5413339138
52.5423374176
52.5433330536
52.5443379879
52.5453372002
52.5463416576
52.5473427773
52.5483355522
52.5493490696
52.5503408909
52.5513412952
52.552328825
52.5533428192
52.5543317795
52.5553278923
52.5563223362
52.5573344231
52.5583224297
52.5595664978
52.5603301525
52.5613148212
52.5623641014
52.56331563
52.5643129349
52.5653173923
52.5663123131
52.5673098564
52.568310976
52.5693120956
52.5703103542
52.5713133812
52.5723147392
52.5733118057
52.5743079185
52.5753126144
52.5763168335
52.5773155689
52.5783238411
52.5793161392
52.5803155899
52.5813157558
52.5823092461
52.583553791
52.5843000412
52.5853219032
52.5863099098
52.5875580311
52.5885620117
52.5895555019
52.5903086662
52.5915598869
52.5925602913
52.5935463905
52.594543457
52.5955588818
52.5965549946
52.5975620747
52.5985515118
52.5995390415
52.6005401611
52.6015393734
52.6025435925
52.6035349369
52.6045296192
52.6055378914
52.6062884331
52.6075358391
52.6085386276
52.609536171
52.6105334759
52.611574173
52.6125338078
52.6135294437
52.6145803928
52.6155290604
52.6165225506
52.617528677
52.6185288429
52.6195478439
52.620593071
52.6215493679
52.6225237846
52.6235239506
52.6245353222
52.6255762577
52.6265358925
52.627532959
52.6285281181
52.629537344
52.6305260658
52.6315307617
52.6325268745
52.6335172653
52.6345155239
52.6355164051
52.6365191936
52.6375226974
52.6385216713
52.6395142078
52.640516758
52.6415178776
52.6425125599
52.64351511
52.6445450783
52.6455094814
52.6465320587
52.6475231647
52.648550272
52.6495518684
52.6505382061
52.6515088081
52.6525065899
52.65351367
52.6545042992
52.6555049419
52.6565041542
52.657501936
52.6585066319
52.6595036983
52.6605055332
52.6615071297
52.6625089645
52.6634955406
52.6644976139
52.6655139923
52.6665074825
52.6675002575
52.6684956551
52.6695084572
52.6703324318
52.6715126038
52.672495842
52.6734974384
52.6744959354
52.6754932404
52.6765315533
52.677489996
52.6784961224
52.6794905663
52.680542469
52.6814916134
52.6824901104
52.6835026741
52.6844990253
52.6854867935
52.6864898205
52.6874878407
52.6885313988
52.6894836426
52.6904890537
52.6914832592
52.6924788952
52.6934845448
52.6944773197
52.6954810619
52.6965038776
52.6974856853
52.6984813213
52.6994838715
52.7004814148
52.7014799118
52.702372551
52.7035536766
52.7045183182
52.7054791451
52.7064766884
52.7074751854
52.7085273266
52.7094962597
52.7105195522
52.7114884853
52.7124714851
52.713470459
52.7144677639
52.7154738903
52.71647048
52.7174808979
52.7184708118
52.7195096016
52.7205753326
52.7214696407
52.7224698067
52.723477602
52.7244632244
52.7254679203
52.72645998
52.7274606228
52.7284588814
52.7294609547
52.7304570675
52.731459856
52.7324595451
52.7335045338
52.7344646454
52.7364621162
52.7375006676
52.7384598255
52.7394697666
52.7404794693
52.741468668
52.7424755096
52.7434735298
52.7444765568
52.745474577
52.7464604378
52.7474548817
52.7484583855
52.7494559288
52.7504594326
52.7514591217
52.7524547577
52.75345397
52.7544565201
52.7554576397
52.7564527988
52.7574493885
52.758446455
52.7594504356
52.7604491711
52.7614462376
52.7624499798
52.7634418011
52.7644429207
52.7654440403
52.7664453983
52.7674443722
52.7684421539
52.7694413662
52.7704472542
52.7714457512
52.7724473476
52.7734425068
52.7744398117
52.7754399776
52.7764382362
52.7774407864
52.7784337997
52.7794384956
52.780431509
52.7814352512
52.7824335098
52.783441782
52.7844369411
52.7854425907
52.7864384651
52.7874388695
52.7884349823
52.7894380093
52.79043293
52.7914361954
52.7924249172
52.7934269905
52.7944252491
52.7954335213
52.7964367867
52.7974305153
52.7984251976
52.7994308472
52.8004279137
52.8014352322
52.8024332523
52.8034286499
52.8044261932
52.8054230213
52.8064441681
52.8074266911
52.8084256649
52.8094210625
52.8104219437
52.8114266396
52.8124186993
52.8134195805
52.814428091
52.8154206276
52.8164157867
52.8174190521
52.8184137344
52.8194143772
52.8204135895
52.8214123249
52.8224241734
52.8234159946
52.8244125843
52.825414896
52.8264114857
52.8274159431
52.8284158707
52.8294153214
52.8304138184
52.8314197063
52.8324117661
52.8344101906
52.8354077339
52.8364081383
52.8374035358
52.8384017944
52.839402914
52.8403983116
52.8414006233
52.8424072266
52.843398571
52.8443982601
52.8454017639
52.8463988304
52.8473954201
52.8484017849
52.8493952751
52.8504016399
52.8543977737
52.8553874493
52.8563971519
52.8573856354
52.8623869419
52.8633823395
52.8643841743
52.8653850555
52.8663785458
52.8673825264
52.8683791161
52.8693726063
52.8703758717
52.8713731766
52.8723709583
52.8733701706
52.874373436
52.875377655
52.8763811588
52.8773655891
52.8783707619
52.87936759
52.8803834915
52.8813705444
52.8823804855
52.8833732605
52.8843855858
52.8853707314
52.8863852024
52.8873639107
52.8883712292
52.8893654346
52.8903632164
52.8913664818
52.8923668861
52.893362999
52.8943619728
52.8953590393
52.8963563442
52.8973608017
52.9003574848
52.9013569355
52.9023551941
52.9033586979
52.9043562412
52.9054031372
52.9063558578
52.9073534012
52.9083521366
52.9093465805
52.9103474617
52.9113504887
52.9123518467
52.9133470058
52.9143455029
52.9153516293
52.9163424969
52.9173989296
52.9184336662
52.9193873405
52.9204471111
52.9213821888
52.9223463535
52.9233541489
52.924374342
52.9253542423
52.9263606071
52.9273612499
52.9283525944
52.9293487072
52.9303452969
52.931344986
52.9323446751
52.93334198
52.9343354702
52.9353365898
52.9363384247
52.9373352528
52.938338995
52.9393372536
52.940340519
52.9413409233
52.9423356056
52.9433414936
52.9443423748
52.9453427792
52.9463393688
52.9473445415
52.9483323097
52.9493401051
52.9503295422
52.9513280392
52.9523265362
52.9533269405
52.9543242455
52.9553256035
52.9563221931
52.9573256969
52.9583220482
52.9593272209
52.9603598118
52.9613230228
52.9623250961
52.9633178711
52.9643182755
52.9653201103
52.9663152695
52.9673249722
52.9683208466
52.9693207741
52.9703140259
52.9713175297
52.9723153114
52.9733190536
52.9803206921
52.981313467
52.9823150635
52.9833157063
52.9843115807
52.9853086472
52.9863052368
52.9873123169
52.9883024693
52.9893078804
52.9903008938
52.9915540218
52.9922986031
52.9933099747
52.9955453873
52.9965913296
52.9975717068
52.9983003139
52.9995415211
53.0005474091
53.0015540123
53.0025477409
53.0035402775
53.0045361519
53.0055367947
53.0062949657
53.0075347424
53.0085361004
53.0095350742
53.0105326176
53.0115337372
53.0125348568
53.0135350227
53.0145328045
53.015532732
53.0165290833
53.0175330639
53.0185310841
53.0195293427
53.0203630924
53.0215313435
53.0225732327
53.0235693455
53.024377346
53.0255374908
53.0265409946
53.0275499821
53.0285336971
53.029538393
53.0305330753
53.031537056
53.0326271057
53.035333395
53.0365242958
53.0375266075
53.0385203362
53.0393610001
53.0405204296
53.0415189266
53.0425419807
53.043517828
53.0445263386
53.0455646515
53.0465211868
53.0475177765
53.0485639572
53.0495159626
53.0505161285
53.0515186787
53.0525186062
53.0535142422
53.0545220375
53.0575180054
53.058508873
53.05950737
53.0605053902
53.0615489483
53.062517643
53.0635015965
53.0645024776
53.0654997826
53.0664980412
53.0674996376
53.0685043335
53.0695035458
53.070507288
53.0715074539
53.0745046139
53.0755009651
53.0765035152
53.0775043964
53.0785024166
53.079511404
53.080504179
53.0815093517
53.0825219154
53.0835053921
53.0845074654
53.085504055
53.0865039825
53.0875082016
53.088517189
53.0895152092
53.090503931
53.0955002308
53.096498251
53.0975046158
53.0985031128
53.0994925499
53.1004984379
53.1015021801
53.102489233
53.1034889221
53.1044902802
53.1054873466
53.10648489
53.1074919701
53.1085045338
53.1094813347
53.1104815006
53.1114821434
53.1124908924
53.1134805679
53.1144785881
53.1154778004
53.1164748669
53.1174755096
53.1184792519
53.1194779873
53.1204743385
53.1214754581
53.1225018501
53.1235003471
53.1245102882
53.1254777908
53.1264781952
53.1274821758
53.1304838657
53.1314814091
53.1324756145
53.1364839077
53.1374893188
53.1384754181
53.1394846439
53.1404752731
53.1414730549
53.1424868107
53.1434948444
53.144490242
53.145481348
53.1464745998
53.1474685669
53.1484744549
53.1494705677
53.1504952908
53.1514673233
53.1524775028
53.1534690857
53.1544678211
53.1554691792
53.1564643383
53.1574664116
53.1584641933
53.1594626904
53.1604614258
53.1614735126
53.1624948978
53.1635277271
53.1645169258
53.1654620171
53.1664590836
53.1674661636
53.1684651375
53.1694560051
53.1704506874
53.1714551449
53.172457695
53.1734628677
53.1744515896
53.1764545441
53.1774566174
53.1784536839
53.1794531345
53.1804542542
53.1814537048
53.1824502945
53.1834566593
53.1844491959
53.1854434013
53.1864469051
53.1874539852
53.188472271
53.1894614697
53.1904585361
53.1914639473
53.1924648285
53.1934432983
53.1944365501
53.1954362392
53.1964399815
53.1974368095
53.1984734535
53.1994345188
53.2004370689
53.2014417648
53.2024502754
53.2034432888
53.2044448853
53.2054321766
53.2104830742
53.2114419937
53.2124414444
53.2134358883
53.2144382
53.2154283524
53.2164266109
53.2174253464
53.2184352875
53.2194275856
53.2204215527
53.2214221954
53.2224211693
53.2234213352
53.2244186401
53.2254197598
53.2264466286
53.2274246216
53.2284693718
53.2294356823
53.2304275036
53.2314186096
53.2324175835
53.2334148884
53.2344124317
53.2354154587
53.2364132404
53.23742342
53.2384121418
53.239418745
53.240424633
53.2414143085
53.2424199581
53.2434191704
53.2444195747
53.2454152107
53.2464251518
53.2474088669
53.2484066486
53.2494320869
53.2504103184
53.2514090538
53.2524049282
53.2534072399
53.2544398308
53.255402565
53.2563958168
53.2574000359
53.2584295273
53.2594430447
53.2603991032
53.2614035606
53.2623958588
53.263399601
53.2643868923
53.2653958797
53.26638484
53.2673864365
53.2683990002
53.2693891525
53.2703955173
53.2713866234
53.2723844051
53.2733845711
53.2743799686
53.275380373
53.2763750553
53.2773811817
53.2783837318
53.2793831825
53.2803752422
53.281380415
53.2823774815
53.2833786011
53.284424305
53.2853779793
53.2863793373
53.287375927
53.2884254456
53.2894339561
53.2973849773
53.2983710766
53.2993741035
53.3003652096
53.3013665676
53.3023645878
53.3033635616
53.3043618202
53.3053662777
53.3083622456
53.309360981
53.3103604317
53.311360836
53.3123607635
53.3133556843
53.3143541813
53.3153557777
53.3163540363
53.3173544407
53.3183479309
53.3193509579
53.3203496933
53.3213517666
53.3223593235
53.3233530521
53.3243455887
53.3253557682
53.3263533115
53.3273558617
53.3283550739
53.3293619156
53.3303587437
53.3313634396
53.332354784
53.3333508968
53.3343493938
53.3353507519
53.3363432884
53.3373429775
53.3383433819
53.3393414021
53.3403418064
53.3413476944
53.3423411846
53.3433406353
53.3443381786
53.3453426361
53.34634161
53.3473412991
53.3483419418
53.3493385315
53.3503410816
53.351344347
53.3523471355
53.3533391953
53.3543393612
53.3553349972
53.3563389778
53.3573353291
53.3583362103
53.3593330383
53.3603351116
53.3613359928
53.3623321056
53.3633303642
53.364325285
53.3653333187
53.3663303852
53.3673353195
53.3683292866
53.3693344593
53.3703379631
53.3713262081
53.3723268509
53.3733282089
53.3743257523
53.3753247261
53.3763229847
53.3773272038
53.3783254623
53.3793244362
53.380314827
53.3813199997
53.3823187351
53.3833227158
53.3843200207
53.3853189945
53.3863165379
53.3873128891
53.3883111477
53.389316082
53.3903150558
53.3913223743
53.3923180103
53.3933146
53.3943142891
53.3953089714
53.3963112831
53.3973128796
53.3983125687
53.3993093967
53.4003140926
53.4015564919
53.4025506973
53.4035937786
53.4045481682
53.4055497646
53.4065489769
53.4075479507
53.408550024
53.4095489979
53.4105491638
53.4112992287
53.4125459194
53.413551569
53.4145491123
53.4155509472
53.4165561199
53.4175655842
53.4195969105
53.420550108
53.4215438366
53.4225382805
53.4235355854
53.4245312214
53.4255404472
53.4265375137
53.427533865
53.4285383224
53.4295444489
53.4305381775
53.4315419197
53.4335291386
53.4345400333
53.4355342388
53.4365308285
53.4415228367
53.4425239563
53.443523407
53.4445278645
53.4455196857
53.4465355873
53.4475166798
53.4485161304
53.4495162964
53.4505620003
53.4515428543
53.4525125027
53.453512907
53.4545087814
53.455514431
53.4565095901
53.4575123787
53.458553791
53.4595112801
53.4605052471
53.4615092278
53.4625058174
53.4635045528
53.4645600319
53.4655148983
53.4665637016
53.4675145149
53.468521595
53.4695148468
53.4705274105
53.4715130329
53.4735069275
53.4745059013
53.4775013924
53.4785029888
53.4795017242
53.4804999828
53.4814996719
53.4825060368
53.483499527
53.4844911098
53.4855051041
53.4865009785
53.4874925613
53.4884963036
53.4894933701
53.4904909134
53.4914970398
53.4934904575
53.4944951534
53.4954955578
53.4964902401
53.4974944592
53.4984874725
53.4994874001
53.5004870892
53.5014894009
53.5024952888
53.5034945011
53.5044946671
53.5054836273
53.5064880848
53.5074827671
53.5084831715
53.5094792843
53.5104978085
53.5114867687
53.5124847889
53.5134811401
53.5144791603
53.5154764652
53.5164928436
53.5175154209
53.5194754601
53.5204794407
53.5214779377
53.5225346088
53.5235054493
53.524627924
53.5254709721
53.526550293
53.5275387764
53.5285143852
53.5294709206
53.5304663181
53.5314741135
53.5324678421
53.5334684849
53.5344674587
53.5354661942
53.5364713669
53.5384676456
53.5394685268
53.540463686
53.5414631367
53.5425229073
53.5434963703
53.5444941521
53.545497179
53.5464868546
53.5474874973
53.5484902859
53.549492836
53.5504980087
53.5514593124
53.5524556637
53.5534598827
53.5544531345
53.5554699898
53.5565140247
53.5574603081
53.5584738255
53.5594537258
53.5604684353
53.5614626408
53.5624542236
53.5634989738
53.5644664764
53.5654518604
53.5664534569
53.5675003529
53.5684649944
53.5694491863
53.5704562664
53.5714502335
53.5724527836
53.5734519958
53.5744712353
53.5754704475
53.5764434338
53.5774452686
53.578486681
53.5794885159
53.5804572105
53.5814464092
53.5824401379
53.5834882259
53.5844883919
53.5854911804
53.5865235329
53.587495327
53.5884888172
53.5895032883
53.5904831886
53.5914428234
53.5924367905
53.5944404602
53.5954451561
53.5964334011
53.5974347591
53.5984685421
53.5994381905
53.6004357338
53.6014351845
53.6024415493
53.6034305096
53.6044275761
53.6054275036
53.6064314842
53.6074230671
53.608427763
53.6094293594
53.6104300022
53.6114273071
53.6124279499
53.6134231091
53.6144242287
53.6154241562
53.6164243221
53.6174268723
53.6184227467
53.6194193363
53.6204221249
53.6214263439
53.6224331856
53.6234359741
53.6244325638
53.6254196167
53.6264326572
53.6274220943
53.6284227371
53.6294243336
53.6304204464
53.6314210892
53.632424593
53.6334249973
53.6344251633
53.6354215145
53.6364142895
53.6374120712
53.6384143829
53.63940835
53.6404249668
53.6414132118
53.6424121857
53.6434075832
53.6444015503
53.6454019547
53.6464054585
53.6474051476
53.6484069824
53.6494107246
53.6504032612
53.6514058113
53.652397871
53.653403759
53.6564002037
53.6574237347
53.6584587097
53.659399271
53.6604464054
53.6614050865
53.6623969078
53.663387537
53.6643826962
53.6653857231
53.6663818359
53.6673808098
53.6684257984
53.6693828106
53.6703836918
53.6714293957
53.6723783016
53.6733825207
53.6743791103
53.6753757
53.6763775349
53.6773822308
53.6784362793
53.6793780327
53.6803786755
53.6813852787
53.6823780537
53.6833870411
53.6844801903
53.6853821278
53.6863760948
53.6873855591
53.6883780956
53.6893725395
53.6903727055
53.6913764477
53.6923730373
53.6933679581
53.6943743229
53.695369482
53.6964159012
53.6974256039
53.698366642
53.6993618011
53.7003624439
53.7013745308
53.7023673058
53.7033641338
53.7043671608
53.7053654194
53.7063641548
53.7073736191
53.7083623409
53.7093565464
53.7103686333
53.7113583088
53.7123568058
53.7133533955
53.7143535614
53.7153520584
53.7163541317
53.7173581123
53.7183542252
53.7193582058
53.7204761505
53.7214295864
53.7223579884
53.723351717
53.7243568897
53.7253508568
53.7263643742
53.7275972366
53.7284009457
53.7293567657
53.730355978
53.7313485146
53.7323498726
53.7343552113
53.735350132
53.73635149
53.7373607159
53.7383592129
53.7393693924
53.7403554916
53.7413461208
53.7423489094
53.7433469296
53.7443494797
53.7453482151
53.7463471889
53.7473392487
53.7483420372
53.7493405342
53.7503330708
53.7513363361
53.7523343563
53.7533369064
53.757335186
53.7583358288
53.7593295574
53.7603263855
53.7613770962
53.7623281479
53.7633676529
53.7643370628
53.7653272152
53.7663347721
53.7673327923
53.768330574
53.7693314552
53.770329237
53.7713267803
53.7723331451
53.7733261585
53.7743265629
53.7793245316
53.7803244591
53.7843270302
53.7855627537
53.7863683701
53.7873139381
53.7883143425
53.7893180847
53.7903118134
53.7913119793
53.7923107147
53.7933135033
53.7953126431
53.7963144779
53.7973072529
53.798302412
53.7993092537
53.8003079891
53.801306963
53.802308321
53.8033077717
53.8043005466
53.8053138256
53.8062989712
53.8075437546
53.8082997799
53.8095467091
53.8105504513
53.8115537167
53.8123216629
53.8135418892
53.8145403862
53.81553936
53.8165404797
53.8175423145
53.8185417652
53.819331646
53.8202939034
53.8215425014
53.8225388527
53.8235359192
53.8245315552
53.8255310059
53.8265299797
53.8275284767
53.8285701275
53.8295423985
53.8303267956
53.8315308094
53.8325266838
53.8335325718
53.8355267048
53.8365342617
53.8375222683
53.8385248184
53.8395488262
53.8405203819
53.8415207863
53.8425235748
53.8435213566
53.8445205688
53.8455235958
53.8465301991
53.8475222588
53.8485252857
53.8495261669
53.8505210876
53.8515233994
53.8525230885
53.8534619808
53.8545212746
53.8555150032
53.8565165997
53.8575117588
53.8585085869
53.8595123291
53.8603234291
53.8615190983
53.8625094891
53.8635101318
53.8646051884
53.865552187
53.8665561676
53.8675410748
53.8685472012
53.8695030212
53.8705062866
53.8715090752
53.8725085258
53.8735048771
53.8745014668
53.8755004406
53.876500845
53.8775081635
53.8785037994
53.8795006275
53.8805003166
53.8815004826
53.88250947
53.8834986687
53.8844978809
53.8854973316
53.8864939213
53.8874926567
53.8884980679
53.889496088
53.8905034065
53.8915174007
53.8925135136
53.8934998512
53.8944969177
53.8954951763
53.8964951038
53.897503376
53.8984909058
53.8994934559
53.9004955292
53.9014980793
53.9024894238
53.9034948349
53.904487133
53.9054887295
53.9064877033
53.9074831009
53.9084839821
53.9094884396
53.9104864597
53.9114880562
53.9124898911
53.9154818058
53.9164912701
53.917488575
53.9184834957
53.9194853306
53.9204878807
53.9214925766
53.9224846363
53.9234862328
53.924519062
53.9255139828
53.9264733791
53.9274759293
53.9284813404
53.9294726849
53.9304687977
53.9314749241
53.9374682903
53.9384667873
53.9394667149
53.9404625893
53.9414637089
53.9424645901
53.9434638023
53.9444768429
53.9454782009
53.9464743137
53.9474787712
53.9484622478
53.9494595528
53.9504640102
53.9514603615
53.9524607658
53.953473568
53.9544582367
53.9554624557
53.9564783573
53.9574594498
53.9584591389
53.9594531059
53.9604537487
53.9614601135
53.9624564648
53.9634575844
53.9644663334
53.9654562473
53.9664542675
53.9674556255
53.9684677124
53.9694852829
53.9704649448
53.9714515209
53.9724590778
53.9744517803
53.9754924774
53.9764475822
53.9774520397
53.9784529209
53.9794495106
53.9804441929
53.9814488888
53.9824483395
53.9834480286
53.9844479561
53.9854769707
53.986440897
53.9874424934
53.9884459972
53.9894502163
53.9904499054
53.9914443493
53.9924471378
53.9934415817
53.9944453239
53.9954433441
53.9964764118
53.9974367619
53.9984357357
53.9994337559
54.0004358292
54.0014388561
54.0024430752
54.0034301281
54.0044863224
54.0054330826
54.0064692497
54.0074701309
54.0084722042
54.0094668865
54.0104532242
54.0114257336
54.0124256611
54.0134234428
54.0144269466
54.015427351
54.0164375305
54.0174338818
54.0184361935
54.0194354057
54.0204343796
54.0214362144
54.0224432945
54.0234527588
54.0244379044
54.0254387856
54.0264389515
54.0274329185
54.0284266472
54.0294413567
54.0344259739
54.0354282856
54.0364305973
54.0374279022
54.0384578705
54.0394225121
54.040459156
54.041424036
54.0424385071
54.0434246063
54.0444750786
54.0454189777
54.0464234352
54.0474357605
54.0484611988
54.0495138168
54.0504355431
54.0514194965
54.0524141788
54.0614075661
54.0624091625
54.0635106564
54.0644538403
54.0654070377
54.0664353371
54.0674602985
54.0684137344
54.0694155693
54.0704529285
54.0714147091
54.0724084377
54.0734734535
54.0744092464
54.075417757
54.0764110088
54.077406168
54.0784981251
54.0794177055
54.0804595947
54.081512928
54.0824069977
54.0833995342
54.0844011307
54.0854022503
54.0863986015
54.0874006748
54.0883848667
54.0965082645
54.0974035263
54.0984025002
54.0994009972
54.1003859043
54.1013886929
54.1024370193
54.1033911705
54.104445219
54.1054496765
54.1064107418
54.1073863506
54.1083819866
54.1094183922
54.1104061604
54.1113834381
54.1123888493
54.1133816242
54.114376545
54.1153736115
54.1163749695
54.1173751354
54.1183736324
54.1193752289
54.1203682423
54.1213712692
54.1223695278
54.1233649254
54.1243963242
54.1253600121
54.126357317
54.1273546219
54.1283509731
54.1383593082
54.1393568516
54.1403620243
54.1413700581
54.1423625946
54.1433651447
54.1443581581
54.1453714371
54.1463685036
54.1473610401
54.1483736038
54.1493685246
54.15036273
54.1513655186
54.1553547382
54.1563541889
54.1573572159
54.1583590508
54.1593616009
54.160353899
54.1613543034
54.1623580456
54.1633558273
54.1713364124
54.1723370552
54.173334837
54.1743340492
54.1873431206
54.1883349419
54.1893332005
54.1903290749
54.191327095
54.1923251152
54.193321228
54.1943230629
54.1953363419
54.1963276863
54.1973261833
54.1983246803
54.19932127
54.2003221512
54.2013177872
54.2023200989
54.2033216953
54.2043130398
54.205316782
54.2063081264
54.2073092461
54.2083063126
54.2103071213
54.2113189697
54.2123088837
54.2133104801
54.2143127918
54.2155549526
54.2165493965
54.2175450325
54.2185492516
54.2195491791
54.220549345
54.2215547562
54.2225475311
54.2235519886
54.2245488167
54.22554636
54.230550766
54.2315468788
54.2325508595
54.2355382442
54.2435357571
54.2445313931
54.2455329895
54.246535778
54.2495317459
54.2505297661
54.2515318394
54.2525336742
54.2535283566
54.2545268536
54.2555308342
54.2565281391
54.2575266361
54.2585322857
54.259526968
54.2605273724
54.2615225315
54.2625238895
54.263522625
54.2645435333
54.2655258179
54.2665185928
54.2675225735
54.2685256004
54.2695212364
54.2705228329
54.2715258598
54.2725207806
54.2735164165
54.2745115757
54.2755155563
54.2765152454
54.2775592804
54.2786049843
54.2795100212
54.2805526257
54.2815101147
54.2825112343
54.2835428715
54.2845516205
54.285551548
54.2865025997
54.2875058651
54.2885079384
54.2895104885
54.2905468941
54.2915585041
54.2925465107
54.2935564518
54.2945213318
54.2955496311
54.2966046333
54.2975053787
54.2985057831
54.2995538712
54.3005056381
54.3015222549
54.3025054932
54.3034975529
54.3045086861
54.3055069447
54.3065052032
54.3075037003
54.3085033894
54.3095018864
54.3105070591
54.3115024567
54.3124992847
54.3134922981
54.314501524
54.3154981136
54.3164958954
54.3175039291
54.3185064793
54.3195021152
54.3204863071
54.3215036392
54.3225200176
54.3235197067
54.3245460987
54.3255102634
54.3265237808
54.3275036812
54.3286306858
54.3295133114
54.3305058479
54.3314957619
54.3324935436
54.3334925175
54.3345313072
54.335488081
54.3365879059
54.3375647068
54.3384928703
54.3394937515
54.340503931
54.341483593
54.3425319195
54.3435404301
54.3445100784
54.345477581
54.3464851379
54.3474695683
54.348492384
54.3494820595
54.3504693508
54.3514716625
54.3524754047
54.3534719944
54.3544704914
54.3554754257
54.3564698696
54.3574669361
54.3584666252
54.3594677448
54.3604829311
54.3614733219
54.3624665737
54.3634667397
54.3644788265
54.3654751778
54.3664619923
54.3674702644
54.3684780598
54.3694663048
54.370465517
54.3714704514
54.3724770546
54.3754658699
54.3764603138
54.3774585724
54.3784592152
54.3794596195
54.3804557323
54.3814649582
54.382463932
54.3834600449
54.3844697475
54.3854606152
54.3864908218
54.3874595165
54.388456583
54.3894543648
54.3904511929
54.3914871216
54.3924832344
54.3934512138
54.3944468498
54.3954441547
54.3964819908
54.3974540234
54.3984489441
54.3994615078
54.4004442692
54.4014489651
54.4024529457
54.4034507275
54.4044516087
54.4054477215
54.4064452648
54.4074463844
54.4084525108
54.40944767
54.410451889
54.4114441872
54.4124455452
54.4134442806
54.4144480228
54.415446043
54.417443037
54.4184439182
54.4194359779
54.420437336
54.4214360714
54.4224348068
54.423435688
54.4244501591
54.4264612198
54.4274513721
54.4294407368
54.4304294586
54.4314398766
54.4324350357
54.4334335327
54.4344315529
54.4354279041
54.4364328384
54.437435627
54.4384427071
54.4394495487
54.4414277077
54.4424371719
54.4434309006
54.4444327354
54.4454300404
54.4464673996
54.4474239349
54.448420763
54.4494285583
54.4504241943
54.4514312744
54.4524130821
54.4534115791
54.4544129372
54.4554100037
54.4564239979
54.4574224949
54.4584197998
54.4594173431
54.4604072571
54.4614038467
54.462407589
54.4634034634
54.4644107819
54.4654142857
54.466401577
54.4674024582
54.4683895111
54.4693858624
54.4703860283
54.4713873863
54.4723823071
54.4743835926
54.4753830433
54.476385355
54.4773836136
54.4784290791
54.4793982506
54.4804081917
54.4813995361
54.4824023247
54.4834299088
54.4844050407
54.4854073524
54.486410141
54.4876306057
54.488401413
54.4893984795
54.4904031754
54.4913985729
54.4923877716
54.4933946133
54.4973890781
54.4983870983
54.4993841648
54.5003852844
54.5013887882
54.5023839474
54.5033974648
54.504406929
54.5093710423
54.5103704929
54.5113861561
54.5124239922
54.513361454
54.5143597126
54.515370369
54.5163645744
54.5173683167
54.5183651447
54.5193629265
54.520362854
54.521361351
54.5223674774
54.5233530998
54.5243594646
54.5253551006
54.5263597965
54.5273554325
54.52835536
54.5293517113
54.5303552151
54.53135252
54.532351017
54.5333502293
54.5343475342
54.5353491306
54.5363476276
54.5373454094
54.538346529
54.5393509865
54.540346384
54.5413472652
54.5423588753
54.5433506966
54.5443484783
54.5453679562
54.5463480949
54.5473773479
54.5483651161
54.5494070053
54.5503842831
54.5514469147
54.5523555279
54.5533425808
54.5543448925
54.555346489
54.5563421249
54.5573515892
54.5583403111
54.5593533516
54.5605945587
54.5613424778
54.5623605251
54.5633497238
54.5643796921
54.5653347969
54.5663893223
54.5673348904
54.5683379173
54.5693359375
54.5703308582
54.5713396072
54.5723366737
54.5733375549
54.5743346214
54.5753352642
54.5764045715
54.5773463249
54.5783295631
54.579325676
54.5803332329
54.5813271999
54.5823297501
54.5833370686
54.5843803883
54.5854098797
54.5863773823
54.5873262882
54.5883235931
54.5895621777
54.5903198719
54.5913283825
54.5923235416
54.5933198929
54.5943152905
54.5953125954
54.596354723
54.5973687172
54.5983178616
54.5994164944
54.6003484726
54.6013140678
54.6023778915
54.6035835743
54.6043231487
54.6053617001
54.6063113213
54.6073126793
54.6085505486
54.6093118191
54.6103568077
54.6113293171
54.6123178005
54.6133108139
54.6143050194
54.6153085232
54.616301775
54.6175489426
54.6183023453
54.6195425987
54.6203277111
54.6215410233
54.6225857735
54.6235802174
54.62453866
54.625538826
54.6263020039
54.6273543835
54.6285374165
54.6295547485
54.6305482388
54.6313786507
54.6323661804
54.6343007088
54.6355435848
54.6365394592
54.6375379562
54.6385393143
54.6395437717
54.6405346394
54.6424713135
54.6435272694
54.644525528
54.6455276012
54.6465373039
54.6475281715
54.6485323906
54.6495289803
54.6502897739
54.6515283585
54.6525220871
54.6535305977
54.6545350552
54.6555230618
54.6565272808
54.6575729847
54.6583168507
54.6595239639
54.6605176926
54.661532402
54.6625475883
54.6635315418
54.6645750999
54.6655480862
54.666526556
54.6675810814
54.6685726643
54.6695652008
54.6705687046
54.6715195179
54.6725101471
54.6735124588
54.6745116711
54.6755080223
54.6765141487
54.6775095463
54.6785063744
54.6795070171
54.6805105209
54.6815075874
54.6825094223
54.683511734
54.68450737
54.6855015755
54.686542511
54.6875004768
54.6885015965
54.689522028
54.6905043125
54.691498518
54.692501545
54.6935040951
54.6945011616
54.6954996586
54.6965038776
54.6975009441
54.6984989643
54.6995036602
54.7005207539
54.7014963627
54.7025506496
54.7035083771
54.7045385838
54.7054994106
54.7065610886
54.70749259
54.7084932327
54.7095050812
54.7105093002
54.7114989758
54.7125256062
54.7134923935
54.7145116329
54.7154891491
54.7164945602
54.7175107002
54.7184886932
54.7195465565
54.7205643654
54.72149086
54.7225077152
54.7235019207
54.7245290279
54.7254812717
54.7264902592
54.7274756432
54.7285449505
54.7294778824
54.7304944992
54.7314794064
54.7324790955
54.7334794998
54.7344825268
54.7354726791
54.7364737988
54.7374715805
54.7385179996
54.7394709587
54.7405104637
54.7414722443
54.7425122261
54.7434835434
54.7445459366
54.745541811
54.7465341091
54.747538805
54.7485070229
54.7495059967
54.75055933
54.7514951229
54.7524657249
54.7534639835
54.7544622421
54.7554636002
54.7564649582
54.7574658394
54.7584962845
54.7594637871
54.7604689598
54.7614617348
54.762565136
54.7635040283
54.7644715309
54.7654714584
54.766463995
54.7674789429
54.7685098648
54.7694630623
54.7704658508
54.7714614868
54.7724580765
54.7734558582
54.7745099068
54.7754559517
54.7764925957
54.7774846554
54.7784576416
54.7794604301
54.7804598808
54.7814610004
54.7825074196
54.7834980488
54.7845520973
54.7854735851
54.7864966393
54.7874596119
54.7885482311
54.7894675732
54.7905242443
54.7914602757
54.7924473286
54.7934551239
54.8014466763
54.8024468422
54.8034515381
54.8044495583
54.8054449558
54.8064455986
54.807441473
54.8084383011
54.8094418049
54.8104417324
54.8114411831
54.8124377728
54.8154430389
54.8164319992
54.8174295425
54.818431139
54.8194305897
54.8204300404
54.8214364052
54.8224308491
54.8234503269
54.8244392872
54.8254408836
54.8264291286
54.8274273872
54.8284363747
54.8294591904
54.830425024
54.8314611912
54.8324224949
54.8334217072
54.8344357014
54.8354341984
54.836420536
54.8374195099
54.8384201527
54.8394172192
54.840416193
54.8414523602
54.8424654007
54.8434114456
54.8444228172
54.8454294205
54.8464126587
54.8474144936
54.8484120369
54.849414587
54.8504099846
54.8514106274
54.8524158001
54.8534119129
54.8544442654
