34.2313790321
34.2403812408
34.2413663864
34.2433598042
34.2443656921
34.2453603745
34.2463588715
34.2473533154
34.248357296
34.2493569851
34.2503612041
34.2513592243
34.2523682117
34.2533559799
34.254347086
34.2553498745
34.2563419342
34.2573444843
34.258336544
34.2593476772
34.2603449821
34.2613422871
34.2623515129
34.2633514404
34.2643432617
34.265335083
34.2663359642
34.2673563957
34.2683367729
34.2694036961
34.2703976631
34.2713382244
34.2723479271
34.2733459473
34.274338007
34.2753341198
34.2763280869
34.2773399353
34.278339386
34.279330492
34.2803330421
34.2813489437
34.2823441029
34.2833371162
34.2843883038
34.2854113579
34.2903294563
34.2913239002
34.2923181057
34.2933142185
34.294314146
34.2954292297
34.2965881824
34.2973201275
34.2983105183
34.2993075848
34.3003103733
34.3013067245
34.3023109436
34.3035755157
34.304369688
34.3056013584
34.3063218594
34.3075547218
34.3083052635
34.3095502853
34.3103096485
34.3115706444
34.3125607967
34.3135550022
34.3145523071
34.3155515194
34.3165500164
34.3175537586
34.3185517788
34.3196220398
34.3205587864
34.3215534687
34.3223154545
34.3235635757
34.3245539665
34.3255691528
34.3265891075
34.3273546696
34.3285684586
34.3345332146
34.3355424404
34.3365325928
34.3375329971
34.3385322094
34.3395397663
34.3405630589
34.341531992
34.3425316811
34.34552598
34.3463394642
34.3475317955
34.3485314846
34.3495335579
34.3505227566
34.3515219688
34.3525278568
34.3535225391
34.3542878628
34.3555238247
34.3563346863
34.3575284481
34.3585252762
34.3595228195
34.3605237007
34.3635249138
34.3645246029
34.3655290604
34.3665242195
34.3675246239
34.3685240746
34.3695209026
34.3705265522
34.3715252876
34.3725268841
34.3735165596
34.3745181561
34.3755347729
34.3765330315
34.3775260448
34.3785247803
34.3795273304
34.3805220127
34.3815150261
34.3825235367
34.3835368156
34.3845276833
34.3855309486
34.3865303993
34.3875274658
34.388520956
34.3895227909
34.3905134201
34.3915188313
34.3925170898
34.3935136795
34.3945069313
34.3955068588
34.3965067863
34.397510767
34.3985106945
34.3995110989
34.4005150795
34.4015035629
34.4025063515
34.4035565853
34.4045834541
34.4055359364
34.4065704346
34.4074919224
34.4084918499
34.4095053673
34.4114847183
34.4124941826
34.4134874344
34.4144892693
34.4154877663
34.4164991379
34.4174869061
34.4184880257
34.4194834232
34.4204955101
34.4214868546
34.4224836826
34.4234790802
34.4244863987
34.4254827499
34.4264833927
34.4274835587
34.4285593033
34.4294958115
34.430488348
34.4314882755
34.432495594
34.4334788322
34.4344742298
34.4364774227
34.4374783039
34.4384915829
34.4394872189
34.440474987
34.4414789677
34.4424734116
34.4434635639
34.444464922
34.4454672337
34.4464793205
34.4484703541
34.4534776211
34.4544627666
34.4554622173
34.4564838409
34.4574761391
34.4584641457
34.4594602585
34.4604480267
34.4614536762
34.4624533653
34.4634540081
34.4644498825
34.465487957
34.4664571285
34.4674572945
34.4684553146
34.4694595337
34.4704537392
34.4714727402
34.4724779129
34.4734611511
34.4744565487
34.4754564762
34.4764573574
34.4774503708
34.4784519672
34.4794449806
34.4804813862
34.4814710617
34.4834601879
34.4844954014
34.4854652882
34.4864723682
34.4874582291
34.4884703159
34.4894554615
34.490475893
34.4914493561
34.4924423695
34.4934399128
34.4944343567
34.4954435825
34.4964430332
34.4974374771
34.4984810352
34.4994380474
34.5004458427
34.5014441013
34.502466917
34.5034821033
34.5044500828
34.5054724216
34.506472826
34.5074717999
34.5084376335
34.5094673634
34.5104305744
34.5114245415
34.5124568939
34.5134398937
34.5144424438
34.5154385567
34.5164718628
34.5174252987
34.5184221268
34.5194208622
34.520418644
34.5214629173
34.5224225521
34.5234265327
34.524415493
34.5254292488
34.5264203548
34.5274255276
34.5284175873
34.52942729
34.5304243565
34.5314333439
34.5324218273
34.5334284306
34.5344228745
34.5354356766
34.5364308357
34.5374379158
34.5384333134
34.5394244194
34.5404236317
34.5414221287
34.5444047451
34.5454308987
34.5464317799
34.5474545956
34.5484540462
34.5494477749
34.5504274368
34.551422596
34.5524139404
34.5534186363
34.5544059277
34.5554132462
34.556450367
34.5574281216
34.5584187508
34.5594170094
34.5604155064
34.5614309311
34.5624666214
34.5634071827
34.5644099712
34.5654602051
34.5664265156
34.5674145222
34.5685064793
34.5695016384
34.5703999996
34.5714457035
34.5724220276
34.5734109879
34.5743868351
34.5754885674
34.5763885975
34.577460289
34.5784211159
34.5794854164
34.5804057121
34.5814042091
34.5824043751
34.5834393501
34.5844347477
34.5853979588
34.5863876343
34.5873968601
34.5883886814
34.5893850327
34.5903687477
34.5914032459
34.5923697948
34.5933630466
34.5943593979
34.5953667164
34.5963683128
34.5973622799
34.598372221
34.599378109
34.6004238129
34.6014428139
34.6024389267
34.6033554077
34.6046278477
34.6053659916
34.6063742638
34.6074025631
34.608645916
34.6094162464
34.6104047298
34.6114439964
34.613360405
34.6143517494
34.6153552532
34.6164634228
34.6173479557
34.6183526516
34.619358778
34.6203627586
34.6213619709
34.622364521
34.6233839989
34.624379158
34.6253788471
34.626373291
34.6273703575
34.6283578873
34.629368782
34.6303515434
34.6313607693
34.6323444843
34.633348465
34.6343495846
34.6353561878
34.636351347
34.6373536587
34.6383466721
34.6393396854
34.6403360367
34.6413352489
34.6423401833
34.6433405876
34.6443510056
34.64534235
34.6463372707
34.6473321915
34.6483316422
34.6493303776
34.6503348351
34.6513326168
34.652326107
34.653331995
34.6543269157
34.6553237438
34.6563277245
34.6573271751
34.6583242416
34.6593353748
34.6605694294
34.6613843441
34.6623837948
34.6633250713
34.664577961
34.66538167
34.6663272381
34.667321682
34.6683290005
34.6713283062
34.6723320484
34.6733286381
34.6743409634
34.675334692
34.6763324738
34.6773386002
34.6783385277
34.6793205738
34.6803209782
34.6813147068
34.6823215485
34.6833231449
34.6846120358
34.6853177547
34.6863224506
34.687325716
34.6885743141
34.6893732548
34.6903173923
34.6913099289
34.6923131943
34.6933193207
34.6943175793
34.6953148842
34.696583271
34.6973121166
34.6983103752
34.6995456219
34.7005565166
34.7013576031
34.7025482655
34.7055506706
34.7065446377
34.7075457573
34.7085399628
34.7095656395
34.712556839
34.7135453224
34.7145555019
34.7155473232
34.716547966
34.7175369263
34.7183406353
34.7195594311
34.7205593586
34.7215652466
34.722556591
34.7235529423
34.7245311737
34.7255365849
34.7265748978
34.7272942066
34.7285289764
34.7295722961
34.7303874493
34.7315356731
34.7325282097
34.7335278988
34.7345283031
34.7385280132
34.739536047
34.7405192852
34.7415282726
34.7425434589
34.7433485985
34.7445180416
34.7455308437
34.7465314865
34.7475373745
34.7485249043
34.7495305538
34.750569582
34.7535276413
34.7545244694
34.7555308342
34.756521225
34.7575311661
34.758510828
34.7595133781
34.7605397701
34.761515379
34.7625133991
34.7635278702
34.7645065784
34.7675282955
34.7685201168
34.772516489
34.7735135555
34.7745125294
34.775510788
34.7765061855
34.7775075436
34.7785048485
34.7795071602
34.7805063725
34.7815144062
34.7825133801
34.783315897
34.7845263481
34.785507679
34.7865250111
34.7875235081
34.7885191441
34.7895214558
34.7905161381
34.7915186882
34.7925100327
34.793504715
34.7945108414
34.795514822
34.7965404987
34.7975087166
34.7985277176
34.799487114
34.8004922867
34.8014936447
34.8025135994
34.8034844398
34.8044793606
34.8055119514
34.806486845
34.8074772358
34.8084728718
34.8094713688
34.8125009537
34.8134806156
34.8144762516
34.8154776096
34.8164691925
34.8174703121
34.8184690475
34.8194692135
34.8204796314
34.8214664459
34.8224842548
34.8234992027
34.8244943619
34.8254983425
34.8265526295
34.8275010586
34.8284890652
34.8295006752
34.8305194378
34.8315148354
34.8324971199
34.8335113525
34.8345105648
34.8354620934
34.8374722004
34.8384666443
34.8394653797
34.840462923
34.8415260315
34.8444848061
34.8454766273
34.8464667797
34.8474674225
34.8484601974
34.8494570255
34.8504738808
34.8514738083
34.8524744511
34.8534667492
34.8544838428
34.8564724922
34.8574707508
34.8584830761
34.8594870567
34.8604750633
34.8614728451
34.8624639511
34.863519907
34.8644695282
34.8654782772
34.8664603233
34.8674612045
34.8685400486
34.8694894314
34.8704488277
34.8714485168
34.8724594116
34.8734507561
34.8744485378
34.8754482269
34.8764624596
34.8774619102
34.8784561157
34.8794598579
34.8804910183
34.8814520836
34.8824613094
34.883453846
34.8844492435
34.885453701
34.8864498138
34.8874528408
34.888450861
34.8894445896
34.8904476166
34.8964607716
34.8974559307
34.8984525204
34.9004452229
34.9014394283
34.9024486542
34.9054439068
34.9064478874
34.9074423313
34.9084341526
34.9094362259
34.9124462605
34.9134423733
34.9144361019
34.9154210091
34.9164216518
34.9174363613
34.9184224606
34.91949296
34.9204413891
34.9214272499
34.9224927425
34.9234797955
34.9244952202
34.9254977703
34.9265241623
34.9274353981
34.9284222126
34.9294281006
34.9304280281
34.9314725399
34.9324333668
34.9334294796
34.9344232082
34.9354288578
34.9364118576
34.9374394417
34.9384338856
34.9394359589
34.9404189587
34.9414434433
34.942442894
34.9434416294
34.9444246292
34.945428133
34.9464221001
34.9474225044
34.9484126568
34.9494211674
34.9504127502
34.9514155388
34.9524607658
34.9534254074
34.9544157982
34.955429554
34.9564063549
34.9574799538
34.9584021568
34.959461689
34.9604439735
34.9614422321
34.9623999596
34.9634106159
34.964435339
34.9654428959
34.9664299488
34.9674396515
34.9683856964
34.9693989754
34.9704675674
34.9714069366
34.9723882675
34.9734044075
34.9744040966
34.975440979
34.9764051437
34.977410078
34.9783818722
34.9793803692
34.9803745747
34.9813661575
34.9823756218
34.9833796024
34.9843754768
34.9853835106
34.9863724709
34.9873754978
34.988368988
34.9893710613
34.9903604984
34.9913771152
34.9923789501
34.9933714867
34.9963788986
34.9973680973
34.998370409
34.9993662834
35.000364542
35.0013651848
35.0023725033
35.0033583641
35.0043666363
35.0053617954
35.0063679218
35.014354229
35.0153539181
35.0163507462
35.0173466206
35.0183494091
35.0193574429
35.0203552246
35.021364212
35.0223453045
35.0233416557
35.0243489742
35.0253477097
35.0263442993
35.0273444653
35.0283477306
35.0293514729
35.030352354
35.0313472748
35.03236413
35.0333487988
35.0343368053
35.0353438854
35.0363399982
35.0373461246
35.0383386612
35.0393390656
35.040336132
35.0413463116
35.0423417091
35.0433442593
35.0443296432
35.0453498363
35.0463533401
35.0473396778
35.048337698
35.0493414402
35.0503463745
35.0513339043
35.0523331165
35.0533447266
35.0543315411
35.0553295612
35.0563292503
35.0573320389
35.0583298206
35.0593287945
35.0603308678
35.0613288879
35.0623247623
35.0633354187
35.0643334389
35.0653293133
35.0663256645
35.0673389435
35.0683588982
35.0693423748
35.070346117
35.0713357925
35.0723211765
35.0733327866
35.0743427277
35.0753209591
35.0763242245
35.077324152
35.0783278942
35.0793323517
35.0803272724
35.081328392
35.0823328495
35.0833268166
35.0843274593
35.0853261948
35.0863268375
35.087338686
35.0883290768
35.0893301964
35.0905709267
35.0915756226
35.0925648212
35.0935592651
35.0945580006
35.0955598354
35.0965573788
35.0975656509
35.0985572338
35.0995566845
35.1005618572
35.1015586853
35.1023156643
35.1035969257
35.1045935154
35.105553627
35.1063547134
35.1075747013
35.1085453033
35.109549284
35.1105606556
35.1113474369
35.112557888
35.1135547161
35.1145541668
35.1155462265
35.1165394783
35.1175420284
35.1185500622
35.1195530891
35.1205465794
35.12154603
35.1225447655
35.1235296726
35.1245834827
35.1255311966
35.1265380383
35.1273345947
35.1285297871
35.1295361519
35.1305279732
35.1315338612
35.132529974
35.133534193
35.1345276833
35.1355290413
35.136528492
35.1375257969
35.1385245323
35.1395261288
35.1405313015
35.1415228844
35.1425311565
35.1435244083
35.1445605755
35.1455206871
35.1465630531
35.1475243568
35.1485226154
35.1495265961
35.1505224705
35.1515161991
35.1525168419
35.1535155773
35.1545171738
35.1555223465
35.1565618515
35.15752244
35.1585147381
35.1595261097
35.1605241299
35.1615216732
35.1625173092
35.1635191441
35.1645097733
35.1655130386
35.166539669
35.1675174236
35.1685135365
35.1695098877
35.170507431
35.1715326309
35.1725230217
35.1735262871
35.1745083332
35.1755082607
35.176507473
35.1865055561
35.1875033379
35.188498497
35.189499855
35.1905014515
35.1914980412
35.1924955845
35.1934964657
35.1945102215
35.1955001354
35.1964914799
35.1974947453
35.1985001564
35.1994903088
35.2005422115
35.2014892101
35.2024874687
35.2034883499
35.2044796944
35.2055091858
35.2065322399
35.207482338
35.2084929943
35.2094919682
35.2104814053
35.211493969
35.2124869823
35.2134826183
35.214482069
35.2154877186
35.2164766788
35.217476368
35.2184782028
35.2194797993
35.2204730511
35.2214736938
35.2224729061
35.2234754562
35.2244684696
35.2254900932
35.2264790535
35.2274773121
35.2284936905
35.2294850349
35.230499506
35.2314789295
35.2324814796
35.2334833145
35.2344694138
35.2354717255
35.2365038395
35.2374665737
35.2384681702
35.2394747734
35.240470171
35.2414674759
35.2424800396
35.2434606552
35.2445101738
35.245503664
35.2484698296
35.2494690418
35.250464201
35.2514586449
35.2524628639
35.2534630299
35.2544777393
35.2554597855
35.2564594746
35.2604670525
35.2614581585
35.2624547482
35.263468504
35.2644689083
35.265474081
35.2664575577
35.267457962
35.2704546452
35.2714591026
35.2724554539
35.2734570503
35.2744505405
35.2754545212
35.2764539719
35.2774527073
35.2784497738
35.2794456482
35.2804434299
35.2814445496
35.2824532986
35.283438921
35.2844400406
35.2854361534
35.2864453793
35.2874426842
35.2884423733
35.2894423008
35.290448904
35.2914438248
35.2924463749
35.2934467793
35.2944540977
35.2954449654
35.2964422703
35.2974407673
35.2984404564
35.2994370461
35.3004434109
35.3014383316
35.3024439812
35.3034315109
35.3044497967
35.3054256439
35.3064823151
35.308434248
35.3094353676
35.310428381
35.3114688396
35.3124446869
35.3134264946
35.3144261837
35.315433979
35.3164465427
35.317494154
35.3184707165
35.3194928169
35.3204696178
35.3214948177
35.3224568367
35.3234217167
35.3244724274
35.3254935741
35.3265280724
35.3274526596
35.3284192085
35.3294167519
35.3304097652
35.3314116001
35.3324375153
35.3334205151
35.3344368935
35.3354196548
35.3364207745
35.337438345
35.3394231796
35.3404157162
35.3414266109
35.3424742222
35.3434696198
35.3444178104
35.3454742432
35.3464808464
35.3474049568
35.34842062
35.3494131565
35.3504126072
35.3514697552
35.3524639606
35.3574099541
35.3584067822
35.3594110012
35.360448122
35.3614017963
35.3624033928
35.3634793758
35.3644020557
35.3654830456
35.3664777279
35.3674480915
35.368388176
35.369402647
35.3703780174
35.3713867664
35.3724386692
35.3734431267
35.3744361401
35.3754999638
35.3763775826
35.3774030209
35.3783869743
35.3794059753
35.3803868294
35.3814156055
35.3824677467
35.3835020065
35.384459734
35.3855171204
35.3864452839
35.3874740601
35.3884282112
35.3894290924
35.3904390335
35.391479969
35.3923766613
35.3933737278
35.3943722248
35.3953840733
35.3963720798
35.3973701
35.3983654976
35.3993697166
35.400365591
35.4013619423
35.4023692608
35.4033610821
35.4043650627
35.4053738117
35.4063706398
35.4073629379
35.4083604813
35.4093697071
35.4103605747
35.4113585949
35.415358305
35.4163594246
35.4173593521
35.4183523655
35.4193511009
35.4203498363
35.4213569164
35.4223556519
35.4233472347
35.4243516922
35.4254417419
35.4266514778
35.4274394512
35.4283537865
35.4293699265
35.43034935
35.4313528538
35.4323587418
35.433409214
35.4343850613
35.4353559017
35.4363691807
35.437343359
35.4383451939
35.4393417835
35.4403367043
35.4413428307
35.4423427582
35.4433376789
35.4443385601
35.4453327656
35.4463441372
35.4473381042
35.4483366013
35.4523296356
35.4533421993
35.454334259
35.4553279877
35.4563324451
35.4573292732
35.4583289623
35.4593267441
35.4603242874
35.4613242149
35.4623405933
35.4635646343
35.4643223286
35.4655661583
35.4663274288
35.4673321247
35.4683203697
35.4693353176
35.4703326225
35.4713234901
35.4724314213
35.4733607769
35.4743151665
35.4756026268
35.4764435291
35.47732234
35.4783148766
35.479352951
35.480312109
35.481323719
35.4826118946
35.4835774899
35.4843521118
35.4853134155
35.4863176346
35.4873056412
35.488307476
35.4893064499
35.4903106689
35.4913077354
35.4923121929
35.5025444031
35.5035457611
35.5045390129
35.5055451393
35.506541729
35.5075454712
35.5085391998
35.5093019009
35.5105338097
35.5115382671
35.5125339031
35.5135340691
35.514537096
35.5155332088
35.5165321827
35.5172867775
35.5185308456
35.51953125
35.520526886
35.5215265751
35.5225279331
35.5235249996
35.5245242119
35.5252931118
35.5265228748
35.5275239944
35.5285217762
35.5295269489
35.5305244923
35.5315260887
35.5325262547
35.5395379066
35.5405328274
35.541523695
35.5425248146
35.5435311794
35.5445156097
35.5455172062
35.5465159416
35.5475170612
35.5485169888
35.5495193005
35.5505106449
35.5515129566
35.5525150299
35.5535109043
35.5545065403
35.5555112362
35.5565209389
35.557510376
35.5585119724
35.5595128536
35.5605065823
35.5615153313
35.5625095367
35.5635063648
35.5645241737
35.5655200481
35.566511631
35.5675218105
35.5685052872
35.5695073605
35.5705156326
35.5715305805
35.5725083351
35.5745031834
35.5755150318
35.5765309334
35.5775117874
35.578502655
35.580496788
35.5815145969
35.5825021267
35.5835361481
35.5844976902
35.5854961872
35.5865013599
35.5875082016
35.5884981155
35.5895142555
35.5904967785
35.591509819
35.5924913883
35.5934922695
35.5944905281
35.595487833
35.5964992046
35.5974955559
35.5984859467
35.5994923115
35.6004903316
35.6014976501
35.6025009155
35.60333395
35.6044855118
35.6053330898
35.6065301895
35.6074898243
35.6084918976
35.6094911098
35.6104857922
35.6114814281
35.6124858856
35.6134872437
35.6144843102
35.6164801121
35.6174809933
35.6184768677
35.6194791794
35.6204750538
35.6214761734
35.6224756241
35.6234726906
35.6244702339
35.6254715919
35.626478672
35.627471447
35.6284658909
35.6295018196
35.6304690838
35.6314759254
35.6324737072
35.6334679127
35.6344969273
35.635468483
35.6364650726
35.637471199
35.6384749413
35.6394815445
35.6404826641
35.6414661407
35.6424748898
35.6435034275
35.6444954872
35.6454687119
35.6464688778
35.6474938393
35.648468256
35.6544821262
35.6555211544
35.6565108299
35.6574585438
35.6584556103
35.6594524384
35.6604616642
35.6614558697
35.662456274
35.6634597778
35.6644570827
35.6654567719
35.6664617062
35.6674571037
35.6684761047
35.6694970131
35.6704969406
35.6715052128
35.6724696159
35.6735062599
35.6744568348
35.6754541397
35.6764576435
35.677478075
35.6804440022
35.6814489365
35.682466507
35.6835625172
35.6844463348
35.6854660511
35.6865491867
35.6875126362
35.6885049343
35.6895093918
35.6904451847
35.6914899349
35.6924774647
35.6944334507
35.6954336166
35.6964278221
35.6974372864
35.6984422207
35.6994488239
35.7004499435
35.7014369965
35.7024366856
35.703448534
35.7044460773
35.7054860592
35.7064640522
35.7074241638
35.7084288597
35.7094378471
35.7104341984
35.7114317417
35.7124295235
35.7134277821
35.7144420147
35.7154433727
35.7164435387
35.7174460888
35.7184398174
35.7194440365
35.7204391956
35.7214331627
35.7224392891
35.7234253883
35.7244460583
35.7254345417
35.7264330387
35.7274298668
35.7284405231
35.7294266224
35.7304244041
35.7314155102
35.7323870659
35.7364192009
35.7374148369
35.7384154797
35.7394163609
35.7404110432
35.7414171696
35.7424285412
35.7434148788
35.7444090843
35.7454388142
35.7464132309
35.7474167347
35.7484099865
35.7494430542
35.7504081726
35.7514119148
35.7574169636
35.7584171295
35.7594063282
35.7604045868
35.7613985538
35.7623970509
35.7633881569
35.7643892765
35.7653849125
35.766379118
35.7674510479
35.7683830261
35.7694337368
35.7703838348
35.7713983059
35.772382021
35.7733974457
35.7743823528
35.7753968239
35.7763783932
35.7774438858
35.7783789635
35.7793858051
35.7803778648
35.7814106941
35.7823805809
35.7833964825
35.7843811512
35.785435915
35.7864005566
35.7874059677
35.7884104252
35.7894132137
35.791421175
35.7923994064
35.7933826447
35.7943792343
35.795383215
35.7963666916
35.7973873615
35.7984261513
35.7994184494
35.8003704548
35.8014221191
35.8023622036
35.8033664227
35.8044028282
35.8053572178
35.8064043522
35.8074529171
35.8083629608
35.8093554974
35.8103575706
35.8113577366
35.8123641014
35.8133659363
35.8143646717
35.8153603077
35.8163564205
35.8173828125
35.8183712959
35.8193664551
35.8203656673
35.8213613033
35.8223707676
35.8233602047
35.8243565559
35.8254904747
35.8263671398
35.8273696899
35.8283612728
35.8293602467
35.8303599358
35.8313579559
35.8323683739
35.8333566189
35.8343520164
35.8353545666
35.8363540173
35.8373484612
35.8383495808
35.8393440247
35.8403458595
35.8415830135
35.8423418999
35.8433456421
35.8443393707
35.8453421593
35.8463459015
35.8473381996
35.8483462334
35.8493404388
35.8503403664
35.8513503075
35.8523392677
35.8533399105
35.8543372154
35.8553419113
35.8563373089
35.857344389
35.8583889008
35.8594024181
35.8603281975
35.861333847
35.8623344898
35.8633346558
35.8643283844
35.8653268814
35.8663268089
35.8673250675
35.8683228493
35.8693423271
35.8703198433
35.8713188171
35.8723185062
35.8733198643
35.8753159046
35.8763160706
35.8773169518
35.8803195953
35.8813195229
35.8823368549
35.8833296299
35.8843231201
35.8853261471
35.886346817
35.8875703812
35.8893287182
35.8903129101
35.8913133144
35.8923139572
35.8963148594
35.8973078728
35.8983082771
35.8993220329
35.9003083706
35.9013152122
35.9025893211
35.9033041
35.904302597
35.9055562019
35.9062995911
35.907583952
35.9085447788
35.9093027115
35.9105405807
35.9115412235
35.9125409126
35.9135425091
35.9145376682
35.9155435562
35.9165449142
35.9172947407
35.9185400009
35.9195353985
35.9205329418
35.9215326309
35.9225375652
35.9235320091
35.9245316982
35.9252912998
35.9265413284
35.9275372028
35.9285402298
35.9295384884
35.9305329323
35.9313416481
35.9325344563
35.9335343838
35.9345369339
35.9355375767
35.9365267754
35.937527895
35.9385256767
35.9395244122
35.9405226707
35.9415273666
35.9425284863
35.9435312748
35.9445252419
35.9455287457
35.9465303421
35.9475300312
35.9485239983
35.9495313168
35.9505155087
35.9515156746
35.9525160789
35.9535133839
35.9545118809
35.9555137157
35.9565143585
35.9575133324
35.9585139751
35.9595122337
35.9605474472
35.9615142345
35.9625160694
35.9635083675
35.9645144939
35.9655184746
35.9665086269
35.9675207138
35.968531847
35.9695549011
35.9705350399
35.9715189934
35.9725100994
35.9735100269
35.9745109081
35.9755072594
35.9765095711
35.9775090218
35.9785022736
35.9795062542
35.9805002213
35.9815087318
35.9825007915
35.983509779
35.9844985008
35.9855029583
35.9865012169
35.9873600006
35.988502264
35.9895067215
35.9904966354
35.9915070534
35.9924931526
35.9935035706
35.9944939613
35.9955017567
35.9964950085
35.9974970818
35.9984903336
35.9995033741
36.000493288
36.001488924
36.0024917126
36.003487587
36.0044851303
36.0054972172
36.0064845085
36.0075063705
36.0085029602
36.009500742
36.010487318
36.011484623
36.0124857426
36.0134842396
36.0144882202
36.0156145096
36.0164852142
36.0174908638
36.018501997
36.0194907188
36.0204875469
36.021491766
36.0224807262
36.0234775543
36.0244810581
36.0254790783
36.0264778137
36.0274808407
36.0284771919
36.0294923782
36.0305018425
36.0314884186
36.0324847698
36.0334854126
36.0344734192
36.0354757309
36.0364711285
36.037473917
36.0384743214
36.0395109653
36.0404984951
36.0414824486
36.0424771309
36.043479681
36.044508934
36.0454614162
36.0464644432
36.0474617481
36.0484604836
36.0494606495
36.0504584312
36.0514571667
36.0524616241
36.0554599762
36.0564556122
36.0574576855
36.0584499836
36.0594546795
36.0604565144
36.061455965
36.0624520779
36.0634534359
36.0644497871
36.0654528141
36.0664606094
36.067481041
36.0684747696
36.0695009232
36.0704596043
36.0714659691
36.072463274
36.0734620094
36.074463129
36.0754721165
36.0764627457
36.0774669647
36.0784702301
36.0794644356
36.0804553032
36.0815167427
36.0834662914
36.0844604969
36.0854556561
36.0864565372
36.0874872208
36.0884711742
36.0894553661
36.0904536247
36.0914554596
36.0924479961
36.0934476852
36.0944459438
36.0954477787
36.0964434147
36.0974466801
36.0984430313
36.0994458199
36.1004457474
36.1014380455
36.1024708748
36.1034395695
36.1044769287
36.1054363251
36.1064338684
36.1074352264
36.1084425449
36.109446764
36.1104874611
36.1114521027
36.1124579906
36.1134409904
36.1144552231
36.115459919
36.1164636612
36.1174423695
36.118449688
36.1194396019
36.1204373837
36.1214413643
36.1224377155
36.1234500408
36.1244666576
36.1254355907
36.1264615059
36.1274371147
36.1284663677
36.1294271946
36.1304330826
36.1314468384
36.1324315071
36.1334137917
36.1344175339
36.1354260445
36.1364305019
36.137421608
36.1384158134
36.139444828
36.1404495239
36.1414253712
36.1424260139
36.1434280872
36.1444311142
36.1454174519
36.1464195251
36.147436142
36.1484074593
36.1494116783
36.1504290104
36.1514093876
36.1524674892
36.1534118652
36.1544084549
36.1554832458
36.1564495564
36.157407999
36.1584024429
36.1594645977
36.1605198383
36.1615762711
36.1624977589
36.1634366512
36.1644566059
36.1654946804
36.1665148735
36.1674413681
36.1685049534
36.1793961525
36.1804440022
36.1814417839
36.1824367046
36.1864566803
36.1874015331
36.1883981228
36.1894011497
36.1904273033
36.1914262772
36.1923809052
36.1933846474
36.1943805218
36.1953861713
36.1963768005
36.1973967552
36.1983792782
36.1993982792
36.2004449368
36.2014043331
36.202434063
36.2033956051
36.2044425011
36.2054345608
36.2064321041
36.2074120045
36.2084000111
36.209404707
36.2104375362
36.2113981247
36.2123813629
36.2133860588
36.2143745422
36.2153890133
36.2163827419
36.2174005508
36.2183759212
36.2193858624
36.2203624249
36.221424818
36.222370863
36.2243697643
36.2253775597
36.2263653278
36.2273855209
36.2283601761
36.2293806076
36.2303578854
36.2313683033
36.2323710918
36.2333698273
36.2343645096
36.2354464531
36.2364358902
36.2373700142
36.2383637428
36.239428997
36.2406802177
36.2415921688
36.2423524857
36.2434606552
36.2444119453
36.2454407215
36.2463970184
36.2473547459
36.2483417988
36.2493445873
36.2503435612
36.2513408661
36.2523441315
36.2533447742
36.2543401718
36.255338192
36.25633955
36.2573413849
36.2583456039
36.2603485584
36.2613539696
36.2623476982
36.2633488178
36.2643427849
36.2654063702
36.2663462162
36.2673459053
36.268381834
36.2693402767
36.2703883648
36.2713496685
36.2723517418
36.2733407021
36.2743382454
36.2753553391
36.2763447762
36.2773509026
36.2783317566
36.2793314457
36.2803237438
36.2813305855
36.2823340893
36.2833459377
36.2843706608
36.2854127884
36.2863779068
36.2873427868
36.2883234024
36.2893235683
36.2903242111
36.2913246155
36.2923271656
36.2933282852
36.2943284512
36.2953476906
36.2963318825
36.2973246574
36.2983276844
36.2993247509
36.3013234138
36.302315712
36.3033220768
36.3043162823
36.3053147793
36.3063158989
36.3073120117
36.3083188534
36.3093767166
36.3105607033
36.3115682602
36.312567234
36.3133485317
36.3145532608
36.3155522346
36.3163511753
36.3175969124
36.318561554
36.3195466995
36.3205609322
36.3213634491
36.3225491047
36.323540926
36.3245630264
36.3255426884
36.3265514374
36.3275551796
36.3285534382
36.3295550346
36.3305537701
36.3315634727
36.3323147297
36.3335769176
36.3345627785
36.3355545998
36.3365468979
36.3375496864
36.3386003971
36.3393390179
36.3405375481
36.3415384293
36.3425347805
36.3435401917
36.3445286751
36.3455343246
36.3465483189
36.3475375175
36.3485300541
36.349531889
36.3505282402
36.3515315056
36.3525509834
36.3535401821
36.3545706272
36.3555390835
36.356543541
36.3575377464
36.3585407734
36.3595457077
36.3606033325
36.3615715504
36.3625338078
36.3635261059
36.3643174171
36.3656277657
36.3665299416
36.3675322533
36.3685233593
36.3695197105
36.3705589771
36.3715200424
36.3725204468
36.3735148907
36.3745186329
36.3755166531
36.376513958
36.3775143623
36.3785104752
36.3795464039
36.3805987835
36.3815107346
36.3825166225
36.3835587502
36.3845119476
36.3855628967
36.3865134716
36.3875169754
36.3885118961
36.3895208836
36.3905088902
36.3915655613
36.3925375938
36.3935208321
36.3945288658
36.3955421448
36.3965528011
36.397516489
36.3985230923
36.3996036053
36.4005849361
36.4015474319
36.4025354385
36.4035322666
36.4045605659
36.4054961205
36.4065034389
36.4075145721
36.4084982872
36.409507513
36.410494566
36.4115374088
36.4124896526
36.4135048389
36.4144911766
36.4155025482
36.416488409
36.4175009727
36.4184930325
36.4195001125
36.4204871655
36.4214887619
36.4225637913
36.4235789776
36.4244880676
36.4254872799
36.4265105724
36.4274847507
36.4284925461
36.4295089245
36.4304971695
36.4315507412
36.4324913025
36.4334869385
36.4344871044
36.4354906082
36.4364886284
36.4374876022
36.4384837151
36.4394831657
36.4404833317
36.4414777756
36.4424762726
36.4434788227
36.4444708824
36.4454712868
36.4464759827
36.447476387
36.448469162
36.449464798
36.4504983425
36.451479435
36.4524621964
36.4534590244
36.454460144
36.45546031
36.4564595222
36.4574589729
36.4584555626
36.459533453
36.4605572224
36.4615111351
36.4625053406
36.4635131359
36.4645216465
36.4654948711
36.4685425758
36.4695174694
36.4704556465
36.4714565277
36.4724521637
36.4734563828
36.4744541645
36.4754705429
36.4764637947
36.4774610996
36.4784593582
36.4794552326
36.4804499149
36.4815192223
36.482460022
36.4834520817
36.4844536781
36.4854483604
36.4864532948
36.4874501228
36.4884557724
36.4894514084
36.490477562
36.4914882183
36.4924929142
36.4954454899
36.4964487553
36.4974501133
36.4984462261
36.4994506836
36.5004911423
36.5014696121
36.5024468899
36.5034410954
36.5044734478
36.5054335594
36.5064656734
36.5074439049
36.5084402561
36.5094411373
36.5104262829
36.5114908218
36.5124518871
36.5134429932
36.5144298077
36.5154364109
36.5164284706
36.5174808502
36.5184392929
36.5194678307
36.5204429626
36.5214378834
36.5224368572
36.5234391689
36.5244364738
36.5254318714
36.5264253616
36.5274288654
36.5284247398
36.52942729
36.530428648
36.5314290524
36.5324800014
36.5334334373
36.5344281197
36.5354242325
36.5364208221
36.5374186039
36.5384161472
36.5394151211
36.5404164791
36.5414228439
36.5424356461
36.54342103
36.544418335
36.5454084873
36.546451807
36.5474047661
36.5484192371
36.5494027138
36.5504038334
36.5514044762
36.5524196625
36.5534029007
36.5544047356
36.5554068089
36.556404829
36.5574412346
36.5584061146
36.5594112873
36.56042099
36.561413765
36.5624184608
36.5634155273
36.5644028187
36.5654022694
36.5664010048
36.5674989223
36.5683996677
36.5694069862
36.5703985691
36.5714108944
36.5723967552
36.573410511
36.5744097233
36.5754086971
36.5764017105
36.577403307
36.5784342289
36.5794401169
36.580435276
36.5813963413
36.5824668407
36.5833983421
36.5843880177
36.5853853226
36.5863893032
36.5873858929
36.5883767605
36.5893831253
36.5903995037
36.5913968086
36.5923862457
36.5933887959
36.594381094
36.5953996181
36.5963745117
36.5973808765
36.5983746052
36.5995895863
36.6003680229
36.6013946533
36.6023786068
36.6033985615
36.6044244766
36.6053800583
36.6063711643
36.6073758602
36.608366251
36.609367609
36.6103658676
36.6113731861
36.6123664379
36.6133754253
36.614364624
36.6153755188
36.6163649559
36.6173739433
36.6183633804
36.6193716526
36.6203613281
36.6213736534
36.62236619
36.6233747005
36.6243653297
36.6254045963
36.6263649464
36.62738204
36.6283562183
36.6293587685
36.6303608418
36.6313567162
36.6323618889
36.6333842278
36.6343581676
36.6353724003
36.6363620758
36.6373870373
36.6383740902
36.6393501759
36.6403493881
36.6413612366
36.642342329
36.6433446407
36.6443440914
36.6453385353
36.6463525295
36.6473488808
36.6483471394
36.6493444443
36.650342226
36.6513397694
36.6523389816
36.6533429623
36.6543424129
36.6553413868
36.6563413143
36.657337904
36.6583378315
36.6593365669
36.6603372097
36.6613461971
36.6623723507
36.66334939
36.6643481255
36.6654036045
36.6664326191
36.6674013138
36.6684138775
36.669621706
36.670593977
36.6716470718
36.672491312
36.673422575
36.6743736267
36.6753869057
36.6764457226
36.677341938
36.6783742905
36.6793265343
36.6803641319
36.6813852787
36.6826655865
36.6834042072
36.6843276024
36.6853580475
36.6863582134
36.6873443127
36.688346386
36.6893348694
36.6903316975
36.6913251877
36.692317009
36.6933166981
36.6943166256
36.6953151226
36.6963124275
36.6973214149
36.6983132362
36.6993141174
36.7003407478
36.7013778687
36.7023448944
36.7033669949
36.7043478489
36.7053480148
36.7063190937
36.7073638439
36.7083070278
36.7095756531
36.7103490829
36.7115516663
36.7123486996
36.7133123875
36.7145550251
36.7163145542
36.7175571918
36.7185602188
36.7195522785
36.7205612659
36.7215714455
36.7223529816
36.7233991623
36.7245678902
36.7253539562
36.7265589237
36.7273366451
36.7285494804
36.7295486927
36.7305812836
36.7312912941
36.7325367928
36.7335345745
36.7345359325
36.7355339527
36.736579895
36.7375736237
36.738527298
36.7392878532
36.7405369282
36.7435264587
36.7445254326
36.7455253601
36.7465240955
36.7475244999
36.7485208511
36.7495207787
36.7505209446
36.7515192032
36.7525587082
36.7535190582
36.7545163631
36.7555184364
36.7565181255
36.7575199604
36.7585189342
36.7595186234
36.7605206966
36.7615201473
36.7625250816
36.7635178566
36.7645142078
36.7655155659
36.7665119171
36.7675147057
36.7685267925
36.7695410252
36.7705183029
36.7715210915
36.7725141048
36.7785210609
36.7795126438
36.7805140018
36.7813537121
36.7825057507
36.7835099697
36.7846374512
36.7855465412
36.7865014076
36.7875061035
36.7885010242
36.7896552086
36.7905187607
36.7915420532
36.7926192284
36.7935423851
36.7945151329
36.7955024242
36.7965223789
36.7975490093
36.7984998226
36.799500227
36.8005006313
36.8015050888
36.8025143147
36.8035173416
36.8045415878
36.8055016994
36.8064982891
36.8075191975
36.8085074425
36.8115048409
36.8125035763
36.8135011196
36.8144996166
36.8155033588
36.8164906502
36.8175008297
36.8204920292
36.8214876652
36.8224909306
36.8235001564
36.8244862556
36.8254985809
36.8265109062
36.8274934292
36.828489542
36.8294849396
36.8304860592
36.8314871788
36.8324813843
36.8375124931
36.8384735584
36.8394720554
36.840528965
36.8414728642
36.8424744606
36.8435175419
36.8444697857
36.845515728
36.8464779854
36.8474693298
36.8484773636
36.8494901657
36.8505129814
36.8515059948
36.8524701595
36.853467226
36.8544707298
36.8554656506
36.8564658165
36.8574659824
36.8584647179
36.8594629765
36.860462904
36.8614606857
36.8624606133
36.8634655476
36.8644623756
36.8654575348
36.8664598465
36.867462635
36.8684895039
36.8694937229
36.8704619408
36.8714723587
36.872469902
36.8734633923
36.8744599819
36.8754644394
36.8764569759
36.8774621487
36.8784606457
36.8794567585
36.8804540634
36.8814642429
36.8824577332
36.8844521046
36.8854517937
36.8864531517
36.8874549866
36.8884530067
36.8894531727
36.8904533386
36.891453743
36.8924567699
36.8934504986
36.8944482803
36.8954560757
36.8964464664
36.8974487782
36.8984491825
36.8994526863
36.9034533501
36.9044549465
36.9054541588
36.9064433575
36.9073238373
36.9084460735
36.9094407558
36.9104616642
36.9114463329
36.9124643803
36.9134578705
36.9144489765
36.9154458046
36.916462183
36.9174599648
36.9184410572
36.9194645882
36.9204432964
36.921454668
36.9224424362
36.9234325886
36.9245870113
36.9254693985
36.9264781475
36.9274785519
36.9284369946
36.929443121
36.9304537773
36.9354243279
36.9364271164
36.9374248981
36.9384300709
36.9394338131
36.9404377937
36.941444397
36.9424324036
36.9434466362
36.944442749
36.9454336166
36.9464344978
36.9474313259
36.9484279156
36.9494364262
36.9504394531
36.9514436722
36.9524204731
36.9564154148
36.9574062824
36.9584128857
36.959414959
36.9604084492
36.9614262581
36.9624185562
36.9634101391
36.9643990993
36.96540308
36.9664165974
36.9674441814
36.9684026241
36.9694030285
36.9704031944
36.9714205265
36.9724030495
36.9734084606
36.9774024487
36.9784069061
36.9794061184
36.9804136753
36.9814264774
36.982405901
36.983404398
36.9843835831
36.9853832722
36.9863829613
36.9873893261
36.9883842468
36.9893813133
36.9903795719
36.9913761616
36.9923875332
36.9934046268
36.998380661
36.999379158
37.0003728867
37.0013713837
37.0023715496
37.003370285
37.0043663979
37.0053675175
37.0063662529
37.007370472
37.0083692074
37.0093708038
37.010368824
37.0113730431
37.0123758316
37.0133733749
37.0143630505
37.0153737068
37.0163662434
37.0173735619
37.0183603764
37.0313661098
37.0323562622
37.0333659649
37.0343511105
37.0353615284
37.0363559723
37.0373666286
37.0383532047
37.0393674374
37.0403528214
37.0413703918
37.0423519611
37.0433602333
37.0443453789
37.0453448296
37.0463485718
37.0473461151
37.0483436584
37.0493443012
37.050347805
37.0513472557
37.0533435345
37.0543453693
37.0553417206
37.0563442707
37.0573425293
37.0583417416
37.0593442917
37.0603442192
37.061362505
37.06234622
37.0633456707
37.064343214
37.0653448105
37.0663514137
37.0673615932
37.0703513622
37.0714035034
37.0723586082
37.0753450394
37.0763418674
37.0773491859
37.0783462524
37.0793397427
37.0803389549
37.0813393593
37.0843257904
37.085334301
37.0863411427
37.087338686
37.0883347988
37.0893325806
37.0903329849
37.0913417339
37.0923361778
37.0933556557
37.0953288078
37.0963294506
37.0973291397
37.0983321667
37.0993337631
37.1003408432
37.1013247967
37.1023285389
37.1033170223
37.1043159962
37.1053259373
37.1063370705
37.1073262691
37.1083273888
37.1093199253
37.1103212833
37.1113212109
37.1123290062
37.1133184433
37.1143128872
37.1153154373
37.1163215637
37.1173214912
37.1183269024
37.1195704937
37.1205823421
37.1225748062
37.1235597134
37.1245698929
37.1255633831
37.1263115406
37.1275892258
37.128549099
37.1295502186
37.1305472851
37.131547451
37.132550478
37.1335449219
37.1344647408
37.1355526447
37.1365470886
37.137553215
37.1385495663
37.1395463943
37.1405601501
37.1415500641
37.1422936916
37.1435446739
37.1445908546
37.14554286
37.1465423107
37.147541523
37.1495490074
37.150541544
37.1515390873
37.15254426
37.1535506248
37.1545479298
37.1555459499
37.1565523148
37.1575448513
37.1585447788
37.1595168114
37.1606051922
37.1615290642
37.1625552177
37.1635375023
37.164539814
37.1655685902
37.1665558815
37.1745214462
37.1755254269
37.1765310764
37.1775200367
37.1785283089
37.1795213223
37.1805224419
37.1815173626
37.1825191975
37.1835172176
37.1845152378
37.1855199337
37.1865172386
37.1875135899
37.188523531
37.1895167828
37.190518856
37.1915111542
37.1925284863
37.1935436726
37.1945288181
37.1955139637
37.1965198517
37.1975162029
37.1985225677
37.1995148659
37.2005052567
37.2015018463
37.2025091648
37.2035112381
37.204536438
37.2055032253
37.2065479755
37.2074971199
37.2085089684
37.209512949
37.2105038166
37.2115039825
37.2125043869
37.2135078907
37.2145013809
37.21550107
37.2165026665
37.2175061703
37.2184977531
37.2195067406
37.2204968929
37.2215034962
37.2225062847
37.2235109806
37.2245042324
37.2255039215
37.2265269756
37.227512598
37.2285161018
37.2295117378
37.2305076122
37.231487751
37.2325031757
37.233487606
37.2344884872
37.2355098724
37.2365105152
37.2395005226
37.2405099869
37.2414901257
37.2424860001
37.2435004711
37.2444798946
37.2455463409
37.2465443611
37.2474997044
37.2484867573
37.2494804859
37.2504863739
37.2514851093
37.2525110245
37.253503561
37.2545058727
37.2555353642
37.2565052509
37.2575023174
37.2585275173
37.2595105171
37.2604901791
37.2614862919
37.2624804974
37.2634725571
37.2644798756
37.2654726505
37.266564846
37.267468214
37.2684695721
37.2694728374
37.2704668045
37.2714674473
37.272465229
37.2734670639
37.274507761
37.2755305767
37.2764613628
37.2774796486
37.2785551548
37.2795007229
37.2805829048
37.2815437317
37.2825608253
37.283550024
37.2845418453
37.2855157852
37.2865591049
37.2875125408
37.2884676456
37.2894632816
37.2904639244
37.2914626598
37.292454958
37.2974596024
37.2984671593
37.2994585037
37.3004591465
37.3014583588
37.3024611473
37.3034567833
37.3044838905
37.3054902554
37.3064513206
37.3074569702
37.3084886074
37.3094892502
37.3104846478
37.3115348816
37.3124866486
37.3134539127
37.3144803047
37.3154697418
37.3164877892
37.3174595833
37.3184680939
37.3194527626
37.3204524517
37.3214492798
37.3224477768
37.3234422207
37.3244826794
37.325494051
37.32644701
37.3274440765
37.3284502029
37.329438448
37.3304386139
37.331438303
37.3324401379
37.3334538937
37.334451437
37.3354349136
37.3364357948
37.3374483585
37.3384301662
37.339430809
37.3404345512
37.3414421082
37.3424432278
37.3434355259
37.3444697857
37.3454339504
37.3464300632
37.3474280834
37.3484230042
37.3494613171
37.3504498005
37.351474762
37.3524296284
37.3534214497
37.3544185162
37.3554406166
37.3564136028
37.357416153
37.3584153652
37.3594136238
37.3604211807
37.3614833355
37.3624172211
37.3634741306
37.3644170761
37.365480423
37.3664629459
37.3674552441
37.3684167862
37.3694081306
37.3704080582
37.3714122772
37.3724148273
37.3734264374
37.3744168282
37.3754131794
37.3764121532
37.3774142265
37.3784177303
37.3794164658
37.3804273605
37.3814322948
37.3824341297
37.3834216595
37.3844118118
37.3854064941
37.38641572
37.3874118328
37.3884210587
37.3894314766
37.3904211521
37.3914217949
37.3924906254
37.3934056759
37.3944001198
37.3954007626
37.3963873386
37.3973989487
37.3984117508
37.399409771
37.4003987312
37.4014029503
37.4024066925
37.4033854008
37.4043872356
37.40538764
37.4063837528
37.4073836803
37.4083821774
37.4093790054
37.4103732109
37.4113719463
37.4123795033
37.413380146
37.4143767357
37.415374279
37.4164214134
37.4173820019
37.4183831215
37.4193797112
37.4203770161
37.4213798046
37.4224560261
37.423377037
37.4243719578
37.425378561
37.4263629913
37.4273862839
37.42836833
37.4293806553
37.4303598404
37.4313716888
37.43237257
37.4333748817
37.4343636036
37.4353740215
37.4363694191
37.437379837
37.4383609295
37.4394135475
37.4404234886
37.4414262772
37.4423515797
37.4433608055
37.4443545341
37.4453601837
37.4463634491
37.4473824501
37.4483590126
37.4493615627
37.4503657818
37.4513571262
37.4523465633
37.453356266
37.4543504715
37.4553537369
37.4563415051
37.4573638439
37.45834589
37.4593598843
37.4603443146
37.4613554478
37.4623467922
37.4633660316
37.4644293785
37.4653618336
37.466354847
37.4673521519
37.4683439732
37.4693725109
37.470354557
37.4713490009
37.4723498821
37.4733498096
37.4743471146
37.4753432274
37.4763450623
37.4773550034
37.4783506393
37.4793381691
37.4803371429
37.4813389778
37.4823381901
37.4833388329
37.4846220016
37.4853346348
37.486325264
37.4873723984
37.4883744717
37.4893240929
37.4903225899
37.4913723469
37.4923715591
37.4933321476
37.4943692684
37.4953739643
37.4965629578
37.4973216057
37.4983277321
37.4993264675
37.5003228188
37.5015830994
37.5025656223
37.5033302307
37.504324913
37.5056436062
37.5063314438
37.5073335171
37.5083444118
37.5093510151
37.5103423595
37.5113282204
37.5123319626
37.5133297443
37.5143325329
37.5153372288
37.51633811
37.5173482895
37.5183455944
37.5193474293
37.5206236839
37.5213463306
37.5223371983
37.5235872269
37.5245683193
37.5254211426
37.5275554657
37.5283215046
37.5293264389
37.5303239822
37.5313117504
37.5323166847
37.5335452557
37.5345461369
37.5355474949
37.5365433693
37.5373136997
37.538547039
37.5395464897
37.5405440331
37.5485453606
37.5495481491
37.5505433083
37.5515477657
37.5525434017
37.5533065796
37.5545420647
37.5555334091
37.5565361977
37.5575323105
37.5585331917
37.5595395565
37.5605692863
37.5615568161
37.5625770092
37.5635275841
37.5645260811
37.5655319691
37.5665297508
37.5675292015
37.5685322285
37.5695278645
37.570574522
37.5715286732
37.572527647
37.5745317936
37.5755262375
37.576520443
37.5775229931
37.5785214901
37.5795218945
37.580534935
37.5815398693
37.5845806599
37.58533144
37.5865867138
37.5875244141
37.5885248184
37.5895218849
37.5905170441
37.5915136337
37.5925159454
37.5935275555
37.5965371132
37.5975251198
37.5985174179
37.599506855
37.6005609035
37.6013047695
37.6025502682
37.6035225391
37.6045458317
37.6055803299
37.6065647602
37.6075239182
37.6085236073
37.6095232964
37.6105306149
37.6115262508
37.6125149727
37.613519907
37.6145167351
37.6155207157
37.6165211201
37.6175134182
37.6185200214
37.6195113659
37.6205089092
37.621514082
37.62251544
37.6235306263
37.6245188713
37.6255230904
37.6265130043
37.6275141239
37.6285045147
37.6295106411
37.6304967403
37.6315016747
37.6325960159
37.6334972382
37.6344921589
37.6354999542
37.6364939213
37.6374931335
37.638504982
37.6395056248
37.6405386925
37.641497612
37.6424953938
37.6435236931
37.6444926262
37.6454935074
37.6465027332
37.6474978924
37.6484873295
37.6494956017
37.6504838467
37.6515100002
37.6524837017
37.6534919739
37.6544826031
37.6564855576
37.657491684
37.658479929
37.6594834328
37.6604752541
37.6614704132
37.662488699
37.6634879112
37.6644978523
37.6654677391
37.6664736271
37.667495966
37.6685142517
37.6695051193
37.6705000401
37.671487093
37.6724865437
37.6734762192
37.6754808426
37.6764676571
37.6774795055
37.6784715652
37.6794736385
37.6804697514
37.6814782619
37.6825017929
37.6834783554
37.6845018864
37.6854887009
37.6864886284
37.6874914169
37.688482523
37.689479351
37.6904935837
37.6914722919
37.6924734116
37.6934828758
37.6944813728
37.6954689026
37.6964731216
37.6974878311
37.6984753609
37.6994700432
37.7004697323
37.7014698982
37.702477932
37.703461647
37.71047616
37.7114796638
37.7124795914
37.7144556046
37.7154741287
37.7164633274
37.7174668312
37.7184667587
37.7194724083
37.7204625607
37.7214663029
37.7224669456
37.7234556675
37.7244443893
37.7254488468
37.7264418602
37.7274484634
37.728471756
37.7294411659
37.7304363251
37.7314481735
37.7324454784
37.7334444523
37.7344396114
37.7354435921
37.7364451885
37.7374417782
37.7384414673
37.7394402027
37.7404325008
37.7414331436
37.742433548
37.7435398102
37.7444555759
37.7454805374
37.7464926243
37.7474191189
37.7484169006
37.7494232655
37.7504281998
37.7514686584
37.7524192333
37.7564239502
37.7574207783
37.7584238052
37.759418726
37.7604241371
37.7614271641
37.7624340057
37.7744114399
37.7754120827
37.776417017
37.7774846554
37.778419733
37.7794141769
37.7804045677
37.7814080715
37.7824001312
37.7834002972
37.7844040394
37.7853970528
37.7863986492
37.7874381542
37.7883841991
37.7893993855
37.7903854847
37.7914452553
37.7924325466
37.7934172153
37.7944498062
37.7954113483
37.7963955402
37.7973971367
37.799394846
37.8003988266
37.8163747787
37.8173854351
37.8223826885
37.8233833313
37.8244049549
37.8253893852
37.8263845444
37.8273801804
37.8283722401
37.8293678761
37.8303623199
37.831376791
37.8323616982
37.8333644867
37.8343632221
37.8353624344
37.8363602161
37.8373627663
37.8383617401
37.8393707275
37.840359211
37.8413591385
37.8423540592
37.8434071541
37.8444485664
37.8454113007
37.8463549614
37.8473596573
37.8483510017
37.8493602276
37.8503494263
37.8513610363
37.8523571491
37.8533642292
37.8543550968
37.8553686142
37.8563537598
37.8573737144
37.8583812714
37.8593752384
37.8603796959
37.8613669872
37.8623635769
37.8633673191
37.8643698692
37.8653664589
37.8663611412
37.8673665524
37.8683469296
37.8693561554
37.8703463078
37.8713648319
37.8723640442
37.873363018
37.8743467331
37.87535882
37.8763439655
37.8773517609
37.8783402443
37.8793504238
37.8803420067
37.881349802
37.8843400478
37.8853392601
37.8863344193
37.8873319626
37.8883321285
37.8893306255
37.8903326988
37.8913333416
37.8923387527
37.8933355808
37.8943321705
37.8953344822
37.8963365555
37.8973379135
37.8983356953
37.899333477
37.9003326893
37.9013209343
37.9023323059
37.9033229351
37.9043331146
37.9053273201
37.9063344002
37.9073364735
37.9083225727
37.9093270302
37.9103355408
37.9113428593
37.9123499393
37.9133353233
37.9143278599
37.9153263569
37.9163210392
37.9173231125
37.9183192253
37.9193222523
37.920327425
37.9213199615
37.9223275185
37.9233169556
37.9243059158
37.9253103733
37.9263505936
37.9273076057
37.9283053875
37.929305315
37.9303052425
37.9313025475
37.9323034286
37.9333031178
37.9342999458
37.9352998734
37.9363024235
37.9372999668
37.9382987022
37.9392960072
37.9402959347
37.9412937164
37.9422955513
37.9435949326
37.9445388317
37.9452941418
37.9465396404
37.9475374222
37.9485373497
37.9495458603
37.9505705833
37.9515430927
37.9525415897
37.9532995224
37.9545505047
37.9555366039
37.9565382004
37.9575414658
37.9585340023
37.9595389366
37.9605371952
37.9613082409
37.9625451565
37.9635410309
37.9645314217
37.9655358791
37.9665446281
37.9705421925
37.9715340137
37.9725294113
37.973528862
37.9745237827
37.9755291939
37.976534605
37.9775280952
37.9785311222
37.9795327187
37.9805290699
37.9815218449
37.9825222492
37.9835164547
37.9845170975
37.9855196476
37.9863276482
37.9875199795
37.9885144234
37.9895160198
37.9905076027
37.9915127754
37.9925148487
37.993516922
37.9945094585
37.9955210686
37.9965105057
37.997512579
37.9985103607
37.9995112419
38.0005133152
38.0015096664
38.0025110245
38.0035030842
38.0045013428
38.0055091381
38.0065062046
38.0075035095
38.0085086823
38.0095062256
38.0104985237
38.0115010738
38.0125014782
38.0134992599
38.0145106316
38.0155141354
38.0165147781
38.0175187588
38.0185112953
38.0195090771
38.0205056667
38.02150774
38.0225083828
38.023494482
38.0245010853
38.0254962444
38.0264930725
38.0274980068
38.0285022259
38.0295033455
38.0354886055
38.0364906788
38.0374872684
38.0384910107
38.039491415
38.0404927731
38.0414879322
38.042494297
38.0434885025
38.0444824696
38.045494318
38.0484836102
38.0494878292
38.050485611
38.0514831543
38.0524909496
38.0534803867
38.0544734001
38.0554804802
38.0564830303
38.0574724674
38.0584790707
38.059481144
38.0604763031
38.0615091324
38.0625493526
38.0635519028
38.0645320415
38.0654788017
38.0665090084
38.0674693584
38.0684783459
38.0694787502
38.0704779625
38.071472168
38.0724771023
38.073492527
38.0844783783
38.0854935646
38.0864853859
38.0874972343
38.0884897709
38.0894846916
38.0904889107
38.0914797783
38.0924715996
38.0934636593
38.0944645405
38.0954694748
38.0964622498
38.0974600315
38.0984621048
38.0994665623
38.1004722118
38.1014842987
38.1024701595
38.1034729481
38.1044671535
38.1054580212
38.1064567566
38.1074659824
38.1084632874
38.1094651222
38.1104660034
38.1114566326
38.1124610901
38.1134519577
38.1144514084
38.1154532433
38.1164526939
38.1174547672
38.1184585094
38.119446516
38.1204586029
38.1214618683
38.1224610806
38.123458147
38.1244471073
38.1254479885
38.1264491081
38.1274497509
38.128477335
38.1294491291
38.1314475536
38.1324560642
38.1334445477
38.1344432831
38.1354439259
38.136446476
38.1374487877
38.1384420395
38.1394469738
38.1404430866
38.1414475441
38.1424467564
38.1434438229
38.1444549561
38.1454393864
38.1464605331
38.1474530697
38.1484446526
38.1494588852
38.1504290104
38.1514365673
38.1524307728
38.1534366608
38.1544337273
38.1554410458
38.1564357281
38.1574435234
38.1584851742
38.1594326496
38.1604366302
38.16147995
38.1624825001
38.1634745598
38.1644804478
38.1654264927
38.1664295197
38.1674191952
38.1684203148
38.1694629192
38.1704156399
38.1714308262
38.1724128723
38.1734149456
38.1744201183
38.175413847
38.1764295101
38.1774175167
38.1784222126
38.1794233322
38.1804144382
38.1814246178
38.1824216843
38.1834177971
38.1844172478
38.1854171753
38.186422348
38.187415123
38.1884100437
38.1894164085
38.1904401779
38.1914465427
38.1924161911
38.1944084167
38.1954069138
38.1984107494
38.1994097233
38.2003998756
38.2014615536
38.2024133205
38.2034828663
38.2044770718
38.2054629326
38.2064602375
38.2074856758
38.2084438801
38.2093884945
38.2103962898
38.2113983631
38.2133815289
38.2143793106
38.2153868675
38.2163784504
38.2173874378
38.2183830738
38.2193861008
38.2203788757
38.2213885784
38.2223744392
38.223375082
38.2246267796
38.225379467
38.2263791561
38.2273836136
38.2283825874
38.2293877602
38.2303779125
38.231400013
38.2323975563
38.2333779335
38.2343804836
38.2353870869
38.2363796234
38.2374098301
38.2383856773
38.2393884659
38.240401268
38.2414147854
38.2424018383
38.2433989048
38.244436264
38.2454171181
38.2464082241
38.2474002838
38.2483778
38.2493844032
38.2503752708
38.2514026165
38.2523729801
38.253382206
38.254368782
38.2553794384
38.2563683987
38.2573723793
38.2584140301
38.2594692707
38.2604012489
38.2614400387
38.2623753548
38.2633702755
38.2643659115
38.2653746605
38.2663702965
38.2673845291
38.2683744431
38.2693893909
38.2703661919
38.2713861465
38.2723786831
38.2734069824
38.2743823528
38.2753894329
38.2763805389
38.2774071693
38.2793776989
38.2803690434
38.2813754082
38.2823691368
38.2833778858
38.284358263
38.2853696346
38.2863616943
38.287378788
38.2883708477
38.2893660069
38.2903578281
38.2913594246
38.2923512459
38.293358326
38.2943427563
38.2953600883
38.2963545322
38.2973611355
38.298353672
38.2993628979
38.3003535271
38.3013539314
38.3023409843
38.3034398556
38.3043377399
38.3053379059
38.3063294888
38.3073303699
38.3083260059
38.3093326092
38.3103506565
38.3113331795
38.3123426437
38.3133323193
38.3143312931
38.3163285255
38.3173303604
38.3183219433
38.3193676472
38.3203191757
38.3213675022
38.322319746
38.3235633373
38.3243157864
38.3253157139
38.3263189793
38.3273265362
38.3283290863
38.329318285
38.3303251266
38.3313243389
38.3323271275
38.3333179951
38.3343153
38.33532691
38.340572834
38.3413114548
38.3423120975
38.3435559273
38.3443112373
38.3453092575
38.3465616703
38.3475487232
38.3485441208
38.3495631218
38.3506140709
38.3514184952
38.3523652554
38.3535552025
38.3545928001
38.3553009033
38.3565602303
38.3575468063
38.3585436344
38.3595414162
38.3605391979
38.3615398407
38.362539053
38.3635377884
38.3645341396
38.3655405045
38.366538763
38.3675410748
38.3685410023
38.3695454597
38.3705441952
38.3715524673
38.3725423813
38.3735363483
38.3745439053
38.3755402565
38.3765585423
38.3775589466
38.3785707951
38.3795645237
38.3805696964
38.3815486431
38.3825485706
38.3835432529
38.3845353127
38.3885550499
38.3895359039
38.3905322552
38.3915328979
38.3925282955
38.3935260773
38.3945236206
38.3955278397
38.3965218067
38.397521019
38.3985178471
38.3995244503
38.400526762
38.4015262127
38.4025206566
38.4035134315
38.404512167
38.4055125713
38.4065556526
38.4075138569
38.408520937
38.4095156193
38.4105591774
38.4115202427
38.4125168324
38.4135100842
38.4145200253
38.4155225754
38.4165141582
38.4175136089
38.4183847904
38.4195318222
38.4205238819
38.4215092659
38.422506094
38.4235069752
38.4245090485
38.425514698
38.4265141487
38.4275140762
38.4285178185
38.4295170307
38.4304983616
38.431507349
38.4325051308
38.4335048199
38.4345040321
38.4355075359
38.4365103245
38.4375090599
38.4385130405
38.4395160675
38.4405276775
38.4415276051
38.4425244331
38.4435100555
38.4445023537
38.4454898834
38.4464969635
38.4474914074
38.4485301971
38.4494876862
38.4505295753
38.4514796734
38.4524803162
38.4544773102
38.4554765224
38.4564757347
38.457474947
38.4584891796
38.4594795704
38.460473299
38.4614744186
38.4624710083
38.4634740353
38.4644711018
38.465471983
38.4664697647
38.4674773216
38.4684669971
38.4694681168
38.4704685211
38.4714746475
38.4724714756
38.4734754562
38.4744746685
38.4754815102
38.4764738083
38.4774737358
38.4784879684
38.4794747829
38.4804663658
38.4814713001
38.4824728966
38.4844813347
38.4854846001
38.4864766598
38.4874863625
38.4884698391
38.4894702435
38.4904749393
38.4914889336
38.4924726486
38.4934716225
38.4944574833
38.4954738617
38.496462822
38.4974892139
38.4984667301
38.4994649887
38.5004780293
38.5014557838
38.5024585724
38.5034499168
38.5044484138
38.5054695606
38.5064580441
38.5074870586
38.508449316
38.509458065
38.5104672909
38.5114877224
38.5124466419
38.5134577751
38.514449358
38.5154545307
38.5164687634
38.5174679756
38.5184640884
38.5194830894
38.5204689503
38.5214583874
38.5224499702
38.5234556198
38.5244562626
38.5254533291
38.5264410973
38.5274410248
38.5284414291
38.5294401646
38.5304350853
38.5314357281
38.5324671268
38.5344376564
38.535433054
38.5364296436
38.5374372005
38.5384409428
38.5394375324
38.5404369831
38.5414426327
38.5424437523
38.5434448719
38.5444390774
38.5454394817
38.5464370251
38.5474426746
38.5484774113
38.5494451523
38.5524544716
38.5534460545
38.5544457436
38.5564398766
38.5574486256
38.558434248
38.5594394207
38.5604445934
38.5614924431
38.5624368191
38.5634281635
38.5644328594
38.565428257
38.5664310455
38.567428112
38.5684430599
38.569419384
38.5704386234
38.5714230537
38.5724637508
38.5734157562
38.5744128227
38.5754182339
38.5764102936
38.5774128437
38.578455925
38.579410553
38.5804066658
38.5814073086
38.5824472904
38.5834040642
38.5844471455
38.5854065418
38.5864012241
38.5874011517
38.5883991718
38.589400053
38.5904109478
38.5914106369
38.592413187
38.5934076309
38.5944075584
38.5954055786
38.596405983
38.5974061489
38.5984604359
38.5994091034
38.6004118919
38.601470232
38.6024823189
38.6034522057
38.6044435501
38.6054010391
38.6064186096
38.6084113121
38.6094100475
38.6104047298
38.611415863
38.6124022007
38.6133992672
38.6164066792
38.6174092293
38.6183996201
38.6194083691
38.6204075813
38.6214153767
38.6224036217
38.6234083176
38.6243822575
38.6254069805
38.6264076233
38.627402544
38.628385067
38.6293971539
38.6303832531
38.6314024925
38.6324412823
38.6333959103
38.6343841553
38.635381937
38.6363830566
38.6373763084
38.6383755207
38.6393756866
38.6403727531
38.64138484
38.6423742771
38.6433727741
38.6443705559
38.6453742981
38.6463706493
38.6473603249
38.6483602524
38.6493566036
38.6503562927
38.651355505
38.6523575783
38.6533567905
38.6543533802
38.6553573608
38.6563529968
38.6573562622
38.6583566666
38.6593594551
38.6603603363
38.6613583565
38.6623589993
38.6633589268
38.6643643379
38.6653540134
38.6663548946
38.6673574448
38.6683585644
38.6693637371
38.670358181
38.6713604927
38.6733572483
38.6743550301
38.6753549576
38.6763532162
38.6773633957
38.6793673038
38.6803638935
38.6813671589
38.6823587418
38.6833548546
38.6843450069
38.6853570938
38.686342001
38.6873764992
38.6883466244
38.6893525124
38.6903352737
38.6915848255
38.692337513
38.6933493614
38.6945765018
38.6953804493
38.6963312626
38.6973395348
38.6983289719
38.6993379593
38.7003302574
38.7013630867
38.7023305893
38.7033686638
38.7043333054
38.7053842545
38.7063271999
38.7073469162
38.7083349228
38.709343195
38.710439682
38.7113447189
38.7123758793
38.713334322
38.7143270969
38.7153291702
38.7163279057
38.7173323631
38.7183291912
38.7193274498
38.7203207016
38.7213449478
38.7223207951
38.7233150005
38.7243154049
38.7255644798
38.7263219357
38.7273232937
38.728317976
38.7293219566
38.7303216457
38.7313148975
38.7323195934
38.7333188057
38.7343161106
38.735319376
38.7363245487
38.737569809
38.7383205891
38.7393240929
38.7403244972
38.7413172722
38.7423117161
38.7433152199
38.7445607185
38.7453098297
38.7463190556
38.7472996712
38.7482995987
38.7492976189
38.7505455017
38.7515435219
38.7525446415
38.7535550594
38.754544735
38.7555463314
38.7565515041
38.7575552464
38.7585525513
38.7592997551
38.7605438232
38.7615456581
38.7625441551
38.7635421753
38.7645359039
38.7655405998
38.7665429115
38.7672960758
38.7685320377
38.7695398331
38.7705302238
38.7715837955
38.7725615501
38.7735323906
38.7745320797
38.7755336761
38.7765710354
38.7775294781
38.7785282135
38.7795269489
38.7805328369
38.7815265656
38.7825231552
38.7835245132
38.7845613956
38.7855238914
38.7865180969
38.7875196934
38.7885174751
38.7895195484
38.7905175686
38.7915594578
38.7925188541
38.7935180664
38.79433465
38.795522213
38.7965152264
38.797529459
38.7985224724
38.7995243073
38.8005166054
38.8015184402
38.8025534153
38.8035161495
38.8045744896
38.8055140972
38.8065152168
38.8075156212
38.8085312843
38.8095221519
38.8105170727
38.8115303516
38.812510252
38.813513279
38.8185122013
38.8195123672
38.8205053806
38.8215053082
38.8225066662
38.8235168457
38.8245139122
38.825514555
38.8265132904
38.827501297
38.8285403252
38.8294892311
38.830498457
38.8315012455
38.8324968815
38.8334982395
38.8344969749
38.8355059624
38.8364930153
38.8374972343
38.8384940624
38.8394916058
38.8404903412
38.8414890766
38.8425438404
38.8434951305
38.8445866108
38.8455090523
38.8464925289
38.847507
38.8484883308
38.8495047092
38.8505077362
38.8514864445
38.8524856567
38.8534865379
38.8544847965
38.8574829102
38.8584823608
38.8594815731
38.8604822159
38.8614974022
38.862483263
38.8634860516
38.8644859791
38.8654820919
38.8664774895
38.8674793243
38.868480444
38.8694782257
38.870474577
38.8714799881
38.8724794388
38.8734784126
38.8744809628
38.8754870892
38.8765158653
38.8774752617
38.8784694672
38.8794691563
38.8804962635
38.8814926147
38.8824717999
38.8834941387
38.8844847679
38.8854937553
38.8865113258
38.8874914646
38.8884792328
38.8894793987
38.8904912472
38.8914949894
38.8924791813
38.8964776993
38.8974840641
38.8984761238
38.8994822502
38.9004745483
38.901471138
38.9024686813
38.9034695625
38.9044623375
38.905459404
38.9064633846
38.9074702263
38.9085254669
38.9094641209
38.9105176926
38.9114637375
38.9124541283
38.9134576321
38.9144926071
38.9154639244
38.9164552689
38.9174649715
38.9184556007
38.9194617271
38.9204492569
38.9214522839
38.9225020409
38.9234805107
38.9244616032
38.9254541397
38.9264957905
38.9274463654
38.9284455776
38.929445982
38.9305155277
38.9314415455
38.9324429035
38.9374480247
38.9384505749
38.9394452572
38.9404411316
38.9414367676
38.9424328804
38.9434330463
38.9444429874
38.945435524
38.9464361668
38.9474313259
38.9484350681
38.9494335651
38.9504272938
38.9514312744
38.9524331093
38.953425169
38.9544267654
38.9554300308
38.9564480782
38.9574253559
38.9584248066
38.9594283104
38.9604651928
38.9614303112
38.9624326229
38.9634277821
38.9644258022
38.9654238224
38.9664204121
38.9674215317
38.9684400558
38.9694185257
38.97042799
38.9714326859
38.9724395275
38.973430872
38.9744207859
38.9754226208
38.9764254093
38.9774227142
38.9784214497
38.9794175625
38.9804162979
38.9814310074
38.9824101925
38.9834170341
38.9864065647
38.9874107838
38.988409996
38.9894418716
38.9904370308
38.9914135933
38.9923992157
38.9934010506
38.994443655
38.9954490662
38.9964051247
38.9974033833
38.9984009266
38.9994533062
39.0004396439
39.0013892651
39.0023980141
39.0034487247
39.0044350624
39.0054001808
39.0064389706
39.0074019432
39.0094163418
39.0104346275
39.0115163326
39.01638484
39.0173866749
39.0203866959
39.0213871002
39.0223784447
39.0293776989
39.0303721428
39.0313732624
39.0323758125
39.033370018
39.034368515
39.0353674889
39.0363714695
39.0373735428
39.0383691788
39.039368391
39.0403699875
39.0413684845
39.0423722267
39.043366909
39.0443642139
39.0453703403
39.0463664532
39.0473744869
39.0483641624
39.0493621826
39.0503680706
39.0513720512
39.0523655415
39.0533583164
39.0543620586
39.0553615093
39.0563602448
39.057363987
39.0583724976
39.059374094
39.0603671074
39.0613720417
39.0623788834
39.06336689
39.0643529892
39.0653691292
39.0663537979
39.067353487
39.068366766
39.0693619251
39.0703570843
39.0714087486
39.0724115372
39.0733616352
39.0743777752
39.0753531456
39.0763499737
39.0774087906
39.0783548355
39.0794007778
39.0803630352
39.0814301968
39.0823683739
39.0833611488
39.0843617916
39.0853812695
39.0864036083
39.087375164
39.0883607864
39.0893731117
39.0903668404
39.091376543
39.1013638973
39.1023516655
39.1033596992
39.1043438911
39.1053566933
39.1063444614
39.1073539257
39.1083459854
39.109349966
39.1103458405
39.1113791466
39.1123423576
39.1133561134
39.1143398285
39.1153588295
39.1163408756
39.1173546314
39.1183419228
39.1193571091
39.1203768253
39.1213524342
39.122354269
39.1234071255
39.1249790192
39.1263759136
39.1274228096
39.1283297539
39.1293296814
39.1303296089
39.1313300133
39.132329464
39.1353328228
39.1363258362
39.1373267174
39.1383218765
39.1393532753
39.1403217316
39.1413247585
39.1423254013
39.143320322
39.1443223953
39.1453170776
39.1463339329
39.1476113796
39.1483066082
39.1493105888
39.1503059864
39.1513061523
39.1523127556
39.1533100605
39.1543092728
39.1555514336
39.1565754414
39.157551527
39.1585693359
39.1595556736
39.1605472565
39.1613621712
39.1623718739
39.1635625362
39.1643657684
39.1655449867
39.166403532
39.1673822403
39.1685488224
39.1695482731
39.1705548763
39.1713347435
39.1745429039
39.1755430698
39.1765432358
39.1775414944
39.1785464287
39.1795406342
39.1805427074
39.1815450191
39.1825797558
39.1833600998
39.1845526695
39.1855967045
39.1865618229
39.1875491142
39.1885459423
39.1895422935
39.1905519962
39.1915528774
39.1925492287
39.1935453415
39.1945559978
39.1955327988
39.1965279579
39.1975295544
39.198530674
39.1995401382
39.2005448341
39.2025356293
39.2035346031
39.2045266628
39.2055306435
39.2065284252
39.2075247765
39.2085251808
39.2095293999
39.2105298042
39.2115292549
39.2125329971
39.2155292034
39.2165193558
39.2175331116
39.2185487747
39.2195651531
39.2205350399
39.2215423584
39.2225210667
39.2235152721
39.2245185375
39.2255158424
39.2265212536
39.2315189838
39.2325117588
39.2335071564
39.2375078201
39.2385087013
39.2395074368
39.240499258
39.2415018082
39.2425045967
39.2435462475
39.244499445
39.2455029488
39.2465054989
39.2475147247
39.2485294342
39.2495212555
39.250544548
39.251516819
39.2525708675
39.2535092831
39.2545063496
39.2555067539
39.2565078735
39.2574982643
39.2584934235
39.2594935894
39.2605025768
39.2615048885
39.2625279427
39.2634928226
39.2645022869
39.2654953003
39.2664904594
39.2674889565
39.2685148716
39.269487381
39.2704818249
39.2714853287
39.2724883556
39.2734804153
39.2744863033
39.2754843235
39.2764885426
39.2774851322
39.2785000801
39.2794885635
39.2805259228
39.2814781666
39.2825376987
39.2835104465
39.2845594883
39.2854781151
39.2865025997
39.2875027657
39.2884857655
39.289488554
39.2905015945
39.2914853096
39.2924804688
39.2935013771
39.2944717407
39.2954776287
39.2964713573
39.2974774837
39.2984883785
39.2994976044
39.3004765511
39.3014760017
39.3025004864
39.3035042286
39.304497242
39.3054628372
39.3064808846
39.3074924946
39.3084919453
39.3094780445
39.3104836941
39.3114831448
39.312482357
39.3134989738
39.3144800663
39.3154807091
39.3164765835
39.3174750805
39.3184666634
39.3194737434
39.3204636574
39.3214869499
39.3224818707
39.3234848976
39.3244769573
39.3254683018
39.3264622688
39.3274738789
39.3284776211
39.3294570446
39.3304619789
39.3314762115
39.3324575424
39.3334681988
39.3344721794
39.3354876041
39.3364629745
39.3374626637
39.3384625912
39.3394603729
39.3404529095
39.3414568901
39.3424475193
39.3434536457
39.3444640636
39.3454504013
39.3464713097
39.3474671841
39.3484563828
39.3494615555
39.3504538536
39.3514482975
39.3524539471
39.353454113
39.3544573784
39.355453968
39.356451273
39.3574512005
39.3584487438
39.3594532013
39.3604578972
39.3614845276
39.3624699116
39.3634910583
39.3644657135
39.365449667
39.3664479256
39.3674483299
39.3684568405
39.3694386482
39.3704409599
39.3714580536
39.3724491596
39.3734407425
39.3744430542
39.3754377365
39.376427412
39.3774411678
39.3784296513
39.3794436455
39.3804254532
39.381424427
39.382420063
39.3834266663
39.3844583035
39.3854217529
39.3864188194
39.3874733448
39.3884761333
39.3894953728
39.39041996
39.3914706707
39.3924224377
39.3934192657
39.3944151402
39.3954148293
39.3964307308
39.3974163532
39.3994181156
39.4004235268
39.4014265537
39.4024209976
39.4034280777
39.4044435024
39.4054362774
39.4064323902
39.4074375629
39.4084284306
39.4094290733
39.4104201794
39.4114122391
39.4124200344
39.4164097309
39.4174025059
39.4184029102
39.4193992615
39.4203891754
39.4214043617
39.4223980904
39.4233961105
39.4243888855
39.4253880978
39.4263887405
39.4274301529
39.4284024239
39.4294028282
39.4304115772
39.4314110279
39.4323954582
39.4333958626
39.4343812466
39.4353797436
39.4363799095
39.4373757839
39.4383788109
39.4393742085
39.4403750896
39.4413712025
39.4423823357
39.4433701038
39.4443688393
39.4453754425
39.4463744164
39.4473707676
39.4483699799
39.4493794441
39.4503793716
39.4514019489
39.4523711205
39.4533677101
39.4543716908
39.4553809166
39.4564042091
39.4573652744
39.4583761692
39.4593875408
39.4603793621
39.4613842964
39.4623761177
39.4633722305
39.464370966
39.465359211
39.4663641453
39.4673757553
39.4683711529
39.4693648815
39.4703607559
39.4713613987
39.4723517895
39.4733550549
39.4743549824
39.4753623009
39.4763538837
39.4773693085
39.4783666134
39.4793658257
39.480369091
39.4814012051
39.4823651314
39.4835968018
39.484360218
39.4854154587
39.4863498211
39.4873654842
39.4883601665
39.4893541336
39.4903655052
39.4913523197
39.4923565388
39.4963588715
39.4973528385
39.4983625412
39.4993638992
39.5003478527
39.5013511181
39.502358675
39.5033662319
39.5043580532
39.5053553581
39.5063388348
39.5073447227
39.508348465
39.5095882416
39.5103416443
39.5114159584
39.5123770237
39.514332056
39.5153391361
39.5163276196
39.517336607
39.5183296204
39.519340992
39.5203251839
39.5213770866
39.5223340988
39.5233342648
39.5243275166
39.5253396034
39.5263323784
39.5273554325
39.5283308029
39.5293428898
39.530328989
39.5313367844
39.5323281288
39.5333390236
39.5343294144
39.535330534
39.536324501
39.5373399258
39.538330555
39.5393519402
39.5405879021
39.5413451195
39.5423402786
39.5433533192
39.5453419685
39.5463249683
39.5473442078
39.5483224392
39.5493228436
39.5505740643
39.551312685
39.5523350239
39.5533423424
39.5543048382
39.5555734634
39.5565752983
39.5575678349
39.5583143234
39.5595555305
39.5603048801
39.5615706444
39.5625777245
39.5635852814
39.5645949841
39.5655651093
39.5663115978
39.5675542355
39.5685472488
39.5695400238
39.5705399513
39.5715360641
39.5725367069
39.5735354424
39.5742919445
39.5755345821
39.5765378475
39.5775322914
39.5785331726
39.5795297623
39.580532074
39.5815327168
39.5822911263
39.583530426
39.584533453
39.5855455399
39.5865590572
39.5875370502
39.5885412693
39.5895433426
39.590542078
39.5915396214
39.5925352573
39.5935299397
39.5945329666
39.595531702
39.5965311527
39.5975251198
39.5985336304
39.5995292664
39.6005284786
39.6015238762
39.60252285
39.6035192013
39.6045157909
39.6055169106
39.6065187454
39.6075277328
39.608522892
39.6095225811
39.6105248928
39.6115210056
39.6125152111
39.6155107021
39.6165144444
39.6175172329
39.618516922
39.6195113659
39.6205117702
39.6215114594
39.6225097179
39.6235070229
39.6245090961
39.6255099773
39.6265165806
39.6275634766
39.6285111904
39.6295111179
39.6305212975
39.631506443
39.6325101852
39.6345174313
39.6355099678
39.636503458
39.6375079155
39.6385064125
39.6395068169
39.6415038109
39.6425130367
39.6435086727
39.6445491314
39.6455066204
39.6465060711
39.6475129128
39.6485116482
39.6495070457
39.6505026817
39.651501894
39.6525013447
39.6534996033
39.6544976234
39.6554989815
39.6565020084
39.6575064659
39.6585042477
39.659504652
39.6604921818
39.661495924
39.6624951363
39.6635100842
39.6644978523
39.6654918194
39.6664919853
39.6674888134
39.6684889793
39.6694946289
39.6704909801
39.6714882851
39.6724853516
39.6734788418
39.6744813919
39.6754770279
39.6764781475
39.6774790287
39.6784918308
39.679476738
39.6804850101
39.6814925671
39.6824889183
39.6834783554
39.6844775677
39.6854741573
39.6864802837
39.6874732971
39.688475132
39.6894750595
39.6904687881
39.6914720535
39.6924738884
39.6934752464
39.6944723129
39.695479393
39.6964790821
39.6974773407
39.6984779835
39.6994776726
39.7004868984
39.7014846802
39.7025406361
39.7034811974
39.7044694424
39.7054758072
39.7064752579
39.7074816227
39.7084715366
39.7094731331
39.7105152607
39.7114667892
39.7124652863
39.7144548893
39.7154603004
39.7164719105
39.7174515724
39.7184538841
39.7194638252
39.7204523087
39.7214515209
39.7224700451
39.7234604359
39.7245213985
39.725455761
39.7264528275
39.7274677753
39.7284605503
39.7294723988
39.7304635048
39.7314567566
39.7324779034
39.7334702015
39.7344574928
39.7354593277
39.7364532948
39.7374539375
39.7384476662
39.7404510975
39.7414546013
39.7424545288
39.7434635162
39.7444419861
39.7454488277
39.7464487553
39.7474422455
39.7484426498
39.7494373322
39.7504372597
39.7514357567
39.75243783
39.7534353733
39.7544343472
39.755436182
39.7564332485
39.7574403286
39.758439064
39.7594394684
39.7604424953
39.7614510059
39.7624671459
39.7634460926
39.7644398212
39.7654390335
39.7664313316
39.7674360275
39.7684381008
39.7694325447
39.7704405785
39.7714414597
39.7724289894
39.7744276524
39.7754306793
39.7764325142
39.7774326801
39.7784366608
39.7794282436
39.7804296017
39.781430006
39.7824501991
39.7834410667
39.7844259739
39.7854373455
39.7864303589
39.7874379158
39.7884311676
39.7894697189
39.7904291153
39.7914259434
39.7924208641
39.7944176197
39.7954232693
39.7964756489
39.7974214554
39.798415184
39.7994132042
39.8004097939
39.8014159203
39.8024468422
39.8034031391
39.8044450283
39.8054056168
39.8064053059
39.8074076176
39.8084199429
39.8094060421
39.8104054928
39.8114140034
39.8124120235
39.813406229
39.8144028187
39.8154039383
39.8164076805
39.8174147606
39.8204007149
39.8214056492
39.8223855495
39.823384285
39.8243820667
39.8253893852
39.8263990879
39.8274092674
39.8284013271
39.8295032978
39.8304018974
39.8314282894
39.8323857784
39.8403894901
39.8413822651
39.843388319
39.8443994522
39.8453855515
39.8463861942
39.8474054337
39.8603708744
39.8614008427
39.8623688221
39.8633708954
39.8643736839
39.8653724194
39.8673644066
39.8683652878
39.8693602085
39.8703632355
39.8713696003
39.8723626137
39.873357296
39.8743560314
39.8753545284
39.8763551712
39.8773570061
39.8783621788
39.8793613911
39.8803675175
39.8813786507
39.8823680878
39.8833653927
39.8843655586
39.8853502274
39.8863711357
39.8873624802
39.8883621693
39.8893680573
39.8903646469
39.8913729191
39.8923580647
39.8933572769
39.894359827
39.8953807354
39.8963487148
39.897351265
39.8983500004
39.8993597031
39.9003481865
39.9013521671
39.9023458958
39.9033424854
39.9043421745
39.9053428173
39.9063427448
39.907340765
39.9083425999
39.9093391895
39.9103364944
39.9113342762
39.9123384953
39.9133353233
39.9143445492
39.9153370857
39.9163458347
39.9203410149
39.9213507175
39.9223310947
39.923337698
39.9243397713
39.9253447056
39.9263324738
39.927346468
39.9283297062
39.9293427467
39.9303245544
39.9313342571
39.9323296547
39.9333343506
39.9343240261
39.9353291988
39.9363193512
39.9373326302
39.938321352
39.9393873215
39.9413342476
39.942325592
39.9433281422
39.9443433285
39.945328474
39.9463195801
39.9473395348
39.948338747
39.9493401051
39.9503369331
39.9513475895
39.9523177147
39.953347683
39.9543232918
39.9553627968
39.9563262463
39.9573259354
39.9583137035
39.9593160152
39.9603116512
39.961304903
39.9623098373
39.9633073807
39.9643073082
39.9652991295
39.966299057
39.9675512314
39.9683046341
39.9695463181
39.97057271
39.9715502262
39.9725451469
39.9735970497
39.9743010998
39.9755661488
39.9765696526
39.9775395393
39.978540659
39.9795396328
39.9805622101
39.9815409184
39.9822952747
39.9835481644
39.9843380451
39.9855411053
39.9865407944
39.9875402451
39.9885411263
39.9895431995
39.9905493259
39.9915475845
39.9925415516
39.9935307503
39.9945368767
39.9955339432
39.9965429306
39.9975366592
39.9985332489
39.9995310307
40.0003290176
40.0015261173
40.0025660992
40.0035207272
40.0045640469
40.005559206
40.006524086
40.0075221062
40.0085217953
40.0095770359
40.0105228424
40.0115199089
40.0125226974
40.0135159492
40.0145168304
40.0155162811
40.0165662766
40.0175259113
40.0185155869
40.0195145607
40.0205142498
40.0215196609
40.0225143433
40.0235192776
40.0255224705
40.0265231133
40.0295124054
40.0305233002
40.0315139294
40.032515049
40.0335254669
40.0345344543
40.0355372429
40.0365297794
40.037520647
40.0385065079
40.039501667
40.0404980183
40.04150033
40.0425138474
40.0434997082
40.044501543
40.0455026627
40.0465037823
40.0474998951
40.0485465527
40.0534968376
40.0544998646
40.0555007458
40.0564954281
40.0574989319
40.0584952831
40.0594916344
40.0604922771
40.0614907742
40.0624949932
40.0635011196
40.064496994
40.0654907227
40.0665397644
40.0674903393
40.0685031414
40.0695097446
40.0704987049
40.0714917183
40.0724914074
40.0744900703
40.0754868984
40.0764877796
40.0774903297
40.0784919262
40.0794885159
40.080486536
40.0815048218
40.0825030804
40.0834927559
40.0844960213
40.0854842663
40.0865044594
40.0874843597
40.0884840488
40.0894806385
40.0904765129
40.0914821625
40.0924899578
40.0934810638
40.0944809914
40.0954813957
40.0964865685
40.0974829197
40.0984861851
40.0994858742
40.1025102139
40.1034722328
40.1045050621
40.1054720879
40.1074757576
40.1084764004
40.1095168591
40.110473156
40.116486311
40.1175019741
40.1184871197
40.119481802
40.1204898357
40.123519659
40.1245131493
40.1255218983
40.1264793873
40.1274893284
40.1285049915
40.1294779778
40.1304831505
40.1314771175
40.1324770451
40.1334784031
40.1344773769
40.1354858875
40.1364843845
40.1374797821
40.1384773254
40.1394832134
40.1404731274
40.141472578
40.1424708366
40.1434848309
40.144464016
40.1454732418
40.1464800835
40.1474711895
40.1484611034
40.1494693756
40.1504604816
40.1514673233
40.1525173187
40.1534664631
40.1544964314
40.155472517
40.1564693451
40.1574540138
40.1584634781
40.1594810486
40.1604616642
40.1614599228
40.1624708176
40.1634590626
40.1644489765
40.1654543877
40.1664500237
40.1674449444
40.1684451103
40.1694407463
40.1704392433
40.1714401245
40.1724705696
40.1744375229
40.1754353046
40.1764426231
40.1774368286
40.1784324646
40.1814332008
40.1824324131
40.1834282875
40.1844301224
40.1864402294
40.1874530315
40.1884467602
40.1894567013
40.1904423237
40.1914484501
40.1924521923
40.1934571266
40.1944432259
40.1954510212
40.1964581013
40.1974468231
40.1984448433
40.1994521618
40.2004477978
40.2014462948
40.2024652958
40.2034459114
40.2044408321
40.2054400444
40.206441164
40.2074334621
40.2084345818
40.2094357014
40.2104334831
40.2114303112
40.2174284458
40.2184369564
40.2204244137
40.2214238644
40.2254199982
40.2264184952
40.2274236679
40.2284212112
40.2294166088
40.2304141521
40.2314200401
40.2324178219
40.2334141731
40.2344067097
40.2354056835
40.2364177704
40.2374176979
40.2384133339
40.2394127846
40.2403972149
40.2413966656
40.2424042225
40.2434134483
40.2444067001
40.2453892231
40.2463991642
40.24740839
40.248408556
40.2494006157
40.2503855228
40.2513833046
40.2523856163
40.253380537
40.2543797493
40.2553813457
40.2563791275
40.2573800087
40.2583754063
40.2593767643
40.2603766918
40.2613861561
40.2623984814
40.2633867264
40.2643785477
40.265383482
40.26638937
40.2673890591
40.2683980465
40.2693884373
40.2703797817
40.2713963985
40.2723824978
40.2733845711
40.2743794918
40.2753765583
40.2763750553
40.2773821354
40.2783818245
40.2793807983
40.2803871632
40.281386137
40.2833786011
40.2843794823
40.2853853703
40.2863824368
40.2873749733
40.2883713245
40.2893745899
40.2903695107
40.2913990021
40.2933821678
40.2943644524
40.2953701019
40.2963635921
40.297368288
40.2983703613
40.2993607521
40.3003585339
40.3013589382
40.3023583889
40.3033592701
40.3043580055
40.3053743839
40.3063662052
40.3073678017
40.3083612919
40.3093676567
40.3103761673
40.3113799095
40.3123683929
40.313365221
40.3143546581
40.3153603077
40.3163547516
40.3173573017
40.3183538914
40.3193562031
40.3203496933
40.3213789463
40.3223614693
40.3233573437
40.3243498802
40.3253614902
40.3263506889
40.3273646832
40.3283555508
40.3293645382
40.3343544006
40.3353452682
40.3363406658
40.3373494148
40.3383340836
40.3393425941
40.3403275013
40.3413434029
40.3423306942
40.3433489799
40.3443281651
40.3453390598
40.3463308811
40.3473365307
40.3483259678
40.3493330479
40.350325346
40.3513298035
40.3523271084
40.3533408642
40.3543233871
40.3553342819
40.3563189507
40.3573265076
40.3583188057
40.3593270779
40.3603177071
40.3613283634
40.3623206615
40.3633394241
40.3643136024
40.3653116226
40.3663117886
40.3673098087
40.3683159351
40.3693695068
40.3703548908
40.3713104725
40.3723123074
40.3733313084
40.3745584488
40.3755600452
40.3765571117
40.3775601387
40.3785700798
40.384554863
40.3853106499
40.3865535259
40.3875522614
40.3885579109
40.3895690441
40.3905775547
40.391564846
40.3925592899
40.393550396
40.3945405483
40.3955385685
40.3965418339
40.3975512981
40.3985412121
40.3995368481
40.4005358219
40.4012908936
40.4025382996
40.4035298824
40.404528141
40.4055278301
40.4065253735
40.4075279236
40.4085319042
40.4095273018
40.4105370045
40.4115359783
40.4125356674
40.4135303497
40.4145293236
40.4155454636
40.4165346622
40.4175434113
40.4185388088
40.4195356369
40.4205412865
40.4215414524
40.4225287437
40.4235320091
40.4245419502
40.425532341
40.4265387058
40.4275462627
40.4285314083
40.4295344353
40.4305200577
40.4315187931
40.432554245
40.4335155487
40.434514761
40.4355185032
40.4365229607
40.4375152588
40.4385163784
40.4395165443
40.440515995
40.441514492
40.4425103664
40.4435133934
40.4445214272
40.4454994202
40.4464986324
40.4475023746
40.4484992027
40.4494991302
40.4504978657
40.4514906406
40.4525036812
40.4535038471
40.4545030594
40.4555039406
40.4565029144
40.4575076103
40.4585149288
40.4595153332
40.460506916
40.4615075588
40.4625062943
40.4634988308
40.4644954205
40.465502739
40.4664978981
40.4675006866
40.4684979916
40.4695045948
40.4704935551
40.471496582
40.4724912643
40.4734973907
40.4744899273
40.4754910469
40.4764921665
40.4774870872
40.478484869
40.4794919491
40.4804842472
40.4814872742
40.4824857712
40.4834811687
40.4844822884
40.4854843616
40.4864850044
40.4874925613
40.488483429
40.4894857407
40.4904813766
40.4914865494
40.4945001602
40.495477438
40.4964799881
40.4974899292
40.4984974861
40.49949193
40.5004897118
40.5014965534
40.5024709702
40.5034706593
40.5044744015
40.5054705143
40.506475687
40.5074970722
40.5085330009
40.5094764233
40.5105218887
40.5115158558
40.5124676228
40.5134634972
40.5144617558
40.5154623985
40.516461134
40.5174648762
40.5184798241
40.5194776058
40.5204787254
40.5214605331
40.522466898
40.5234749317
40.5244576931
40.5254604816
40.5264718533
40.5274834633
40.5294640064
40.5304713249
40.5314722061
40.532459259
40.5334620476
40.5344619751
40.5354659557
40.5364692211
40.5404658318
40.541457653
40.5424544811
40.543463707
40.5444538593
40.549447298
40.5504524708
40.5514514446
40.5524497032
40.554444313
40.5554542542
40.556447506
40.5574638844
40.5584456921
40.5594601631
40.5604588985
40.5614652634
40.5624895096
40.5634498596
40.5644369125
40.5654425621
40.5664391518
40.5674548149
40.5684409142
40.5694358349
40.5704352856
40.5714318752
40.5724334717
40.5734288692
40.5744316578
40.5754306316
40.5764293671
40.5774292946
40.5784263611
40.579429388
40.5804264545
40.581435442
40.5824398994
40.5834336281
40.5844397545
40.5854346752
40.5864377022
40.5874345303
40.5884318352
40.5894343853
40.5904219151
40.5914254189
40.5924272537
40.5934364796
40.5944347382
40.5954332352
40.5964405537
40.5974471569
40.598449707
40.5994408131
40.600446701
40.6014566422
40.6024558544
40.6034348011
40.6044480801
40.605458498
40.6064331532
40.6074202061
40.6084656715
40.60947299
40.6105093956
40.6114785671
40.6124563217
40.6134245396
40.6144547462
40.6154150963
40.6164176464
40.6174132824
40.6184139252
40.6194169521
40.6204180717
40.6214358807
40.6224155426
40.6234140396
40.6244122982
40.62541008
40.6264226437
40.6274240017
40.6284081936
40.6294081211
40.6304807663
40.6314227581
40.6324112415
40.633405447
40.6344037056
40.6354057789
40.6364057064
40.6374056339
40.6384077072
40.6394543648
40.6404166222
40.6414122581
40.6424188614
40.6434063911
40.6444177628
40.6454253197
40.64645648
40.6474056244
40.6484069824
40.6494035721
40.6504113674
40.6514000893
40.6524059772
40.6563825607
40.6574053764
40.6584112644
40.6594130993
40.6604013443
40.6615297794
40.6623678207
40.6635000706
40.6643736362
40.6653718948
40.6683733463
40.6693761349
40.6703720093
40.6713869572
40.6723773479
40.6733798981
40.6743896008
40.6754026413
40.677387476
40.6783978939
40.6793794632
40.6803743839
40.6816165447
40.6823763847
40.6833734512
40.6844227314
40.6853802204
40.6864397526
40.6874473095
40.6883678436
40.6893873215
40.6904337406
40.6914334297
40.6923892498
40.6933648586
40.6943717003
40.6953847408
40.6963641644
40.6973721981
40.6983623505
40.6993763447
40.700371027
40.7013742924
40.7024278641
40.7034070492
40.7044699192
40.7053682804
40.7063648701
40.7073528767
40.7083644867
40.7093615532
40.7103574276
40.7113773823
40.7123792171
40.7133796215
40.7143714428
40.7153558731
40.7163527012
40.7173526287
40.7183449268
40.7193374634
40.7203395367
40.7213425636
40.7223441601
40.7233469486
40.7243714333
40.7253770828
40.7303445339
40.7313511372
40.7353365421
40.736338377
40.7373373508
40.7383425236
40.7393293381
40.7403318882
40.7413291931
40.7423324585
40.7433300018
40.7443296909
40.7453298569
40.7463226318
40.7473247051
40.7483260632
40.749329567
40.7503218651
40.7513251305
40.7523183823
40.7533240318
40.7563149929
40.7573227882
40.7583184242
40.7593317032
40.7603495121
40.7613232136
40.7623274326
40.7633323669
40.7643313408
40.7655739784
40.7665593624
40.7673666477
40.7685570717
40.7693316936
40.7703232765
40.7715559006
40.7723104954
40.773321867
40.7743086815
40.7753162384
40.7763047218
40.7773189545
40.7783074379
40.7795596123
40.7803037167
40.7813186646
40.7823109627
40.7835481167
40.7845449448
40.7855434418
40.7865493298
40.7875599861
40.7895517349
40.7905461788
40.7915408611
40.7925395966
40.7935428619
40.7962911129
40.7975993156
40.7983477116
40.7995352745
40.8005316257
40.8015317917
40.802531004
40.8035287857
40.8045284748
40.8055334091
40.8165302277
40.81752491
40.8205187321
40.8215200901
40.8225200176
40.8235168457
40.8245162964
40.8255183697
40.8265206814
40.8275194168
40.828520298
40.8295147419
40.8305170536
40.8315148354
40.8325161934
40.8335146904
40.834512949
40.8355154991
40.8365168571
40.8375148773
40.8385186195
40.8395223618
40.8495061398
40.850502491
40.8515007496
40.8525004387
40.8535044193
40.85450387
40.8555004597
40.8565049171
40.8575053215
40.8585221767
40.8595004082
40.8604984283
40.8615005016
40.8624970913
40.8634991646
40.8644983768
40.8654971123
40.8664934635
40.8674948215
40.868496418
40.8694932461
40.8705017567
40.8715355396
40.8724946976
40.8734955788
40.8745355606
40.8754918575
40.8764922619
40.877494812
40.8785510063
40.8794920444
40.8804914951
40.8814918995
40.8824913502
40.8834965229
40.8844912052
40.8854866028
40.8864855766
40.8874886036
40.8884854317
40.8894860744
40.8904838562
40.8914859295
40.8924837112
40.8934812546
40.89447999
40.895481348
40.8964819908
40.8974843025
40.8984794617
40.8994748592
40.9004750252
40.9014747143
40.9024896622
40.9034702778
40.9044847488
40.9054744244
40.9064869881
40.9074728489
40.9084708691
40.9094734192
40.9104862213
40.9114675522
40.9124691486
40.913482666
40.9145140648
40.9154849052
40.9174962044
40.9184668064
40.9194648266
40.920468092
40.9214639664
40.9224674702
40.9234645367
40.9244618416
40.9254641533
40.926469326
40.9274628162
40.9284613132
40.9294612408
40.9304635525
40.9314653873
40.9324617386
40.9334595203
40.9344620705
40.9354629517
40.9364671707
40.9374620914
40.9384663105
40.9394681454
40.9404649734
40.941464901
40.9424724579
40.9434671402
40.9444568157
40.9454555511
40.9464607239
40.9474551678
40.9484608173
40.9494559765
40.9504547119
40.9514536858
40.9524497986
40.9534556866
40.9544539452
40.9554519653
40.9564476013
40.9574530125
40.9584519863
40.9594557285
40.9604465961
40.9614875317
40.9624905586
40.9634532928
40.9644405842
40.9654560089
40.9664413929
40.9674491882
40.96844244
40.9694433212
40.9704487324
40.9714446068
40.9724473953
40.973439455
40.9744389057
40.9754443169
40.9764425755
40.9774444103
40.9784407616
40.9794390202
40.9804396629
40.9814298153
40.9824502468
40.9834382534
40.9844515324
40.9854438305
40.988427639
40.9894266129
40.9904243946
40.9914226532
40.9924283028
40.9934256077
40.9944248199
40.9954276085
40.9964282513
40.997461319
40.9984235764
40.9994232655
41.0004189014
41.0014176369
41.0024187565
41.0034151077
41.0044159889
41.0054140091
41.0064280033
41.0074589252
41.00841856
41.0094182491
41.0104231834
41.0114164352
41.0124168396
41.0134100914
41.0144128799
41.0154187679
41.0164129734
41.0174126625
41.0184195042
41.019421339
41.0204286575
41.0214307308
41.0224108696
41.023412466
41.0244119167
41.0254120827
41.0264027119
41.0274035931
41.0284125805
41.0294046402
41.0304493904
41.0314002037
41.0324006081
41.0334086418
41.0344085693
41.0354018211
41.036400795
41.0374026299
41.0384047031
41.0393993855
41.0403983593
41.0413968563
41.0423955917
41.043389082
41.0444345474
41.0453898907
41.0463850498
41.0474541187
41.0484373569
41.0494458675
41.0503985882
41.0513892174
41.0523989201
41.0533828735
41.0543828011
41.0554308891
41.0564668179
41.0574550629
41.0584084988
41.0593767166
41.0604169369
41.0613746643
41.0623853207
41.063378334
41.0643851757
41.0654327869
41.0664353371
41.0674335957
41.068377018
41.0694305897
41.0704369545
41.0714313984
41.0723795891
41.0733761787
41.0743699074
41.0753836632
41.0764229298
41.0774447918
41.0784330368
41.0794219971
41.0804424286
41.0813786983
41.082400322
41.0834326744
41.084384203
41.0854582787
41.0863749981
41.0873677731
41.0883669853
41.0893661976
41.0903639793
41.0913627148
41.0923578739
41.0933685303
41.0943636894
41.0953624249
41.0963599682
41.0973591805
41.0983581543
41.0993578434
41.1004190445
41.1013805866
41.1023616791
41.1033668518
41.104360342
41.1053731441
41.1063818932
41.1073634624
41.1083478928
41.1093616486
41.1104285717
41.1113686562
41.1124501228
41.1134178638
41.1144282818
41.1153612137
41.1163511276
41.117361784
41.1183526516
41.1193754673
41.1204504967
41.1213545799
41.1223599911
41.1253666878
41.1263656616
41.1273570061
41.1283533573
41.1293494701
41.1303524971
41.1313428879
41.1323480606
41.133346796
41.1343421936
41.1353402138
41.1363370419
41.1373343468
41.138338089
41.1393358707
41.1403388977
