7.6512890625
7.6512890625
7.8556640625
7.7023828125
7.8556640625
7.8556640625
7.7534765625
7.893984375
7.8045703125
7.7534765625
7.9067578125
7.9578515625
7.9578515625
7.7790234375
7.9067578125
7.9578515625
7.8556640625
7.8045703125
7.7023828125
7.9578515625
7.9067578125
7.9067578125
7.8556640625
7.8045703125
7.740703125
7.7023828125
7.9067578125
7.7534765625
7.8045703125
7.8045703125
8.1622265625
7.9067578125
8.0089453125
7.7023828125
7.8556640625
7.8556640625
7.8556640625
7.6001953125
7.7534765625
7.7534765625
8.0089453125
7.9067578125
7.8556640625
8.0089453125
8.0089453125
7.8556640625
7.8556640625
7.6512890625
7.7534765625
7.8556640625
7.8556640625
8.0089453125
7.9067578125
7.740703125
7.7534765625
8.1111328125
7.7023828125
7.8045703125
7.7534765625
7.8045703125
7.7534765625
8.0089453125
7.7534765625
7.81734375
7.7023828125
7.8556640625
7.9067578125
7.7023828125
7.9578515625
7.6512890625
7.6640625
7.9578515625
7.5491015625
7.9578515625
7.8556640625
7.9067578125
7.8045703125
7.9578515625
7.81734375
7.6512890625
7.7534765625
7.7023828125
7.8045703125
7.7023828125
7.7534765625
7.8556640625
7.8045703125
7.7023828125
7.8556640625
7.8045703125
7.7534765625
7.6512890625
7.8556640625
7.9067578125
7.9578515625
7.6512890625
7.8045703125
7.5491015625
7.9067578125
7.8045703125
7.8556640625
7.9067578125
7.7023828125
7.8556640625
7.8556640625
7.7023828125
7.9067578125
7.740703125
7.7023828125
7.8556640625
7.8556640625
7.7023828125
7.9067578125
7.8556640625
7.8045703125
8.0089453125
8.0089453125
7.6512890625
7.587421875
7.8045703125
7.8556640625
7.8045703125
7.9067578125
7.7023828125
8.0600390625
8.0600390625
7.8556640625
7.9067578125
7.970625
7.6001953125
8.0600390625
7.7534765625
8.0089453125
7.8045703125
7.7534765625
7.7023828125
7.6512890625
7.7534765625
7.6257421875
8.0089453125
7.8045703125
7.8045703125
7.7023828125
7.7534765625
8.0089453125
7.7023828125
7.8556640625
7.8556640625
7.8045703125
7.740703125
8.0089453125
7.7534765625
8.0089453125
7.8045703125
7.8045703125
7.9067578125
7.9067578125
8.0600390625
7.9067578125
7.9323046875
7.8556640625
7.6512890625
7.7023828125
7.9067578125
7.7023828125
7.6001953125
7.5491015625
7.7534765625
7.8556640625
7.51078125
7.6512890625
7.6001953125
7.7023828125
7.7023828125
7.4469140625
7.7023828125
8.0089453125
7.4469140625
7.7534765625
7.6001953125
7.7023828125
7.7023828125
7.9578515625
7.6512890625
7.7534765625
7.6001953125
7.6512890625
7.7023828125
7.7023828125
7.6640625
7.8556640625
7.7023828125
7.6001953125
7.6001953125
7.7534765625
7.5491015625
7.6512890625
7.7790234375
7.6512890625
7.6512890625
7.6512890625
7.8045703125
7.6001953125
7.6001953125
7.7023828125
7.6512890625
7.6512890625
7.8556640625
7.8045703125
7.8045703125
7.7023828125
7.8045703125
7.8556640625
7.8045703125
7.8556640625
8.0089453125
8.2644140625
7.893984375
7.7534765625
7.9067578125
7.8045703125
7.7023828125
8.0089453125
7.8045703125
7.7534765625
7.7023828125
7.9578515625
7.9323046875
7.7534765625
7.8556640625
7.9067578125
7.9578515625
7.7534765625
7.9067578125
7.8045703125
7.5491015625
7.740703125
7.8045703125
8.0600390625
8.0089453125
7.9578515625
7.8045703125
8.0089453125
7.7534765625
7.7534765625
7.8045703125
7.740703125
7.8556640625
7.9067578125
7.8045703125
7.8556640625
7.7534765625
7.6001953125
7.6512890625
7.4469140625
7.6512890625
7.6001953125
7.6257421875
7.8045703125
7.9067578125
7.6512890625
7.9067578125
7.6001953125
7.7023828125
7.6001953125
7.7534765625
7.740703125
7.8045703125
7.8045703125
7.8045703125
7.8045703125
7.6001953125
8.1622265625
7.7023828125
7.3447265625
7.8045703125
7.5491015625
7.6001953125
7.8556640625
7.5491015625
7.8045703125
7.6001953125
7.5491015625
7.6512890625
7.6512890625
7.4980078125
7.7023828125
7.587421875
7.7023828125
7.7023828125
8.0089453125
7.8045703125
7.7534765625
8.0600390625
7.6512890625
7.6512890625
7.6001953125
7.893984375
7.6001953125
7.8045703125
7.8556640625
7.9067578125
7.6512890625
7.6512890625
7.7534765625
7.6512890625
7.7534765625
7.7023828125
7.6512890625
7.6512890625
7.8045703125
7.8045703125
7.7023828125
7.7023828125
7.7023828125
7.7023828125
7.6001953125
7.6512890625
7.6640625
7.7534765625
7.8556640625
8.0089453125
8.3155078125
7.8556640625
7.7023828125
7.9067578125
7.8045703125
7.7534765625
7.5491015625
7.4469140625
7.7534765625
7.8045703125
7.6512890625
7.9578515625
7.7534765625
7.7790234375
7.4980078125
7.6512890625
7.8045703125
7.8045703125
7.8556640625
7.8556640625
7.7534765625
7.7534765625
7.7023828125
7.8045703125
7.740703125
7.6512890625
7.8045703125
7.8556640625
7.6512890625
7.6512890625
7.6001953125
7.6257421875
7.8045703125
7.6512890625
7.7534765625
7.8045703125
7.7534765625
7.7023828125
7.7023828125
7.6001953125
7.8045703125
7.587421875
7.7534765625
7.4469140625
7.8556640625
7.6001953125
7.8045703125
7.9067578125
7.6512890625
7.7534765625
7.7534765625
7.7023828125
7.6257421875
7.9067578125
7.8556640625
7.5491015625
7.6512890625
7.8045703125
7.7023828125
7.8045703125
7.7023828125
7.7534765625
7.6640625
7.7534765625
7.6001953125
7.7790234375
7.7023828125
7.8045703125
7.9578515625
7.6001953125
7.7534765625
7.6512890625
7.5491015625
7.4980078125
7.6512890625
7.8556640625
7.893984375
7.7023828125
7.8045703125
7.7023828125
7.7534765625
7.6512890625
7.6001953125
7.6512890625
7.587421875
7.5491015625
7.8045703125
7.5491015625
7.6001953125
7.7534765625
7.6512890625
7.6001953125
7.9067578125
7.7534765625
7.51078125
7.6001953125
7.7023828125
7.7023828125
7.4980078125
7.8045703125
7.8045703125
7.7534765625
7.7023828125
7.7534765625
7.81734375
7.7023828125
7.5491015625
7.7534765625
7.8045703125
7.9578515625
7.7023828125
7.7023828125
7.740703125
7.7023828125
7.9323046875
7.740703125
7.6512890625
7.9067578125
7.6512890625
7.6512890625
7.587421875
7.7023828125
7.8556640625
7.6512890625
7.7534765625
7.8556640625
7.7534765625
7.6001953125
7.6512890625
7.8045703125
7.7790234375
7.8045703125
7.7534765625
7.7023828125
7.6001953125
7.7534765625
7.5491015625
7.6512890625
7.8045703125
7.7534765625
7.7023828125
7.740703125
7.6001953125
7.6512890625
7.8045703125
7.8556640625
7.9067578125
7.7534765625
7.8045703125
7.7534765625
7.6001953125
7.587421875
7.6512890625
7.6512890625
7.8556640625
7.7023828125
7.6512890625
7.8045703125
7.7023828125
7.7534765625
7.6001953125
7.7790234375
7.7534765625
7.7534765625
7.8556640625
7.6512890625
7.6512890625
7.5491015625
7.7023828125
7.8045703125
7.7534765625
7.6512890625
7.8045703125
7.5491015625
7.7023828125
7.6001953125
7.6512890625
7.51078125
7.8045703125
7.7534765625
7.8045703125
7.8556640625
7.7023828125
7.8556640625
7.5491015625
7.4469140625
7.6001953125
7.5491015625
7.7534765625
7.6001953125
7.7534765625
7.6512890625
7.7534765625
7.4980078125
7.8556640625
7.7534765625
7.7023828125
7.587421875
7.5491015625
7.6001953125
7.4469140625
7.7534765625
7.6001953125
7.5491015625
7.4980078125
7.5491015625
7.6001953125
7.4469140625
7.7534765625
7.7023828125
7.7023828125
7.6512890625
7.5491015625
7.3447265625
7.4980078125
7.6512890625
7.6512890625
7.5491015625
7.5491015625
7.6001953125
7.5491015625
7.8556640625
7.4980078125
7.7023828125
7.6512890625
7.6512890625
7.7023828125
7.7023828125
7.6001953125
7.9067578125
7.5491015625
7.6001953125
7.5491015625
7.6257421875
7.5491015625
7.7534765625
7.7534765625
7.6512890625
7.7534765625
7.4980078125
7.7534765625
7.6001953125
7.9067578125
7.7023828125
7.6640625
7.9578515625
7.7534765625
7.4980078125
7.4469140625
7.7534765625
7.7023828125
7.5491015625
7.6512890625
7.5491015625
7.6001953125
7.7023828125
7.8556640625
7.5491015625
7.8556640625
7.7023828125
7.8045703125
7.7023828125
7.6001953125
7.9067578125
7.6512890625
7.7534765625
7.7534765625
7.6001953125
7.6257421875
7.5491015625
7.4980078125
7.5491015625
7.6001953125
7.4469140625
7.6001953125
7.3958203125
7.5491015625
7.6512890625
7.5491015625
7.6512890625
7.6512890625
7.8045703125
7.7023828125
7.7534765625
7.6001953125
7.6512890625
7.6640625
7.6512890625
7.8045703125
7.8045703125
7.7023828125
7.6001953125
7.6001953125
7.51078125
7.6512890625
7.5491015625
7.9578515625
7.5491015625
7.6001953125
7.7534765625
7.8045703125
7.8556640625
7.6512890625
7.81734375
7.4469140625
7.4980078125
7.4980078125
7.5491015625
7.6001953125
7.5491015625
7.8556640625
7.8045703125
7.7023828125
7.6001953125
7.6640625
7.8045703125
7.6512890625
7.7534765625
7.4469140625
7.6512890625
7.6512890625
7.4980078125
7.6512890625
7.7534765625
7.434140625
7.4980078125
7.7534765625
7.6512890625
7.6512890625
7.7023828125
7.7534765625
7.7534765625
7.6512890625
7.3958203125
7.7534765625
7.8556640625
7.6001953125
7.6001953125
7.6001953125
7.6001953125
7.4980078125
7.4980078125
7.7534765625
7.3958203125
7.7023828125
7.587421875
7.7534765625
7.4980078125
7.6512890625
7.7023828125
7.3447265625
7.5491015625
7.6512890625
7.6512890625
7.7023828125
7.7790234375
7.5491015625
7.4980078125
7.5491015625
7.6001953125
7.8045703125
7.8556640625
7.6001953125
7.7023828125
7.4980078125
7.6512890625
7.6257421875
7.5491015625
7.1914453125
7.5491015625
7.5491015625
7.587421875
7.4980078125
7.6001953125
7.6512890625
7.4980078125
7.5491015625
7.4980078125
7.6001953125
7.7023828125
7.7023828125
7.7023828125
7.434140625
7.5491015625
7.3958203125
7.4469140625
7.6001953125
7.4980078125
7.5491015625
7.6512890625
7.6512890625
7.51078125
7.4980078125
7.6001953125
7.7023828125
7.4980078125
7.6001953125
7.5491015625
7.6001953125
7.6512890625
7.6512890625
7.4469140625
7.5491015625
7.5491015625
7.3958203125
7.4469140625
7.4980078125
7.5491015625
7.4469140625
7.6512890625
7.7023828125
7.7023828125
7.8045703125
7.6001953125
7.6512890625
7.6001953125
7.6001953125
7.4469140625
7.7023828125
7.7534765625
7.6001953125
7.5491015625
7.8045703125
7.51078125
7.7534765625
7.3958203125
7.4980078125
7.7534765625
7.6512890625
7.6512890625
7.6512890625
7.6512890625
7.7023828125
7.4980078125
7.5491015625
7.4980078125
7.7023828125
7.7023828125
7.4469140625
7.5491015625
7.6001953125
7.6512890625
7.4980078125
7.4469140625
7.6257421875
7.4469140625
7.3447265625
7.7534765625
7.7023828125
7.5491015625
7.7023828125
7.6001953125
7.6001953125
7.4980078125
7.740703125
7.6512890625
7.6512890625
7.7023828125
7.4469140625
7.7023828125
7.3958203125
7.3958203125
7.4980078125
7.4469140625
7.6001953125
7.81734375
7.7023828125
7.3447265625
7.5491015625
7.7023828125
7.6001953125
7.6512890625
7.6001953125
7.8556640625
7.3447265625
7.51078125
7.6512890625
7.6001953125
7.6512890625
7.8045703125
7.8556640625
7.6512890625
7.8045703125
7.7023828125
7.5491015625
7.6512890625
7.434140625
7.5491015625
7.7534765625
7.4980078125
7.7534765625
7.7023828125
7.5491015625
7.9067578125
7.7534765625
7.4980078125
7.7790234375
7.6512890625
7.7023828125
7.5491015625
7.4980078125
7.3447265625
7.6001953125
7.3958203125
7.3447265625
7.8045703125
7.6512890625
7.5491015625
7.7023828125
7.7023828125
7.4980078125
7.6512890625
7.6001953125
7.4469140625
7.6001953125
7.6512890625
7.6512890625
7.3447265625
7.7023828125
7.6001953125
7.4469140625
7.7534765625
7.6512890625
7.6001953125
7.5491015625
7.7023828125
7.7534765625
7.7534765625
7.7023828125
7.5491015625
7.7023828125
7.6001953125
7.6001953125
7.7023828125
7.7023828125
7.6512890625
7.7023828125
7.7023828125
7.8556640625
7.434140625
7.6001953125
7.5491015625
7.6001953125
7.6512890625
7.4980078125
7.3958203125
7.6001953125
7.3958203125
7.5491015625
7.5491015625
7.6512890625
7.6512890625
7.5491015625
7.6001953125
7.4980078125
7.6512890625
7.6001953125
7.8045703125
7.7534765625
7.6512890625
7.7790234375
7.6001953125
7.6512890625
7.1914453125
7.5491015625
7.6001953125
7.6001953125
7.7023828125
7.6001953125
7.6640625
7.7023828125
7.7023828125
7.4980078125
7.5491015625
7.5491015625
7.6001953125
7.9067578125
7.5491015625
7.7534765625
7.7023828125
7.3191796875
7.4469140625
7.5491015625
7.6512890625
7.6512890625
7.4980078125
7.6001953125
7.7023828125
7.6001953125
7.6512890625
7.5491015625
7.7023828125
7.6512890625
7.4469140625
7.6512890625
7.5491015625
7.4980078125
7.8045703125
7.7023828125
7.7023828125
7.7023828125
7.4980078125
7.5491015625
7.6512890625
7.6001953125
7.6001953125
7.6001953125
7.7534765625
7.6512890625
7.6257421875
7.3958203125
7.6001953125
7.4469140625
7.5491015625
7.3958203125
7.6001953125
7.4980078125
7.4469140625
7.4980078125
7.740703125
7.2936328125
7.2936328125
7.3958203125
7.4980078125
7.4980078125
7.7023828125
7.3958203125
7.5491015625
7.4980078125
7.7023828125
7.3958203125
7.6001953125
7.6001953125
7.3958203125
7.4469140625
7.4980078125
7.4980078125
7.7023828125
7.6512890625
7.5491015625
7.5491015625
7.4980078125
7.6512890625
7.4469140625
7.7534765625
7.6512890625
7.6512890625
7.4980078125
7.5491015625
7.6001953125
7.51078125
7.2936328125
7.2425390625
7.4469140625
7.7023828125
7.2936328125
7.4469140625
7.5491015625
7.4469140625
7.3958203125
7.6001953125
7.2936328125
7.4980078125
7.5491015625
7.5491015625
7.4469140625
7.3447265625
7.4724609375
7.5491015625
7.6001953125
7.2936328125
7.3958203125
7.4980078125
7.3447265625
7.3958203125
7.3447265625
7.1914453125
7.5491015625
7.5491015625
7.4980078125
7.3447265625
7.5491015625
7.3958203125
7.4469140625
7.3958203125
7.3958203125
7.4724609375
7.6001953125
7.5491015625
7.2425390625
7.3447265625
7.4469140625
7.4469140625
7.2425390625
7.4469140625
7.3958203125
7.2425390625
7.434140625
7.4980078125
7.5491015625
7.3447265625
7.4980078125
7.4469140625
7.1403515625
7.1914453125
7.3958203125
7.1403515625
7.1658984375
7.3447265625
7.4980078125
7.4980078125
7.4469140625
7.5491015625
7.6001953125
7.2936328125
7.3447265625
7.3958203125
7.3958203125
7.4469140625
7.3958203125
7.3958203125
7.4469140625
7.3447265625
7.3447265625
7.6512890625
7.3958203125
7.3447265625
7.3958203125
7.4469140625
7.2936328125
7.3958203125
7.4469140625
7.4469140625
7.3958203125
7.5491015625
7.3447265625
7.6001953125
7.6512890625
7.6640625
7.5491015625
7.4469140625
7.3958203125
7.3447265625
7.4980078125
7.4980078125
7.5491015625
7.7023828125
7.6512890625
7.587421875
7.5491015625
7.2425390625
7.2936328125
7.4469140625
7.7023828125
7.7023828125
7.6512890625
7.4469140625
7.3447265625
7.3958203125
7.3958203125
7.3447265625
7.4469140625
7.6001953125
7.7023828125
7.6001953125
7.6512890625
7.6512890625
7.8045703125
7.6640625
7.4980078125
7.5491015625
7.4980078125
7.4469140625
7.6001953125
7.4980078125
7.5491015625
7.2936328125
7.3958203125
7.4469140625
7.51078125
7.4980078125
7.6001953125
7.6001953125
7.3958203125
7.5491015625
7.6001953125
7.3958203125
7.4980078125
7.2936328125
7.4724609375
7.5491015625
7.3958203125
7.0892578125
7.3447265625
7.6001953125
7.3447265625
7.2936328125
7.4469140625
7.3447265625
7.4724609375
7.4469140625
7.4469140625
7.6512890625
7.4469140625
7.6001953125
7.4980078125
7.3447265625
7.4980078125
7.2425390625
7.3958203125
7.4724609375
7.4980078125
7.4980078125
7.5491015625
7.3447265625
7.6001953125
7.587421875
7.4980078125
7.4469140625
7.4980078125
7.4980078125
7.6001953125
7.5491015625
7.8045703125
7.5491015625
7.4469140625
7.4469140625
7.434140625
7.3447265625
7.3958203125
7.6512890625
7.4469140625
7.8045703125
7.3447265625
7.4469140625
7.3958203125
7.1914453125
7.51078125
7.3447265625
7.6001953125
7.4469140625
7.4469140625
7.7534765625
7.4980078125
7.3958203125
7.4469140625
7.3447265625
7.51078125
7.6001953125
7.7534765625
7.6001953125
7.4980078125
7.6512890625
7.3447265625
7.3958203125
7.3958203125
7.4469140625
7.2936328125
7.3575
7.5491015625
7.6512890625
7.2936328125
7.3447265625
7.3958203125
7.2425390625
7.3447265625
7.4980078125
7.4980078125
7.51078125
7.3447265625
7.3958203125
7.4469140625
7.3958203125
7.3447265625
7.2425390625
7.2936328125
7.4469140625
7.4469140625
7.4469140625
7.4724609375
7.3447265625
7.1914453125
7.2936328125
7.2936328125
7.2936328125
7.2936328125
7.3447265625
7.4469140625
7.4980078125
7.20421875
7.3958203125
7.1403515625
7.4980078125
7.3447265625
7.3447265625
7.4469140625
7.4980078125
7.3447265625
7.51078125
7.5491015625
7.5491015625
7.3958203125
7.4469140625
7.5491015625
7.3958203125
7.4469140625
7.3447265625
7.4469140625
7.5491015625
7.3958203125
7.4980078125
7.3958203125
7.4469140625
7.3447265625
7.3447265625
7.3958203125
7.4980078125
7.4980078125
7.4469140625
7.5491015625
7.4980078125
7.2936328125
7.4980078125
7.3958203125
7.3958203125
7.4980078125
7.3958203125
7.4469140625
7.4469140625
7.587421875
7.2936328125
7.4469140625
7.2936328125
7.3447265625
7.4469140625
7.2936328125
7.4469140625
7.3958203125
7.6001953125
7.5491015625
7.587421875
7.3447265625
7.5491015625
7.4980078125
7.4980078125
7.2425390625
7.2425390625
7.3958203125
7.4469140625
7.3958203125
7.5491015625
7.2936328125
7.20421875
7.3447265625
7.2425390625
7.4980078125
7.4469140625
7.5491015625
7.3958203125
7.2936328125
7.3447265625
7.4980078125
7.587421875
7.5491015625
7.2425390625
7.4469140625
7.0892578125
7.2936328125
7.3958203125
7.1914453125
7.280859375
7.3958203125
7.1914453125
7.6001953125
7.7023828125
7.4980078125
7.51078125
7.2936328125
7.3447265625
7.4469140625
7.5491015625
7.3447265625
7.4980078125
7.1914453125
7.3958203125
7.2425390625
7.4724609375
7.2936328125
7.4980078125
7.2936328125
7.2936328125
7.5491015625
7.4469140625
7.2425390625
7.20421875
7.3447265625
7.3958203125
7.4980078125
7.3958203125
7.4469140625
7.1403515625
7.3958203125
7.4469140625
7.3958203125
7.2936328125
7.3191796875
7.3958203125
7.2936328125
7.3958203125
7.1914453125
7.5491015625
7.1403515625
7.2936328125
7.2936328125
7.4469140625
7.434140625
7.2425390625
7.3447265625
7.2425390625
7.3958203125
7.2936328125
7.1914453125
7.6001953125
7.3575
7.5491015625
7.2936328125
7.4980078125
7.1403515625
7.2425390625
7.3958203125
7.5491015625
7.4469140625
7.2936328125
7.3447265625
7.4724609375
7.3447265625
7.3958203125
7.3447265625
7.2425390625
7.1403515625
7.0892578125
7.3958203125
7.2936328125
7.2425390625
7.2425390625
7.4469140625
7.4469140625
7.4980078125
7.4469140625
7.8045703125
7.3958203125
7.4980078125
7.3447265625
7.4980078125
7.434140625
7.4980078125
7.3958203125
7.5491015625
7.5491015625
7.5491015625
7.5491015625
7.6001953125
7.2936328125
7.4469140625
7.51078125
7.4980078125
7.7023828125
7.4469140625
7.4980078125
7.5491015625
7.4980078125
7.5491015625
7.6001953125
7.4469140625
7.4724609375
7.3447265625
7.8045703125
7.3958203125
7.6001953125
7.6512890625
7.4980078125
7.5491015625
7.5491015625
7.5491015625
7.4469140625
7.4469140625
7.3447265625
7.5491015625
7.2425390625
7.6512890625
7.4469140625
7.1914453125
7.434140625
7.3958203125
7.2936328125
7.3447265625
7.3447265625
7.6512890625
7.4469140625
7.3958203125
7.3958203125
7.4980078125
7.3958203125
7.2425390625
7.5491015625
7.2425390625
7.3958203125
7.4980078125
7.3958203125
7.1914453125
7.2425390625
7.4469140625
7.2936328125
7.3447265625
7.2425390625
7.3447265625
7.1658984375
7.3958203125
7.3958203125
7.5491015625
7.3958203125
7.7023828125
7.3958203125
7.2936328125
7.2425390625
7.1914453125
7.2425390625
7.3191796875
7.4469140625
7.1403515625
7.0892578125
7.0892578125
7.2936328125
7.2425390625
7.3958203125
7.2425390625
7.1914453125
7.434140625
7.3447265625
7.2936328125
7.3447265625
7.2936328125
7.3447265625
7.2425390625
7.3958203125
7.3958203125
7.2425390625
7.4980078125
7.3575
7.3447265625
7.2936328125
7.3958203125
7.3958203125
7.0381640625
7.2425390625
7.3447265625
7.280859375
7.3958203125
7.2936328125
7.2936328125
7.2936328125
7.3958203125
7.1914453125
7.3447265625
7.1914453125
7.1914453125
7.3191796875
7.4469140625
7.4469140625
7.2936328125
7.1914453125
7.4469140625
7.2425390625
7.6512890625
7.1658984375
7.2936328125
7.3958203125
7.4980078125
7.2936328125
7.3958203125
7.2425390625
7.2936328125
7.3958203125
7.0892578125
7.2425390625
7.1914453125
7.0892578125
7.2425390625
7.3447265625
7.1914453125
7.3958203125
7.4469140625
7.0381640625
7.2425390625
7.1914453125
7.20421875
7.1914453125
7.3447265625
7.3447265625
7.1914453125
7.3447265625
7.2425390625
7.2936328125
7.3447265625
7.3958203125
7.2425390625
7.280859375
7.0892578125
7.2425390625
7.2936328125
7.2425390625
7.3958203125
7.3191796875
7.3447265625
7.3447265625
7.2425390625
6.9870703125
7.4469140625
7.2936328125
7.2425390625
7.4469140625
7.2425390625
7.1658984375
7.0892578125
7.2936328125
7.2936328125
7.0381640625
7.0892578125
6.9359765625
7.2936328125
7.0892578125
7.1914453125
7.4469140625
7.434140625
7.2936328125
7.0892578125
7.1914453125
7.5491015625
7.2936328125
7.3447265625
7.3447265625
7.3447265625
7.2936328125
7.0892578125
7.4980078125
7.3447265625
7.280859375
7.1914453125
7.2425390625
7.3958203125
7.2936328125
7.1403515625
7.2425390625
7.1403515625
7.4469140625
7.2936328125
7.2425390625
7.2936328125
7.3958203125
7.5491015625
7.2425390625
7.2936328125
7.3958203125
6.9870703125
7.3447265625
7.3958203125
7.3958203125
7.20421875
7.3447265625
7.3958203125
7.1403515625
7.5491015625
7.1914453125
7.3447265625
7.1403515625
6.9359765625
7.1914453125
7.1658984375
7.2936328125
7.1914453125
7.2425390625
7.2936328125
7.4980078125
7.0892578125
7.3447265625
7.3958203125
7.3958203125
7.1914453125
7.4724609375
7.1403515625
7.3447265625
7.2936328125
7.1914453125
7.4469140625
7.2425390625
7.1403515625
7.3447265625
7.2425390625
7.2425390625
7.1914453125
7.0381640625
7.0381640625
7.1403515625
7.1403515625
7.3447265625
7.2936328125
7.1914453125
7.3958203125
7.0892578125
7.4980078125
7.4980078125
7.3958203125
7.2936328125
7.3958203125
7.2425390625
7.3958203125
7.2936328125
7.3958203125
7.2425390625
7.5491015625
7.3447265625
7.3958203125
7.2425390625
7.3958203125
7.3447265625
7.4469140625
7.5491015625
7.3191796875
7.1914453125
7.4980078125
7.4469140625
7.3958203125
7.2936328125
7.1403515625
7.3447265625
7.4469140625
7.1914453125
7.2425390625
7.2936328125
7.3447265625
7.1403515625
7.2936328125
7.2936328125
7.4980078125
7.2425390625
7.3447265625
7.2936328125
7.3958203125
7.4980078125
7.2936328125
7.3447265625
7.2936328125
7.2936328125
7.2936328125
7.1914453125
7.2936328125
7.1914453125
7.4469140625
7.1658984375
7.3447265625
7.4469140625
7.3447265625
7.2425390625
7.1403515625
7.1914453125
7.2936328125
7.2425390625
7.4469140625
7.280859375
7.2425390625
7.1914453125
7.1914453125
7.1914453125
7.0892578125
7.4469140625
7.2936328125
7.0892578125
7.3447265625
7.280859375
7.1914453125
7.2936328125
7.2936328125
7.4469140625
7.0892578125
7.0381640625
7.1403515625
7.1914453125
7.2936328125
7.3958203125
7.3958203125
7.5491015625
7.3447265625
7.3447265625
7.2936328125
6.9870703125
7.3958203125
7.5491015625
7.2936328125
7.3447265625
7.1658984375
7.3958203125
7.0381640625
7.2425390625
7.2936328125
7.1403515625
7.1914453125
7.1914453125
7.4469140625
7.2425390625
7.1914453125
7.3575
7.2936328125
7.2936328125
7.3447265625
7.2936328125
7.0381640625
7.2425390625
7.3447265625
7.280859375
7.1914453125
7.4469140625
7.2425390625
7.0381640625
7.3958203125
6.9870703125
7.1914453125
7.2936328125
7.3447265625
7.0892578125
7.20421875
7.2936328125
7.3958203125
7.2425390625
7.1914453125
7.2936328125
7.2425390625
7.3958203125
7.3958203125
7.3447265625
7.280859375
7.2425390625
7.0892578125
7.1914453125
7.2936328125
7.2936328125
7.2425390625
7.3958203125
7.3958203125
7.3447265625
7.4980078125
7.20421875
7.2936328125
7.2425390625
7.1403515625
7.3447265625
7.2936328125
7.2425390625
7.2936328125
7.1403515625
7.3958203125
7.127578125
7.1914453125
7.0892578125
7.1403515625
7.2425390625
7.2425390625
7.3447265625
7.2936328125
7.2425390625
7.0892578125
7.1914453125
7.1914453125
7.1403515625
7.0892578125
7.0892578125
7.2936328125
7.4469140625
7.1914453125
7.1403515625
6.9870703125
7.20421875
7.2936328125
7.2936328125
7.2425390625
7.2936328125
7.1914453125
7.1914453125
7.2936328125
7.3958203125
7.0892578125
7.0892578125
7.20421875
7.1403515625
7.3447265625
7.2425390625
7.2425390625
7.2425390625
7.2425390625
7.1403515625
7.2936328125
7.3958203125
7.3191796875
7.3447265625
7.2936328125
6.9870703125
7.0381640625
7.1914453125
7.1403515625
7.3958203125
7.1403515625
7.3958203125
7.1914453125
6.9870703125
7.3958203125
7.1914453125
7.3958203125
7.0381640625
7.2936328125
7.20421875
7.3447265625
7.4980078125
7.2425390625
7.1914453125
7.3447265625
7.2936328125
7.0892578125
7.2936328125
7.1914453125
7.2936328125
7.280859375
7.2936328125
7.3958203125
7.2936328125
7.1403515625
7.0381640625
7.2425390625
7.2425390625
7.1403515625
7.4469140625
7.2425390625
7.3447265625
7.2936328125
7.0892578125
7.3447265625
7.4469140625
6.8337890625
7.1403515625
7.2936328125
7.2936328125
7.0892578125
7.3575
7.4980078125
6.9870703125
7.1914453125
7.0892578125
7.0892578125
7.2936328125
7.3447265625
7.0892578125
7.2425390625
7.3575
7.0892578125
7.2936328125
7.1403515625
7.0892578125
7.1403515625
7.2425390625
7.2425390625
7.2936328125
7.3447265625
7.3447265625
7.3575
7.3447265625
7.1403515625
7.2936328125
7.0381640625
7.2936328125
7.1403515625
7.3447265625
7.3447265625
7.1403515625
7.127578125
7.2425390625
7.2425390625
7.2425390625
7.2425390625
7.2936328125
7.0892578125
7.1403515625
7.1914453125
7.2425390625
7.2936328125
7.280859375
7.0381640625
7.1403515625
7.1914453125
7.5491015625
7.2425390625
7.2936328125
6.9870703125
7.0892578125
7.1914453125
7.1658984375
7.2425390625
7.1914453125
7.1914453125
7.2425390625
7.3447265625
7.1914453125
7.2425390625
7.1403515625
7.1403515625
7.0892578125
7.280859375
7.2936328125
7.0381640625
7.1914453125
7.1914453125
7.1914453125
7.1403515625
7.4980078125
7.0892578125
7.0892578125
7.127578125
7.2936328125
7.0892578125
7.2425390625
7.3958203125
7.1403515625
7.0892578125
7.1914453125
7.2936328125
7.1403515625
7.1403515625
7.280859375
7.0381640625
7.2936328125
7.3447265625
7.0381640625
7.1914453125
7.2936328125
7.1403515625
7.1914453125
7.0381640625
7.1658984375
6.9870703125
7.2936328125
7.1403515625
7.1403515625
7.2425390625
6.9359765625
6.9870703125
6.8848828125
7.3447265625
7.4980078125
7.280859375
7.2425390625
7.0381640625
7.2425390625
7.1914453125
7.2936328125
7.1403515625
7.3958203125
7.2425390625
7.0892578125
7.0892578125
7.1914453125
7.2425390625
7.4469140625
7.1914453125
7.2936328125
7.1403515625
7.3447265625
7.3958203125
7.3447265625
7.3447265625
7.2425390625
7.1403515625
7.3447265625
7.3447265625
7.1403515625
7.2936328125
7.2936328125
7.2425390625
7.4469140625
7.1914453125
7.1658984375
7.0381640625
7.0381640625
7.0892578125
7.5491015625
7.1914453125
7.3447265625
7.2936328125
7.4469140625
7.3447265625
6.9359765625
6.974296875
7.2936328125
7.1914453125
7.3447265625
7.1403515625
7.2425390625
7.1914453125
7.4980078125
7.1914453125
7.3447265625
7.1658984375
7.3958203125
7.3958203125
7.3447265625
7.0892578125
7.2425390625
7.2425390625
7.1914453125
7.0381640625
7.0892578125
7.1403515625
7.20421875
7.1403515625
7.1914453125
7.1403515625
7.1914453125
7.1914453125
7.3447265625
7.0892578125
7.1403515625
7.2936328125
7.127578125
7.2425390625
7.2425390625
7.2936328125
7.1403515625
7.2425390625
7.2936328125
7.2425390625
7.2425390625
7.0892578125
7.1403515625
7.0892578125
7.0892578125
7.1914453125
7.1914453125
7.2936328125
7.3447265625
7.1914453125
7.0381640625
7.0892578125
7.1403515625
6.9870703125
7.1403515625
7.1914453125
7.1403515625
7.1403515625
7.1914453125
7.2425390625
6.9359765625
7.2425390625
7.1914453125
7.2425390625
7.2425390625
6.9870703125
6.9359765625
6.9870703125
7.280859375
7.2425390625
7.0892578125
7.0381640625
6.9359765625
7.0892578125
7.0892578125
7.0381640625
7.0892578125
7.2936328125
6.9870703125
7.127578125
7.0381640625
6.8848828125
7.1914453125
6.9359765625
7.0381640625
7.1403515625
7.0892578125
6.9870703125
7.0892578125
7.0892578125
7.0381640625
7.2936328125
6.9870703125
7.2425390625
7.0381640625
7.1914453125
7.1403515625
7.0381640625
7.0892578125
7.127578125
7.1403515625
7.0892578125
7.0381640625
7.1914453125
7.2425390625
6.8337890625
6.8337890625
6.8337890625
6.9870703125
7.0509375
7.1403515625
6.9359765625
7.0892578125
7.1403515625
7.0892578125
6.9359765625
6.9870703125
7.0381640625
7.0892578125
7.1403515625
7.127578125
6.9359765625
6.9870703125
7.0892578125
7.1914453125
7.0381640625
7.0381640625
7.2425390625
7.3447265625
7.0381640625
6.974296875
7.1403515625
7.1403515625
7.2425390625
7.2425390625
6.9359765625
6.8848828125
7.0892578125
7.1914453125
6.9359765625
7.20421875
7.1403515625
7.0381640625
6.9870703125
7.2936328125
7.1914453125
6.9359765625
6.9359765625
7.0381640625
7.2936328125
6.974296875
7.0892578125
6.9870703125
7.2936328125
7.1403515625
7.0892578125
7.1403515625
6.9359765625
7.0381640625
7.2425390625
7.0381640625
7.1914453125
6.8848828125
7.0892578125
7.0381640625
6.9359765625
7.0892578125
7.2425390625
7.1403515625
7.2936328125
7.0892578125
7.1914453125
7.3447265625
7.1914453125
7.3958203125
7.3958203125
7.0892578125
7.1658984375
7.3447265625
6.8848828125
6.8337890625
6.9870703125
6.9870703125
6.9870703125
7.1914453125
7.0892578125
7.1403515625
7.0509375
7.2936328125
6.9870703125
7.0892578125
7.0892578125
7.1914453125
7.2425390625
7.0892578125
6.8848828125
7.1914453125
7.0892578125
6.9870703125
7.1914453125
7.0381640625
7.1403515625
6.9870703125
7.1403515625
7.1403515625
7.0892578125
7.1403515625
7.2425390625
7.0381640625
7.1914453125
7.1403515625
7.1403515625
7.1403515625
7.0892578125
7.1914453125
6.9870703125
7.1914453125
7.127578125
7.1403515625
6.9870703125
6.8848828125
6.9870703125
7.2425390625
7.1914453125
6.8337890625
7.0381640625
7.1914453125
7.0892578125
7.0892578125
7.1403515625
6.8337890625
6.8337890625
7.2425390625
7.1403515625
7.1914453125
7.2425390625
7.1403515625
7.2936328125
7.3191796875
7.1914453125
7.2425390625
7.2936328125
7.1403515625
7.0892578125
7.4469140625
7.0892578125
6.9359765625
7.1403515625
7.0892578125
7.0381640625
7.3447265625
6.9359765625
6.9870703125
7.0892578125
7.0381640625
7.1403515625
7.1403515625
6.9359765625
7.0126171875
7.0381640625
6.9359765625
7.1403515625
7.1403515625
7.2936328125
6.9870703125
7.3447265625
7.1403515625
7.0892578125
6.8337890625
6.974296875
6.9870703125
7.0892578125
7.0892578125
7.2936328125
6.9359765625
7.0381640625
7.1914453125
6.9870703125
6.8848828125
7.0509375
7.2425390625
7.0381640625
6.9870703125
7.0892578125
6.8848828125
7.0381640625
6.7826953125
6.9870703125
6.974296875
7.1403515625
7.0381640625
7.0381640625
7.1403515625
7.0892578125
7.1914453125
6.8848828125
6.9870703125
7.0381640625
6.9870703125
7.0892578125
6.9359765625
7.0892578125
7.2936328125
7.1914453125
7.2425390625
6.9870703125
7.0381640625
7.0892578125
6.9359765625
7.1403515625
7.0381640625
7.1914453125
7.2425390625
7.1914453125
7.3447265625
7.0892578125
6.8593359375
6.9359765625
6.9870703125
6.9359765625
7.0381640625
7.1403515625
7.1914453125
7.1403515625
7.3447265625
7.1403515625
7.1403515625
6.8593359375
7.3447265625
7.2425390625
7.0381640625
6.9870703125
7.0381640625
7.0381640625
6.9870703125
7.0381640625
6.9870703125
7.0509375
7.1914453125
7.2425390625
7.3958203125
7.2425390625
7.0892578125
7.1914453125
6.9870703125
7.2425390625
7.2425390625
6.821015625
7.0381640625
7.0892578125
7.1403515625
6.9870703125
7.0381640625
7.0892578125
7.1914453125
7.1403515625
6.9870703125
7.0892578125
7.127578125
6.9359765625
7.1403515625
6.9870703125
7.0381640625
7.0381640625
7.0381640625
6.9359765625
6.9359765625
6.9870703125
7.0126171875
6.9870703125
7.3447265625
7.0892578125
7.1914453125
7.0381640625
6.9870703125
6.9359765625
7.0381640625
7.1403515625
6.974296875
6.8848828125
6.9870703125
6.9359765625
7.1403515625
7.1914453125
7.0381640625
6.9359765625
6.9870703125
6.9359765625
6.9359765625
7.20421875
7.0381640625
6.9870703125
6.9870703125
6.9359765625
6.9870703125
6.8848828125
6.9870703125
7.1403515625
7.0381640625
6.89765625
7.1403515625
7.1914453125
6.8337890625
7.1403515625
6.8337890625
7.1914453125
7.2425390625
6.9870703125
7.2936328125
7.0126171875
7.1403515625
7.1914453125
7.1914453125
7.0892578125
7.1403515625
6.9870703125
7.1914453125
6.9870703125
7.0381640625
7.0892578125
7.1658984375
7.0381640625
7.0381640625
7.0892578125
7.1403515625
6.8848828125
7.2936328125
7.0892578125
7.0892578125
7.1403515625
7.0509375
7.1914453125
6.9870703125
6.9870703125
7.2425390625
7.1403515625
6.8848828125
7.1403515625
6.9870703125
6.9870703125
7.127578125
7.0892578125
7.0892578125
7.0892578125
7.0892578125
6.9870703125
6.9359765625
6.9359765625
7.20421875
6.8848828125
7.0892578125
7.1914453125
7.1403515625
6.8848828125
7.1914453125
6.9359765625
7.0892578125
7.0892578125
7.20421875
7.0892578125
7.0381640625
7.0381640625
7.0892578125
7.0381640625
6.9359765625
7.0892578125
6.9359765625
6.9359765625
6.8337890625
7.0892578125
7.0892578125
7.0381640625
7.0892578125
6.9870703125
7.2425390625
7.0892578125
7.2425390625
7.1658984375
7.0381640625
7.2425390625
6.9359765625
7.0381640625
7.1403515625
7.2425390625
7.2425390625
7.0381640625
7.1403515625
6.9359765625
6.9870703125
7.0892578125
7.0892578125
6.9359765625
7.0892578125
7.1403515625
6.9870703125
6.9359765625
7.0892578125
7.2425390625
6.9870703125
6.9359765625
7.0381640625
7.1914453125
7.0126171875
7.1914453125
7.1403515625
7.1403515625
6.8848828125
7.1403515625
7.2425390625
6.9359765625
7.1403515625
6.9870703125
6.974296875
6.8337890625
7.0892578125
6.9359765625
6.8337890625
6.7316015625
7.1403515625
7.0381640625
7.0381640625
7.0892578125
6.7826953125
6.8848828125
7.1403515625
6.9359765625
6.9359765625
7.1914453125
6.8848828125
7.1914453125
7.0381640625
6.9359765625
7.1403515625
7.0509375
7.0381640625
6.8337890625
7.1403515625
7.0381640625
6.9359765625
6.8337890625
6.9359765625
6.8337890625
7.0381640625
6.821015625
6.8848828125
6.8848828125
7.0892578125
6.9359765625
6.8848828125
6.8848828125
7.1403515625
6.9359765625
6.7826953125
6.974296875
7.0381640625
6.9359765625
7.1403515625
6.89765625
6.8337890625
6.6294140625
6.8337890625
6.8848828125
6.8848828125
7.1914453125
6.9359765625
6.9359765625
6.8337890625
7.0126171875
7.0381640625
6.9870703125
7.0381640625
6.7316015625
6.9870703125
7.1403515625
6.9870703125
6.8848828125
6.9359765625
7.1658984375
6.7826953125
7.0381640625
6.9870703125
6.8337890625
6.7316015625
6.9870703125
6.9870703125
6.8337890625
6.9359765625
6.8337890625
6.89765625
6.7826953125
7.0381640625
7.0892578125
6.8848828125
7.0892578125
7.2425390625
6.9870703125
6.8337890625
6.8848828125
6.9359765625
6.9870703125
7.0381640625
7.1403515625
7.1914453125
7.0892578125
7.0892578125
6.9870703125
6.9359765625
6.9359765625
6.9359765625
7.127578125
7.0892578125
7.0381640625
7.0381640625
6.8848828125
6.8337890625
6.8848828125
6.9870703125
7.1403515625
6.7826953125
7.0509375
6.9870703125
6.8848828125
7.1403515625
6.7316015625
7.1403515625
7.0381640625
6.8848828125
6.9359765625
7.0381640625
7.0892578125
7.127578125
6.8848828125
7.0892578125
6.9870703125
7.0381640625
6.9359765625
6.9359765625
7.0381640625
6.9359765625
6.9870703125
6.9359765625
6.7316015625
7.0381640625
7.1403515625
6.9359765625
6.8848828125
6.8337890625
6.9359765625
6.9870703125
6.8337890625
7.0126171875
7.1403515625
6.9870703125
7.0892578125
6.6805078125
6.8593359375
6.8337890625
6.9359765625
6.8848828125
6.8848828125
6.6805078125
7.0381640625
7.0381640625
6.8848828125
6.9359765625
6.89765625
6.7316015625
6.8337890625
6.8337890625
7.1914453125
6.8848828125
6.8337890625
6.9870703125
6.7826953125
6.7316015625
6.9359765625
6.8848828125
6.8848828125
6.7826953125
6.7316015625
7.0381640625
7.0381640625
6.9359765625
6.8848828125
6.821015625
6.8337890625
6.9359765625
6.9870703125
7.0381640625
6.9870703125
6.9870703125
6.8337890625
6.8848828125
6.9359765625
7.20421875
6.6294140625
6.8337890625
6.8337890625
7.0892578125
6.7826953125
6.7826953125
6.7826953125
7.0381640625
6.8848828125
7.0126171875
6.7826953125
6.6805078125
6.6805078125
6.7316015625
6.9870703125
6.7316015625
6.7316015625
6.821015625
6.8337890625
6.7316015625
6.8848828125
6.9870703125
6.7826953125
6.7316015625
6.7826953125
6.8848828125
6.9359765625
6.8337890625
7.0381640625
7.0892578125
6.7826953125
6.7060546875
6.9359765625
6.8337890625
6.9870703125
7.0892578125
6.9870703125
6.9870703125
6.5783203125
6.7826953125
6.7316015625
6.8848828125
6.8337890625
6.8337890625
7.0892578125
6.821015625
6.9359765625
6.6294140625
6.7316015625
6.7826953125
6.821015625
6.6805078125
6.6805078125
6.8848828125
6.8848828125
6.8848828125
6.8337890625
6.9870703125
6.9870703125
6.8848828125
6.7826953125
6.9359765625
6.8848828125
6.8337890625
6.9359765625
6.8337890625
6.8848828125
6.9870703125
6.8848828125
6.9359765625
6.8848828125
6.7826953125
7.0381640625
6.9359765625
6.6805078125
6.6805078125
7.0892578125
6.7826953125
6.7316015625
6.8337890625
6.8848828125
6.7826953125
6.7316015625
6.8848828125
6.8848828125
6.7826953125
6.89765625
7.0381640625
6.9359765625
6.9870703125
6.8337890625
6.9870703125
6.8848828125
6.8848828125
6.6294140625
6.7826953125
6.89765625
6.6805078125
6.8848828125
6.9870703125
6.9870703125
6.9870703125
6.8848828125
6.8848828125
6.8848828125
6.9359765625
6.8593359375
6.6294140625
6.7826953125
6.7826953125
6.7826953125
6.8337890625
6.89765625
6.7826953125
6.9359765625
6.7826953125
6.8337890625
7.1403515625
6.6294140625
6.9870703125
7.1403515625
7.0892578125
6.7826953125
6.8337890625
7.0381640625
6.7826953125
6.7826953125
6.7316015625
6.7316015625
