15.222438097
15.2234370708
15.2244341373
15.2254786491
15.2264339924
15.2274336815
15.2284395695
15.229439497
15.2304391861
15.2314474583
15.2324457169
15.2374351025
15.238437891
15.2394344807
15.2404253483
15.2414240837
15.2424237728
15.2434327602
15.2444195747
15.2454206944
15.2464187145
15.247420311
15.248418808
15.2494177818
15.2504589558
15.2514185905
15.2524530888
15.2534208298
15.2544152737
15.2555551529
15.2564530373
15.2574627399
15.2584543228
15.2594506741
15.2604594231
15.2614736557
15.2624335289
15.263420105
15.2644209862
15.2654128075
15.2664115429
15.2674105167
15.2684102058
15.2694530487
15.2704045773
15.2714269161
15.2744045258
15.2754034996
15.2764034271
15.2774453163
15.2784090042
15.2794044018
15.2803993225
15.2814092636
15.2824087143
15.2834050655
15.2843997478
15.285399437
15.2864058018
15.2874250412
15.2884171009
15.2894072533
15.2904081345
15.2914099693
15.292399168
15.2963871956
15.2973847389
15.2983891964
15.2993822098
15.3003864288
15.3013875484
15.3023796082
15.3033816814
15.3043847084
15.3053822517
15.3063848019
15.3073837757
15.3083879948
15.3113868237
15.3123853207
15.3133733273
15.3143866062
15.3153784275
15.3163895607
15.3173782825
15.318385601
15.319375515
15.3203799725
15.3213644028
15.3223764896
15.3233730793
15.3243646622
15.325366497
15.3263599873
15.3273639679
15.3293657303
15.3303751945
15.3313622475
15.3323755264
15.3333616257
15.3343608379
15.3353559971
15.3363754749
15.3373551369
15.3383567333
15.3393554688
15.3403525352
15.3413512707
15.3423523903
15.3433499336
15.3443498611
15.3453979492
15.3463475704
15.3473527431
15.3483483791
15.3493461609
15.3503530025
15.3514485359
15.3523585796
15.3534753323
15.3543531895
15.3553526402
15.3563501835
15.3574411869
15.3583500385
15.3593454361
15.3603482246
15.361345768
15.3623502254
15.3633499146
15.3643467426
15.3653492928
15.3663506508
15.3673405647
15.3683402538
15.3693406582
15.3703553677
15.3713450432
15.3723416328
15.3733370304
15.3743412495
15.3753740788
15.3763356209
15.3773331642
15.3783333302
15.379332304
15.3803360462
15.3813319206
15.3823339939
15.3833322525
15.3843326569
15.3853261471
15.3863296509
15.3873257637
15.3883285522
15.3893306255
15.3903284073
15.3913624287
15.3923318386
15.3933281898
15.3944661617
15.3953289986
15.3963363171
15.3973333836
15.3983290195
15.3993251324
15.4003231525
15.401320219
15.40233922
15.4033308029
15.4043233395
15.4053266048
15.4063229561
15.4073200226
15.4083151817
15.4093267918
15.4105679989
15.41132164
15.4123241901
15.4133155346
15.4143223763
15.4153149128
15.4163162708
15.4173157215
15.4183149338
15.4203178883
15.4213166237
15.4223129749
15.4233107567
15.4243116379
15.4253120422
15.4263179302
15.42730546
15.4295527935
15.4305486679
15.4315452576
15.4326076508
15.4333057404
15.4345502853
15.4355463982
15.4365532398
15.4375431538
15.4385442734
15.439573288
15.4405403137
15.4415333271
15.4425339699
15.4435379505
15.4445347786
15.4452917576
15.4465465546
15.4475352764
15.4485313892
15.4495310783
15.4505293369
15.4515297413
15.4525260925
15.4565248489
15.4575314522
15.4585270882
15.4595255852
15.4605257511
15.4615235329
15.4625287056
15.4635229111
15.4645214081
15.4655191898
15.4665193558
15.4675261974
15.4685199261
15.469524622
15.4705286026
15.4715185165
15.4725182056
15.4735181332
15.4745137691
15.4755148888
15.4765124321
15.4775109291
15.4785120487
15.479514122
15.4805283546
15.4815194607
15.482509613
15.4835202694
15.4845485687
15.4855470657
15.4865272045
15.4875626564
15.488509655
15.4895591736
15.4905633926
15.4915366173
15.4925205708
15.493316412
15.4945018291
15.4954981804
15.4964988232
15.4974997044
15.4985022545
15.4995009899
15.5005114079
15.5015172958
15.5024995804
15.5035364628
15.5045485497
15.5055587292
15.5065505505
15.5074970722
15.508500576
15.5095493793
15.5105648041
15.5115077496
15.5124993324
15.5144956112
15.515496254
15.5164942741
15.5174944401
15.5184948444
15.5195157528
15.5205390453
15.5214893818
15.5225021839
15.5234985352
15.5245380402
15.5254914761
15.526491642
15.5274856091
15.5284907818
15.529489994
15.5303995609
15.5316054821
15.5324835777
15.5334825516
15.5344822407
15.5355381966
15.5364868641
15.5374810696
15.5384843349
15.5394794941
15.5404782295
15.5414760113
15.5424747467
15.5434737206
15.5444774628
15.5454745293
15.5464820862
15.5474727154
15.5484733582
15.5494737625
15.5504720211
15.551472187
15.5524754524
15.5534725189
15.5544714928
15.555475235
15.5564780235
15.5574798584
15.5584728718
15.5594785213
15.5604743958
15.5614748001
15.5624718666
15.5634768009
15.5644705296
15.5654687881
15.5664701462
15.5674750805
15.5684671402
15.5694947243
15.5704791546
15.5714764595
15.5724790096
15.5764672756
15.5774703026
15.578471899
15.5794737339
15.5804703236
15.5814692974
15.5824556351
15.5834608078
15.5844593048
15.5854582787
15.5864589214
15.5874559879
15.5884523392
15.589471817
15.5904734135
15.5954608917
15.5964536667
15.5974576473
15.5984530449
15.5994472504
15.6004531384
15.6014475822
15.6024439335
15.6034495831
15.604445219
15.6054410934
15.6064381599
15.6074426174
15.6084702015
15.6094410419
15.6104397774
15.6114416122
15.6124408245
15.6134421825
15.6144382954
15.6154522896
15.6164376736
15.6174416542
15.6184337139
15.6194343567
15.6204311848
15.6214365959
15.6224405766
15.6234707832
15.6244442463
15.6254441738
15.6264498234
15.6274387836
15.6284406185
15.6294429302
15.6304426193
15.6314349174
15.6324341297
15.6394224167
15.6404309273
15.6414785385
15.642428875
15.6434397697
15.6444292068
15.6454262733
15.6464326382
15.6474182606
15.6484239101
15.6494266987
15.6504220963
15.6514203548
15.6524217129
15.653421402
15.654417038
15.6574547291
15.6584134102
15.6594471931
15.6604099274
15.661444664
15.6624140739
15.6634812355
15.6644086838
15.6654279232
15.6664102077
15.6674199104
15.6684062481
15.6694486141
15.670404911
15.6714055538
15.6724076271
15.6734025478
15.6744039059
15.6754000187
15.6764047146
15.6774401665
15.6784110069
15.6794133186
15.6804096699
15.6814024448
15.6824095249
15.6834056377
15.6844041348
15.6854000092
15.6863996983
15.6874043941
15.6886832714
15.6894521713
15.6904020309
15.6914014816
15.6923992634
15.6993846893
15.7004008293
15.7013981342
15.7024567127
15.7034330368
15.7043814659
15.7053871155
15.7063848972
15.7073848248
15.7083873749
15.710398674
15.7114117146
15.7123963833
15.7133743763
15.7143809795
15.7153835297
15.7163858414
15.7173867226
15.7183794975
15.7193720341
15.7203807831
15.7213790417
15.7223825455
15.7233755589
15.7243747711
15.7253713608
15.7263758183
15.7273619175
15.7283694744
15.7293622494
15.7303688526
15.7313632965
15.7323737144
15.7333664894
15.7343697548
15.7353668213
15.7363779545
15.7373661995
15.7383730412
15.7393732071
15.7403721809
15.7414667606
15.742369175
15.7433643341
15.7443695068
15.7453629971
15.7463781834
15.7473795414
15.7484021187
15.7493619919
15.750369072
15.7513570786
15.7573494911
15.7583525181
15.7593529224
15.7603445053
15.7613413334
15.762346983
15.7633478642
15.7643430233
15.7653443813
15.7663440704
15.7673418522
15.7683486938
15.7693984509
15.7703435421
15.7713394165
15.7723441124
15.7733404636
15.7743403912
15.7753436565
15.7763535976
15.7773430347
15.7783458233
15.7793409824
15.7803432941
15.7813456059
15.7823433876
15.7833442688
15.78434515
15.7853391171
15.7863399982
15.787378788
15.7883369923
15.7893407345
15.7903382778
15.7913401127
15.7923359871
15.7933373451
15.7973239422
15.7983410358
15.7993571758
15.8003499508
15.8013663292
15.8023571968
15.8033416271
15.8043236732
15.8053302765
15.8073298931
15.8083364964
15.8093292713
15.810328722
15.8113193512
15.8123188019
15.8153173923
15.8163173199
15.8173129559
15.8183145523
15.8193106651
15.8203122616
15.8213117123
15.8223063946
15.8233063221
15.8243079185
15.8253054619
15.8265945911
15.8275918961
15.828594923
15.8293087482
15.8303105831
15.8313097954
15.8323104382
15.8333108425
15.8343660831
15.8355610371
15.836558342
15.8373076916
15.8385567665
15.8415443897
15.8425536156
15.8435578346
15.8495457172
15.8505568504
15.8515622616
15.853304863
15.8545482159
15.8555421829
15.8565404415
15.8575348854
15.8585381508
15.8595266342
15.8605439663
15.8615281582
15.8625278473
15.8635280132
15.8645303249
15.865527153
15.8665232658
15.8675487041
15.8685250282
15.8695259094
15.8705253601
15.8715236187
15.8755209446
15.8765215874
15.8775186539
15.8785238266
15.8795688152
15.8805191517
15.8815245628
15.8825252056
15.8835306168
15.8845200539
15.8855202198
15.8865170479
15.8875186443
15.888522625
15.8895204067
15.8905153275
15.8915157318
15.8925123215
15.8935136795
15.8945147991
15.8955078125
15.8965096474
15.8975124359
15.8995118141
15.9005086422
15.9015152454
15.9025075436
15.9035103321
15.9045102596
15.9055142403
15.9068255424
15.9075040817
15.9085068703
15.9095060825
15.9105360508
15.91152668
15.9125115871
15.9135022163
15.914539814
15.9155211449
15.9165112972
15.9175086021
15.9185028076
15.9195039272
15.9204957485
15.9214982986
15.9224979877
15.9235010147
15.9244971275
15.9255032539
15.9264996052
15.9274959564
15.9284973145
15.9294946194
15.9304897785
15.931489706
15.9324891567
15.9344904423
15.9354951382
15.9365022182
15.9375295639
15.9385454655
15.9394898415
15.9404854774
15.9414849281
15.9424991608
15.9434931278
15.9444832802
15.9455075264
15.9465372562
15.9475440979
15.9484930038
15.9494891167
15.9504840374
15.9514911175
15.9524822235
15.9534788132
15.9545314312
15.9554831982
15.9564802647
15.957472086
15.9584774971
15.9594714642
15.9604816437
15.9614868164
15.9624929428
15.963509798
15.9644742012
15.9654679298
15.9664661884
15.9674873352
15.9684658051
15.9694657326
15.9704785347
15.9714910984
15.9724707603
15.9734663963
15.978468895
15.9794654846
15.9804718494
15.9814693928
15.982486248
15.9834868908
15.9844741821
15.9854776859
15.9864838123
15.9874715805
15.9884643555
15.9894604683
15.990475893
15.9914808273
15.9924683571
15.9934580326
15.9954612255
15.9964621067
15.9974639416
15.9984600544
15.9994590282
16.0004525185
16.0014576912
16.0024459362
16.003456831
16.0044474602
16.0054917336
16.006485939
16.0074851513
16.0084507465
16.0094463825
16.0104467869
16.011490345
16.0124511719
16.0144488811
16.0154440403
16.0164418221
16.0174953938
16.0184743404
16.0194573402
16.020450592
16.0214476585
16.0224444866
16.0234465599
16.0244469643
16.0254616737
16.0264658928
16.0274455547
16.0284461975
16.0294504166
16.0304484367
16.0314455032
16.0324501991
16.037447691
16.0384364128
16.0434405804
16.0444364548
16.0454311371
16.0464696884
16.0474317074
16.0484306812
16.0494272709
16.0504276752
16.0514287949
16.0524635315
16.0534276962
16.054425478
16.0554285049
16.0564262867
16.05742383
16.0584218502
16.0594875813
16.0604193211
16.0614221096
16.0624196529
16.0634226799
16.0644154549
16.0654158592
16.0664129257
16.0674512386
16.0684258938
16.0694315434
16.0704245567
16.0714304447
16.0724320412
16.0734682083
16.07442379
16.0754199028
16.0764245987
16.0774497986
16.07842803
16.0794277191
16.0804286003
16.0814745426
16.0824623108
16.083422184
16.0844225883
16.0854215622
16.0864365101
16.087433815
16.0884273052
16.0894346237
16.0904221535
16.0914115906
16.0924105644
16.093462944
16.0944142342
16.0954098701
16.0964031219
16.0974442959
16.0984089375
16.0994055271
16.1004018784
16.1013970375
16.102396965
16.1034111977
16.104449749
16.1053962708
16.1063971519
16.1074035168
16.1084003448
16.1094031334
16.1104147434
16.1114060879
16.1124196053
16.1134231091
16.1144149303
16.1154079437
16.1164000034
16.1174030304
16.1183998585
16.1193995476
16.1203966141
16.1213998795
16.1223869324
16.1233975887
16.1243815422
16.1253829002
16.1343796253
16.1353807449
16.1363801956
16.1373782158
16.1383779049
16.1393790245
16.140376091
16.1413662434
16.1423671246
16.1433799267
16.1443710327
16.1453695297
16.146374464
16.147361517
16.1483793259
16.1493656635
16.150377512
16.1513979435
16.152387619
16.1533665657
16.1543779373
16.1553733349
16.1563842297
16.157378912
16.1583764553
16.159368515
16.1603662968
16.161367178
16.1623711586
16.1633644104
16.1643726826
16.165361166
16.1663565636
16.1673588753
16.1683883667
16.1693804264
16.1704003811
16.1714186668
16.1723968983
16.1733686924
16.1743712425
16.1753809452
16.1763553619
16.1773538589
16.1783702374
16.1793549061
16.1803574562
16.1813540459
16.1823599339
16.1833508015
16.1843550205
16.1853544712
16.1863496304
16.1873445511
16.1883533001
16.1893486977
16.190346241
16.1913497448
16.1923453808
16.193344593
16.194340229
16.1953458786
16.1963531971
16.1973555088
16.1993465424
16.2006001472
16.2013468742
16.202350378
16.2033495903
16.2043442726
16.2053456306
16.2063379288
16.2073435783
16.2083439827
16.209341526
16.2103362083
16.2113347054
16.2123379707
16.2133421898
16.2143478394
16.2153296471
16.2163314819
16.2173500061
16.2183372974
16.2193489075
16.2203390598
16.2213284969
16.2223243713
16.2233262062
16.2243204117
16.2253336906
16.2263286114
16.2273244858
16.2283248901
16.2293229103
16.2303273678
16.23133111
16.232332468
16.2333259583
16.2343292236
16.2363226414
16.2373213768
16.2383263111
16.2393326759
16.2403228283
16.2413246632
16.2423224449
16.2436327934
16.2443194389
16.2453165054
16.2465586662
16.2475571632
16.2485604286
16.2495589256
16.2505574226
16.2515559196
16.2525575161
16.2535562515
16.2545528412
16.2555530071
16.2563071251
16.2575492859
16.2585513592
16.2595481873
16.2605447769
16.2615461349
16.2625458241
16.2635896206
16.264544487
16.2655484676
16.266546011
16.2675402164
16.2685406208
16.2695481777
16.2705411911
16.2715415955
16.2722990513
16.2735409737
16.2745437622
16.2755403519
16.2765443325
16.2775411606
16.2785358429
16.2795357704
16.2805364132
16.281570673
16.282531023
16.2835335732
16.2845401764
16.2855756283
16.2865343094
16.2875387669
16.2885327339
16.2915325165
16.2925367355
16.2955472469
16.2965321541
16.2975342274
16.2985541821
16.2995316982
16.3005487919
16.3015298843
16.3025250435
16.3035213947
16.3045244217
16.3055176735
16.3065211773
16.3075261116
16.3085215092
16.3095691204
16.3105142117
16.311514616
16.3125207424
16.3135206699
16.3145263195
16.3155517578
16.3165202141
16.3175280094
16.3185298443
16.3195331097
16.3205265999
16.3215305805
16.322510004
16.3235266209
16.3245136738
16.3255126476
16.3265221119
16.3275165558
16.3285112381
16.3295140266
16.3305141926
16.3315160275
16.3325176239
16.3335833549
16.3345179558
16.3355150223
16.3365418911
16.3375086784
16.3385083675
16.3395154476
16.3405075073
16.341506958
16.3425190449
16.3435125351
16.3445086479
16.3455109596
16.3465070724
16.3475017548
16.3485043049
16.3495061398
16.3505063057
16.3515069485
16.3525087833
16.3535070419
16.3544993401
16.355502367
16.3565135002
16.3575048447
16.358499527
16.3594925404
16.3605043888
16.3615109921
16.3624937534
16.3634929657
16.3644943237
16.365496397
16.3665001392
16.3675165176
16.3684914112
16.3694996834
16.3704969883
16.3715202808
16.3724985123
16.3734965324
16.3744838238
16.3754835129
16.3764820099
16.377477169
16.3784837723
16.3795175552
16.3804786205
16.3815734386
16.3824763298
16.383564949
16.3844876289
16.3854715824
16.3865237236
16.3874778748
16.388477087
16.3894953728
16.3904733658
16.3915164471
16.3924794197
16.3934688568
16.394466877
16.3954677582
16.3964686394
16.3974676132
16.3984644413
16.3994603157
16.4004669189
16.4014732838
16.4024598598
16.4034643173
16.4044771194
16.405456543
16.4064724445
16.4074614048
16.4084646702
16.409507513
16.4104585648
16.4114580154
16.4125118256
16.4134643078
16.4144628048
16.415460825
16.4164571762
16.4174599648
16.4184668064
16.4194614887
16.420456171
16.4214549065
16.4224529266
16.4234571457
16.4244616032
16.4254820347
16.426453352
16.4275131226
16.4284870625
16.4294917583
16.4304497242
16.431540966
16.4324519634
16.4334418774
16.4344482422
16.4354453087
16.4364500046
16.4374959469
16.4384827614
16.4394767284
16.440520525
16.4414763451
16.4424514771
16.4434456825
16.4444367886
16.4454398155
16.4464387894
16.4474334717
16.4484364986
16.4494333267
16.4504327774
16.4514305592
16.4524307251
16.4564318657
16.4574289322
16.4584357738
16.4594318867
16.4604327679
16.4614372253
16.4624414444
16.4634385109
16.4644334316
16.4654326439
16.4664335251
16.4674289227
16.4684231281
16.4694230556
16.470417738
16.471416235
16.4724173546
16.4734144211
16.4744167328
16.4754583836
16.4764266014
16.4774255753
16.4784147739
16.479414463
16.4804623127
16.4814891815
16.482408762
16.4834394455
16.4844064713
16.4854080677
16.4864046574
16.4874074459
16.4884059429
16.4894411564
16.4904031754
16.4914023876
16.4924061298
16.4934039116
16.4944090843
16.4954080582
16.4964394569
16.4973983765
16.498404026
16.4994089603
16.5004050732
16.5014131069
16.5024011135
16.503401041
16.5044052601
16.505449295
16.5064623356
16.5074021816
16.5083882809
16.5093891621
16.5104312897
16.511400938
16.5123991966
16.5134072304
16.5143892765
16.515403986
16.5163991451
16.517439127
16.518383503
16.5193810463
16.520380497
16.5213763714
16.5223772526
16.5233800411
16.524379015
16.5253739357
16.5263798237
16.5273821354
16.5283837318
16.5293734074
16.5303719044
16.5314249992
16.5323762894
16.5333771706
16.5353782177
16.5363709927
16.5373659134
16.538381815
16.5393970013
16.5403823853
16.5413730145
16.5423789024
16.543381691
16.5443780422
16.5453886986
16.5463709831
16.547362566
16.548378706
16.5493750572
16.5503773689
16.5513706207
16.5523712635
16.5543670654
16.5553641319
16.5563673973
16.5573701859
16.558362484
16.5593557358
16.5603547096
16.5613510609
16.5623762608
16.5633559227
16.5643894672
16.5653512478
16.566352129
16.5673666
16.5686013699
16.5693674088
16.5703525543
16.571352005
16.5723605156
16.5733544827
16.5743606091
16.5753512383
16.5763552189
16.5773603916
16.5783452988
16.5793499947
16.5803685188
16.5813527107
16.5823624134
16.5833604336
16.5843644142
16.594347477
16.5953521729
16.5963406563
16.5973381996
16.598338604
16.5993361473
16.6003394127
16.6013338566
16.6025903225
16.6033370495
16.6043329239
16.6053307056
16.6063461304
16.6073451042
16.6083590984
16.6093654633
16.6103680134
16.6113576889
16.6123571396
16.6133453846
16.6143431664
16.6153476238
16.6163437366
16.6173396111
16.618347168
16.6193614006
16.6203386784
16.6213629246
16.625346899
16.6263384819
16.6303298473
16.6313345432
16.6323256493
16.6333332062
16.634339571
16.6353349686
16.636329174
16.6373288631
16.6383247375
16.6393227577
16.6403231621
16.6413197517
16.6423270702
16.6433165073
16.6443161964
16.6453194618
16.6463115215
16.6473078728
16.6483142376
16.659304142
16.6605484486
16.6615450382
16.6654341221
16.6665999889
16.6673116684
16.6685571671
16.669549942
16.6706187725
16.6715471745
16.6725430489
16.6735377312
16.6745414734
16.6752922535
16.6765377522
16.6775810719
16.6785449982
16.6795403957
16.680533886
16.6815407276
16.6825323105
16.683536768
16.6845281124
16.6855704784
16.6865363121
16.6875348091
16.6883280277
16.689530611
16.6905298233
16.691526413
16.6925251484
16.695325613
16.6965305805
16.697527647
16.6985275745
16.6995251179
16.7005205154
16.7015202045
16.7025177479
16.7035241127
16.7045254707
16.7055211067
16.7065238953
16.7075192928
16.708520174
16.7095177174
16.710514307
16.711512804
16.7125167847
16.7135133743
16.7145228386
16.7155110836
16.7165334225
16.7175097466
16.7185232639
16.7195210457
16.7205080986
16.7215065956
16.7225077152
16.7235109806
16.7245061398
16.7255051136
16.7265086174
16.7275583744
16.7285044193
16.7295022011
16.7305095196
16.7315018177
16.7325541973
16.7345039845
16.7355101109
16.7365059853
16.7375099659
16.7384998798
16.7394993305
16.7405581474
16.741502285
16.7424964905
16.743496418
16.7444980145
16.7454988956
16.7464966774
16.7474989891
16.7485013008
16.7494966984
16.7505125999
16.7515332699
16.7524931431
16.7534909248
16.7564849854
16.757491827
16.7584848404
16.7594912052
16.7604942322
16.7614827156
16.7624971867
16.7635376453
16.7645068169
16.7654852867
16.7665019035
16.7674939632
16.7684850693
16.7694890499
16.7704796791
16.7714836597
16.7724831104
16.7734797001
16.7744860649
16.7754776478
16.7764787674
16.7774777412
16.7784767151
16.7795200348
16.7804825306
16.7814786434
16.7825007439
16.7835330963
16.7854757309
16.7864716053
16.7874865532
16.7884721756
16.7894735336
16.7954616547
16.7964634895
16.7975282669
16.7984628677
16.7994630337
16.8004639149
16.8014714718
16.8024654388
16.8035488129
16.8044574261
16.8054635525
16.8064961433
16.8074593544
16.8085007668
16.8094632626
16.8104743958
16.8114728928
16.8124637604
16.8134605885
16.8144581318
16.8154563904
16.8164591789
16.8174996376
16.8184578419
16.8194534779
16.8204574585
16.8214662075
16.8225007057
16.8234593868
16.8244578838
16.8254644871
16.8264615536
16.8274550438
16.8284542561
16.8294546604
16.8304533958
16.8314518929
16.8324508667
16.8354492188
16.8364448547
16.8374505043
16.8384459019
16.8394415379
16.8404417038
16.8414850235
16.8424897194
16.8434484005
16.8444390297
16.8454766273
16.8464388847
16.8474743366
16.8484413624
16.8495178223
16.8504912853
16.8515050411
16.8524649143
16.85343647
16.8554689884
16.8565313816
16.8575410843
16.8585143089
16.8595118523
16.8624339104
16.8634295464
16.8644287586
16.8654241562
16.8664629459
16.8674666882
16.8684265614
16.8695175648
16.8704259396
16.8715114594
16.8724319935
16.8734338284
16.8744688034
16.8754189014
16.8764269352
16.8774204254
16.8784201145
16.8794243336
16.8804628849
16.8814983368
16.8824739456
16.8834195137
16.8844609261
16.8854222298
16.886459589
16.8874776363
16.8884549141
16.889449358
16.8904204369
16.8914148808
16.8924114704
16.893414259
16.8944141865
16.8954133987
16.897408247
16.8984162807
16.8994133472
16.9004116058
16.9014487267
16.9054033756
16.9064068794
16.9074001312
16.9084031582
16.9094405174
16.9104413986
16.9114394188
16.9124221802
16.9134016037
16.9143977165
16.9153974056
16.9163987637
16.917388916
16.918397665
16.9193856716
16.9203834534
16.9213943481
16.9224293232
16.9234001637
16.9243853092
16.925385952
16.9264450073
16.9274067879
16.9283878803
16.9373776913
16.9383776188
16.9393794537
16.9403829575
16.9413838387
16.9423825741
16.9433791637
16.9443745613
16.9453752041
16.9463787079
16.9473810196
16.9483759403
16.9493734837
16.950371027
16.9513733387
16.9523706436
16.9533705711
16.9543721676
16.9553711414
16.9563744068
16.9573719501
16.958370924
16.9593713284
16.9603736401
16.9614744186
16.9623696804
16.9633703232
16.9643645287
16.9653630257
16.9663665295
16.9673681259
16.9683744907
16.9693813324
16.9703807831
16.9713652134
16.972370863
16.973357439
16.9743573666
16.9753680229
16.9763650894
16.9773607254
16.9783654213
16.9793572426
16.9803614616
16.9813570976
16.9823596478
16.9833528996
16.9843611717
16.9853518009
16.9863619804
16.9873466492
16.9883570671
16.9893460274
16.9903466702
16.9913499355
16.9923501015
16.9933483601
16.9943566322
16.9953463078
16.9963562489
16.9974389076
16.9983882904
16.9994533062
17.0003888607
17.0013461113
17.0023477077
17.0033500195
17.0043535233
17.005341053
17.0073871613
17.0083568096
17.0093414783
17.0103416443
17.011351347
17.0123553276
17.0133404732
17.0143377781
17.0153374672
17.0163395405
17.0173382759
17.0183355808
17.0193371773
17.0203375816
17.0213346481
17.0223610401
17.02333498
17.0243375301
17.0253367424
17.0263376236
17.0293438435
17.0303440094
17.0313749313
17.0323314667
17.0333256721
17.0343244076
17.0353219509
17.0363185406
17.0373196602
17.0383243561
17.0393257141
17.0403213501
17.0413131714
17.0423138142
17.0433154106
17.044314146
17.0453166962
17.0463137627
17.0473122597
17.0485858917
17.0493130684
17.0503103733
17.0513129234
17.0523114204
17.0533146858
17.0543141365
17.0553154945
17.05631423
17.0573101044
17.0583107471
17.0593094826
17.0603091717
17.0613062382
17.0623078346
17.0633070469
17.0643110275
17.0653057098
17.0663094521
17.0673060417
17.0683131218
17.069309473
17.0705499649
17.0715487003
17.072551012
17.073551178
17.0745508671
17.0755488873
17.0765826702
17.0775475502
17.0783081055
17.0796039104
17.0805487633
17.0815525055
17.0825486183
17.0833518505
17.0845422745
17.0853440762
17.0865371227
17.0873553753
17.0885388851
17.0895390511
17.0905847549
17.0915858746
17.0923395157
17.093539238
17.0945398808
17.0955359936
17.0965335369
17.097536087
17.0985336304
17.0995323658
17.1005339622
17.1015334129
17.1025366783
17.103533268
17.1045341492
17.1055326462
17.1065354347
17.1075239182
17.108530283
17.1095659733
17.1105268002
17.111530304
17.1125292778
17.1135380268
17.1145367622
17.1155273914
17.1195232868
17.1205246449
17.1215221882
17.1225173473
17.1235218048
17.1245238781
17.1255524158
17.1265165806
17.1275129318
17.128516674
17.1295106411
17.1305122375
17.1315112114
17.1325173378
17.1335129738
17.1345117092
17.1355125904
17.136507988
17.1375215054
17.1385173798
17.1395175457
17.1405203342
17.1415159702
17.1425149441
17.1435136795
17.1445202827
17.1455109119
17.1465065479
17.1475048065
17.1485671997
17.1495609283
17.1505053043
17.1515052319
17.1525051594
17.1535010338
17.1545023918
17.155503273
17.1564984322
17.1575102806
17.1585216522
17.1594977379
17.1605024338
17.1615025997
17.1625027657
17.163506031
17.1645021439
17.1654989719
17.1665103436
17.1674962044
17.1684994698
17.1695022583
17.1705007553
17.171495676
17.1724960804
17.1734974384
17.1744971275
17.1754956245
17.1764914989
17.1784904003
17.179489851
17.1804866791
17.1814901829
17.182497263
17.183488369
17.1845266819
17.1854856014
17.1864821911
17.1874821186
17.1884810925
17.189479351
17.1904809475
17.1914856434
17.1924791336
17.1934788227
17.1944854259
17.1954758167
17.1964781284
17.1974918842
17.198476553
17.1994905472
17.2004818916
17.2014865875
17.2024838924
17.2034788132
17.2044751644
17.2054805756
17.2064783573
17.207474947
17.2084856033
17.2094724178
17.2104744911
17.2114727497
17.2124717236
17.2134678364
17.2184650898
17.2194669247
17.2204759121
17.2214868069
17.2224733829
17.2234668732
17.2244613171
17.2254698277
17.2264685631
17.2274603844
17.2284629345
17.2294638157
17.2304649353
17.2314646244
17.2324616909
17.2334592342
17.2344594002
17.2354624271
17.2364580631
17.2375144958
17.2384576797
17.2394590378
17.2404532433
17.2414939404
17.2424943447
17.2434542179
17.2444736958
17.2455041409
17.2464995384
17.2474565506
17.2484788895
17.2494504452
17.2504549026
17.2514662743
17.2524571419
17.2534475327
17.2544457912
17.2554495335
17.2564468384
17.2574486732
17.2584462166
17.2594504356
17.2604455948
17.2614471912
17.2624428272
17.2634451389
17.264441967
17.2654550076
17.2664461136
17.2674534321
17.2684521675
17.2694432735
17.2704520226
17.271446228
17.2724387646
17.2734532356
17.2744390965
17.2754383087
17.27643466
17.2774441242
17.2784359455
17.2794370651
17.2804355621
17.2814371586
17.2824392319
17.2834379673
17.2844414711
17.2854402065
17.2864263058
17.2874381542
17.2884283066
17.2894239426
17.2904262543
17.2914228439
17.2924306393
17.293422699
17.2944259644
17.2954359055
17.2964258194
17.2974276543
17.2984244823
17.2994215488
17.3004307747
17.3014237881
17.3024234772
17.3034377098
17.3044190407
17.3054168224
17.3064146042
17.3074243069
17.3084144592
17.3094227314
17.3104193211
17.3114392757
17.3124191761
17.3134348392
17.3144128323
17.3154177666
17.3164114952
17.3174090385
17.3184151649
17.3194088936
17.3204140663
17.321413517
17.3224103451
17.3234131336
17.3244099617
17.325407505
17.3264043331
17.3274009228
17.3284056187
17.3294041157
17.3304018974
17.331400156
17.3324012756
17.3333957195
17.3343887329
17.3353989124
17.3363983631
17.3373987675
17.3384034634
17.339413166
17.3403987885
17.3414373398
17.3423891068
17.343411684
17.3443977833
17.3454105854
17.3463847637
17.3473837376
17.3483858109
17.3493962288
17.3503863811
17.351426363
17.3523852825
17.3533768654
17.3543820381
17.3553771973
17.3563809395
17.3573789597
17.3583860397
17.359402895
17.3603794575
17.3613812923
17.362432003
17.3633840084
17.3643875122
17.3654007912
17.3663887978
17.3673820496
17.3683803082
17.3693733215
17.3703722954
17.3713691235
17.3723707199
17.3733663559
17.3743665218
17.3754172325
17.3763670921
17.3773691654
17.378367424
17.3793654442
17.3803668022
17.3813583851
17.3823621273
17.3833575249
17.3843648434
17.3853609562
17.3863697052
17.3873567581
17.3883702755
17.3893535137
17.3903682232
17.3913545609
17.3923816681
17.3933551311
17.3943641186
17.395362854
17.3963649273
17.3973617554
17.3984148502
17.3995015621
17.4004275799
17.4013543129
17.4023728371
17.4033727646
17.4043655396
17.4053497314
17.4063603878
17.4073870182
17.4084641933
17.4094507694
17.4103503227
17.4113893509
17.4123628139
17.4133527279
17.4143579006
17.4153585434
17.4163579941
17.4173822403
17.4183599949
17.4193546772
17.4204163551
17.4213597775
17.4225943089
17.4234373569
17.4243431091
17.4254133701
17.4263494015
17.4273378849
17.428337574
17.4293379784
17.4303402901
17.4313774109
17.4323580265
17.4335772991
17.4343342781
17.4353375435
17.4363358021
17.4373698235
17.4383354187
17.4393351078
17.4403305054
17.4413957596
17.4425759315
17.4433305264
17.444365263
17.445567131
17.4465839863
17.4473392963
17.4485697746
17.4495666027
17.4503214359
17.4513220787
17.4523186684
17.4533209801
17.4543168545
17.455319643
17.4563150406
17.4573135376
17.4583213329
17.4615645409
17.4623131752
17.4653086662
17.4663407803
17.4673569202
17.4683363438
17.4693596363
17.470687151
17.4715611935
17.4725518227
17.4743056297
17.4753038883
17.4765453339
17.4773468971
17.4783024788
17.4793016911
17.4802992344
17.4813084602
17.4825439453
17.4833819866
17.4845974445
17.485553503
17.4865710735
17.4875376225
17.4885423183
17.4893352985
17.4905381203
17.4915540218
17.4923355579
17.4933373928
17.4945416451
17.4955384731
17.496534586
17.4972960949
17.4985353947
17.4995324612
17.5005307198
17.5015330315
17.5025391579
17.5035402775
17.5045268536
17.5053019524
17.5065331459
17.5075352192
17.5085413456
17.5095221996
17.5105378628
17.5113689899
17.5125257969
17.5135235786
17.5145225525
17.5155234337
17.5165328979
17.5175228119
17.5185217857
17.519520998
17.5205228329
17.5215218067
17.5225319862
17.5235192776
17.5245347023
17.5255255699
17.5265233517
17.5275187492
17.5285189152
17.5295114517
17.5305137634
17.5315585136
17.5325157642
17.5335104465
17.5345180035
17.5355093479
17.5365095139
17.5375084877
17.5385096073
17.5395076275
17.5405142307
17.5415058136
17.5425121784
17.5435094833
17.544563055
17.5455238819
17.5465195179
17.5475094318
17.5485122204
17.5495145321
17.5505094528
17.551500082
17.5525035858
17.5534994602
17.5545186996
17.5555179119
17.5565011501
17.557500124
17.558501482
17.5595035553
17.5605008602
17.5614998341
17.5625107288
17.5635070801
17.5645067692
17.5655024052
17.5664994717
17.567511797
17.570499897
17.5715036392
17.5725126266
17.575492382
17.5764980316
17.5774919987
17.5784926414
17.5794887543
17.5804877281
17.5814886093
17.5824873447
17.5834860802
17.5844902992
17.5854859352
17.5864858627
17.5874903202
17.5884869099
17.5894813538
17.5904836655
17.5914816856
17.592484951
17.5934793949
17.5944881439
17.5964837074
17.5974788666
17.5984978676
17.5995070934
17.6004753113
17.6015028954
17.6025178432
17.6034743786
17.6044800282
17.6054913998
17.6064724922
17.6074919701
17.6084730625
17.6094737053
17.6104726791
17.6114714146
17.6124689579
17.6134653091
17.6144695282
17.6154747009
17.6164655685
17.6174688339
17.6184642315
17.6194615364
17.6204609871
17.6214623451
17.6224617958
17.6234745979
17.6244635582
17.6254682541
17.6264662743
17.6274662018
17.6284611225
17.6294608116
17.6304647923
17.6314575672
17.6324577332
17.6334569454
17.6344530582
17.6354532242
17.6364583969
17.6374545097
17.638453722
17.639493227
17.6404521465
17.6414532661
17.6424515247
17.6434669495
17.6444635391
17.6455192566
17.6464653015
17.6474964619
17.6484599113
17.6494579315
17.6504511833
17.6515104771
17.6524839401
17.6534538269
17.6544499397
17.655452013
17.6564514637
17.6574704647
17.6584506035
17.6594519615
17.6604542732
17.6614410877
17.6624386311
17.6634643078
17.6644408703
17.6654417515
17.6664588451
17.6674630642
17.6685032845
17.6694481373
17.6704580784
17.6714344025
17.6724836826
17.6734843254
17.6744346619
17.6754956245
17.6764335632
17.6774523258
17.6784322262
17.6794645786
17.680511713
17.681432724
17.6824810505
17.6834716797
17.6844718456
17.6854712963
17.6864373684
17.6874914169
17.6884338856
17.6894469261
17.6904313564
17.6914269924
17.6924324036
17.6934728622
17.6944496632
17.6954278946
17.6964235306
17.6974160671
17.6984231472
17.6994204521
17.7004210949
17.7014248371
17.7024223804
17.7034189701
17.7044262886
17.7054171562
17.7064187527
17.7074160576
17.708417654
17.7094113827
17.7104115486
17.7114117146
17.7124118805
17.7134149075
17.7144167423
17.7154154778
17.7164151669
17.7174601555
17.7184128761
17.7194163799
17.7204141617
17.7214047909
17.7224493027
17.7234151363
17.7243990898
17.7254006863
17.7264006138
17.7304105759
17.7314038277
17.7324035168
17.7333996296
17.7344017029
17.7354066372
17.7363955975
17.7374222279
17.7383952141
17.7393980026
17.7403998375
17.7414135933
17.742395401
17.7434024811
17.7443885803
17.7453863621
17.7463941574
17.747399807
17.7484087944
17.7494058609
17.7503974438
17.7513980865
17.7524049282
17.7533872128
17.7543849945
17.7553884983
17.7563860416
17.7573800087
17.758379221
17.7594013214
17.7603783607
17.7613875866
17.7623806
17.7633872032
17.7643802166
17.7653741837
17.7663786411
17.7673780918
17.7683792114
17.7693796158
17.7703721523
17.7713706493
17.7723705769
17.7733728886
17.7743711472
17.7753674984
17.7763702869
17.7773692608
17.7783722878
17.7793648243
17.780372858
17.7813792229
17.7824141979
17.7833721638
17.7843866348
17.7854013443
17.7863743305
17.7874343395
17.788374424
17.7894408703
17.790366888
17.7913749218
17.7923591137
17.7934112549
17.7944102287
17.7953567505
17.7963616848
17.797409296
17.7983634472
17.7994086742
17.8003578186
17.8013615608
17.8023529053
17.803375721
17.804359436
17.8053500652
17.8063476086
17.8073446751
17.808359623
17.8093500137
17.8103606701
17.8113451004
17.8123581409
17.8133513927
17.8143560886
17.8153505325
17.8163585663
17.817350626
17.8183619976
17.8193466663
17.8203589916
17.8213460445
17.8223459721
17.8233437538
17.8243694305
17.8253450394
17.8263521194
17.8273789883
17.8283364773
17.8293356895
17.8303387165
17.831338644
17.8323564529
17.8333384991
17.8343384266
17.8353385925
17.8363351822
17.8373439312
17.8383984566
17.8393354416
17.8403337002
17.8413312435
17.8423333168
17.84333992
17.8443310261
17.8453319073
17.8463506699
17.8473329544
17.8483257294
17.8503286839
17.8513305187
17.852329731
17.8543264866
17.8553276062
17.8563234806
17.8573315144
17.8583250046
17.859326601
17.8603277206
17.8613255024
17.8623194695
17.8633201122
17.8643190861
17.8653230667
17.8693163395
17.8703198433
17.8713204861
17.8723146915
17.873364687
17.8743121624
17.8753552437
17.8763132095
17.8773174286
17.8783116341
17.8793542385
17.880333662
17.8813500404
17.8823115826
17.8833198547
17.8843076229
17.8853464127
17.8865749836
17.8873081207
17.8883066177
17.8894283772
17.8905463219
17.8915505409
17.8925495148
17.8935468197
17.8954687119
17.8975651264
17.8983137608
17.8995602131
17.9005537033
17.901545763
17.9025433064
17.9035465717
17.9045512676
17.9055426121
17.9085359573
17.9095363617
17.910535574
17.9115321636
17.9125390053
17.9133241177
17.9155297279
17.9163517952
17.9175345898
17.9185314178
17.919532299
17.9205348492
17.9215295315
17.9225299358
17.9235281944
17.9285197258
17.9295499325
17.9305217266
17.9315216541
17.9325170517
17.9335150719
17.9345178604
17.9355146885
17.9365131855
17.9375152588
17.9385213852
17.9395608902
17.9405634403
17.9415168762
17.9425160885
17.943523407
17.9445137978
17.9455137253
17.9465155602
17.9475126266
17.9485123158
17.9495105743
17.9505124092
17.9515075684
17.9525241852
17.9535098076
17.9545116425
17.9555108547
17.9565131664
17.9575068951
17.9585111141
17.9595115185
17.9605097771
17.9615020752
17.9625124931
17.9635050297
17.9645066261
17.9655015469
17.9665129185
17.9675164223
17.9685029984
17.9695029259
17.9704999924
17.9714977741
17.9724972248
17.9734969139
17.9744956493
17.9754960537
17.9764983654
17.9774971008
17.9784917831
17.979496479
17.9804909229
17.9815268517
17.9824950695
17.9835214615
17.9844937325
17.9854969978
17.9865009785
17.9875073433
17.9885206223
17.9964847565
17.9974834919
17.998488903
17.9994869232
18.0004918575
18.0014815331
18.0024914742
18.0034930706
18.0044846535
18.0054805279
18.0064849854
18.0074915886
18.0084803104
18.0094926357
18.0104789734
18.011500597
18.0124800205
18.0135085583
18.0144824982
18.0154764652
18.01649189
18.0174777508
18.0184841156
18.0194797516
18.0204787254
18.0214726925
18.0224707127
18.0234718323
18.0244700909
18.0254712105
18.0264685154
18.0274877548
18.0284664631
18.0294911861
18.0305075645
18.0314898491
18.0325005054
18.033462286
18.0344624519
18.0354630947
18.0364611149
18.0374572277
18.038462162
18.0394580364
18.0405111313
18.0414609909
18.0424656868
18.0435032845
18.044457674
18.0454590321
18.0464572906
18.0474982262
18.0484628677
18.0494658947
18.0504705906
18.0514736176
18.0524618626
18.0534639359
18.0544662476
18.0554640293
18.0564689636
18.057456255
18.0594553947
18.0604534149
18.0614902973
18.0624556541
18.0634539127
18.0645027161
18.0654428005
18.0664482117
18.0674476624
18.0684902668
18.0694496632
18.070483923
18.0714857578
18.0724549294
18.0734467506
18.0744478703
18.0755376816
18.0765151978
18.0774610043
18.0784487724
18.0794541836
18.0804533958
18.081448555
18.0824813843
18.0835011005
18.0844495296
18.0854547024
18.086452961
18.0874524117
18.0884597301
18.0894503593
18.0904486179
18.0914137363
18.098441124
18.099437952
18.1004393101
18.1014435291
18.1024491787
18.1034374237
18.1044335365
18.1054465771
18.1064345837
18.1074240208
18.1084265709
18.109431982
18.1104295254
18.1114249229
18.1124720573
18.1134414673
18.1144709587
18.1154308319
18.1164290905
18.1174242496
18.1184222698
18.1194243431
18.1204247475
18.1214263439
18.1224248409
18.1234312057
18.1244251728
18.1254346371
18.1264288425
18.1274242401
18.1284251213
18.1294312477
18.1334064007
18.1344180107
18.1354107857
18.1364159584
18.1374166012
18.1384186745
18.1394131184
18.1404120922
18.1414108276
18.1424093246
18.1434106827
18.1444077492
18.1454119682
18.1464102268
18.1474070549
18.1484007835
18.1493976116
18.1504108906
18.1514103413
18.1524069309
18.1534507275
18.1544110775
18.1554079056
18.1564035416
18.1574137211
18.1584088802
18.1624119282
18.1634030342
18.1644184589
18.1654047966
18.1664147377
18.1674077511
18.1684010029
18.1763849258
18.1773860455
18.1783828735
18.1793832779
18.1803839207
18.1813802719
18.1823787689
18.1833803654
18.1843798161
18.1853785515
18.1863760948
18.187381506
18.1903803349
18.1913809776
18.1923809052
18.1973850727
18.198374033
18.1993758678
18.2003765106
18.2013773918
18.2024064064
18.2034015656
18.2043764591
18.2213568687
18.2223641872
18.2233529091
18.2243506908
18.2253544331
18.2263643742
18.2273440361
18.2283494473
18.2293555737
18.2303514481
18.2313456535
18.2323865891
18.233351469
18.234351635
18.2353453636
18.2363595963
18.2373440266
18.2383561134
18.2393407822
18.2403550148
18.2413516045
18.2423417568
18.2433390617
18.2443544865
18.2453432083
18.2463576794
18.2473387718
18.2483398914
18.2493438721
18.2503654957
18.251339674
18.2523438931
18.2533423901
18.2543315887
18.2553703785
18.2713217735
18.2723543644
18.2733263969
18.2753317356
18.2763183117
18.2773168087
18.2783210278
18.2793297768
18.2803168297
18.2813184261
18.2823169231
18.2833199501
18.2846543789
18.2853770256
18.2866561413
18.2873744965
18.2883133888
18.2893145084
18.2903170586
18.2913219929
18.2923293114
18.2933251858
18.2943282127
18.2953248024
18.2963175774
18.2973132133
18.2983176708
18.299574852
18.3005707264
18.3065493107
18.3075478077
18.3083086014
18.3095567226
18.3105552197
18.3115558624
18.3125517368
18.3135502338
18.3145465851
18.3155453205
18.3165490627
18.3175430298
18.3186445236
18.3193297386
18.320584774
18.3213336468
18.3223319054
18.3233253956
18.3242936134
