-1.35212826387
-1.35558405029
-1.3596697208
-1.36223313657
-1.36559428536
-1.36747981129
-1.36851819716
-1.36566919429
-1.36176689851
-1.35775332312
-1.35420788497
-1.35027943606
-1.34779218248
-1.34616422906
-1.34471493412
-1.34696852099
-1.34818359776
-1.35333537994
-1.35551880362
-1.36053018091
-1.36437170995
-1.36692425473
-1.36740245305
-1.36603831389
-1.36497535947
-1.35991576963
-1.35726738956
-1.35362053433
-1.35112192689
-1.34853726661
-1.34763912407
-1.34744277107
-1.34926085021
-1.35205608641
-1.35625190849
-1.36147336286
-1.36480872946
-1.36582100915
-1.36834178948
-1.36717690363
-1.36637395102
-1.36214020546
-1.3589994221
-1.35536518711
-1.35297000293
-1.35088262347
-1.34882164665
-1.34895958233
-1.35046325944
-1.35169336988
-1.36199002898
-1.36315793131
-1.36388112643
-1.36273176634
-1.36239030826
-1.36153566432
-1.35893967501
-1.35774848091
-1.35420980183
-1.35322305856
-1.35187330113
-1.35155431008
-1.35155371174
-1.35223955695
-1.3533724414
-1.353971145
-1.35505603765
-1.35692832931
-1.35817463493
-1.35801341915
-1.35795365713
-1.35676344705
-1.35738883135
-1.35599734211
-1.35472269011
-1.35420741047
-1.35430313054
-1.35417020198
-1.35326026058
-1.35301303374
-1.35271831849
-1.35296361972
-1.35306475632
-1.35234739628
-1.35332096806
-1.35347834554
-1.35602882638
-1.35494128284
-1.35574924531
-1.35617402366
-1.35512117849
-1.35570240144
-1.35535668133
-1.3544523297
-1.35366955194
-1.35273770011
-1.35156154753
-1.35258310241
-1.35212807646
-1.35601492618
-1.35574541874
-1.35494621515
-1.35346737713
-1.35374424813
-1.35304622203
-1.35232197255
-1.35301140431
-1.3534015231
-1.35353093421
-1.35304504176
-1.35288834632
-1.35376339768
-1.35403162603
-1.35409925413
-1.35491711595
-1.35506646481
-1.35406417603
-1.35332299244
-1.35134527184
-1.35064620552
-1.35040458031
-1.35235180805
-1.35362641827
-1.35524267394
-1.35502760206
-1.35494397097
-1.35490017592
-1.35387476293
-1.35305933978
-1.35282994639
-1.35252129525
-1.35071325584
-1.35044829137
-1.34941194964
-1.34926166261
-1.35063585483
-1.35228014015
-1.35417114407
-1.35578787598
-1.35566414393
-1.35529790088
-1.35433181331
-1.35380823296
-1.35362380619
-1.35221300906
-1.35145780295
-1.35007603614
-1.35041744015
-1.34998335951
-1.35240730242
-1.35292789621
-1.35354504071
-1.35401346461
-1.35494661066
-1.35475079554
-1.35484527186
-1.35400383307
-1.35257743915
-1.35242311053
-1.35127262608
-1.34977266149
-1.34921742
-1.34885851162
-1.34944816462
-1.34986044463
-1.35030322326
-1.35073470364
-1.35252816843
-1.35449997255
-1.35298326471
-1.35316010507
-1.35099294226
-1.34929701452
-1.34987802884
-1.34940208409
-1.34958310939
-1.34943860124
-1.35114960759
-1.35238504534
-1.35237227182
-1.3522945269
-1.35339459784
-1.3537740695
-1.35390838208
-1.35380533397
-1.35363198979
-1.35179475865
-1.35156738558
-1.35119808978
-1.35110864711
-1.35041689583
-1.35205296333
-1.35297954576
-1.35355189918
-1.35646635371
-1.35763158625
-1.3570429919
-1.35581522942
-1.35431959833
-1.35262277736
-1.35146481513
-1.34981070702
-1.34975426824
-1.35044897895
-1.35065817765
-1.35231859051
-1.3536498091
-1.35465406527
-1.35612279316
-1.35678785187
-1.35670459049
-1.35555392137
-1.35645578167
-1.3545528277
-1.35411874049
-1.35377393186
-1.3528752633
-1.35241967465
-1.35218386099
-1.35188634127
-1.35172678206
-1.35264015418
-1.35217245439
-1.3532881864
-1.35412328461
-1.35525714287
-1.35415455437
-1.35390043513
-1.35379277059
-1.35268355848
-1.35171198335
-1.35054457692
-1.35015742944
-1.3481756916
-1.34901219383
-1.34879905961
-1.34980409281
-1.35033113968
-1.35162516145
-1.35278600571
-1.35386657843
-1.35386091762
-1.35382753716
-1.353336073
-1.35353505109
-1.35212064257
-1.35096523854
-1.34933945584
-1.34965004968
-1.34975445035
-1.35036628584
-1.35010359977
-1.35067281906
-1.35127702617
-1.35148069125
-1.35181991925
-1.3521126139
-1.35224790759
-1.35235445435
-1.35087619729
-1.35047893398
-1.35160547128
-1.3508311973
-1.35100580757
-1.35400657338
-1.35474795771
-1.35555362696
-1.35454021777
-1.35533008986
-1.35235391236
-1.35303701313
-1.3527383797
-1.35236483236
-1.35333455402
-1.35317603522
-1.35321895671
-1.35307332037
-1.35336993202
-1.35351586641
-1.35287660814
-1.35382785327
-1.35402992201
-1.3537509952
-1.35425004322
-1.35303123165
-1.35369183023
-1.35420294463
-1.35394472444
-1.35438028752
-1.35498777122
-1.35436148598
-1.35549311629
-1.35567005889
-1.35635155145
-1.35640614077
-1.35526914738
-1.35465383201
-1.35435804623
-1.35277765441
-1.3517408585
-1.34943870635
-1.34897743865
-1.34975573871
-1.35097603905
-1.35251107214
-1.35636043941
-1.35844118997
-1.36153965292
-1.3629442083
-1.36259129664
-1.3610326537
-1.35684754833
-1.35496490442
-1.35032504743
-1.34636056405
-1.34471441358
-1.34122826545
-1.34014392388
-1.34112992484
-1.34318990819
-1.34601160763
-1.34894025407
-1.35189915454
-1.35466757386
-1.35612605472
-1.35714303879
-1.35668222612
-1.35582438273
-1.35422267838
-1.35163469487
-1.34822151907
-1.34534825294
-1.3428394014
-1.34138728442
-1.34123213717
-1.34256723579
-1.34344386772
-1.3461842015
-1.34971646415
-1.35305985413
-1.35522732794
-1.35630416185
-1.35641394238
-1.35576827552
-1.3538911769
-1.3510563132
-1.35107499279
-1.3466084104
-1.34657224373
-1.34491444366
-1.3446798044
-1.34570826168
-1.34693404581
-1.35042402197
-1.35276602849
-1.35657758515
-1.35901441715
-1.3589065374
-1.35844793657
-1.3572087967
-1.35607722783
-1.35339907143
-1.35267898521
-1.35083842997
-1.35060605729
-1.35099456786
-1.35095847332
-1.35328759081
-1.35394869716
-1.35532015795
-1.3563298599
-1.35741841288
-1.35773671107
-1.35753518022
-1.35630721057
-1.35462368531
-1.35342800841
-1.35223789646
-1.35045861578
-1.34928159393
-1.35089900916
-1.35123733438
-1.35270878275
-1.3552322696
-1.35531522801
-1.35648252903
-1.35661400266
-1.35710352133
-1.35660418371
-1.35515516395
-1.35404895878
-1.35197049086
-1.3513874799
-1.35081378948
-1.34942322272
-1.34928910046
-1.35041885206
-1.35021458892
-1.35221818737
-1.35245869394
-1.35392413655
-1.35314916611
-1.35383780277
-1.3532532502
-1.35361583437
-1.35280032199
-1.35148845491
-1.35082538117
-1.35064578471
-1.35034916205
-1.34994148121
-1.3504690162
-1.35050124876
-1.35054912647
-1.35035063267
-1.35111350274
-1.3523484919
-1.35149475602
-1.3510122598
-1.35096184099
-1.34985352509
-1.34908903494
-1.34927814889
-1.34863308565
-1.34939563536
-1.34735057801
-1.34873474945
-1.3478926931
-1.34926069976
-1.3499253664
-1.3501716421
-1.35151040363
-1.35177692795
-1.35214670884
-1.35172198985
-1.35109993658
-1.35070649601
-1.35083352205
-1.34906409753
-1.34949350942
-1.34863881141
-1.34864056293
-1.34896610659
-1.34948567755
-1.34948820678
-1.34986386368
-1.35123557119
-1.35155290657
-1.35214538667
-1.35280792272
-1.35298113686
-1.35298722802
-1.35243570927
-1.3529654575
-1.35234440668
-1.35271583374
-1.35354104889
-1.35406722079
-1.35502028701
-1.35554336186
-1.3555853034
-1.35517898565
-1.35639449137
-1.35639135851
-1.35541608253
-1.35549102795
-1.35445995558
-1.35338584922
-1.35444625745
-1.35294405097
-1.35391502162
-1.35459497786
-1.35487940521
-1.35532837809
-1.35555112306
-1.35621078493
-1.35661953197
-1.35612006858
-1.35583740005
-1.35612412203
-1.35554239131
-1.35524723927
-1.35426902209
-1.35440782491
-1.35350223384
-1.35362519603
-1.35302708419
-1.35280294347
-1.3536077875
-1.35231533513
-1.35295419969
-1.35173166781
-1.35131131309
-1.35065658522
-1.35006151587
-1.35025433048
-1.34955335151
-1.35013108881
-1.34983927296
-1.35002808791
-1.34995723157
-1.34976411252
-1.34904519243
-1.34965605955
-1.34906062766
-1.34891288192
-1.34836893704
-1.34884046572
-1.34806182454
-1.34760971284
-1.34727810793
-1.34660007091
-1.34740515136
-1.34624131755
-1.34732085643
-1.34677622625
-1.34737434763
-1.34723038521
-1.34774770326
-1.34776863922
-1.34875411369
-1.34804584074
-1.3496227471
-1.34903551585
-1.3497211657
-1.35015093548
-1.35034123315
-1.35237181765
-1.35267142343
-1.35275948477
-1.35358453947
-1.35320228548
-1.3539173824
-1.35361971323
-1.35384993183
-1.35409699625
-1.3544557825
-1.35384294886
-1.35332239982
-1.35436449292
-1.35444962474
-1.35445574715
-1.35473163691
-1.35581035057
-1.35521395462
-1.3551019466
-1.35587332916
-1.35658508776
-1.35677676247
-1.35600550454
-1.35691355683
-1.3562457849
-1.35629604512
-1.35521945018
-1.35530943713
-1.35547314564
-1.35567760327
-1.35433760231
-1.35449371894
-1.35427292628
-1.35407262073
-1.35320099205
-1.35380704096
-1.35374984253
-1.35373237629
-1.3539589061
-1.35334315461
-1.35320445946
-1.3529983307
-1.35418073917
-1.35320386769
-1.35406608636
-1.35305826926
-1.3531077713
-1.35347972351
-1.35332461804
-1.3534860467
-1.35318948979
-1.35282688863
-1.3521652247
-1.35221466883
-1.35120231173
-1.35073085106
-1.35151548613
-1.35095854701
-1.35079792914
-1.35075006968
-1.35092997057
-1.35141222811
-1.35101445088
-1.35093192543
-1.35095922021
-1.34917280797
-1.34971091394
-1.34893613899
-1.34888840028
-1.34865849908
-1.34888629593
-1.34916120597
-1.34990891179
-1.34927866853
-1.34914611932
-1.34973262122
-1.34844656876
-1.34797946598
-1.34611313809
-1.34583413372
-1.34511549982
-1.34502902316
-1.34505858886
-1.34650869077
-1.34741441187
-1.3484321071
-1.34874041537
-1.35046266465
-1.34954516931
-1.35049800314
-1.35078828819
-1.34978387047
-1.34990343201
-1.34823577352
-1.34926473218
-1.34841756074
-1.34972174537
-1.34944340375
-1.35089658463
-1.35210372306
-1.35315698677
-1.35362269635
-1.3552737191
-1.35591285571
-1.35625382293
-1.35571955667
-1.35453505849
-1.35391812116
-1.35423832032
-1.35248940134
-1.35198059601
-1.35237898325
-1.35111436033
-1.35308042907
-1.35395909346
-1.35537065006
-1.35575121572
-1.35725541884
-1.35755758396
-1.35794911925
-1.35712819032
-1.35788378485
-1.3577303643
-1.356247211
-1.35539000772
-1.35497607758
-1.35522393011
-1.35558996459
-1.35506861501
-1.35485196504
-1.35511701874
-1.3547449105
-1.35556564267
-1.3564381684
-1.35514378727
-1.35423171164
-1.35404264604
-1.35293943567
-1.35219775234
-1.35215235934
-1.35261937429
-1.352437781
-1.35318196894
-1.35309782346
-1.35243988304
-1.3539577947
-1.35298147849
-1.35215338788
-1.35286004605
-1.35160717071
-1.35037158436
-1.34872773496
-1.34882503332
-1.34805522858
-1.34605106597
-1.34736171326
-1.34640907725
-1.34588169811
-1.3462112653
-1.34722316738
-1.34736129472
-1.34846173141
-1.34752026856
-1.34807449611
-1.34708552658
-1.34731538601
-1.34718561639
-1.34598346429
-1.3472557274
-1.34653719574
-1.3460665064
-1.34616459958
-1.34510637322
-1.34690484386
-1.34654606144
-1.34842823548
-1.34895638576
-1.34856174754
-1.34920173516
-1.34920640178
-1.34919305474
-1.34892041444
-1.34990482502
-1.35000802944
-1.35017596464
-1.35085042417
-1.3514829713
-1.35212496099
-1.35264432036
-1.35444526274
-1.35453022262
-1.35553680381
-1.35586189264
-1.35651046501
-1.35707421417
-1.35621830824
-1.35528683912
-1.3555346995
-1.35491045269
-1.35470078568
-1.35468917347
-1.3548699977
-1.35503300447
-1.35580740692
-1.35467455257
-1.35518328602
-1.3561419897
-1.35613864164
-1.35673072164
-1.35688621001
-1.35721224977
-1.35768355687
-1.35699471773
-1.35742820575
-1.35703451208
-1.35592832516
-1.35657382518
-1.35560741489
-1.35525282266
-1.35500087957
-1.35511136961
-1.3560268043
-1.35607488534
-1.3557789503
-1.35561274905
-1.35492551726
-1.35343987056
-1.35164307387
-1.3508396792
-1.35064161555
-1.35157984587
-1.35278685853
-1.35239491637
-1.35314873817
-1.3532258598
-1.35312187766
-1.35324047412
-1.3520346657
-1.35117140047
-1.35016308514
-1.34908523847
-1.34879853359
-1.3465147212
-1.34639038551
-1.34634283049
-1.34536749533
-1.34550177257
-1.34682221636
-1.34681863765
-1.34598284653
-1.34675027787
-1.346444622
-1.34715605135
-1.34695994488
-1.34672200866
-1.34631875803
-1.34508853203
-1.3450027902
-1.34544008721
-1.34468193353
-1.34533823567
-1.34467044549
-1.34630474705
-1.34698240137
-1.34746880159
-1.34936134845
-1.35017432079
-1.35059552421
-1.35128801012
-1.35118065115
-1.35113275519
-1.3511738416
-1.35124805767
-1.35089289976
-1.35086134039
-1.35089862073
-1.35044817198
-1.35201979415
-1.35222720097
-1.35340505989
-1.35436895834
-1.35434961892
-1.35591055973
-1.35653256465
-1.35734673238
-1.35720048074
-1.35678929073
-1.35737344319
-1.35708734832
-1.3557225224
-1.35567111343
-1.35554526922
-1.35486322053
-1.35566484015
-1.35528411294
-1.35567164885
-1.35654129256
-1.35564466285
-1.35659147651
-1.3559914272
-1.35591520267
-1.35557130593
-1.35403385152
-1.35350133905
-1.35364097876
-1.35387112779
-1.35351619462
-1.35380542321
-1.35503547367
-1.35384863745
-1.35539050793
-1.35515385063
-1.3544977781
-1.35401134777
-1.35468803338
-1.35409859033
-1.35376279963
-1.35338608267
-1.35208118031
-1.35183229777
-1.35173247704
-1.35119547207
-1.35104035473
-1.35027739835
-1.34956912539
-1.35104717383
-1.35225706198
-1.35101637393
-1.35017088812
-1.35027750058
-1.34983959337
-1.35014517163
-1.34951302754
-1.3484290977
-1.34804337905
-1.34837457814
-1.34839980651
-1.34929485566
-1.34844792934
-1.34887883534
-1.34897639063
-1.34948684525
-1.34928339135
-1.34864524534
-1.34813408258
-1.34812716848
-1.34758808931
-1.34665021817
-1.34637401097
-1.34560486374
-1.34577423307
-1.34541215666
-1.3460363969
-1.34613528604
-1.34668291904
-1.34739216647
-1.34762582468
-1.34810659335
-1.35009716106
-1.34948814104
-1.34885558484
-1.34977753647
-1.34873569123
-1.34914844251
-1.34842144649
-1.34880931695
-1.34884286511
-1.34918796334
-1.34970515567
-1.35076385969
-1.35202567814
-1.35196089968
-1.35270475412
-1.35262522903
-1.35304472843
-1.35387494798
-1.35275188404
-1.35310644616
-1.35290479596
-1.35268257588
-1.35322047709
-1.35422021968
-1.35432996457
-1.35479005654
-1.35629527082
-1.35544856925
-1.35695564782
-1.35839815146
-1.35819550834
-1.35901162522
-1.35838752785
-1.35791455483
-1.35719614252
-1.35615475528
-1.35506072785
-1.35462809813
-1.35474403556
-1.3542497142
-1.35409775326
-1.35399248035
-1.35439087859
-1.35498046968
-1.35523121123
-1.35489548627
-1.3553327036
-1.35569978458
-1.35585315994
-1.35593983697
-1.35470401079
-1.35440652757
-1.35397806681
-1.35417663822
-1.35353143168
-1.35216123288
-1.35215290506
-1.35128909643
-1.35135690943
-1.35188814393
-1.35190064865
-1.35143890882
-1.35100253646
-1.35156009746
-1.35187238351
-1.35018361603
-1.34931423483
-1.34892771536
-1.34684323914
-1.34645715172
-1.34595322363
-1.34572922849
-1.34637723306
-1.34638754566
-1.34762129678
-1.3493841607
-1.34982016056
-1.34991031434
-1.35118590708
-1.35094854524
-1.35014330237
-1.3485842269
-1.34725034508
-1.34453365273
-1.34482031767
-1.34294488701
-1.34408034772
-1.34364074944
-1.34600815776
-1.34719697237
-1.34798429396
-1.34915120424
-1.35149969381
-1.35172683363
-1.35231858436
-1.35184947696
-1.35058363662
-1.34979403744
-1.34864574129
-1.34877226097
-1.34782010367
-1.3483813615
-1.34845495797
-1.34930016202
-1.35136253701
-1.35258084222
-1.35378606143
-1.35581082843
-1.3570539838
-1.35563586919
-1.35566838497
-1.35580494589
-1.35430619495
-1.35395222459
-1.35158249695
-1.35131207647
-1.35030489718
-1.35070426206
-1.3510093618
-1.35175215355
-1.35356892107
-1.35519908633
-1.35606741445
-1.35662240232
-1.35637598245
-1.3572833734
-1.3561356071
-1.35610202883
-1.35428801118
-1.35419428246
-1.3529090726
-1.35464687116
-1.35322355602
-1.35237356028
-1.35376339385
-1.35336407227
-1.35429339515
-1.35416312731
-1.35489950409
-1.35494423755
-1.35423574684
-1.35372276957
-1.35338465955
-1.35231011867
-1.35170969536
-1.35136431618
-1.3510417502
-1.35088548412
-1.351071035
-1.35214665802
-1.35279657297
-1.35361611759
-1.35338481538
-1.35345135704
-1.35420202541
-1.35264772664
-1.35216346065
-1.35165508637
-1.34976320743
-1.34881507904
-1.34800072622
-1.34821970506
-1.34764074755
-1.34754092682
-1.34864019737
-1.34859590622
-1.34975104775
-1.34978993403
-1.35130421077
-1.34944675502
-1.34925535308
-1.34827253904
-1.34833154487
-1.34688986644
-1.3474739888
-1.34821820684
-1.35026866887
-1.34992779731
-1.35058358908
-1.35035133849
-1.34965783484
-1.35006685097
-1.34862474762
-1.34828494611
-1.34701673007
-1.34771013176
-1.34714073262
-1.34776139926
-1.34800846368
-1.34984968911
-1.35110740661
-1.35217491702
-1.35344464561
-1.35305026432
-1.35377912682
-1.35267412891
-1.35286794167
-1.35196579021
-1.35171253153
-1.35132676539
-1.35163357439
-1.35119442457
-1.3515811236
-1.35209630742
-1.3534788447
-1.35395207513
-1.35422870611
-1.35499233041
-1.35684951756
-1.35577223225
-1.35464242536
-1.35485969064
-1.35236136415
-1.35197390055
-1.3514354097
-1.35101222789
-1.35120965141
-1.3524343871
-1.35427341807
-1.35462853633
-1.35549862637
-1.35648811237
-1.35675930331
-1.35794261825
-1.35684665993
-1.35542502971
-1.35362399449
-1.35236975606
-1.35096246811
-1.35013266691
-1.3496982462
-1.34980604748
-1.35074357623
-1.35071629989
-1.35132882526
-1.3524253096
-1.35305030407
-1.35386047838
-1.35332873497
-1.35259801342
-1.35238878466
-1.35223394822
-1.35002199816
-1.34982255976
-1.34924113347
-1.34840976216
-1.34997508235
-1.35052767017
-1.35242833493
-1.35134101912
-1.35127847623
-1.35119697279
-1.34946945416
-1.34791762644
-1.34746834269
-1.34570200579
-1.3454653067
-1.34424160339
-1.34373614039
-1.34405389431
-1.34576722656
-1.34675889169
-1.34833613945
-1.34949378625
-1.34982903793
-1.34969719983
-1.35042298883
-1.35017436583
-1.35015707684
-1.3490124156
-1.34879812947
-1.34724088903
-1.34758823493
-1.34686414357
-1.34702959557
-1.34816265471
-1.34885814611
-1.34913993669
-1.3509206462
-1.35144634568
-1.35267163139
-1.35267918216
-1.35356143827
-1.35326181041
-1.35323708045
-1.35244195705
-1.35465090476
-1.35522180373
-1.35522636495
-1.35714175809
-1.35701053529
-1.35664921178
-1.35601015684
-1.35550939039
-1.35536506964
-1.35423412266
-1.35253653169
-1.35200087223
-1.35245390154
-1.35202553006
-1.35209330743
-1.35274679429
-1.35254763025
-1.35417426808
-1.35396035318
-1.35449875031
-1.35468911325
-1.35326752203
-1.35226384535
-1.35128721828
-1.34937000192
-1.34988835608
-1.34947537706
-1.3506807574
-1.34996013987
-1.35134191211
-1.3512475972
-1.35177712012
-1.35146781176
-1.35127731647
-1.35089798884
-1.35035688378
-1.34996284918
-1.3489820279
-1.3474629391
-1.34717092516
-1.34690317155
-1.34744145477
-1.34867206136
-1.347930211
-1.34922737091
-1.35058920815
-1.3510141067
-1.35053907639
-1.35131956475
-1.35145318448
-1.35024794173
-1.35030968957
-1.34814592824
-1.34790469146
-1.34928501138
-1.34862576402
-1.34924489349
-1.3501609259
-1.35039410796
-1.35106126057
-1.3499462435
-1.35013751565
-1.3495376158
-1.3494007322
-1.34931897788
-1.34907685063
-1.34914671633
-1.34935401651
-1.34956483141
-1.34922789939
-1.35028937138
-1.35089815517
-1.35198008823
-1.35280849623
-1.35220218255
-1.35191465798
-1.35172271036
-1.35212859132
-1.35024031567
-1.35083486198
-1.35053889702
-1.34995930053
-1.35036239759
-1.35080851053
-1.35135560565
-1.35072244583
-1.35194700446
-1.35376037032
-1.35373503673
-1.35351751962
-1.35275719059
-1.35304638268
-1.35348486573
-1.3521989778
-1.35318558177
-1.35333418941
-1.35348781647
-1.35277490998
-1.3532001486
-1.35329270588
-1.35352733625
-1.35322562635
-1.35263453841
-1.3532767262
-1.35107948628
-1.35149130984
-1.35047337592
-1.35181151684
-1.35253163318
-1.35242452093
-1.35195610639
-1.35375261688
-1.35197829771
-1.35248362312
-1.35207923117
-1.35120686128
-1.35111169762
-1.35122648802
-1.35134879038
-1.3494196779
-1.34995063702
-1.34971558283
-1.3491301962
-1.34902719129
-1.34866741596
-1.34867930112
-1.34825127629
-1.34786838559
-1.34773286508
-1.34811503805
-1.34761661593
-1.34758663694
-1.34718026943
-1.34741489998
-1.34619749329
-1.34718701895
-1.34807053421
-1.34824380626
-1.34811358819
-1.34920370188
-1.34875077135
-1.34922285389
-1.34881351125
-1.34974359099
-1.34942164031
-1.34866768178
-1.34912597435
-1.34963552005
-1.34987389305
-1.34987559707
-1.34995495677
-1.35071393453
-1.35088483232
-1.35167028306
-1.35230096839
-1.35244952215
-1.35329121405
-1.3540500631
-1.35397019562
-1.35403875759
-1.35429191517
-1.35490946635
-1.35461429606
-1.35535166489
-1.35436596354
-1.35439887158
-1.35454588269
-1.35396447762
-1.35406384446
-1.35433534623
-1.35413680492
-1.35371001726
-1.35343008015
-1.352810871
-1.35338102444
-1.35342346822
-1.35405861387
-1.35346089046
-1.35412123966
-1.35454792536
-1.35339311309
-1.35396331786
-1.35365649288
-1.35257798255
-1.35348895779
-1.35277218951
-1.35242657688
-1.35267215973
-1.35205562925
-1.35122789058
-1.35123856764
-1.35077195297
-1.35064282919
-1.35031265837
-1.35018938432
-1.3496784077
-1.34888451207
-1.34860879299
-1.34930954211
-1.34886787488
-1.34884487276
-1.34762939483
-1.34840148325
-1.34827607583
-1.34815650489
-1.34901070907
-1.34852630549
-1.3491129032
-1.3494025912
-1.34800632785
-1.34783272145
-1.34756313001
-1.34816469739
-1.34779606822
-1.34777832104
-1.34722700477
-1.34868139357
-1.34753287438
-1.34782887517
-1.34726507241
-1.34851958603
-1.34756036205
-1.34868220054
-1.34909352431
-1.34884665027
-1.34938631483
-1.34952149144
-1.34958449781
-1.34919092051
-1.34986175937
-1.35078781194
-1.35056086379
-1.35073447019
-1.35077889236
-1.35018035835
-1.35217717078
-1.35165453271
-1.35149249815
-1.35119207373
-1.35106820408
-1.35093474335
-1.3518054953
-1.35068646425
-1.35049159368
-1.35120098673
-1.35108368535
-1.35126598975
-1.35205828586
-1.35331065867
-1.35359212658
-1.35355099839
-1.35447662288
-1.3537763589
-1.35476495965
-1.35479324073
-1.35500089399
-1.35544199295
-1.35584798144
-1.35498976257
-1.35530973929
-1.35447195796
-1.35433304104
-1.35433197057
-1.35417741507
-1.35460976244
-1.35447912356
-1.35352079007
-1.35392319199
-1.35311878701
-1.35339852079
-1.35321155931
-1.35329782352
-1.35317545838
-1.35427937434
-1.35403064909
-1.35335705778
-1.35317165634
-1.35296359372
-1.35256891371
-1.35309326224
-1.35223182566
-1.35202894996
-1.35051338774
-1.35033509501
-1.35067498666
-1.35122905015
-1.35008735809
-1.35012651572
-1.34884031678
-1.34578696235
-1.34545739515
-1.34590562682
-1.34583225165
-1.34557271814
-1.34581630349
-1.34572012953
-1.34642182322
-1.34630028873
-1.34666922876
-1.34574822169
-1.345284443
-1.34548924814
-1.34502876915
-1.34472529501
-1.34523648769
-1.34534070624
-1.34625169972
-1.34654999077
-1.34733859704
-1.34757579203
-1.34813582838
-1.34780562221
-1.34884643507
-1.34934602736
-1.35000660472
-1.35001314433
-1.34990641267
-1.35154422597
-1.35137933964
-1.35276115622
-1.35346528875
-1.35410694163
-1.35351289511
-1.35387824196
-1.35378249609
-1.3541085982
-1.35440873
-1.35389430337
-1.35365833454
-1.35407546626
-1.35465491416
-1.35467119284
-1.35433803677
-1.35374220479
-1.35439196457
-1.35357651793
-1.35397520303
-1.35429800903
-1.35454414714
-1.35523872551
-1.35525092168
-1.35346042607
-1.3541833695
-1.35543871361
-1.35525585966
-1.35499474147
-1.35504602727
-1.35553791933
-1.35433628143
-1.35454221852
-1.35505269053
-1.35346209199
-1.35352942875
-1.35228180608
-1.35214222554
-1.35123604498
-1.35224666795
-1.35180074393
-1.35115093438
-1.35073958049
-1.35122355391
-1.35153441113
-1.35199303252
-1.35200854962
-1.35227625194
-1.35207708877
-1.3514710875
-1.35170683017
-1.35084718161
-1.35142565503
-1.35122414242
-1.35062802339
-1.34993715093
-1.34958402932
-1.34910947248
-1.34938543966
-1.34878446404
-1.3488515684
-1.34872286041
-1.34934322933
-1.34883127804
-1.34760523698
-1.34667151656
-1.34618545069
-1.34613501364
-1.34680225653
-1.34549412022
-1.3447147079
-1.34585452697
-1.34614966308
-1.34500230346
-1.34632820746
-1.34605339985
-1.34662824345
-1.34686726844
-1.34660882894
-1.34707023423
-1.34677414335
-1.3464965913
-1.34588757128
-1.34581648149
-1.34515189904
-1.3455508598
-1.34504134718
-1.34582790931
-1.34620577275
-1.34619456949
-1.34627992946
-1.34749476727
-1.34775096647
-1.34839692676
-1.34815399254
-1.34934659152
-1.34866828541
-1.3499974834
-1.35061813964
-1.35132599406
-1.35252109763
-1.35216428401
-1.35393658172
-1.35440248825
-1.35546783431
-1.35539829129
-1.35539904418
-1.35489860174
-1.3554438415
-1.35578168816
-1.35595021256
-1.35665114678
-1.35701480002
-1.35709371405
-1.35729621957
-1.35821466432
-1.35804513259
-1.35707389838
-1.35661086091
-1.35622067114
-1.35579898344
-1.35599457173
-1.35601264159
-1.35599475682
-1.35607933908
-1.35438206423
-1.35483915356
-1.35475080243
-1.35433630104
-1.35449175931
-1.35274585682
-1.35334392116
-1.3527683117
-1.35185445426
-1.35049268934
-1.35016510054
-1.34901796793
-1.34902542564
-1.34829941505
-1.34714218765
-1.3471591635
-1.3474417576
-1.34635629716
-1.34632024458
-1.34614058238
-1.34571794781
-1.34586459973
-1.34517395689
-1.34432839749
-1.34417631078
-1.34329594378
-1.34266453547
-1.34310862313
-1.3433161362
-1.34254023945
-1.34314725328
-1.34333290555
-1.34350701991
-1.34412690227
-1.34442067383
-1.34452498394
-1.3447597718
-1.34470897114
-1.34515897124
-1.34570982725
-1.34564683699
-1.34654069878
-1.34608825868
-1.34754236271
-1.34752038015
-1.34901259129
-1.3489034443
-1.35013261823
-1.3498657829
-1.35069429842
-1.35126136505
-1.35138836902
-1.35090402314
-1.35153858255
-1.35037901739
-1.3510001971
-1.35188792892
-1.35249036329
-1.35157390577
-1.35292490037
-1.35414502753
-1.35407746517
-1.35496584898
-1.35536177798
-1.35617808651
-1.35629190882
-1.35591695665
-1.35536904185
-1.35558044298
-1.35639187796
-1.35577890672
-1.35526049191
-1.35497026074
-1.35559555964
-1.35509445864
-1.35468842994
-1.35558402567
-1.35551304128
-1.35498984708
-1.35617059099
-1.35437215028
-1.35492875122
-1.35524303774
-1.35551503792
-1.35501620893
-1.35528636604
-1.3548215892
-1.35492797436
-1.35435352447
-1.35425963992
-1.35411206083
-1.35449725346
-1.35425311198
-1.35302680097
-1.35348889616
-1.35330646371
-1.35285166761
-1.35217122184
-1.35209987597
-1.35145895547
-1.35089126465
-1.35066740715
-1.35056420272
-1.34994929402
-1.34894094858
-1.34786633672
-1.34714272307
-1.34655083473
-1.3466242635
-1.34662209047
-1.34662734248
-1.34625001149
-1.34575786561
-1.34564748929
-1.34497291396
-1.3460459895
-1.3457280806
-1.34505073119
-1.34489781927
-1.34408740579
-1.34293424923
-1.34278730387
-1.34239186525
-1.34142853375
-1.34149357326
-1.34134255914
-1.34118030957
-1.34139921884
-1.3416628533
-1.34156488604
-1.34256792473
-1.34269150095
-1.34319024066
-1.343981296
-1.34437669601
-1.34434174297
-1.34411081326
-1.34551871666
-1.3466721302
-1.34728199614
-1.34857083482
-1.34844819677
-1.34964335423
-1.35047025583
-1.350458192
-1.35197615413
-1.35208124195
-1.35210079108
-1.35286324924
-1.35240306142
-1.35321392859
-1.35365648631
-1.35428468462
-1.35484347198
-1.35531314719
-1.35673222761
-1.35684697623
-1.35747460102
-1.35797716078
-1.3587105845
-1.35871618613
-1.35930202437
-1.35964460638
-1.35997034057
-1.35925875624
-1.35974113313
-1.35854860373
-1.35845862231
-1.35861808426
-1.35813179794
-1.35817575979
-1.35723927528
-1.35710508118
-1.35689095386
-1.35691140965
-1.35686940265
-1.35617994078
-1.35551565979
-1.35486611885
-1.3548329483
-1.35494271059
-1.35288320958
-1.35327506164
-1.3534489394
-1.35334132892
-1.35233511772
-1.35255140706
-1.352045036
-1.35291670003
-1.3512659699
-1.34981516241
-1.35000415059
-1.34768909768
-1.34793717326
-1.3471345828
-1.34656695985
-1.34574784905
-1.34620439393
-1.34599497137
-1.34554135965
-1.34578725351
-1.34535629915
-1.34543404407
-1.34506735237
-1.34422850856
-1.34371840673
-1.34427033618
-1.3445604845
-1.34450686983
-1.34446864721
-1.34413384715
-1.34381431179
-1.34468310104
-1.3449807876
-1.34391008545
-1.34497590511
-1.34368869062
-1.34470769501
-1.34506243651
-1.34403539197
-1.34342529485
-1.34341543729
-1.34365680556
-1.34483320553
-1.34419128044
-1.34360164569
-1.34479341562
-1.34556974916
-1.34597732251
-1.34584257838
-1.34677397565
-1.34788768025
-1.34842453236
-1.34742432308
-1.34897977636
-1.34861531087
-1.34963039287
-1.35077745185
-1.35082731452
-1.3518021118
-1.35210349902
-1.35252924017
-1.35234587711
-1.3524947657
-1.35220408333
-1.35376611843
-1.35437483945
-1.35491046223
-1.35485840601
-1.35467257418
-1.35589078126
-1.35545851217
-1.35596550738
-1.35572980677
-1.35688241993
-1.35713216303
-1.35705481841
-1.35777521139
-1.35872340552
-1.35884134045
-1.35839913552
-1.35826396761
-1.3588058139
-1.35927909268
-1.35805084421
-1.35776500103
-1.35726422272
-1.35696019245
-1.35607120293
-1.35632007744
-1.35621372239
-1.35646477452
-1.35525467778
-1.35508111085
-1.35462259925
-1.35413333525
-1.35286029528
-1.35305257362
-1.3526600397
-1.35113093088
-1.35183172093
-1.35066006813
-1.35057228773
-1.35022384943
-1.35054895078
-1.3493463083
-1.34769318038
-1.34656317654
-1.34643534736
-1.34568510277
-1.34400129132
-1.34436920049
-1.3423261756
-1.3422556428
-1.34167190801
-1.34184259146
-1.3415173468
-1.34180014769
-1.34230088932
-1.34182169748
-1.34280268815
-1.34237326459
-1.34279947405
-1.34281900877
-1.34278937235
-1.34306153268
-1.34638513436
-1.34567626964
-1.3462187378
-1.34621988569
-1.34785253711
-1.34697710668
-1.34795724222
-1.3479898575
-1.3484874667
-1.34980488791
-1.34975578471
-1.35027575937
-1.35112035979
-1.35155679644
-1.35282896941
-1.35288351908
-1.3540922593
-1.35457613029
-1.35343805192
-1.35485899366
-1.35512997598
-1.35557115236
-1.35532931854
-1.35489302611
-1.35521645903
-1.35549345495
-1.35523819392
-1.35526546114
-1.35558777628
-1.35628115698
-1.35537516151
-1.35516276222
-1.35609769855
-1.3542130199
-1.35410161291
-1.35406398205
-1.35401606785
-1.3542444836
-1.35455290512
-1.3552866399
-1.35562547289
-1.35622429584
-1.35495266732
-1.35480922453
-1.35500432854
-1.35503331548
-1.35488609702
-1.35372554278
-1.35397029426
-1.35273710357
-1.35109828781
-1.35196465579
-1.35162723319
-1.35167666949
-1.3514354745
-1.35094189435
-1.35086154538
-1.35055780216
-1.35044884684
-1.34997861777
-1.3499427028
-1.34973656236
-1.34920675537
-1.34956086332
-1.34866458868
-1.34902495979
-1.34805326101
-1.34839361293
-1.34752812149
-1.34812897776
-1.34876690073
-1.34763735247
-1.34705090422
-1.34741009714
-1.34649368712
-1.34665819073
-1.34599409866
-1.34440241939
-1.34506126262
-1.34479051143
-1.34434060056
-1.3433718892
-1.34311250515
-1.34359392561
-1.34298835455
-1.3434823452
-1.34389095466
-1.34364055976
-1.34387188022
-1.34416470722
-1.34535937401
-1.34530254278
-1.34501100231
-1.34516845721
-1.34607499057
-1.34474583067
-1.34613059247
-1.34558263819
-1.34610305261
-1.3460920828
-1.34648628424
-1.34681313711
-1.34728729385
-1.34803480843
-1.34776839164
-1.34838210026
-1.34863772448
-1.34974551664
-1.34950812766
-1.34971848839
-1.35025108074
-1.3513304097
-1.3521471959
-1.35371318879
-1.35390260194
-1.35469346178
-1.35473889425
-1.35532571354
-1.35554286345
-1.35595541254
-1.35567528376
-1.35600200476
-1.35598881653
-1.35577899455
-1.35614979102
-1.35616526846
-1.35565398722
-1.35648916601
-1.35637551396
-1.35597248789
-1.35519787023
-1.35597575195
-1.35611653955
-1.35532543033
-1.35510385036
-1.35513421206
-1.35449289784
-1.35469370458
-1.35472509072
-1.35396738318
-1.35424225356
-1.35416161495
-1.35489948584
-1.35381828601
-1.34986820582
-1.34933634075
-1.34832357168
-1.34829118309
-1.34714462107
-1.34732608839
-1.34774811064
-1.34724984562
-1.34664067997
-1.34664183973
-1.34732911901
-1.34670292391
-1.34682328583
-1.34619025107
-1.34647653189
-1.34630055209
-1.34627186435
-1.34696204919
-1.34554901015
-1.34581591506
-1.3454259038
-1.34533691616
-1.34492542468
-1.34496262533
-1.3442958516
-1.34526057526
-1.34438378173
-1.34494344704
-1.34461927928
-1.34457578871
-1.34536373218
-1.3453507774
-1.34491360611
-1.34579720919
-1.34687823051
-1.34676200489
-1.34765508367
-1.34708971449
-1.34758518375
-1.34794825307
-1.34852546477
-1.34901022115
-1.34889621375
-1.35009473321
-1.35019733784
-1.35099622107
-1.34962761077
-1.35014135409
-1.35023560882
-1.34994178976
-1.35081180366
-1.35102067027
-1.350459478
-1.35108200912
-1.35245203067
-1.35176251747
-1.3517219785
-1.35141744273
-1.35239791779
-1.35241203213
-1.35322132991
-1.3536220894
-1.35419250409
-1.35486080289
-1.35572767226
-1.35536503018
-1.35476238704
-1.35554263643
-1.3561196984
-1.35516357145
-1.35477515673
-1.35421605052
-1.35429636413
-1.35392758798
-1.35352687981
-1.35379716411
-1.35383518983
-1.35413557715
-1.35350889308
-1.35387116498
-1.3530872932
-1.35322266445
-1.35432050233
-1.35381437568
-1.35336805799
-1.35367777685
-1.35231689859
-1.35234372218
-1.3523333032
-1.35241513465
-1.35164242435
-1.35131855445
-1.35091492906
-1.34927168967
-1.34845654727
-1.34873023181
-1.34790887777
-1.34675637314
-1.34754414093
-1.34567025273
-1.34584476422
-1.34570024566
-1.34537890244
-1.34513759482
-1.34589243859
-1.3455210321
-1.34601202937
-1.34567088873
-1.34591558634
-1.3462206443
-1.34584609309
-1.34487252131
-1.34554322343
-1.34584981199
-1.34619398184
-1.34630618936
-1.34687060741
-1.34642355077
-1.34724968421
-1.34667149401
-1.34697248113
-1.34638504653
-1.34735456486
-1.3479977983
-1.34963745094
-1.35032222582
-1.35055732837
-1.35035588151
-1.35066371925
-1.35137220721
-1.3516423482
-1.35145881093
-1.35202021822
-1.35189786476
-1.35198630285
-1.35175538907
-1.35269903592
-1.35229525039
-1.35193668
-1.35394651297
-1.35379783434
-1.35366648577
-1.35439003368
-1.3545505322
-1.35425395047
-1.35412611175
-1.35417033629
-1.35348824668
-1.35496847684
-1.35400141543
-1.35499546057
-1.35461393296
-1.35408157406
-1.3540181222
-1.35341593569
-1.35279208113
-1.35224805226
-1.35196937057
-1.35264020943
-1.35170976905
-1.35170262727
-1.35122948693
-1.35028496651
-1.35137488344
-1.35016271547
-1.35013204934
-1.35114907519
-1.35116299278
-1.35156112194
-1.35068836362
-1.3508309146
-1.349293881
-1.34626630218
-1.34511484964
-1.34607901802
-1.34546438979
-1.34584656409
-1.34521928023
-1.34502556284
-1.34517067841
-1.34515183741
-1.34516116092
-1.3440196444
-1.34492450083
-1.34481246015
-1.34546775199
-1.34571223439
-1.34541396178
-1.34688478444
-1.347027557
-1.3466242265
-1.34775155252
-1.34786449984
-1.34782978026
-1.34660560434
-1.34984201242
-1.35148952684
-1.35079458268
-1.35235359903
-1.35284590944
-1.35365406886
-1.35386006281
-1.35372264133
-1.35389463952
-1.35381937141
-1.35352386658
-1.35356829532
-1.35426354392
-1.35497487741
-1.35379531149
-1.35428104167
-1.35302625369
-1.35323865855
-1.35360703986
-1.35287154832
-1.35314141427
-1.35326719046
-1.35169611643
-1.35247253396
-1.35245911886
-1.35235466458
-1.35146429373
-1.35014534259
-1.3500859325
-1.34980861391
-1.34990848852
-1.34989093602
-1.34955064408
-1.34846102861
-1.34799131394
-1.34783424089
-1.34805446051
-1.3482397597
-1.34862241781
-1.34806483856
-1.34781193268
-1.34735667328
-1.34702555791
-1.34669400574
-1.34604646277
-1.34610360628
-1.3446373567
-1.34549534572
-1.3457457107
-1.34508269695
-1.34702118423
-1.34766132131
-1.34775012387
-1.34786573948
-1.34723893989
-1.34778866621
-1.34818141532
-1.34778790674
-1.34771405944
-1.34810743043
-1.34853789964
-1.3475887792
-1.3479417187
-1.34798777304
-1.34937665403
-1.34909922704
-1.35020283837
-1.35020152278
-1.35049315354
-1.35033401286
-1.35220802041
-1.35131134461
-1.35176571579
-1.35300605489
-1.35366165773
-1.35335112963
-1.35386065935
-1.3544285813
-1.35446729431
-1.35496945378
-1.35524487159
-1.35566632013
-1.35626520882
-1.35591484988
-1.35558638081
-1.35546332423
-1.35543430577
-1.35535832423
-1.35446367519
-1.35433982761
-1.35381167733
-1.35393757925
-1.35352949832
-1.35387017293
-1.35458187135
-1.35404557835
-1.354264978
-1.35438613361
-1.35457927109
-1.3543014491
-1.35424721687
-1.3534881668
-1.35281556371
-1.35224788688
-1.35189678918
-1.3509431588
-1.35063530281
-1.34961748738
-1.34904223053
-1.34884596677
-1.34777211351
-1.34750652193
-1.3470617458
-1.34719795393
-1.34660468128
-1.34657194392
-1.34588906473
-1.34522061618
-1.34454075008
-1.34445580335
-1.34388481515
-1.34360869491
-1.343089422
-1.34278128781
-1.34385993573
-1.3445249397
-1.3435915223
-1.34418689628
-1.34489627108
-1.34450392864
-1.3443708468
-1.3447627707
-1.34412923984
-1.3452875259
-1.34537695033
-1.34509483063
-1.34556977037
-1.34456346762
-1.34445090957
-1.34534061979
-1.34577631521
-1.34610632443
-1.34597776207
-1.34725368406
-1.34833092053
-1.34870432385
-1.34879079522
-1.34934315191
-1.34908654517
-1.35051548019
-1.35121688654
-1.35086704341
-1.35142476024
-1.35163099653
-1.35163789551
-1.35193817047
-1.35259871517
-1.35188580339
-1.35288771815
-1.35328951003
-1.35256125754
-1.35266185512
-1.3530627981
-1.35349126544
-1.35257005503
-1.35351658164
-1.35315673673
-1.35339666958
-1.3529184333
-1.35383038959
-1.35255538455
-1.35201343858
-1.35302716407
-1.35318154104
-1.35318211456
-1.35346392339
-1.35279710131
-1.35305913413
-1.35317222689
-1.3538912244
-1.35322967342
-1.3526210957
-1.35179863026
-1.35091722716
-1.35150566421
-1.35157484786
-1.35081367949
-1.35060287244
-1.35042366823
-1.35104898538
-1.35027072095
-1.35103926455
-1.35118953314
-1.35071722378
-1.35077483272
-1.35076657292
-1.35026568731
-1.3505719167
-1.35053590586
-1.35043123658
-1.35069253031
-1.34968434071
-1.34967821831
-1.34967325679
-1.34917058955
-1.35003582788
-1.34901920213
-1.34857495864
-1.34843567153
-1.34846456791
-1.34687873029
-1.34774549855
-1.34643155728
-1.34606520565
-1.34618076123
-1.34623309268
-1.34619836737
-1.34541917664
-1.34492487238
-1.34590971974
-1.34655651625
-1.34631672098
-1.34616759602
-1.34599293096
-1.34551228594
-1.34518598919
-1.34429477172
-1.34496213169
-1.34475001945
-1.34462331037
-1.34516250279
-1.34523671886
-1.34481922792
-1.34456361324
-1.34505688895
-1.34564550538
-1.34552408097
-1.34622842852
-1.3466934863
-1.34789825134
-1.34749388846
-1.34801628737
-1.34892657546
-1.349145264
-1.34957169887
-1.35044002699
-1.35084956914
-1.35173161236
-1.35267618326
-1.35341830497
-1.35376655819
-1.35423405167
-1.35495026296
-1.35503861546
-1.35498678242
-1.35596860214
-1.3547510199
-1.35506129107
-1.35462267913
-1.35431644888
-1.35474684711
-1.35490021273
-1.35449522013
-1.35507906817
-1.35563646232
-1.35566183401
-1.35730005782
-1.35692478297
-1.35681555474
-1.35641617544
-1.35512469457
-1.3557998379
-1.35503620831
-1.35457879484
-1.3544424243
-1.35330186255
-1.35408638612
-1.35281105609
-1.35226560481
-1.35212093127
-1.35045362326
-1.35105914596
-1.35042625663
-1.35002033772
-1.34935694111
-1.34786650357
-1.34730497921
-1.34649139686
-1.34630443784
-1.34637936502
-1.34484313267
-1.34547534794
-1.34591441491
-1.34674343249
-1.3445491997
-1.34458149801
-1.34364304295
-1.34173868921
-1.34253083884
-1.34152334872
-1.343094046
-1.34216996014
-1.34313073869
-1.34398173032
-1.34434344226
-1.34491743798
-1.34559745997
-1.34514865095
-1.34630680466
-1.34628912342
-1.34613350355
-1.34602965291
-1.34770639296
-1.3479759479
-1.34827402375
-1.34888184857
-1.3489983903
-1.34917351496
-1.35021636096
-1.35010514549
-1.35067841823
-1.34931093101
-1.34938310209
-1.34904912951
-1.34959871166
-1.35044667839
-1.35041178538
-1.35010730751
-1.35083165581
-1.35118388037
-1.35219372649
-1.35307722205
-1.35256288697
-1.35254946024
-1.3534035964
-1.35269523946
-1.35293865796
-1.35257047356
-1.35289341058
-1.35369899583
-1.35255162453
-1.35218324847
-1.35306977876
-1.35436232995
-1.35390098469
-1.3542187085
-1.3533409405
-1.3538186603
-1.35308325143
-1.35315036236
-1.35164526742
-1.35136368017
-1.35029153094
-1.35111700418
-1.35196646497
-1.35315560453
-1.35464585783
-1.35626643603
-1.35626799679
-1.35459498499
-1.3537342187
-1.3510645823
-1.35014750291
-1.34720890891
-1.34712667603
-1.34688780684
-1.34878490877
-1.35084550146
-1.35440975368
-1.3560579587
-1.35896712775
-1.35824059119
-1.35707039719
-1.35440746598
-1.35180307786
-1.34757674458
-1.34352603278
-1.34174686487
-1.33953773685
-1.33793608867
-1.33913269292
-1.34099809742
-1.34290594845
-1.34650715605
-1.35018180429
-1.35091312162
-1.35190071213
-1.35215548746
-1.34945826915
-1.34788161188
-1.34592881403
-1.34358175543
-1.34138407575
-1.33974697059
-1.33900045973
-1.33868512756
-1.34007491661
-1.34112826431
-1.34261511255
-1.34352309299
-1.34393563656
-1.345160749
-1.34596739588
-1.34664051246
-1.34710645776
-1.34612870747
-1.34493116409
-1.34385663763
-1.34248261307
-1.34198747836
-1.3418099561
-1.34335945495
-1.34352279329
-1.34525348953
-1.34729230372
-1.35057168803
-1.35155503853
-1.35305944499
-1.35417126346
-1.35354121825
-1.35191526799
-1.35007430608
-1.34910160654
-1.34836651529
-1.34798636245
-1.34880305057
-1.34990178238
-1.35378749721
-1.35487400464
-1.35695207756
-1.35800226886
-1.35807277468
-1.35864508377
-1.35631364677
-1.35630796115
-1.35531547605
-1.3542984027
-1.35339470305
-1.35271042428
-1.3537065744
-1.35466547484
-1.35447407149
-1.35426015412
-1.35608145918
-1.35495548968
-1.35435854398
-1.3551746125
-1.35513836595
-1.35372787987
-1.35315088889
-1.35168310554
-1.35062539996
-1.34894314072
-1.34813220694
-1.34779491258
-1.34788021782
-1.34826124932
-1.34895542759
-1.35059559458
-1.35173683677
-1.35149380012
-1.35188660941
-1.35114799073
-1.34999216815
-1.34845618006
-1.34797988252
-1.34494253812
-1.34440301116
-1.34350410532
-1.34324207123
-1.34311935331
-1.34404452793
-1.34422955832
-1.34513624752
-1.34566895921
-1.34590677608
-1.34547001676
-1.34477359905
-1.3437321723
-1.34349579821
-1.34187440138
-1.34274473271
-1.34361952388
-1.3433464979
-1.34405533482
-1.34462510939
-1.34438226526
-1.34513025198
-1.34612443471
-1.34482851196
-1.34459294342
-1.34507273086
-1.34448450755
-1.34501200604
-1.3450841557
-1.34498564418
-1.34455546116
-1.3440982747
-1.34441313176
-1.34545072022
-1.34584584883
-1.3461707882
-1.34618105858
-1.34740099024
-1.34844118506
-1.34794965562
-1.34884443843
-1.34949369843
-1.34912720368
-1.34913732461
-1.34950921784
-1.34987097539
-1.3495376626
-1.34992074221
-1.35008691422
-1.34980247274
-1.35093708092
-1.351951402
-1.35290619852
-1.35308774326
-1.35452941645
-1.35412677966
-1.35454532793
-1.35358456234
-1.35356601693
-1.35221925132
-1.35065015843
-1.35054838284
-1.35009965521
-1.35100598774
-1.35369452791
-1.35583670146
-1.35742820731
-1.35900592068
-1.35882057933
-1.35745048806
-1.35659215897
-1.35651824204
-1.35550690975
-1.35658575865
-1.35638837619
-1.35653169307
-1.35595388737
-1.35454453079
-1.35381409005
-1.35361622993
-1.3522252366
-1.35103228569
-1.34933744969
-1.34890354232
-1.34633696444
-1.34614425207
-1.34725248394
-1.34784175928
-1.34818979361
-1.34882333615
-1.34813727069
-1.34767680424
-1.34801101026
-1.34798460388
-1.34751404027
-1.34682481185
-1.34590835437
-1.34436996954
-1.34340829461
-1.34231094328
-1.34109230239
-1.34094822719
-1.33984563869
-1.33984948266
-1.33861253341
-1.33951864823
-1.34028865716
-1.3417958528
-1.34153188124
-1.34203942076
-1.34154224748
-1.34032079392
-1.34101446441
-1.34625156208
-1.34672168891
-1.34738725543
-1.34778659909
-1.34676737312
-1.34767732638
-1.34609905692
-1.34671271804
-1.3464985973
-1.34467697253
-1.34517982486
-1.3456695074
-1.34847640103
-1.34970448478
-1.35026927387
-1.35222535543
-1.35385434269
-1.35412053791
-1.35412948102
-1.35279464851
-1.35268062513
-1.35198061722
-1.3520929571
-1.35114473304
-1.35143322565
-1.35194647201
-1.35249255683
-1.35275643112
-1.35370020947
-1.35442119577
-1.35386919845
-1.3548944262
-1.35365716362
-1.35366996981
-1.35307688523
-1.35276523273
-1.35221441468
-1.35172665136
-1.35036302083
-1.35049382126
-1.35114829743
-1.3506851091
-1.35086648336
-1.34995011512
-1.35140531089
-1.3521555016
-1.35215061107
-1.35217594055
-1.35258501439
-1.35060504632
-1.35005545377
-1.3491346144
