-5.5308984375
-5.2243359375
-5.4287109375
-5.3265234375
-5.3265234375
-5.3776171875
-5.3265234375
-5.4798046875
-5.2498828125
-5.2754296875
-5.2243359375
-5.3776171875
-5.2243359375
-5.5819921875
-5.3265234375
-5.4287109375
-5.3265234375
-5.3265234375
-5.0966015625
-5.3265234375
-5.1221484375
-5.3265234375
-5.3776171875
-5.2243359375
-5.4798046875
-5.1221484375
-5.4287109375
-5.4287109375
-5.36484375
-5.3265234375
-5.2243359375
-5.4287109375
-5.4287109375
-5.2243359375
-5.4798046875
-5.6330859375
-5.6330859375
-5.3776171875
-5.3265234375
-5.4798046875
-5.3776171875
-5.5308984375
-5.6841796875
-5.3265234375
-5.3265234375
-5.2754296875
-5.2243359375
-5.2115625
-5.4798046875
-5.3776171875
-5.4287109375
-5.6330859375
-5.4798046875
-5.5308984375
-5.5308984375
-5.3776171875
-5.1732421875
-5.288203125
-5.3265234375
-5.2243359375
-5.4287109375
-5.3776171875
-5.3776171875
-5.1732421875
-5.2243359375
-5.5819921875
-5.5819921875
-5.2498828125
-5.2243359375
-5.4798046875
-5.2754296875
-5.3265234375
-5.4798046875
-5.3776171875
-5.2243359375
-5.4287109375
-5.2754296875
-5.4287109375
-5.4031640625
-5.4798046875
-5.5308984375
-5.3776171875
-5.3265234375
-5.5819921875
-5.4798046875
-5.3265234375
-5.5308984375
-5.4798046875
-5.441484375
-5.4287109375
-5.2754296875
-5.3776171875
-5.5308984375
-5.3776171875
-5.2754296875
-5.4798046875
-5.3265234375
-5.2243359375
-5.3776171875
-5.288203125
-5.2243359375
-5.4798046875
-5.1221484375
-5.2754296875
-5.4287109375
-5.3776171875
-5.2754296875
-5.288203125
-5.4031640625
-5.36484375
-5.4287109375
-5.5308984375
-5.3776171875
-5.4798046875
-5.3265234375
-5.4287109375
-5.4287109375
-5.1221484375
-5.2754296875
-5.36484375
-5.2754296875
-5.2243359375
-5.4287109375
-5.4287109375
-5.1221484375
-5.2754296875
-5.3776171875
-5.4287109375
-5.3776171875
-5.3265234375
-5.4798046875
-5.1732421875
-5.3776171875
-5.5308984375
-5.4798046875
-5.5308984375
-5.3776171875
-5.5308984375
-5.3265234375
-5.2243359375
-5.518125
-5.3265234375
-5.2754296875
-5.3265234375
-5.3776171875
-5.5308984375
-5.4287109375
-5.4798046875
-5.1732421875
-5.3776171875
-5.441484375
-5.5819921875
-5.4798046875
-5.4287109375
-5.3265234375
-5.4798046875
-5.2754296875
-5.3265234375
-5.4287109375
-5.4798046875
-5.4031640625
-5.4287109375
-5.5308984375
-5.4798046875
-5.5308984375
-5.3265234375
-5.5819921875
-5.5819921875
-5.4287109375
-5.4287109375
-5.2754296875
-5.6330859375
-5.5819921875
-5.3776171875
-5.2243359375
-5.3776171875
-5.3776171875
-5.5308984375
-5.3265234375
-5.2754296875
-5.3265234375
-5.67140625
-5.4798046875
-5.4798046875
-5.3265234375
-5.3776171875
-5.5819921875
-5.5308984375
-5.4287109375
-5.4031640625
-5.4798046875
-5.4287109375
-5.288203125
-5.5308984375
-5.5308984375
-5.3776171875
-5.5308984375
-5.2754296875
-5.3265234375
-5.3265234375
-5.3776171875
-5.594765625
-5.4798046875
-5.4798046875
-5.4287109375
-5.3265234375
-5.3265234375
-5.3776171875
-5.5819921875
-5.4798046875
-5.5308984375
-5.4798046875
-5.6330859375
-5.5819921875
-5.4287109375
-5.4798046875
-5.4287109375
-5.2754296875
-5.4798046875
-5.1221484375
-5.3776171875
-5.6330859375
-5.3265234375
-5.2243359375
-5.2243359375
-5.3265234375
-5.2243359375
-5.4287109375
-5.6330859375
-5.2754296875
-5.4287109375
-5.7352734375
-5.6841796875
-5.441484375
-5.1221484375
-5.4798046875
-5.5819921875
-5.4798046875
-5.4287109375
-5.2754296875
-5.5308984375
-5.3776171875
-5.4798046875
-5.7097265625
-5.4798046875
-5.8374609375
-5.4287109375
-5.5819921875
-5.4798046875
-5.3776171875
-5.6330859375
-5.5819921875
-5.6841796875
-5.518125
-5.4287109375
-5.3265234375
-5.5308984375
-5.6330859375
-5.5308984375
-5.5308984375
-5.4798046875
-5.5819921875
-5.5308984375
-5.441484375
-5.5308984375
-5.4798046875
-5.3776171875
-5.5819921875
-5.5308984375
-5.5308984375
-5.7352734375
-5.6330859375
-5.5308984375
-5.6841796875
-5.594765625
-5.5819921875
-5.6841796875
-5.5819921875
-5.4798046875
-5.6841796875
-5.4798046875
-5.5564453125
-5.441484375
-5.3265234375
-5.7863671875
-5.6330859375
-5.4287109375
-5.7352734375
-5.7352734375
-5.4287109375
-5.6841796875
-5.4798046875
-5.67140625
-5.5819921875
-5.6841796875
-5.5308984375
-5.5819921875
-5.6841796875
-5.5308984375
-5.5819921875
-5.3776171875
-5.5819921875
-5.748046875
-5.3776171875
-5.7352734375
-5.5819921875
-5.4287109375
-5.4798046875
-5.5308984375
-5.4798046875
-5.4798046875
-5.5308984375
-5.4798046875
-5.6330859375
-5.5819921875
-5.5308984375
-5.7863671875
-5.5308984375
-5.5819921875
-5.6841796875
-5.7352734375
-5.6841796875
-5.7863671875
-5.7352734375
-5.6841796875
-5.6841796875
-5.6330859375
-5.6330859375
-5.5308984375
-5.5819921875
-5.6841796875
-5.5308984375
-5.748046875
-5.6841796875
-5.5308984375
-5.6841796875
-5.6841796875
-5.6330859375
-5.6330859375
-5.6841796875
-5.7352734375
-5.6841796875
-5.6330859375
-5.594765625
-5.6330859375
-5.5819921875
-5.6841796875
-5.7863671875
-5.6330859375
-5.5308984375
-5.6330859375
-5.6841796875
-5.6841796875
-5.8246875
-5.6330859375
-5.8374609375
-5.7352734375
-5.7863671875
-5.7863671875
-5.8374609375
-5.6841796875
-5.7863671875
-5.8246875
-5.8885546875
-5.7863671875
-5.6330859375
-5.9907421875
-5.6841796875
-5.8885546875
-5.7863671875
-5.6330859375
-5.6841796875
-5.9396484375
-5.8374609375
-5.8885546875
-6.1440234375
-5.9396484375
-5.9396484375
-5.8885546875
-5.8885546875
-5.7863671875
-5.9396484375
-5.9907421875
-5.7863671875
-5.9907421875
-5.7352734375
-5.5308984375
-5.8885546875
-5.6841796875
-5.7352734375
-5.748046875
-5.8630078125
-5.8885546875
-5.5564453125
-5.8374609375
-5.8885546875
-5.8374609375
-5.8885546875
-5.7863671875
-6.0929296875
-6.0929296875
-5.9396484375
-5.9396484375
-5.8374609375
-5.7863671875
-5.7352734375
-5.9907421875
-5.9907421875
-5.7352734375
-5.9907421875
-6.1440234375
-5.9907421875
-5.8374609375
-5.8630078125
-5.8374609375
-5.8885546875
-5.8374609375
-5.6841796875
-5.8885546875
-5.7863671875
-5.7863671875
-5.8885546875
-5.7863671875
-5.9907421875
-5.8246875
-5.9396484375
-5.8374609375
-5.7863671875
-5.7863671875
-5.7352734375
-5.7352734375
-5.9907421875
-5.8885546875
-5.9396484375
-5.8246875
-5.9907421875
-5.9396484375
-5.8885546875
-6.1440234375
-5.6841796875
-5.8374609375
-5.7863671875
-5.97796875
-6.0418359375
-6.0929296875
-6.0929296875
-6.0418359375
-5.8885546875
-6.0418359375
-5.8885546875
-5.8374609375
-5.8885546875
-5.8885546875
-5.9396484375
-5.8630078125
-5.9396484375
-5.9396484375
-5.7352734375
-6.0418359375
-5.9396484375
-5.9907421875
-5.9396484375
-5.6841796875
-5.7863671875
-6.0418359375
-5.97796875
-5.8885546875
-5.9396484375
-5.8885546875
-5.7863671875
-5.9396484375
-5.9396484375
-5.9396484375
-5.9907421875
-5.8374609375
-5.9396484375
-6.1440234375
-5.9907421875
-6.0418359375
-5.9907421875
-6.0418359375
-5.9907421875
-5.7863671875
-5.9907421875
-5.7352734375
-6.0418359375
-6.0418359375
-5.9396484375
-5.901328125
-6.0418359375
-5.9396484375
-5.9396484375
-5.9907421875
-5.9396484375
-5.9907421875
-5.9907421875
-5.9907421875
-5.9907421875
-5.9396484375
-5.9907421875
-5.9396484375
-6.0418359375
-5.9907421875
-5.9907421875
-5.9396484375
-5.9907421875
-5.9907421875
-5.9907421875
-5.901328125
-6.1440234375
-5.9907421875
-6.0929296875
-6.0418359375
-6.0929296875
-5.8374609375
-6.2462109375
-6.0418359375
-5.9396484375
-5.8246875
-5.9396484375
-6.1440234375
-5.8885546875
-5.8374609375
-5.9907421875
-6.0418359375
-6.0418359375
-6.0418359375
-6.0162890625
-5.7863671875
-6.0929296875
-6.1440234375
-6.0418359375
-5.8885546875
-6.0929296875
-6.0929296875
-5.9907421875
-6.0418359375
-6.0929296875
-5.9396484375
-5.7863671875
-5.9396484375
-6.2462109375
-6.0929296875
-5.7863671875
-5.97796875
-6.1951171875
-6.0418359375
-6.1440234375
-6.1440234375
-6.1440234375
-6.1440234375
-5.9907421875
-5.9396484375
-6.0162890625
-6.0929296875
-5.9907421875
-5.8885546875
-6.0418359375
-5.8374609375
-5.8885546875
-6.0162890625
-6.0929296875
-5.9396484375
-6.2973046875
-5.9907421875
-5.9907421875
-6.0929296875
-6.1440234375
-6.0929296875
-5.8885546875
-6.1440234375
-5.9907421875
-6.1440234375
-6.1951171875
-6.1695703125
-5.8885546875
-5.9396484375
-6.0418359375
-6.0418359375
-6.1951171875
-6.0929296875
-5.8374609375
-6.0418359375
-6.1440234375
-6.207890625
-5.8885546875
-6.0929296875
-6.1440234375
-6.0929296875
-6.2973046875
-6.0929296875
-5.901328125
-6.0162890625
-6.1440234375
-6.2462109375
-5.9396484375
-5.9907421875
-5.8374609375
-5.9907421875
-6.1951171875
-6.0418359375
-6.1951171875
-5.9907421875
-6.2462109375
-5.901328125
-6.0929296875
-5.7863671875
-6.1440234375
-6.0418359375
-6.1440234375
-6.0929296875
-6.1440234375
-5.9907421875
-6.1440234375
-6.0929296875
-6.1951171875
-6.2973046875
-5.9907421875
-6.0418359375
-6.1440234375
-6.0418359375
-5.97796875
-5.9907421875
-5.9907421875
-6.1951171875
-6.1440234375
-6.0418359375
-6.0418359375
-5.9907421875
-6.0418359375
-5.9396484375
-6.0929296875
-5.8630078125
-6.0418359375
-6.1440234375
-6.1440234375
-5.9907421875
-6.0418359375
-6.0418359375
-5.9907421875
-6.0929296875
-5.8630078125
-5.9907421875
-5.9907421875
-5.9907421875
-6.0929296875
-6.1440234375
-5.9907421875
-5.9396484375
-5.7352734375
-5.7352734375
-5.9396484375
-5.8885546875
-6.0929296875
-6.1951171875
-5.9396484375
-5.9907421875
-6.0418359375
-6.0418359375
-6.0929296875
-5.7863671875
-6.0929296875
-6.1440234375
-5.9907421875
-6.0929296875
-6.0929296875
-6.0418359375
-5.8885546875
-6.0929296875
-5.7863671875
-5.8885546875
-6.0929296875
-5.9396484375
-5.9396484375
-6.0418359375
-5.7352734375
-6.0929296875
-5.9396484375
-6.0929296875
-6.0418359375
-6.0929296875
-5.8885546875
-6.0162890625
-6.0418359375
-6.0929296875
-6.0418359375
-5.8374609375
-6.1440234375
-5.8374609375
-5.8374609375
-5.8374609375
-6.0929296875
-6.0162890625
-5.9396484375
-5.9907421875
-5.6841796875
-5.8374609375
-6.1440234375
-5.8374609375
-6.2462109375
-5.9396484375
-6.1440234375
-5.97796875
-6.1440234375
-6.0418359375
-6.1440234375
-6.1440234375
-5.9396484375
-6.0418359375
-6.0418359375
-6.1440234375
-5.8885546875
-5.97796875
-5.8374609375
-6.2462109375
-5.8374609375
-5.8885546875
-5.9396484375
-6.1440234375
-6.0418359375
-6.0418359375
-5.8885546875
-6.1695703125
-6.1440234375
-6.0929296875
-6.0929296875
-6.0418359375
-5.8374609375
-5.9396484375
-5.9396484375
-5.8885546875
-6.0418359375
-6.0418359375
-6.0929296875
-5.9907421875
-6.0929296875
-6.1951171875
-6.0418359375
-6.1440234375
-6.0418359375
-6.2462109375
-6.0929296875
-5.8885546875
-5.97796875
-5.9396484375
-5.9907421875
-6.0929296875
-5.9907421875
-5.9907421875
-6.1440234375
-5.9396484375
-6.0929296875
-6.0929296875
-5.97796875
-5.9396484375
-5.8885546875
-6.1951171875
-5.9396484375
-6.1440234375
-5.9396484375
-5.9907421875
-5.9907421875
-5.9396484375
-5.97796875
-5.7863671875
-6.0418359375
-5.9396484375
-5.9907421875
-5.9396484375
-5.8885546875
-5.9396484375
-6.1440234375
-5.9907421875
-6.0418359375
-5.97796875
-6.0929296875
-5.9907421875
-5.5819921875
-6.1951171875
-5.8374609375
-5.9396484375
-5.8374609375
-5.9396484375
-5.8885546875
-5.901328125
-6.0929296875
-6.0418359375
-5.8885546875
-5.9907421875
-6.0929296875
-6.0929296875
-5.8885546875
-5.9907421875
-6.1951171875
-6.0929296875
-6.1951171875
-5.8374609375
-6.0929296875
-6.1440234375
-6.0929296875
-6.1440234375
-5.9396484375
-6.1440234375
-6.0929296875
-6.0162890625
-6.1440234375
-5.9907421875
-6.1440234375
-5.9907421875
-6.2973046875
-6.1440234375
-6.0929296875
-6.0418359375
-6.0418359375
-6.054609375
-6.0418359375
-5.9907421875
-6.0929296875
-5.9907421875
-5.9396484375
-5.9396484375
-6.0929296875
-5.9396484375
-5.9907421875
-5.9907421875
-6.0162890625
-5.9396484375
-6.1440234375
-6.2462109375
-5.9396484375
-6.0929296875
-6.0418359375
-5.901328125
-6.0929296875
-6.0929296875
-5.9907421875
-5.6330859375
-6.1440234375
-5.7863671875
-5.8885546875
-5.8885546875
-6.1440234375
-6.1695703125
-6.1440234375
-6.0418359375
-6.0418359375
-6.0929296875
-6.0418359375
-5.9907421875
-5.8374609375
-6.0929296875
-5.9396484375
-5.8246875
-6.0418359375
-5.9907421875
-6.0418359375
-6.1440234375
-6.1951171875
-6.2462109375
-6.0929296875
-6.2462109375
-6.0162890625
-6.1951171875
-5.9396484375
-5.8885546875
-5.8885546875
-5.8885546875
-6.0929296875
-6.1440234375
-6.0418359375
-6.0418359375
-5.7863671875
-6.2462109375
-6.1440234375
-6.0418359375
-5.8885546875
-6.0418359375
-5.9907421875
-6.0418359375
-5.901328125
-6.0929296875
-5.9907421875
-5.8374609375
-6.1951171875
-6.2462109375
-5.9907421875
-6.0418359375
-6.2973046875
-6.1440234375
-6.13125
-6.0929296875
-6.0418359375
-5.8885546875
-5.8374609375
-6.0929296875
-5.8374609375
-5.9396484375
-6.0418359375
-6.1951171875
-6.054609375
-6.0929296875
-5.9396484375
-6.0418359375
-5.9907421875
-5.8374609375
-6.0929296875
-6.1440234375
-6.1951171875
-6.1951171875
-5.9396484375
-5.9907421875
-6.2462109375
-6.0929296875
-6.0929296875
-6.1440234375
-6.1440234375
-6.1951171875
-6.0418359375
-6.1440234375
-6.0418359375
-6.28453125
-6.1951171875
-6.1951171875
-6.1951171875
-6.1440234375
-6.1951171875
-6.1440234375
-6.2462109375
-6.2462109375
-6.1951171875
-6.2462109375
-6.1440234375
-6.1951171875
-6.1951171875
-6.0929296875
-6.1951171875
-6.1440234375
-6.3483984375
-6.1695703125
-6.3994921875
-6.0929296875
-5.9907421875
-6.2973046875
-6.0929296875
-6.0418359375
-6.1951171875
-6.1440234375
-6.1440234375
-6.13125
-6.2462109375
-6.1951171875
-6.0929296875
-6.1440234375
-6.0418359375
-6.0929296875
-5.9907421875
-6.1440234375
-6.0162890625
-6.2973046875
-6.1951171875
-6.0929296875
-6.0929296875
-6.0929296875
-6.1440234375
-5.8885546875
-6.1951171875
-6.13125
-6.2973046875
-6.1440234375
-6.3483984375
-6.1951171875
-6.2973046875
-5.8885546875
-5.9907421875
-6.0929296875
-6.1951171875
-6.2462109375
-6.1951171875
-5.9907421875
-5.9396484375
-6.1440234375
-6.0929296875
-6.0929296875
-5.9907421875
-6.1440234375
-6.2462109375
-6.1695703125
-6.0418359375
-6.0418359375
-6.0929296875
-5.8374609375
-6.0418359375
-6.0929296875
-6.1951171875
-6.2462109375
-6.3994921875
-6.28453125
-6.1440234375
-6.0929296875
-6.1951171875
-6.1440234375
-6.0418359375
-6.1951171875
-5.9907421875
-6.1440234375
-6.0418359375
-6.13125
-6.1951171875
-6.0929296875
-6.2973046875
-6.1440234375
-6.1951171875
-5.8374609375
-6.2973046875
-6.28453125
-5.7352734375
-6.1440234375
-5.8374609375
-6.1440234375
-6.1951171875
-6.2462109375
-6.2973046875
-5.9396484375
-6.1951171875
-5.8885546875
-6.1695703125
-6.1440234375
-6.0929296875
-6.1951171875
-6.2462109375
-6.2462109375
-6.0929296875
-6.1951171875
-6.2462109375
-6.0418359375
-6.13125
-6.3994921875
-6.1951171875
-6.2462109375
-6.1440234375
-6.2973046875
-6.1440234375
-6.2462109375
-5.9396484375
-5.9907421875
-6.054609375
-6.1440234375
-6.0418359375
-5.9907421875
-6.1440234375
-6.1440234375
-6.0418359375
-6.0418359375
-6.3483984375
-5.9396484375
-6.28453125
-6.207890625
-6.0418359375
-6.1440234375
-6.2462109375
-5.9907421875
-6.3994921875
-6.3994921875
-6.2973046875
-6.2973046875
-6.2462109375
-6.2973046875
-5.901328125
-6.1440234375
-6.1951171875
-6.2462109375
-6.0929296875
-5.9907421875
-6.2462109375
-5.9396484375
-6.1440234375
-6.0929296875
-6.054609375
-6.1951171875
-6.2462109375
-6.2462109375
-6.2462109375
-6.1951171875
-6.1440234375
-6.0418359375
-6.0929296875
-6.0418359375
-6.1440234375
-5.9907421875
-6.1951171875
-6.2462109375
-6.3994921875
-6.3994921875
-5.97796875
-6.1440234375
-6.0929296875
-6.1951171875
-6.1951171875
-6.1951171875
-6.0929296875
-6.0418359375
-6.0418359375
-5.9396484375
-6.1695703125
-6.1951171875
-6.1440234375
-6.1440234375
-6.2462109375
-6.1951171875
-6.1951171875
-6.2462109375
-6.1440234375
-6.1440234375
-6.1951171875
-6.1695703125
-6.1440234375
-6.2462109375
-6.1440234375
-5.9907421875
-6.0929296875
-6.2462109375
-6.1951171875
-6.2462109375
-6.1951171875
-6.207890625
-6.4505859375
-6.2973046875
-6.2462109375
-6.2462109375
-6.2973046875
-6.1951171875
-6.1440234375
-6.1951171875
-6.0162890625
-6.2973046875
-6.1951171875
-6.2973046875
-6.2973046875
-6.3483984375
-6.2973046875
-6.1951171875
-6.2973046875
-6.2973046875
-6.1695703125
-6.0418359375
-6.2462109375
-6.3994921875
-6.3483984375
-6.1951171875
-6.2973046875
-6.2462109375
-6.1951171875
-6.1951171875
-6.3483984375
-6.2462109375
-6.2462109375
-6.1951171875
-6.13125
-6.2462109375
-6.2973046875
-6.3483984375
-6.1440234375
-6.1951171875
-6.0418359375
-6.1440234375
-6.2462109375
-6.3483984375
-6.28453125
-6.2462109375
-6.1440234375
-6.2462109375
-6.2973046875
-6.2462109375
-6.4505859375
-6.2973046875
-6.1440234375
-6.1951171875
-6.2973046875
-6.2462109375
-6.4505859375
-6.2462109375
-6.1440234375
-6.0418359375
-6.1440234375
-6.1951171875
-6.2462109375
-6.2973046875
-6.2973046875
-6.3994921875
-6.1951171875
-6.28453125
-6.2462109375
-6.3994921875
-6.1951171875
-6.0929296875
-6.1440234375
-6.1951171875
-6.4505859375
-6.2973046875
-6.1440234375
-6.1440234375
-6.361171875
-6.1440234375
-6.1951171875
-6.2973046875
-6.4505859375
-6.1951171875
-6.0418359375
-6.1951171875
-6.2973046875
-6.3483984375
-6.361171875
-6.1951171875
-6.3483984375
-6.2973046875
-6.3483984375
-6.2973046875
-6.1951171875
-6.2973046875
-6.2462109375
-6.1695703125
-6.207890625
-6.0418359375
-6.1440234375
-6.3483984375
-6.3483984375
-6.2462109375
-6.3483984375
-6.3228515625
-6.3994921875
-6.2973046875
-6.361171875
-6.2462109375
-6.1951171875
-6.2462109375
-6.2462109375
-6.1440234375
-6.2462109375
-6.3483984375
-6.2462109375
-6.2462109375
-6.3483984375
-6.1951171875
-6.1440234375
-6.1951171875
-6.3994921875
-6.3228515625
-6.2462109375
-6.3483984375
-6.3994921875
-6.5016796875
-6.2973046875
-6.3994921875
-6.5527734375
-6.4505859375
-6.2973046875
-6.3994921875
-6.2462109375
-6.1951171875
-6.3483984375
-6.2462109375
-6.2462109375
-6.28453125
-6.3994921875
-6.2462109375
-6.4505859375
-6.2973046875
-6.4505859375
-6.1951171875
-6.1951171875
-6.4505859375
-6.2973046875
-6.2462109375
-6.4505859375
-6.1440234375
-6.5016796875
-6.5527734375
-6.3483984375
-6.4505859375
-6.3483984375
-6.4505859375
-6.3483984375
-6.4378125
-6.5016796875
-6.2462109375
-6.3994921875
-6.1951171875
-6.1440234375
-6.5016796875
-6.3483984375
-6.3483984375
-6.4505859375
-6.3994921875
-6.0418359375
-6.3483984375
-6.2973046875
-6.2973046875
-6.3483984375
-6.4505859375
-5.9907421875
-6.2973046875
-6.3483984375
-6.2973046875
-6.207890625
-6.1951171875
-5.9907421875
-6.3483984375
-6.3483984375
-6.5016796875
-6.3994921875
-6.5016796875
-6.5016796875
-6.4505859375
-6.207890625
-6.3483984375
-6.3994921875
-5.9396484375
-6.2973046875
-6.1951171875
-6.2973046875
-6.3228515625
-6.2462109375
-6.4761328125
-6.3228515625
-6.0929296875
-6.4505859375
-6.1951171875
-6.3483984375
-6.3483984375
-6.0929296875
-6.207890625
-6.1951171875
-6.3228515625
-6.207890625
-6.3994921875
-6.6549609375
-6.1951171875
-6.4505859375
-6.1440234375
-6.2973046875
-6.4378125
-6.1440234375
-6.4761328125
-6.3994921875
-6.361171875
-6.1951171875
-6.5527734375
-6.2973046875
-6.4505859375
-6.2973046875
-6.2462109375
-6.2973046875
-6.0418359375
-6.3994921875
-6.3994921875
-6.3994921875
-6.3483984375
-6.3483984375
-6.4505859375
-6.3483984375
-6.3483984375
-6.4378125
-6.1695703125
-6.4505859375
-6.2462109375
-6.2973046875
-6.2973046875
-6.2462109375
-6.3994921875
-6.3994921875
-5.9907421875
-6.3228515625
-6.5016796875
-6.3994921875
-6.4761328125
-6.3483984375
-6.3994921875
-6.5016796875
-6.2462109375
-6.3994921875
-6.3994921875
-6.3483984375
-6.4505859375
-6.2462109375
-6.2973046875
-6.361171875
-6.1440234375
-6.6549609375
-6.5016796875
-6.3994921875
-6.2973046875
-6.2973046875
-6.3483984375
-6.5016796875
-6.3994921875
-6.361171875
-6.5016796875
-6.3994921875
-6.5016796875
-6.2462109375
-6.3483984375
-6.1440234375
-6.5527734375
-6.5016796875
-6.3994921875
-6.59109375
-6.3994921875
-6.3994921875
-6.1951171875
-6.3483984375
-6.3994921875
-6.2973046875
-6.4505859375
-6.2462109375
-6.3483984375
-6.3994921875
-6.2973046875
-6.6038671875
-6.4505859375
-6.4505859375
-6.3994921875
-6.5016796875
-6.5527734375
-6.3483984375
-6.5016796875
-6.3994921875
-6.4378125
-6.5527734375
-6.3994921875
-6.2462109375
-6.3994921875
-6.3994921875
-6.3994921875
-6.5527734375
-6.3994921875
-6.3228515625
-6.4761328125
-6.3994921875
-6.3483984375
-6.3994921875
-6.7060546875
-6.2462109375
-6.4505859375
-6.6038671875
-6.3994921875
-6.3483984375
-6.3228515625
-6.5016796875
-6.7060546875
-6.5016796875
-6.4505859375
-6.7060546875
-6.5016796875
-6.4505859375
-6.4378125
-6.6294140625
-6.514453125
-6.5016796875
-6.2462109375
-6.5527734375
-6.6038671875
-6.6549609375
-6.5527734375
-6.1951171875
-6.3994921875
-6.6038671875
-6.4505859375
-6.28453125
-6.4505859375
-6.2462109375
-6.5016796875
-6.2973046875
-6.5527734375
-6.6549609375
-6.5527734375
-6.4761328125
-6.2973046875
-6.361171875
-6.2462109375
-6.5527734375
-6.5016796875
-6.3994921875
-6.5527734375
-6.4505859375
-6.4505859375
-6.5527734375
-6.2973046875
-6.2462109375
-6.4505859375
-6.5016796875
-6.3483984375
-6.6038671875
-6.6038671875
-6.5016796875
-6.6038671875
-6.6038671875
-6.5016796875
-6.5016796875
-6.6038671875
-6.3483984375
-6.6549609375
-6.5527734375
-6.2462109375
-6.5016796875
-6.4505859375
-6.5016796875
-6.6038671875
-6.6294140625
-6.5527734375
-6.3483984375
-6.4505859375
-6.3994921875
-6.5527734375
-6.4505859375
-6.7060546875
-6.4505859375
-6.5016796875
-6.361171875
-6.5016796875
-6.5527734375
-6.5016796875
-6.7571484375
-6.8082421875
-6.7060546875
-6.7571484375
-6.5016796875
-6.5527734375
-6.4761328125
-6.5527734375
-6.7571484375
-6.7060546875
-6.6038671875
-6.7060546875
-6.5016796875
-6.6038671875
-6.5527734375
-6.6549609375
-6.667734375
-6.5016796875
-6.7571484375
-6.6549609375
-6.7060546875
-6.5016796875
-6.5527734375
-6.5527734375
-6.6038671875
-6.5527734375
-6.6294140625
-6.5527734375
-6.5527734375
-6.6038671875
-6.6038671875
-6.5527734375
-6.6038671875
-6.6038671875
-6.3483984375
-6.9104296875
-6.6294140625
-6.6549609375
-6.8082421875
-6.6038671875
-6.7060546875
-6.7571484375
-6.5016796875
-6.6549609375
-6.7571484375
-6.7060546875
-6.6549609375
-6.514453125
-6.6038671875
-6.7571484375
-6.5527734375
-6.8082421875
-6.4505859375
-6.6549609375
-6.5527734375
-6.5016796875
-6.5016796875
-6.361171875
-6.5527734375
-6.5016796875
-6.4505859375
-6.4505859375
-6.4505859375
-6.5527734375
-6.5016796875
-6.6549609375
-6.6549609375
-6.5527734375
-6.6038671875
-6.6549609375
-6.5016796875
-6.8593359375
-6.7060546875
-6.8082421875
-6.3483984375
-6.5016796875
-6.6549609375
-6.5527734375
-6.6294140625
-6.6549609375
-6.6038671875
-6.5527734375
-6.7571484375
-6.7060546875
-6.4505859375
-6.5016796875
-6.7060546875
-6.8593359375
-6.6294140625
-6.5016796875
-6.5527734375
-6.6549609375
-6.5527734375
-6.7060546875
-6.5016796875
-6.5527734375
-6.5527734375
-6.7060546875
-6.667734375
-6.7571484375
-6.6549609375
-6.5016796875
-6.5527734375
-6.5016796875
-6.7060546875
-6.5016796875
-6.7060546875
-6.7060546875
-6.6294140625
-6.5016796875
-6.5527734375
-6.5527734375
-6.2462109375
-6.6038671875
-6.5016796875
-6.6549609375
-6.6549609375
-6.7060546875
-6.6038671875
-6.744375
-6.5527734375
-6.6549609375
-6.8082421875
-6.5527734375
-6.5016796875
-6.5527734375
-6.3483984375
-6.6549609375
-6.514453125
-6.4505859375
-6.9104296875
-6.7060546875
-6.7060546875
-6.7060546875
-6.7060546875
-6.5016796875
-6.7060546875
-6.5016796875
-6.5016796875
-6.6549609375
-6.5527734375
-6.6038671875
-6.5016796875
-6.59109375
-6.5527734375
-6.7826953125
-6.59109375
-6.8082421875
-6.5527734375
-6.8082421875
-6.5527734375
-6.3994921875
-6.3483984375
-6.4761328125
-6.5016796875
-6.5527734375
-6.6549609375
-6.6038671875
-6.4505859375
-6.6038671875
-6.5016796875
-6.5527734375
-6.6038671875
-6.7571484375
-6.8082421875
-6.6294140625
-6.5016796875
-6.6549609375
-6.4505859375
-6.5527734375
-6.6549609375
-6.3994921875
-6.7060546875
-6.6038671875
-6.5527734375
-6.2973046875
-6.5527734375
-6.4505859375
-6.6038671875
-6.5016796875
-6.7060546875
-6.5527734375
-6.6549609375
-6.6549609375
-6.7571484375
-6.6549609375
-6.5016796875
-6.8593359375
-6.6038671875
-6.3483984375
-6.4505859375
-6.4505859375
-6.3994921875
-6.514453125
-6.8082421875
-6.7060546875
-6.6038671875
-6.6038671875
-6.5016796875
-6.5016796875
-6.2973046875
-6.3994921875
-6.6549609375
-6.7060546875
-6.667734375
-6.7571484375
-6.5016796875
-6.6549609375
-6.5527734375
-6.5016796875
-6.7571484375
-6.6038671875
-6.3994921875
-6.59109375
-6.5527734375
-6.4505859375
-6.3483984375
-6.3483984375
-6.6038671875
-6.7060546875
-6.3994921875
-6.7060546875
-6.6549609375
-6.6038671875
-6.4505859375
-6.3994921875
-6.6038671875
-6.6038671875
-6.6038671875
-6.6549609375
-6.6549609375
-6.5016796875
-6.3483984375
-6.3483984375
-6.4378125
-6.5527734375
-6.6549609375
-6.5527734375
-6.3483984375
-6.5527734375
-6.4505859375
-6.4378125
-6.5016796875
-6.7060546875
-6.744375
-6.4505859375
-6.7571484375
-6.6549609375
-6.6549609375
-6.5527734375
-6.5016796875
-6.3994921875
-6.5527734375
-6.6038671875
-6.6038671875
-6.7571484375
-6.5527734375
-6.2973046875
-6.6038671875
-6.4505859375
-6.6038671875
-6.6549609375
-6.6549609375
-6.821015625
-6.5527734375
-6.6549609375
-6.6038671875
-6.5527734375
-6.5016796875
-6.4505859375
-6.514453125
-6.6294140625
-6.514453125
-6.5527734375
-6.3994921875
-6.5527734375
-6.3994921875
-6.5527734375
-6.5016796875
-6.6549609375
-6.5527734375
-6.3994921875
-6.2462109375
-6.59109375
-6.6549609375
-6.7571484375
-6.7571484375
-6.5016796875
-6.514453125
-6.5016796875
-6.3994921875
-6.7060546875
-6.6549609375
-6.7571484375
-6.6549609375
-6.8082421875
-6.7571484375
-6.5016796875
-6.7060546875
-6.59109375
-6.7571484375
-6.5527734375
-6.7571484375
-6.8082421875
-6.7571484375
-6.7060546875
-6.7571484375
-6.6549609375
-6.5527734375
-6.667734375
-6.5016796875
-6.7060546875
-6.6549609375
-6.9104296875
-6.6038671875
-6.7571484375
-6.8082421875
-6.6038671875
-6.5527734375
-6.59109375
-6.6038671875
-6.6038671875
-6.6038671875
-6.7060546875
-6.6549609375
-6.5527734375
-6.5527734375
-6.6038671875
-6.6038671875
-6.6294140625
-6.7060546875
-6.6549609375
-6.8082421875
-6.7060546875
-6.6038671875
-6.6038671875
-6.7571484375
-6.9104296875
-6.59109375
-6.6549609375
-6.6038671875
-6.7571484375
-6.5527734375
-6.6549609375
-6.5016796875
-6.5527734375
-6.7060546875
-6.8082421875
-6.8082421875
-6.7060546875
-6.821015625
-6.8082421875
-6.8593359375
-6.5016796875
-6.6549609375
-6.7060546875
-6.7571484375
-6.7060546875
-6.6549609375
-6.7571484375
-6.7060546875
-6.7060546875
-6.7060546875
-6.6038671875
-6.7060546875
-6.6549609375
-6.8082421875
-6.5527734375
-6.8082421875
-6.6549609375
-6.7060546875
-6.7571484375
-6.6549609375
-6.4505859375
-6.6549609375
-6.7571484375
-6.7060546875
-6.7571484375
-6.8593359375
-6.7060546875
-6.7060546875
-6.6038671875
-6.7060546875
-6.6549609375
-6.6038671875
-6.6549609375
-6.7060546875
-6.7571484375
-6.7571484375
-6.7060546875
-6.7060546875
-6.667734375
-6.6038671875
-6.8082421875
-6.8082421875
-6.7060546875
-6.8593359375
-6.6038671875
-6.7060546875
-6.7571484375
-6.6549609375
-6.59109375
-6.6549609375
-6.8082421875
-6.5016796875
-6.5016796875
-6.9104296875
-6.7060546875
-6.7060546875
-6.7060546875
-6.6549609375
-6.9359765625
-6.5527734375
-6.4505859375
-6.7571484375
-6.8593359375
-6.8082421875
-6.7571484375
-6.9615234375
-6.6038671875
-6.8082421875
-6.7060546875
-6.7571484375
-6.7571484375
-6.7060546875
-6.9615234375
-6.8593359375
-6.8082421875
-6.6549609375
-7.0126171875
-6.7571484375
-6.6549609375
-6.7060546875
-6.6038671875
-6.7571484375
-6.5527734375
-6.6549609375
-6.6038671875
-6.9104296875
-6.7571484375
-6.5527734375
-6.6549609375
-6.7060546875
-6.7571484375
-6.9104296875
-6.5527734375
-6.5527734375
-6.7060546875
-6.9615234375
-6.5527734375
-6.5527734375
-6.7571484375
-6.667734375
-6.7571484375
-6.7571484375
-6.8593359375
-6.7060546875
-6.7571484375
-6.8082421875
-6.8082421875
-6.9104296875
-6.6549609375
-6.667734375
-6.7060546875
-6.7571484375
-6.8593359375
-6.5527734375
-6.5016796875
-6.6038671875
-7.0126171875
-6.8082421875
-6.5527734375
-6.7571484375
-6.7571484375
-6.7060546875
-6.8082421875
-6.5016796875
-6.6549609375
-6.8082421875
-6.6549609375
-6.8082421875
-6.8082421875
-6.821015625
-6.7571484375
-6.5016796875
-6.8082421875
-6.8082421875
-6.6549609375
-6.7060546875
-6.6549609375
-6.6549609375
-6.8082421875
-6.7826953125
-6.7060546875
-6.8082421875
-6.5527734375
-6.5016796875
-6.8593359375
-6.5016796875
-6.7060546875
-6.8082421875
-7.0126171875
-6.5527734375
-6.5527734375
-6.5527734375
-6.5527734375
-6.6549609375
-6.7571484375
-6.7060546875
-6.9104296875
-7.0637109375
-6.5016796875
-6.667734375
-6.7571484375
-6.6549609375
-6.7571484375
-6.3994921875
-6.8082421875
-6.7060546875
-6.7571484375
-6.8082421875
-6.6549609375
-6.974296875
-6.8082421875
-6.9615234375
-6.8593359375
-6.8593359375
-6.8082421875
-6.5527734375
-6.7060546875
-6.9104296875
-6.8593359375
-6.7060546875
-6.6549609375
-6.4505859375
-6.6549609375
-6.6549609375
-6.8082421875
-6.667734375
-6.6038671875
-6.5527734375
-6.8082421875
-6.6549609375
-6.8593359375
-6.8082421875
-6.8593359375
-6.8082421875
-6.8593359375
-6.7826953125
-6.7060546875
-6.6549609375
-6.6549609375
-6.6549609375
-6.6549609375
-6.7571484375
-6.5527734375
-6.7571484375
-6.6038671875
-6.7060546875
-6.6038671875
-6.5527734375
-6.7571484375
-6.6294140625
-6.6549609375
-7.0126171875
-6.6038671875
-6.8082421875
-6.7060546875
-6.6549609375
-6.7060546875
-6.5527734375
-6.7571484375
-6.6294140625
-6.7571484375
-6.7571484375
-6.7571484375
-6.5527734375
-6.3994921875
-6.6038671875
-6.6549609375
-6.7571484375
-6.8082421875
-6.667734375
-6.8082421875
-6.7571484375
-6.5527734375
-6.7060546875
-6.7060546875
-6.7060546875
-6.7060546875
-6.6549609375
-6.5527734375
-6.8593359375
-6.5527734375
-6.8082421875
-6.5016796875
-6.5527734375
-6.5527734375
-6.9615234375
-6.8593359375
-6.9104296875
-6.4505859375
-6.667734375
-6.7060546875
-6.8082421875
-6.6549609375
-6.9104296875
-6.6038671875
-6.8593359375
-6.7571484375
-6.8082421875
-6.7571484375
-6.667734375
-6.7571484375
-6.7571484375
-6.9104296875
-6.6549609375
-6.6549609375
-6.8082421875
-6.9104296875
-6.4505859375
-6.3994921875
-6.6549609375
-6.744375
-6.6549609375
-6.7571484375
-6.5016796875
-6.7571484375
-6.5527734375
-6.5527734375
-6.8082421875
-6.8593359375
-6.7060546875
-6.7060546875
-6.6549609375
-6.6038671875
-6.8082421875
-6.9104296875
-6.5527734375
-6.3994921875
-6.6038671875
-6.6549609375
-6.5016796875
-6.5527734375
-6.8593359375
-6.6549609375
-6.6549609375
-6.6038671875
-6.59109375
-6.7060546875
-6.7060546875
-6.7571484375
-6.6038671875
-6.8082421875
-6.7060546875
-6.7571484375
-6.8082421875
-6.9104296875
-6.5016796875
-6.5527734375
-6.5527734375
-6.8082421875
-6.6038671875
-6.6038671875
-6.6038671875
-6.8593359375
-6.7060546875
-6.6038671875
-6.5527734375
-6.667734375
-6.6038671875
-6.7060546875
-6.7060546875
-6.4505859375
-6.5527734375
-6.6549609375
-6.6294140625
-6.7060546875
-6.6038671875
-6.59109375
-6.6549609375
-6.8082421875
-6.5527734375
-6.6549609375
-6.8593359375
-6.7060546875
-6.5527734375
-6.7060546875
-6.7060546875
-6.7826953125
-6.8593359375
-6.6549609375
-6.9104296875
-6.4505859375
-6.6038671875
-6.7571484375
-6.4505859375
-6.5527734375
-6.6549609375
-6.7571484375
-6.4378125
-6.6549609375
-6.5016796875
-6.6549609375
-6.6038671875
-6.5527734375
-6.7571484375
-6.7060546875
-6.7060546875
-6.7060546875
-6.514453125
-6.8593359375
-6.7571484375
-6.9615234375
-6.8082421875
-6.7060546875
-6.6038671875
-6.5016796875
-6.5527734375
-6.8082421875
-6.7571484375
-6.8593359375
-6.667734375
-6.9615234375
-6.7571484375
-6.6038671875
-6.744375
-6.8593359375
-6.7571484375
-6.7571484375
-6.5527734375
-6.7571484375
-6.8593359375
-6.8593359375
-6.9104296875
-6.8082421875
-6.744375
-6.9615234375
-6.6549609375
-6.7060546875
-6.4505859375
-6.6038671875
-6.6038671875
-6.6038671875
-6.5016796875
-6.7571484375
-6.514453125
-6.7060546875
-6.5527734375
-6.6038671875
-6.8593359375
-6.7571484375
-6.7571484375
-6.7571484375
-6.5527734375
-6.7571484375
-6.5527734375
-6.744375
-6.6038671875
-6.7571484375
-6.6549609375
-6.7060546875
-6.7060546875
-7.0126171875
-6.5527734375
-6.6549609375
-6.7571484375
-6.5527734375
-6.7571484375
-6.6549609375
-6.7060546875
-6.8082421875
-6.59109375
-6.7571484375
-7.0126171875
-6.8593359375
-6.9615234375
-6.8082421875
-6.8593359375
-6.6038671875
-6.6038671875
-6.9104296875
-6.7060546875
-6.59109375
-6.7060546875
-6.6549609375
-6.8593359375
-6.6549609375
-6.8082421875
-6.6549609375
-6.8082421875
-6.7060546875
-6.5016796875
-6.744375
-6.8082421875
-6.7571484375
-6.5527734375
-6.7060546875
-6.7060546875
-6.7060546875
-6.7571484375
-6.9104296875
-6.7571484375
-6.7060546875
-6.821015625
-6.8593359375
-6.9104296875
-6.7060546875
-6.7060546875
-6.9615234375
-6.7571484375
-6.5016796875
-6.7060546875
-6.7060546875
-6.59109375
-6.8082421875
-6.9104296875
-6.7060546875
-6.6549609375
-6.9615234375
-6.8593359375
-6.6549609375
-6.6038671875
-6.7060546875
-6.7060546875
-6.8082421875
-6.9104296875
-6.6549609375
-6.8082421875
-6.6549609375
-6.6038671875
-6.8082421875
-6.7060546875
-6.6038671875
-6.6549609375
-6.7826953125
-6.8593359375
-6.7571484375
-6.7571484375
-6.7060546875
-6.8593359375
-6.6549609375
-6.9615234375
-6.7571484375
-6.7571484375
-6.9359765625
-6.8082421875
-6.7060546875
-6.6038671875
-6.4505859375
-6.5527734375
-6.5527734375
-6.89765625
-6.8593359375
-6.8082421875
-6.6038671875
-6.6549609375
-6.9104296875
-6.7571484375
-6.9615234375
-7.0637109375
-6.7571484375
-6.6038671875
-6.6038671875
-6.7826953125
-6.7060546875
-6.9104296875
-6.9104296875
-6.7060546875
-6.7571484375
-6.7571484375
-6.7571484375
-6.8593359375
-6.7060546875
-6.6294140625
-7.0126171875
-6.8593359375
-6.6549609375
-6.7060546875
-6.9615234375
-6.9104296875
-6.8593359375
-6.6549609375
-6.6549609375
-6.744375
-6.9104296875
-6.7571484375
-6.9104296875
-6.7571484375
-6.8593359375
-6.6549609375
-6.5527734375
-6.8082421875
-6.9615234375
-6.7060546875
-6.8082421875
-6.9615234375
-6.9615234375
-6.6549609375
-6.8082421875
-6.8082421875
-6.6038671875
-6.7571484375
-6.5527734375
-6.821015625
-6.8593359375
-6.7571484375
-6.7571484375
-6.5527734375
-6.8082421875
-6.9104296875
-6.6038671875
-6.667734375
-6.9615234375
-6.8082421875
-6.7060546875
-6.8082421875
-6.8082421875
-6.7571484375
-6.7060546875
-6.8593359375
-6.7571484375
-6.5527734375
-6.7060546875
-6.7060546875
-6.744375
-6.9615234375
-6.7571484375
-6.9104296875
-7.0126171875
-6.6549609375
-6.6549609375
-6.7060546875
-6.5016796875
-6.7571484375
-6.9359765625
-6.8593359375
-6.8082421875
-6.7571484375
-6.8593359375
-6.8593359375
-6.8082421875
-6.5016796875
-6.7571484375
-6.744375
-6.6549609375
-6.8082421875
-6.9104296875
-6.7060546875
-6.7571484375
-6.7060546875
-6.8082421875
-6.8593359375
-6.8082421875
-6.7826953125
-6.8593359375
-6.6549609375
-6.8082421875
-6.7060546875
-6.8082421875
-6.9104296875
-6.7060546875
-6.9615234375
-6.7571484375
-6.7826953125
-6.8082421875
-6.8593359375
-6.7571484375
-7.0637109375
-6.9104296875
-6.9104296875
-6.7571484375
-6.8082421875
-6.8082421875
-6.667734375
-6.8593359375
-7.0126171875
-6.7571484375
-6.9104296875
-7.1658984375
-6.8593359375
-6.8593359375
-6.7060546875
-6.7571484375
-6.821015625
-7.0126171875
-7.0126171875
-6.8593359375
-7.0126171875
-6.6549609375
-7.0126171875
-6.7060546875
-6.8593359375
-6.744375
-6.7060546875
-6.6038671875
-6.9104296875
-6.9104296875
-6.7571484375
-6.9615234375
-6.8082421875
-6.7826953125
-6.6549609375
-6.9615234375
-6.9104296875
-6.9104296875
-6.8593359375
-6.7060546875
-6.7571484375
-6.5527734375
-6.6549609375
-6.7060546875
-6.9104296875
-6.8082421875
-6.7060546875
-6.8082421875
-6.9615234375
-6.9104296875
-6.9615234375
-6.9615234375
-6.8593359375
-6.9615234375
-6.821015625
-6.6549609375
-6.8082421875
-6.7571484375
-6.6038671875
-6.9104296875
-6.8593359375
-6.7060546875
-7.0126171875
-7.0892578125
-6.7060546875
-6.9104296875
-6.9104296875
-6.7060546875
-6.9104296875
-6.7571484375
-7.0126171875
-7.0126171875
-7.0126171875
-6.6549609375
-6.8593359375
-6.8593359375
-6.9615234375
-7.0637109375
-6.8593359375
-7.0126171875
-6.7060546875
-7.0637109375
-6.974296875
-6.9104296875
-6.8082421875
-6.8593359375
-6.7571484375
-6.8082421875
-6.8593359375
-6.7571484375
-6.8593359375
-6.9615234375
-6.9104296875
-6.9359765625
-7.1658984375
-7.0126171875
-7.1148046875
-6.9104296875
-7.0126171875
-6.6549609375
-6.9615234375
-6.9104296875
-7.0126171875
-6.8593359375
-6.8593359375
-6.9104296875
-7.0637109375
-6.8593359375
-7.0126171875
-6.8593359375
-6.8593359375
-6.821015625
-6.8082421875
-6.9615234375
-7.1658984375
-7.1148046875
-7.0637109375
-6.9104296875
-7.0126171875
-6.9615234375
-6.89765625
-6.9615234375
-6.8593359375
-6.9104296875
-6.7060546875
-6.7571484375
-6.9615234375
-6.8593359375
-6.8593359375
-7.0126171875
-6.7060546875
-6.9615234375
-7.1148046875
-7.0126171875
-6.8593359375
-6.8593359375
-6.6549609375
-6.974296875
-6.8082421875
-6.8082421875
-6.8082421875
-6.9104296875
-7.0126171875
-6.9104296875
-6.9615234375
-6.8593359375
-7.0637109375
-6.7571484375
-6.89765625
-6.9615234375
-6.8082421875
-6.9104296875
-7.0126171875
-7.0126171875
-7.0126171875
-6.8593359375
-6.9615234375
-6.8593359375
-6.744375
-6.8593359375
-6.7060546875
-6.9615234375
-6.7571484375
-7.0637109375
-7.1148046875
-7.0892578125
-7.0126171875
-6.9359765625
-6.9104296875
-6.9104296875
-6.8082421875
-6.9615234375
-6.8593359375
-7.0637109375
-6.9615234375
-7.0126171875
-6.8593359375
-6.9104296875
-6.9615234375
-6.7826953125
-6.9104296875
-6.9104296875
-6.7571484375
-6.7571484375
-6.8593359375
-6.9615234375
-6.9104296875
-6.9104296875
-7.0637109375
-7.0509375
-7.0126171875
-6.8082421875
-6.9104296875
-7.0126171875
-6.7060546875
-7.0637109375
-7.0637109375
-6.9615234375
-6.8593359375
-7.0509375
-6.8593359375
-6.8593359375
-7.1148046875
-6.8082421875
-7.0126171875
-7.0126171875
-7.1148046875
-7.0637109375
-6.8082421875
-7.0509375
-6.8593359375
-6.7571484375
-6.9615234375
-6.9104296875
-6.8593359375
-6.8082421875
-6.8593359375
-7.0637109375
-7.0509375
-7.1658984375
-7.0892578125
-6.8082421875
-6.7060546875
-6.8593359375
-6.8082421875
-6.9615234375
-6.9104296875
-6.8082421875
-7.1658984375
-6.89765625
-6.9104296875
-6.7060546875
-6.8082421875
-6.9615234375
-6.9615234375
-6.7571484375
-6.9615234375
-7.0126171875
-6.8593359375
-6.821015625
-6.7571484375
-6.8593359375
-6.6038671875
-6.8082421875
-6.7571484375
-7.0126171875
-7.1148046875
-7.1148046875
-6.7571484375
-6.974296875
-6.8082421875
-7.0637109375
-6.8082421875
-6.9104296875
-7.0126171875
-7.0126171875
-6.9615234375
-6.7571484375
-7.0126171875
-7.2169921875
-7.0637109375
-7.0637109375
-6.8593359375
-6.6038671875
-6.89765625
-6.8593359375
-6.8082421875
-6.9104296875
-7.0126171875
-7.0637109375
-6.8593359375
-6.8593359375
-6.8082421875
-7.0126171875
-6.821015625
-6.8082421875
-7.0126171875
-6.7571484375
-6.7060546875
-6.9615234375
-6.9104296875
-6.7060546875
-6.9104296875
-7.0126171875
-7.0892578125
-6.9104296875
-6.7571484375
-6.7571484375
-6.9104296875
-6.8593359375
-6.9615234375
-7.0126171875
-7.0637109375
-6.8082421875
-7.0637109375
-7.0509375
-6.8082421875
-6.9615234375
-6.8082421875
-6.6549609375
-6.7571484375
-7.0637109375
-7.0126171875
-7.0126171875
-6.9615234375
-6.8593359375
-7.0637109375
-6.9615234375
-6.9615234375
-6.6549609375
-6.7571484375
-7.0637109375
-6.8593359375
-6.9615234375
-7.0637109375
-6.9104296875
-6.9104296875
-6.7571484375
-6.9615234375
-7.0637109375
-6.9615234375
-6.9104296875
-6.7826953125
-6.9615234375
-6.9104296875
-6.9104296875
-6.8082421875
-6.9615234375
-6.9104296875
-6.8593359375
-6.9104296875
-7.0509375
-6.8593359375
-6.9615234375
-6.9615234375
-7.0126171875
-6.8593359375
-6.6549609375
-6.8593359375
-6.7826953125
-7.0892578125
-6.9104296875
-6.8593359375
-6.9104296875
-6.9104296875
-6.8593359375
-6.7571484375
-6.6038671875
-7.1658984375
-6.9615234375
-7.0126171875
-6.8593359375
-6.89765625
-6.8082421875
-6.7571484375
-7.0126171875
-7.0637109375
-6.6038671875
-6.9104296875
-7.0126171875
-6.7060546875
-6.9104296875
-7.0637109375
-6.8593359375
-6.9104296875
-6.9104296875
-6.9615234375
-6.9104296875
-6.9615234375
-6.9615234375
-6.8593359375
-6.9359765625
-6.8593359375
-6.8593359375
-6.9615234375
-6.9615234375
-6.7571484375
-6.9615234375
-6.9615234375
-7.0126171875
-6.974296875
-6.8082421875
-6.9615234375
-6.9615234375
-6.9615234375
-7.2680859375
-7.0637109375
-6.8593359375
-6.9615234375
-6.8082421875
-6.974296875
-6.9104296875
-7.0126171875
-6.8082421875
-6.7571484375
-6.9615234375
-6.8082421875
-6.8082421875
-6.9615234375
-6.4505859375
-6.89765625
-6.8593359375
-6.6549609375
-6.9104296875
-6.8593359375
-7.0637109375
-6.9615234375
-6.9615234375
-7.0637109375
-6.9615234375
-7.0892578125
-6.8082421875
-7.0637109375
-6.9615234375
-6.9104296875
-7.0637109375
-6.9615234375
-7.1658984375
-6.7826953125
-7.0126171875
-6.8593359375
