-1.39283884258
-1.38076621127
-1.35528044684
-1.39876537052
-1.377224439
-1.38203856828
-1.39910324743
-1.34819722405
-1.34754502637
-1.3725406289
-1.37500450438
-1.39538821362
-1.38254686001
-1.39098706462
-1.37426573619
-1.40903231865
-1.40472860628
-1.40656773505
-1.43171453177
-1.39855274995
-1.41934325753
-1.41071604456
-1.39781447597
-1.39333068835
-1.39723033667
-1.39271794651
-1.37996789776
-1.40875594139
-1.38810608171
-1.41807593092
-1.39732636302
-1.41848776077
-1.39790355749
-1.4240639362
-1.45358635517
-1.38990306924
-1.43185684994
-1.4269103818
-1.43493505015
-1.4437874867
-1.42660362399
-1.43149837841
-1.40146289733
-1.40576094174
-1.43069754835
-1.41769212096
-1.41310205785
-1.42945503637
-1.44273682237
-1.39274847629
-1.44785782722
-1.43931661888
-1.43156893575
-1.41008900591
-1.41367372549
-1.42185109847
-1.40893321068
-1.44623688288
-1.40475241865
-1.43038068066
-1.44290081277
-1.42614467947
-1.46082498748
-1.44909818642
-1.44915367408
-1.43234829565
-1.42412265949
-1.41439274281
-1.43048474341
-1.43843626807
-1.45888647223
-1.3951976704
-1.43818234684
-1.41287659012
-1.40029708732
-1.39621514914
-1.42222389136
-1.41456885975
-1.41893292641
-1.41026213044
-1.41094290218
-1.40177757301
-1.41495030794
-1.40553611249
-1.34172915504
-1.38806934844
-1.37911636327
-1.41756741562
-1.40910930101
-1.40116547461
-1.40550679502
-1.41420940158
-1.40121010898
-1.40132769871
-1.40508111456
-1.43055113151
-1.39688053832
-1.40516973985
-1.43530437498
-1.41429690682
-1.45691533421
-1.44837523026
-1.44003236038
-1.41052403033
-1.46512919122
-1.48627332824
-1.50685213527
-1.46485005119
-1.45600111706
-1.5228362422
-1.50138880259
-1.4847722245
-1.48461393924
-1.45627142314
-1.45582433026
-1.46141397965
-1.44889600422
-1.43225764989
-1.43705033749
-1.40728579703
-1.39063619318
-1.4159862469
-1.38252071721
-1.42012227119
-1.41006942958
-1.38836071787
-1.42510132581
-1.42529261929
-1.43034162692
-1.46532556113
-1.44011231157
-1.49517926237
-1.44038532567
-1.46062872438
-1.49001962265
-1.4938302151
-1.48515049009
-1.48012424534
-1.48017769688
-1.48832381229
-1.48013922579
-1.47626901853
-1.44725580433
-1.46832448984
-1.42679447517
-1.46089959447
-1.43653634254
-1.38998210639
-1.38486643895
-1.40977107701
-1.36286160118
-1.43466049727
-1.40931263952
-1.38376233479
-1.41401474797
-1.41757287266
-1.44303505324
-1.40918564996
-1.43045974234
-1.42642160584
-1.40540214961
-1.40517572258
-1.3970386598
-1.4224777292
-1.37959887217
-1.38824307323
-1.37770727833
-1.356374704
-1.35667587723
-1.37334634047
-1.38457596501
-1.38106648998
-1.37213350584
-1.37211445124
-1.37568604006
-1.3721839229
-1.38893181774
-1.39689979498
-1.3973404274
-1.41888490342
-1.41469780186
-1.42303573455
-1.41876170646
-1.40210596781
-1.42306177528
-1.39755311064
-1.39716919386
-1.43503598332
-1.41023515798
-1.41094946944
-1.44023858712
-1.37650966847
-1.40631153355
-1.38948343431
-1.40610347747
-1.37724185957
-1.38939784162
-1.40696315252
-1.40620966957
-1.38088276911
-1.39761007438
-1.42623956012
-1.43469551501
-1.44296199294
-1.44722314332
-1.4766976227
-1.45992568306
-1.4681487976
-1.48099212261
-1.43835766339
-1.41759404093
-1.40904586511
-1.42178403767
-1.43397882817
-1.45932687425
-1.41310877719
-1.4307500721
-1.44720751359
-1.42571922941
-1.45070269181
-1.46357913878
-1.46304089899
-1.47495708098
-1.462273026
-1.45001865505
-1.4628413218
-1.50527252402
-1.48009108318
-1.49689088287
-1.450878995
-1.46770632721
-1.39968578329
-1.46306232896
-1.4427093114
-1.44252007859
-1.4137092838
-1.41754394953
-1.41815697571
-1.42223385312
-1.44246237631
-1.40082419815
-1.43447256889
-1.46421303887
-1.46466324773
-1.43532294014
-1.43080106088
-1.44353611558
-1.39699853015
-1.43076203375
-1.42713819569
-1.39709221039
-1.37993333703
-1.41354459694
-1.38843839081
-1.39316497465
-1.41454226485
-1.39373731421
-1.40592908778
-1.417743045
-1.37991888226
-1.40973856412
-1.3883398253
-1.39631381958
-1.41321820583
-1.38848549377
-1.39654597629
-1.4015083585
-1.39805330993
-1.43132662313
-1.39325309879
-1.41837680699
-1.43527086562
-1.43160597602
-1.43917938413
-1.44333196704
-1.44741563133
-1.4645119888
-1.39727826248
-1.42346640333
-1.43189976101
-1.39412507473
-1.4064817176
-1.38568597847
-1.36526619617
-1.35499203945
-1.38041428058
-1.37644651898
-1.37645169751
-1.3937420612
-1.40652912756
-1.39715111121
-1.3805424774
-1.41805449002
-1.42202314904
-1.4133121274
-1.42082740265
-1.41747444939
-1.43439393967
-1.39620772071
-1.3878418976
-1.4006065247
-1.408386089
-1.38781974269
-1.37520180318
-1.38734110602
-1.39138947994
-1.35375356338
-1.33294028386
-1.40018330002
-1.37459011271
-1.39974525394
-1.39077217453
-1.41194282494
-1.42041508149
-1.43713040058
-1.4536609554
-1.43665185901
-1.45006417907
-1.4537826438
-1.43747826885
-1.4416933029
-1.45013726974
-1.43788271046
-1.43338123245
-1.40399447117
-1.41695174423
-1.39130236697
-1.39641004992
-1.40931622817
-1.40088419449
-1.40072458522
-1.40503716778
-1.3964301138
-1.40937688265
-1.40103688346
-1.42588188993
-1.47277054887
-1.48529983855
-1.48502692934
-1.45094369325
-1.46791580239
-1.44227841318
-1.49737266006
-1.5062522172
-1.46383984105
-1.48911239843
-1.497557754
-1.48081741118
-1.43467710574
-1.48939585091
-1.43472035137
-1.43073126073
-1.44706935883
-1.49419413668
-1.47692325234
-1.4726441693
-1.45608654693
-1.44380360192
-1.44725800122
-1.45100750672
-1.4930512839
-1.48876464885
-1.45027608357
-1.45474460639
-1.47622929098
-1.48928403407
-1.4634985078
-1.45906314715
-1.48471806879
-1.47560171493
-1.45522613641
-1.44261473963
-1.4595497134
-1.44216903549
-1.45052299413
-1.42076273877
-1.4117305987
-1.43688082029
-1.40789106636
-1.37892776108
-1.39564596181
-1.41654162877
-1.42135041293
-1.4304140017
-1.37976921022
-1.41764639203
-1.38813448899
-1.41654712601
-1.42038833446
-1.40792673731
-1.39081697456
-1.40002530801
-1.39960684221
-1.39477962236
-1.3904694682
-1.35714511319
-1.39958581034
-1.32720402839
-1.33596524159
-1.38661306865
-1.43359108646
-1.39269070851
-1.39383262468
-1.36410040675
-1.3493412726
-1.39091259582
-1.37783567236
-1.33969998122
-1.34804376717
-1.3774155893
-1.37742439476
-1.39081056916
-1.40475456362
-1.41408797014
-1.39836795129
-1.42803344656
-1.41907540833
-1.44413622197
-1.401714703
-1.39956211462
-1.4248620711
-1.41554310952
-1.39844339003
-1.43281710402
-1.41709147606
-1.44259307416
-1.43034149162
-1.44297430665
-1.43978242706
-1.43222202212
-1.4492021786
-1.46601561209
-1.46481762261
-1.47257498899
-1.46858291579
-1.47155551244
-1.42469261576
-1.49612338859
-1.4581118771
-1.47893027509
-1.445607863
-1.45439871728
-1.43880780356
-1.44753589668
-1.51103047549
-1.49020532567
-1.48240810536
-1.46569935935
-1.5407060963
-1.47623325436
-1.47171204702
-1.50016084844
-1.51276236573
-1.52077799317
-1.48321003193
-1.51664864502
-1.54646329647
-1.51327447745
-1.50911314211
-1.48851064124
-1.50139593386
-1.48835900287
-1.47923308934
-1.48750438088
-1.50896039934
-1.50415103064
-1.47832914186
-1.46160920029
-1.45797143127
-1.49123925895
-1.4579194734
-1.4580375358
-1.44134176261
-1.45780067434
-1.45795796125
-1.45793885364
-1.46615922696
-1.46188976833
-1.44894395575
-1.44967265913
-1.45784888169
-1.42322531078
-1.46161421898
-1.46146786875
-1.44543310761
-1.4495622978
-1.43684486687
-1.46629826932
-1.41211632217
-1.43238516237
-1.43691243977
-1.44854620986
-1.43589775339
-1.40674232784
-1.41119414107
-1.38162265357
-1.43702537854
-1.44554035503
-1.44536457941
-1.44183296228
-1.44058001082
-1.4403557033
-1.4652434356
-1.46553684303
-1.48201173357
-1.46945269676
-1.45659999853
-1.48210483621
-1.49512967821
-1.5332446964
-1.45357439265
-1.47077826622
-1.5210336671
-1.49910931995
-1.46185625897
-1.50816489574
-1.4704023211
-1.470240097
-1.46954775214
-1.52002042248
-1.52387503038
-1.51589478262
-1.54653511616
-1.55069044618
-1.53388259915
-1.5376737349
-1.55805717431
-1.57484171904
-1.52864452042
-1.54957623007
-1.52468881556
-1.5284183102
-1.52798563189
-1.57409173662
-1.55811132626
-1.56627658948
-1.55417029486
-1.53239575014
-1.52779335178
-1.54034177173
-1.53958646945
-1.53572246172
-1.55295772702
-1.54484416658
-1.56107018215
-1.54379402794
-1.5765589849
-1.57215137544
-1.60633628026
-1.59310773202
-1.61438743352
-1.605622159
-1.60530982056
-1.59737435622
-1.57222025464
-1.59828291918
-1.57275656416
-1.56414090678
-1.56417149055
-1.53812708509
-1.55137644158
-1.55021652108
-1.54176452956
-1.58359333038
-1.59109016995
-1.57514465879
-1.60072152993
-1.60600081421
-1.60272292488
-1.59058217446
-1.57742251728
-1.56029173249
-1.55143184885
-1.55500522965
-1.57567023357
-1.55828226253
-1.54923005857
-1.54508404105
-1.53663473493
-1.5625876472
-1.55423912801
-1.57218628843
-1.56860337834
-1.59410997648
-1.58604883486
-1.56477572328
-1.60264261956
-1.59025377571
-1.6109148006
-1.62310874559
-1.61374968873
-1.56576804481
-1.57338665318
-1.58974907761
-1.56973990209
-1.56169778469
-1.57913775381
-1.55408292684
-1.57554116784
-1.58529417304
-1.61068671818
-1.58179840045
-1.54379043741
-1.5936509867
-1.61068304803
-1.60116398057
-1.59226725592
-1.55733007449
-1.6111608638
-1.57630017052
-1.57161680382
-1.58754780829
-1.61336926649
-1.63088735272
-1.61515462975
-1.63764038671
-1.67651916544
-1.62534085379
-1.64332258077
-1.62594237552
-1.64220284578
-1.64526360677
-1.62715830733
-1.60038627835
-1.61683832753
-1.62845777044
-1.63364809789
-1.63478235899
-1.63551815344
-1.6657358823
-1.64924571222
-1.67878241047
-1.67447911885
-1.71259193827
-1.6921677237
-1.70398597774
-1.70352948503
-1.73176639757
-1.74804867064
-1.73053906421
-1.72178083357
-1.74311010662
-1.70531683841
-1.72310746612
-1.70637948892
-1.72745103643
-1.73699019703
-1.71576416576
-1.69097089244
-1.74171284203
-1.71206526959
-1.72817724085
-1.72344372389
-1.70194976586
-1.72685773957
-1.70551201582
-1.71751132003
-1.75164112757
-1.75565496529
-1.78914360506
-1.75578022668
-1.75192629259
-1.78598252586
-1.777347342
-1.78203647576
-1.81952590288
-1.79797797351
-1.78894583344
-1.77962770454
-1.75458851713
-1.74165623342
-1.76292280227
-1.7589911305
-1.74246592591
-1.70927897335
-1.76468011846
-1.71887780179
-1.72720969479
-1.75655639116
-1.77800097367
-1.78981349501
-1.80640064771
-1.80969963152
-1.82600712245
-1.80864615028
-1.80407794493
-1.78774697696
-1.85457232866
-1.85525307003
-1.83388101418
-1.86003502677
-1.83070216626
-1.81873243368
-1.83232184054
-1.83244793856
-1.84963781832
-1.82848974246
-1.85342330177
-1.82365457832
-1.77692043471
-1.79760839186
-1.7796098102
-1.77942854323
-1.80024124592
-1.787518354
-1.79582206521
-1.80408881765
-1.82877296933
-1.87131688883
-1.85465627961
-1.8641475693
-1.87666020242
-1.85546186856
-1.90997120516
-1.92594465975
-1.8752523102
-1.84989888352
-1.88713848621
-1.88243685041
-1.84883675383
-1.81024949546
-1.80135565828
-1.82243734696
-1.78944881915
-1.7723514103
-1.80226334345
-1.79489065901
-1.79011601593
-1.81980405539
-1.78516418002
-1.82346515239
-1.83036737297
-1.85953525925
-1.83775371576
-1.88364810899
-1.88389365535
-1.85828540608
-1.89234219352
-1.90942742787
-1.86278803148
-1.88012157607
-1.89331665515
-1.86376214403
-1.86773119927
-1.83376440832
-1.83474798731
-1.85222359701
-1.85246174039
-1.84882795229
-1.83155697473
-1.8310876192
-1.84336653215
-1.83980096038
-1.84020494293
-1.84806886913
-1.87754276792
-1.85614248429
-1.90247974815
-1.8987978165
-1.92769234939
-1.91057706091
-1.98825815585
-1.96741199571
-1.95921481585
-1.96744620626
-1.94966024122
-1.94484662481
-1.9356473008
-1.94436596767
-1.91873929949
-1.9229127446
-1.90595209783
-1.90587241913
-1.91927105237
-1.94092164404
-1.93731031784
-1.94982902103
-1.96249368405
-1.96220236765
-1.96212531549
-1.96558141543
-1.98160259189
-1.98954672248
-1.98424418386
-1.99217143598
-1.98325720926
-1.99135333236
-2.0035031815
-1.96585750712
-1.99482557409
-2.01282729627
-2.04023459956
-1.99008030735
-2.02837391883
-1.98165444867
-2.01462648371
-2.00058280952
-2.00367311949
-1.99031547706
-1.99387310455
-1.96813023537
-1.97244525616
-1.97696614478
-1.9940452385
-2.00361913643
-1.98700634511
-2.00902708243
-2.03431656506
-2.01313251124
-2.03380347446
-2.04187407081
-2.05329362857
-1.99805985385
-1.98918195528
-2.01367741549
-2.01384500737
-1.96748471972
-2.00580600595
-1.99714019832
-1.93865230264
-1.96865404396
-1.96923912782
-1.98635095123
-1.97818024456
-2.01246356397
-2.00798034411
-2.02729487072
-2.00593370557
-1.9928862477
-1.9922704831
-1.98774628149
-2.0222270389
-2.04383602486
-2.02768292748
-2.04953255577
-2.00339505349
-2.021742384
-2.05949933501
-2.07613238134
-2.0638177463
-2.07639117314
-2.03379875611
-2.02855314103
-2.02839347875
-2.0019602065
-2.02296345429
-2.09552901901
-2.02364160838
-2.01573928942
-2.07938357353
-2.08381689806
-2.09170631082
-2.08269762118
-2.10289913566
-2.08981171892
-2.0899803318
-2.11987109668
-2.10287216715
-2.11092702884
-2.09078449856
-2.07367116393
-2.07811175706
-2.0744604248
-2.04952687132
-2.05820657767
-2.06736140074
-2.06327411233
-2.04134778096
-2.07947748244
-2.06161968397
-2.03158283758
-2.04789779903
-2.03446748747
-2.0882977109
-2.04568210229
-2.07091900154
-2.08307435486
-2.10908893279
-2.11346212963
-2.1193209073
-2.14934333329
-2.13313016015
-2.14201910034
-2.15444784724
-2.13672596155
-2.13132777525
-2.1340975572
-2.11635570085
-2.12444508499
-2.11526779119
-2.12772277697
-2.09349935282
-2.11826176087
-2.09338575572
-2.10617990143
-2.09795554908
-2.13593238907
-2.12712287058
-2.14886250246
-2.18294327695
-2.16622888164
-2.15758566138
-2.15778743642
-2.1946417051
-2.17739589427
-2.18095378064
-2.18480600035
-2.18424696705
-2.18290367299
-2.19525763046
-2.22907332232
-2.24578666814
-2.22051593311
-2.21166096911
-2.18139376379
-2.20669225003
-2.23634126423
-2.17742832174
-2.23291233866
-2.25085923224
-2.22978686299
-2.27216695868
-2.24350337904
-2.26416399012
-2.28902339062
-2.25514872628
-2.27227567128
-2.2925763387
-2.25821287385
-2.24933532435
-2.24917024127
-2.24050357247
-2.2692921948
-2.2825708933
-2.29928909404
-2.2618076514
-2.29547086918
-2.28715340247
-2.29163480488
-2.31306313688
-2.3339453397
-2.3170774571
-2.31686484047
-2.30732224219
-2.29780700281
-2.28904670568
-2.31385173857
-2.30499077507
-2.28297916683
-2.28720076439
-2.27430198021
-2.3039322753
-2.25714485561
-2.29594222765
-2.26336793354
-2.29804497276
-2.29000775235
-2.26526107896
-2.2524704415
-2.27366097919
-2.26396636574
-2.29699107155
-2.29986395606
-2.28247555443
-2.30632240167
-2.34861995384
-2.31384635787
-2.37712108785
-2.37793708779
-2.36565088167
-2.4298973094
-2.44776775691
-2.46532122787
-2.46160024341
-2.45371897309
-2.43555750635
-2.41783100989
-2.39567200708
-2.41970963777
-2.34455398298
-2.35746532804
-2.33760918869
-2.35581904032
-2.33467486309
-2.35751832062
-2.36663403803
-2.35770686507
-2.39223369861
-2.37885843053
-2.38961292856
-2.36749394935
-2.37509718687
-2.336281438
-2.38206162429
-2.39850442269
-2.36488612474
-2.3399826784
-2.35381327595
-2.38416558847
-2.37347128869
-2.40777330657
-2.37878000419
-2.30712051818
-2.30118308598
-2.31404928271
-2.3022085079
-2.31890553756
-2.31181050723
-2.35849231353
-2.33780283312
-2.36370697012
-2.38072572127
-2.41020006424
-2.37677174347
-2.39671635021
-2.43767999936
-2.44530404322
-2.48617651509
-2.54027516943
-2.56564918755
-2.55708756042
-2.5825548263
-2.61195656805
-2.60449880675
-2.59650774287
-2.58399494597
-2.60092150279
-2.59179011545
-2.57489535755
-2.55315753327
-2.49749882059
-2.49662127386
-2.47551815801
-2.50420531961
-2.46577517155
-2.48283195543
-2.45777076123
-2.46676076401
-2.46672127781
-2.49642200573
-2.517424415
-2.53308802428
-2.52032262923
-2.52842624739
-2.55271318965
-2.61078101586
-2.60149781262
-2.6344292816
-2.61668035871
-2.65038969281
-2.64703981533
-2.63819585858
-2.64245468941
-2.6435089435
-2.63456531796
-2.57156553327
-2.62281764391
-2.63142012844
-2.58495680676
-2.57707347578
-2.53731721395
-2.56125720402
-2.57407293765
-2.5535561227
-2.60454200328
-2.60967193321
-2.64374728692
-2.66966489505
-2.73453370767
-2.72217889883
-2.79436145189
-2.8238620122
-2.82726222826
-2.86031034241
-2.84659339577
-2.84888763043
-2.8306363438
-2.8422115182
-2.85415815054
-2.81241360179
-2.81698294986
-2.79355959883
-2.81640409303
-2.78783806961
-2.75980917387
-2.80244956786
-2.79432669002
-2.76041356741
-2.785107418
-2.77513885492
-2.78245619683
-2.76819592698
-2.77934928316
-2.79614838946
-2.82940184976
-2.82513086897
-2.84630650376
-2.89292272028
-2.92445402848
-2.96274583346
-2.97219944643
-3.01420146183
-3.01880547855
-3.00481615933
-3.04662569067
-3.04118342022
-3.04784140282
-3.07605409699
-3.06633607327
-3.07005921932
-3.09031113804
-3.04833725138
-3.07926126702
-3.0680298907
-3.064968551
-3.0790416074
-3.10596239046
-3.07673849952
-3.08956410565
-3.08982599083
-3.09338001987
-3.09657286932
-3.082723741
-3.03523250312
-3.08032784937
-3.06800923341
-3.07635922472
-3.09746662848
-3.06460034324
-3.11656710458
-3.08359700074
-3.07588280943
-3.08959390469
-3.08245027773
-3.14071776453
-3.12359141578
-3.14427738983
-3.19794855218
-3.22330504958
-3.20545934522
-3.24246476206
-3.25366561159
-3.27398266102
-3.25661083367
-3.27281106437
-3.26894801291
-3.22588922181
-3.22971454055
-3.17508602433
-3.16655824975
-3.14929869831
-3.14086912152
-3.094524193
-3.13695477443
-3.11564806611
-3.10729006182
-3.11560505994
-3.11083450271
-3.14324848526
-3.0954275952
-3.12441064454
-3.10648704855
-3.11879130108
-3.1050882305
-3.10990575616
-3.13056102101
-3.12739523989
-3.11532692103
-3.11661377412
-3.11720929934
-3.13057243823
-3.1142505093
-3.16138216252
-3.2078859797
-3.18776741685
-3.17859220045
-3.20823312523
-3.22080324497
-3.23318615406
-3.25366957041
-3.22457626847
-3.23799843446
-3.21687217503
-3.21753520132
-3.20878814761
-3.24369540139
-3.20890421013
-3.21312677866
-3.25008075552
-3.26228655438
-3.29069815285
-3.28272176353
-3.30014374224
-3.30344544385
-3.29911021616
-3.34219464493
-3.2997667353
-3.34327567925
-3.31494803553
-3.34518608794
-3.34936331667
-3.34436917765
-3.37720588451
-3.40901725563
-3.44494208348
-3.53951977422
-3.57646025055
-3.62908946081
-3.666838226
-3.71609779207
-3.72808997783
-3.79207785714
-3.84392472313
-3.86126878476
-3.8787893809
-3.87106065143
-3.88375486232
-3.85377057989
-3.84020072766
-3.81358471823
-3.80390698683
-3.78598576813
-3.75485304434
-3.74384656011
-3.70039652281
-3.68343188356
-3.68903837592
-3.69062648374
-3.69244925707
-3.64417989327
-3.68770264571
-3.67951605345
-3.68852865344
-3.73868508859
-3.76357681164
-3.73712497408
-3.77425256766
-3.79307361432
-3.81692755263
-3.79075610381
-3.82448367264
-3.87105356696
-3.89430228313
-3.91625610869
-3.94394466758
-3.92799811677
-3.93859502105
-3.96085630561
-3.90677673229
-3.90108225504
-3.92489938363
-3.91480309244
-3.88431210342
-3.8743072563
-3.83568007926
-3.90860079839
-3.88050409144
-3.86075154218
-3.87862301652
-3.86756073857
-3.88086387225
-3.87675849834
-3.89721967939
-3.89567049
-3.91122721775
-3.91780573151
-3.89064035045
-3.91902290301
-3.90562156571
-3.89665051259
-3.95189781035
-3.96045894915
-3.97063281235
-3.98861065727
-4.05257530561
-4.07432303863
-4.02376987371
-4.09423231668
-4.07978576622
-4.0982739243
-4.07977269153
-4.12074378478
-4.10669630816
-4.1059309549
-4.11483086027
-4.13635924161
-4.12072631819
-4.0925252081
-4.11818607622
-4.10237417381
-4.10732844983
-4.07861260345
-4.10853148143
-4.11633784066
-4.09036014109
-4.06369630785
-4.07488628354
-4.08685736277
-4.10163612047
-4.09665623619
-4.10856091373
-4.06671492083
-4.17509199769
-4.15975624581
-4.20766439884
-4.21567294803
-4.2158026896
-4.18845639175
-4.19891986977
-4.24247851
-4.18110657547
-4.21040885428
-4.25308746238
-4.25023172771
-4.25272882591
-4.31882746787
-4.30083414907
-4.29403843245
-4.34054086277
-4.34045361262
-4.32605359923
-4.33616625096
-4.31700378466
-4.31262941891
-4.31056915052
-4.29248299889
-4.2795823924
-4.30135605822
-4.26094556063
-4.23801892705
-4.29502954709
-4.26732009369
-4.30208293938
-4.28880237365
-4.28708450159
-4.302230695
-4.29528856258
-4.28799013208
-4.29077707873
-4.29717510041
-4.27120460378
-4.26720638407
-4.28064521752
-4.29952943345
-4.34399602547
-4.32430163944
-4.37726992021
-4.36527895557
-4.4248065898
-4.411410491
-4.45144493271
-4.46619151093
-4.49033731981
-4.46675727723
-4.52106571659
-4.44322532237
-4.42952806297
-4.43371741044
-4.42284636517
-4.46267733006
-4.44425880741
-4.41326063292
-4.42081013831
-4.42551565992
-4.3568823036
-4.3800267491
-4.3483071889
-4.40001261647
-4.35633457117
-4.35928381437
-4.37234941264
-4.38160181457
-4.38740902664
-4.45292883933
-4.47174220655
-4.48596410631
-4.55539873797
-4.56383941129
-4.56308922869
-4.57343867902
-4.59595757954
-4.60072302792
-4.585592782
-4.58305714292
-4.59068231668
-4.61142828311
-4.59619466674
-4.60181670543
-4.58401404249
-4.56041282197
-4.55322517955
-4.55336450548
-4.54390595923
-4.53417737562
-4.5153737603
-4.47530871147
-4.48260612292
-4.47802382941
-4.50325883256
-4.48271625654
-4.45854579567
-4.43863366751
-4.49087687085
-4.51366270254
-4.52763531125
-4.55967563668
-4.55230591803
-4.53844457501
-4.53250994482
-4.56352617555
-4.53738051049
-4.55442918818
-4.58385018455
-4.63468344277
-4.66936853497
-4.68719170198
-4.78552569016
-4.85366772736
-4.87040573405
-4.95895016037
-5.0177607368
-5.06379109568
-5.08423752083
-5.09997214054
-5.11380869138
-5.13012974556
-5.1061888179
-5.10896067917
-5.09471820079
-5.06863873552
-5.03100472562
-5.02716056891
-4.93570019291
-4.93252645767
-4.91321648769
-4.8979887629
-4.86505006755
-4.85261734557
-4.85100120124
-4.83657933125
-4.80937430226
-4.81118110062
-4.79621374962
-4.79891061828
-4.82481196688
-4.80487692757
-4.80994629625
-4.88382209975
-4.90290643326
-4.95566557051
-4.97914919351
-4.98867125524
-5.00471882261
-5.05410875992
-5.10332828845
-5.1055266979
-5.09525799029
-5.11083426
-5.1106663983
-5.12466236234
-5.14277924774
-5.14148994565
-5.22337516534
-5.17049435243
-5.20975608979
-5.22651539398
-5.19742382908
-5.18406374843
-5.15312233676
-5.11752474464
-5.14977144815
-5.12295237694
-5.1091325376
-5.07496127641
-5.10799616282
-5.06190269354
-5.09260097162
-5.07213473563
-5.07325526783
-5.04885692365
-5.09666391312
-5.09367738739
-5.085315812
-5.10258940439
-5.14797511666
-5.1551079688
-5.1454092695
-5.15604407221
-5.15462243432
-5.12746399731
-5.17344536821
-5.15247627906
-5.19180275674
-5.22705688627
-5.19976958241
-5.23078606202
-5.21929339094
-5.24120011244
-5.26592585118
-5.26744744638
-5.22770753331
-5.21434077352
-5.22042273473
-5.22709531911
-5.23098400226
-5.1847505157
-5.16795179587
-5.20721903629
-5.20755176427
-5.20464453076
-5.22243189548
-5.18564566951
-5.2248840889
-5.22095050458
-5.26698094589
-5.24520217987
-5.28274070005
-5.29058779799
-5.3151244411
-5.36061295096
-5.40535463551
-5.42585547353
-5.44689684333
-5.46397957872
-5.47716381621
-5.45237437174
-5.457798839
-5.44591933913
-5.47447007602
-5.46604796786
-5.45704425372
-5.44402801322
-5.43151926009
-5.41440905205
-5.3805443564
-5.46457662595
-5.43984892676
-5.42658830903
-5.47669927525
-5.45045457671
-5.45855730728
-5.48824608922
-5.45883334211
-5.44603782048
-5.4374005467
-5.47529833673
-5.47500288145
-5.47993680925
-5.48863100262
-5.53088013955
-5.53176932227
-5.54342362891
-5.54399131862
-5.56074508938
-5.5684371386
-5.54240323736
-5.5593969227
-5.58034076665
-5.52129538436
-5.58470959108
-5.57563446427
-5.57133393261
-5.57151169322
-5.57599045043
-5.60586612409
-5.56809934002
-5.5815887426
-5.64432589774
-5.63251938761
-5.67510079739
-5.62036498261
-5.60745184672
-5.61936783851
-5.64033459249
-5.59721756359
-5.59723519908
-5.5894410319
-5.55894490642
-5.54585343309
-5.58349084144
-5.5663105802
-5.57996434983
-5.63982061715
-5.5854097057
-5.6846233728
-5.6782126989
-5.62799338088
-5.63988979933
-5.64618281292
-5.61005344147
-5.73100868195
-5.73722623608
-5.75106485547
-5.8053015538
-5.83008800193
-5.9034774981
-5.92964103509
-5.93034526803
-5.9619301014
-5.94859651737
-6.04258678995
-6.06942982445
-6.08602960861
-6.09247052966
-6.08045503171
-6.08889802473
-6.09932904476
-6.06331317516
-6.1065821349
-6.0645049701
-6.04620513876
-6.05369798458
-6.0316033228
-6.00295839378
-6.00005617598
-5.95934332432
-5.9137181456
-5.91120794494
-5.86923169857
-5.85622733821
-5.83057445269
-5.82602654254
-5.83004755756
-5.78296322406
-5.81600403149
-5.82882969064
-5.85045572542
-5.85901345107
-5.90972436177
-5.95744713652
-5.991473864
-6.00456440747
-6.01817546998
-6.05805113695
-6.10948528045
-6.11071857312
-6.16173844854
-6.16583082226
-6.19494127796
-6.19513654064
-6.22869070733
-6.21999749477
-6.17696552705
-6.18926499332
-6.20705454701
-6.17912642257
-6.15516708658
-6.11718091935
-6.07987966085
-6.07936951359
-6.0243639724
-6.0235250909
-5.94659340286
-5.94963069187
-5.93249176464
-5.87698583508
-5.90177904178
-5.87670071137
-5.87650101453
-5.87315324963
-5.85601653007
-5.88153340772
-5.8859493234
-5.89838266428
-5.93127146634
-5.94795372931
-5.96850119951
-6.01931779929
-6.04911163173
-6.09213850035
-6.15588142752
-6.16966435529
-6.1821991854
-6.20671226732
-6.26137959313
-6.25644739052
-6.25579215725
-6.28862463597
-6.22478357764
-6.21226434877
-6.21921926672
-6.19374569433
-6.1682734284
-6.15140189053
-6.1428120954
-6.07524823251
-6.09669546114
-6.08892274658
-6.04311488366
-6.03879578873
-6.01442827435
-6.00570430536
-6.03979248958
-6.0438333243
-5.99713658869
-6.01394854022
-6.01824667785
-6.03555255351
-6.03535479375
-6.04022720402
-6.0539384876
-6.07117235433
-6.1316930242
-6.13586233821
-6.20760199328
-6.23212078033
-6.24025507846
-6.27760520435
-6.27773007347
-6.31124470094
-6.27389642475
-6.245709537
-6.25857928217
-6.27178044303
-6.292714686
-6.25849226131
-6.24088305854
-6.25291712555
-6.21013685273
-6.25165961369
-6.22069306565
-6.20715304015
-6.22723981105
-6.19708324953
-6.18925019239
-6.17665982748
-6.15581167141
-6.14745380243
-6.15151308455
-6.18095385155
-6.14260855088
-6.22243223308
-6.24279881386
-6.26741972379
-6.26738410774
-6.28990973735
-6.26065309236
-6.35502517426
-6.37763999202
-6.3577104433
-6.39254755462
-6.37639378932
-6.42752195071
-6.37658169114
-6.37151091695
-6.32774061052
-6.31842817113
-6.31679735825
-6.29002159833
-6.2883327458
-6.23327698379
-6.2750958923
-6.24646141635
-6.2059628231
-6.19558089025
-6.18466822943
-6.18670922849
-6.15390726674
-6.17019335505
-6.16143616407
-6.18949499036
-6.20571550362
-6.19610114056
-6.20377481883
-6.19880709921
-6.27525070755
-6.29228543861
-6.28097099497
-6.3199181155
-6.33291139105
-6.41833716187
-6.38278706497
-6.36538406156
-6.3893333926
-6.40108789295
-6.40088128566
-6.39622258547
-6.38374252998
-6.39694424688
-6.40190459297
-6.38578044534
-6.34827087095
-6.34031946987
-6.36970414013
-6.34020766678
-6.31790625258
-6.33821413668
-6.30354470063
-6.27318736165
-6.29411654968
-6.24750897675
-6.2850981238
-6.28489146537
-6.3071807983
-6.3079044381
-6.3169963322
-6.33516540399
-6.3182911826
-6.37386540698
-6.39908987665
-6.39878069233
-6.44863520192
-6.44371313767
-6.46399825292
-6.49692481696
-6.53894472784
-6.53141376
-6.54023507351
-6.57915361998
-6.55897603954
-6.5472101602
-6.56338215421
-6.55930232272
-6.49529367252
-6.4950585921
-6.48278596188
-6.4295700211
-6.39205390981
-6.42222531933
-6.43467946751
-6.39369631945
-6.43500422145
-6.45006544484
-6.47780654602
-6.47153559829
-6.54180440393
-6.58200062349
-6.64371483605
-6.68528801784
-6.79478335463
-6.83744161243
-6.89840981935
-6.95955085158
-6.9873627505
-7.01475401989
-7.02964651281
-7.08535424399
-7.14100788419
-7.05144655499
-7.09941484269
-7.11786389213
-7.07495187976
-7.05888177127
-7.00063623147
-6.9856081722
-6.92639402892
-6.91878289314
-6.89934974297
-6.86566948896
-6.80565819442
-6.77350532815
-6.76622136502
-6.77069853047
-6.74471328283
-6.68419273655
-6.68095591958
-6.67084408206
-6.64033973094
-6.67366934598
-6.7074200405
-6.70060540271
-6.76931861132
-6.77145463712
-6.81060351003
-6.80317466016
-6.81662510222
-6.80064165738
-6.82689404716
-6.85326089015
-6.82013502265
-6.83341121819
-6.83765343266
-6.81244110312
-6.83443918833
-6.81782359688
-6.81387826171
-6.79252906008
-6.75891771679
-6.78914947567
-6.74289675714
-6.76331780271
-6.7795960722
-6.74453990246
-6.75737355781
-6.78666924275
-6.77028391811
-6.77967483859
-6.77595182895
-6.77670853861
-6.79358393304
-6.81092603893
-6.7845888636
-6.7711846439
-6.75248121534
-6.73843581693
-6.76301867354
-6.76182571446
-6.77869320668
-6.76711402683
-6.73760104393
-6.74928427183
-6.7526891977
-6.76892385383
-6.78002062196
-6.7625299367
-6.73670386885
-6.74118619717
-6.80907538808
-6.78480203942
-6.77709093561
-6.78681396124
-6.79093683722
-6.78228809013
-6.7991306745
-6.76483704903
-6.76846887157
-6.75933516188
-6.80862295086
-6.75296723245
-6.78710628094
-6.78357300526
-6.80964229008
-6.80268346178
-6.81992770914
-6.81614312894
-6.82930124531
-6.81331425202
-6.88137781493
-6.82623317552
-6.86072052286
-6.88548692277
-6.92395384315
-6.87317770456
-6.94057603036
-6.91925389046
-6.89302638699
-6.93036171885
-6.94206802356
-6.90809184844
-6.79054442268
-6.81431914135
-6.7726945187
-6.80123252411
-6.79631681239
-6.80880458557
-6.78904001976
-6.80227594833
-6.80780551611
-6.82062350153
-6.8679563628
-6.87698109709
-6.88155733996
-6.87284763649
-6.88526740243
-6.91856387984
-6.95095569765
-6.94626585879
-6.94185075033
-6.91626388895
-6.959527676
-6.90910198503
-6.95192024456
-6.96853547599
-6.94360647442
-6.9341880999
-6.94246537811
-6.93358307386
-6.90751419114
-6.90268545897
-6.88503501633
-6.88942321117
-6.92758393187
-6.88992443146
-6.86121125762
-6.87881250628
-6.91016298787
-6.86007579776
-6.84784325699
-6.91004082569
-6.83351689827
-6.85011606752
-6.87503852636
-6.87407527404
-6.91652564861
-6.91294922051
-6.94613163399
-6.93719107917
-6.98014405183
-6.97152045392
-6.967737237
-6.98096823817
-7.01057013769
-7.03766250054
-6.99968201998
-7.06373783788
-7.06333751248
-7.10522567303
-7.06237552141
-7.07896667768
-7.10604070392
-7.03328729233
-7.0566225879
-7.05570338733
-7.03418641722
-7.07727553888
-7.13223908013
-7.04722547166
-7.07103276795
-7.07003430172
-7.07344828891
-7.09845458398
-7.07734998618
-7.11104686144
-7.10328755027
-7.05361860917
-7.10046015815
-7.11748425254
-7.06629484234
-7.07418470323
-7.02686524723
-7.01362752784
-7.05202629869
-7.03080207315
-7.0242611546
-6.95747303731
-7.01724427383
-7.01418473783
-7.02361934624
-7.00194919295
-7.04044006303
-7.03616386163
-7.07861620947
-7.06692442427
-7.08751380796
-7.14685624523
-7.15071147204
-7.09916855896
-7.09046757757
-7.14002006463
-7.09271754367
-7.10243498868
-7.09895674554
-7.10395412095
-7.12890814813
-7.14205822699
-7.13801297094
-7.14936647907
-7.17193315934
-7.18368218004
-7.19921574075
-7.19055503013
-7.25412920614
-7.28427382168
-7.28824650292
-7.28931413192
-7.28538785246
-7.28573746551
-7.29924041851
-7.27401905388
-7.23983451969
-7.27376733845
-7.2548318924
-7.23233450059
-7.22542323436
-7.19725011097
-7.19539863412
-7.18657030522
-7.19192420926
-7.13867839776
-7.15797602454
-7.15229385023
-7.14974819731
-7.154959229
-7.12915869962
-7.14901099335
-7.13415742664
-7.11947230033
-7.16411583708
-7.18083354649
-7.15216761202
-7.16553553014
-7.14559581456
-7.21492962986
-7.20453584029
-7.22790712154
-7.24242245799
-7.22672913971
-7.28227542947
-7.2746413395
-7.28244050971
-7.31175872824
-7.34440725568
-7.33089808358
-7.40525425292
-7.42514952434
-7.48488632959
-7.47887966783
-7.47656711805
-7.46957924891
-7.45865607216
-7.4791459735
-7.52440025125
-7.45184205915
-7.45431725378
-7.44865473525
-7.45315336995
-7.41847183584
-7.38887227944
-7.3880752803
-7.3527585515
-7.36851100568
-7.35371763644
-7.31081351743
-7.31072157803
-7.3588856354
-7.34808182547
-7.38064216989
-7.39972531658
-7.48214155745
-7.55328465155
-7.57739738864
-7.62930910673
-7.66918764934
-7.69122368205
-7.73146816483
-7.75988089695
-7.76029596242
-7.78617805056
-7.79806679814
-7.77885730809
-7.74777035831
-7.77008701278
-7.71237959595
-7.71997200376
-7.60132734926
-7.56595402841
-7.50818170464
-7.5028377546
-7.48165121161
-7.39539444869
-7.37495802738
-7.32772752519
-7.35501109113
-7.34455348203
-7.36546814473
-7.34734230874
-7.32942987906
-7.36584742754
-7.42007374524
-7.45733989867
-7.50001193854
-7.55301667594
-7.58855773491
-7.64126352049
-7.6849812422
-7.7367281538
-7.73697642571
-7.80023654885
-7.80791159243
-7.8087991177
-7.8663131844
-7.84035344785
-7.83416140481
-7.81122568729
-7.77542887101
-7.75305094599
-7.72276712826
-7.67653072985
-7.6307535056
-7.55144400369
-7.52994841958
-7.4832301655
-7.41859634122
-7.39227027619
-7.36463142619
-7.33031772325
-7.3216114486
-7.33489602884
-7.32710554161
-7.33947118809
-7.34028669161
-7.38338721678
-7.41272602377
-7.43400384897
-7.44649618578
-7.48483075278
-7.5401376427
-7.54883510018
-7.57461407977
-7.59989579077
-7.65820749306
-7.66128559422
-7.69036473464
-7.68951128761
-7.6934497572
-7.68575612109
-7.69891863536
-7.67150198614
-7.65249866321
-7.65882897179
-7.62700067918
-7.62295272302
-7.6018896289
-7.59263578521
-7.58607665553
-7.55102991015
-7.53356231154
-7.46914997596
-7.51026162388
-7.50987072096
-7.49679536096
-7.47561944958
-7.50512384268
-7.49323352389
-7.53153474229
-7.52383709678
-7.5921051986
-7.61019252331
-7.60639588637
-7.60271311713
-7.66510234703
-7.66448598014
-7.62530481491
-7.63672036327
-7.66014623986
-7.65115617234
-7.66254528481
-7.66217638869
-7.65790454576
-7.63787270247
-7.62718580847
-7.62954341826
-7.58916494807
-7.65328452361
-7.60191975854
-7.63054568884
-7.61221164001
-7.60698186844
-7.58501056457
-7.58433447113
-7.60232772522
-7.59027446832
-7.6158926165
-7.66725224512
-7.62560716421
-7.6431142432
-7.66950366565
-7.68311355319
-7.66774987653
-7.74084920177
-7.7504069041
-7.73707163224
-7.73692556356
-7.77775554983
-7.74595505354
-7.7194129127
-7.77296943256
-7.77101589666
-7.76193790504
-7.76984046611
-7.80372091204
-7.77050811879
-7.76709431992
-7.76071380312
-7.76142385212
-7.77502992836
-7.79997396341
-7.75751372619
-7.7522587094
-7.77180328997
-7.73223370906
-7.71384447957
-7.72635474315
-7.73482166321
-7.74793101617
-7.73209315454
-7.71095317904
-7.76505922445
-7.73864414562
-7.75071907194
-7.78358083684
-7.76184953963
-7.77855842093
-7.79672266327
-7.81527412968
-7.83396664421
-7.84788999025
-7.83070155808
-7.83418829086
-7.84883390154
-7.82645368059
-7.85482126249
-7.83309412092
-7.83378453382
-7.82631076617
-7.81453038999
-7.81866461058
-7.78083083516
-7.79790205516
-7.76760050872
-7.75496962489
-7.77266027961
-7.722764739
-7.71630968977
-7.71845676225
-7.68935681265
-7.72750201043
-7.76028028929
-7.74975610982
-7.77783398086
-7.76418452859
-7.77301059399
-7.75322743455
-7.79467822371
-7.85975690172
-7.88339079985
-7.85845385588
-7.87276445341
-7.86948004895
-7.86226504955
-7.84279785173
-7.83017888139
-7.83170031769
-7.87719127761
-7.85642984029
-7.8381049558
-7.79648047709
-7.82832688369
-7.81754640761
-7.79751451625
-7.80801570723
-7.77701976417
-7.75905889751
-7.76349234375
-7.75073413579
-7.75930078749
-7.78004694225
-7.83227249554
-7.85702037442
-7.87240988778
-7.88261582047
-7.92244842714
-7.93987766148
-7.91715451534
-7.96401043082
-7.9524726792
-7.95273205465
-7.95038838566
-7.92691320338
-7.95623144928
-7.94900027578
-7.91749735916
-7.93674647748
-7.92606557016
-7.89372835431
-7.86015130886
-7.85570398281
-7.85497952126
-7.8118690071
-7.81696587392
-7.85675445342
-7.85457327418
-7.8222756623
-7.84854019698
-7.81957396403
-7.87465356783
-7.88613826724
-7.86835873417
-7.88779272286
-7.89023993386
-7.88829294069
-7.92007578779
-7.90243817079
-7.88481387569
-7.90647908779
-7.92037271519
-7.93977393206
-7.92520149543
-7.94848768717
-7.9159677637
-7.92875615406
-7.89478117655
-7.88423974822
-7.87020918325
-7.83913139989
-7.88081719498
-7.82883048839
-7.88980541369
-7.86672138133
-7.85496439957
-7.86776818722
-7.87373940447
-7.83358516447
-7.86295795953
-7.89844417426
-7.88687366557
-7.91561293504
-8.00096241388
-7.95303949018
-7.97219596793
-7.99375655422
-8.04699727923
-8.04521804375
-8.05139567223
-8.05279217264
-8.06448822431
-8.06195185445
-8.03851186352
-8.05188803792
-8.01354206839
-8.04562176456
-8.00431046698
-7.9864711338
-7.97813856117
-7.98776223272
-8.020287116
-7.9781083883
-7.97663280637
-8.04311719537
-8.03275126586
-8.05112954112
-8.07534715682
-8.05735206587
-8.07415774642
-8.06193337977
-8.05080991488
-8.09060824934
-8.09430168264
-8.13633255758
-8.14257842181
-8.18401123962
-8.16617812955
-8.18058877267
-8.15522010572
-8.14388953821
-8.10585632599
-8.09906801634
-8.07189608084
-8.14398749095
-8.14520496748
-8.11794059632
-8.13713555098
-8.10239409994
-8.12187484928
-8.09751812534
-8.05225262936
-8.09023046582
-8.09315415581
-8.13859203104
-8.0872555136
-8.10611053168
-8.14254981244
-8.12832566867
-8.09806910287
-8.14498676134
-8.16239984027
-8.16353264018
-8.16878722639
-8.14036748263
-8.21127998327
-8.19401002083
-8.20732764949
-8.15150158907
-8.18010965068
-8.16587429961
-8.16156289201
-8.15696664016
-8.16995101704
-8.15787631923
-8.18385982492
-8.18438962115
-8.21728762096
-8.1998892272
-8.18262831233
-8.21076980759
-8.23142922694
-8.19706263439
-8.22293362018
-8.19435401599
-8.2155546156
-8.23732759889
-8.22103619675
-8.23462720916
-8.19640265441
-8.17964782645
-8.17965896712
-8.17502899306
-8.12403417172
-8.14852652579
-8.16443359623
-8.14631372826
-8.09806534826
-8.07480314642
-8.11937612395
-8.12637538489
-8.14722480611
-8.15247561837
-8.14987674239
-8.18993042395
-8.21426957219
-8.25450848299
-8.26143679222
-8.27494722855
-8.3302701503
-8.37194503513
-8.37018586848
-8.35116404612
-8.39133973198
-8.36846684034
-8.40060250966
-8.38664753832
-8.41183795824
-8.37002899278
-8.35891966961
-8.32222723277
-8.29063758469
-8.2588367844
-8.25168084466
-8.20491370658
-8.20441303858
-8.16085198676
-8.16429626354
-8.1448747641
-8.12258226519
-8.15926971766
-8.14656295079
-8.14727778793
-8.18180407902
-8.23076788659
-8.22832662115
-8.25433070657
-8.3016656285
-8.33152649138
-8.36527789803
-8.40655543813
-8.40591380941
-8.42136306122
-8.44245703815
-8.4089689369
-8.40940404171
-8.43142524091
-8.41603812554
-8.38014856659
-8.3219245794
-8.28297043837
-8.26147849594
-8.19095042698
-8.20506029119
-8.14759078245
-8.16630960058
-8.13531770129
-8.05520038804
-8.16472580503
-8.18241076633
-8.21223616411
-8.2105963133
-8.24576480505
-8.2748087836
-8.34497685115
-8.35343643204
-8.37627745023
-8.36111148619
-8.37182781124
-8.37834658468
-8.35877476577
-8.29650346297
-8.32636042923
-8.32214886135
-8.32973730877
-8.26916327475
-8.30022860326
-8.26841010769
-8.24927055331
-8.21480332288
-8.2187920399
-8.21596841112
-8.20145427114
-8.21669648485
-8.25985097949
-8.2198049537
-8.23336699771
-8.21265858629
-8.22063208925
-8.26093091511
-8.27887577452
-8.29756832435
-8.27740899341
-8.34258102034
-8.35310468283
-8.34560490389
-8.36420027201
-8.39655481328
-8.39493115313
-8.42072227774
-8.41441509295
-8.47512761327
-8.45432734093
-8.45740551077
-8.40772163546
-8.45672084645
-8.43680147233
-8.43517811242
-8.40823019117
-8.42949642266
-8.40044899681
-8.38420427687
-8.39718721199
-8.36781786147
-8.32920882295
-8.32025958719
-8.29161912457
-8.2877063436
-8.28781630887
-8.3042840436
-8.26135264716
-8.31217786709
-8.30762947444
-8.3110873418
-8.35835192903
-8.37146334454
-8.35514978656
-8.41094278179
-8.42794865334
-8.43673632488
-8.4284627765
-8.45598726732
-8.47547239102
-8.48274807531
-8.44244485664
-8.43672971054
-8.42329373607
-8.43969425605
-8.4574527799
-8.45152592719
-8.44634814594
-8.42694202901
-8.44276208646
-8.39734858169
-8.43174787357
-8.40192847606
-8.37603880553
-8.40753229779
-8.40165319455
-8.41964335514
-8.41314251232
-8.39836702556
-8.46479984031
-8.49823844945
-8.50248997149
-8.54556088406
-8.55617241577
-8.60015688152
-8.66489427135
-8.62028623193
-8.62648501586
-8.63634549696
-8.65873688312
-8.6757513601
-8.6671737717
-8.66102362571
-8.65141189825
-8.60212055686
-8.57989146349
-8.60450225071
-8.54908870475
-8.49468135553
-8.46921159839
-8.44860916433
-8.41466270879
-8.46117958105
-8.42718684843
-8.41813874126
-8.40429084372
-8.39047568571
-8.38664393781
-8.38396120015
-8.38942349615
-8.40957411201
-8.43702900187
-8.47647194924
-8.46151370671
-8.45808066681
-8.48786334277
-8.55589162702
-8.4870473017
-8.56996385265
-8.5819782609
-8.58015308763
-8.60560918832
-8.58046487301
-8.62334153803
-8.61241300522
-8.59640845684
-8.61435912628
-8.58707447746
-8.58327427736
-8.55466341563
-8.55052655567
-8.56147788776
-8.52264363846
-8.51585835158
-8.53008112608
-8.46877735674
-8.44594128157
-8.4796577224
-8.42141673727
-8.43474239061
-8.40224228969
-8.38615148763
-8.40786857421
-8.3991700899
-8.42814988796
-8.40238975805
-8.40586511373
-8.48081506354
-8.47159428296
-8.51377162869
-8.55996291895
-8.53430932039
-8.54651388924
-8.59223104755
-8.59627534922
-8.59237382855
-8.60132863024
-8.65176603944
-8.59734414922
-8.64958853938
-8.59471098326
-8.45035480322
-8.46285593661
-8.42491456754
-8.39100975208
-8.3522098752
-8.33524994639
-8.29943717583
-8.339906428
-8.33761088803
-8.31996867121
-8.32929613126
-8.35164425914
-8.39139163102
-8.39050859175
-8.40591774824
-8.43454858929
-8.47926374663
-8.49731559641
-8.50042894887
-8.536819163
-8.58142919439
-8.60922783613
-8.57270689079
-8.61428779821
-8.60967606288
-8.61481912941
-8.62384394598
-8.61186113455
-8.62109049004
-8.64741414234
-8.56570779841
-8.51815463902
-8.50353190895
-8.50752939012
-8.4176210293
-8.40522129288
-8.37133558503
-8.36336759608
-8.38076543962
-8.32214060245
-8.31787964039
-8.33933488787
-8.37713309327
-8.35996097447
-8.37286277158
-8.40219959546
-8.41532113063
-8.41542885959
-8.46123860656
-8.46076318286
-8.48112786094
-8.46297356865
-8.49206549544
-8.52938590176
-8.52581419124
-8.54356398889
-8.53195765409
-8.53926556669
-8.52030037748
-8.51418140261
-8.4978477396
-8.46811855538
-8.46599702643
-8.47277726144
-8.42337505948
-8.41645652465
-8.40999026517
-8.39197404614
-8.3993557342
-8.40013116109
-8.42664236026
-8.42437761573
-8.45587660029
-8.41133622886
-8.43339379736
-8.46803779988
-8.46786066006
-8.47570852595
-8.50504038999
-8.50025906966
-8.49983322845
-8.47804159961
-8.49955367461
-8.49077970348
-8.55816293507
-8.53684919853
-8.51200432925
-8.53774177763
-8.55097301315
-8.52178047489
-8.53473661507
-8.49283609873
-8.51396825051
-8.50151167205
-8.44681635089
-8.4593252129
-8.41635071596
-8.37740132099
-8.41072980127
-8.3804063109
-8.37992872954
-8.36304359996
-8.31699354801
-8.29707744476
-8.28949783711
-8.30306276859
-8.27837083637
-8.30094494297
-8.24196067612
-8.26818799315
-8.29320717953
-8.28866726669
-8.2794349188
-8.3341292003
-8.35451951701
-8.3206146074
-8.37169464088
-8.36721238824
-8.40565277258
-8.37232135104
-8.42792811868
-8.42661742286
-8.41468279424
-8.39825044704
-8.37315815717
-8.37741221648
-8.3603679503
-8.34366620026
-8.33835942767
-8.32020189976
-8.31947816394
-8.34489272759
-8.31101178633
-8.31073383202
-8.28894769454
-8.31955732279
-8.31539481248
-8.33241194638
-8.3080046103
-8.33745135414
-8.37958514536
-8.34588486977
-8.36318438119
-8.4062958942
-8.368518701
-8.42321790215
-8.45380212911
-8.46650603305
-8.51777226297
-8.47600394302
-8.50143107343
-8.46789292873
-8.50490007751
-8.51319910853
-8.49608434573
-8.53343496693
-8.55002486977
-8.52836438107
-8.47688017658
-8.52178476675
-8.50031346878
-8.4617241724
-8.46957906463
-8.44062664114
-8.402090611
-8.4057234183
-8.39809279734
-8.4198324164
-8.35376993765
-8.33300390545
