65.1544694901
65.155472517
65.1564731598
65.1574749947
65.1584694386
65.1594722271
65.1604852676
65.1614716053
65.162478447
65.1634819508
65.1644721031
65.1654686928
65.1664683819
65.1674818993
65.1684730053
65.1694860458
65.1704735756
65.1714851856
65.1724710464
65.1764650345
65.1774640083
65.1784768105
65.1794626713
65.1804628372
65.1814639568
65.1825034618
65.1834619045
65.1844820976
65.1854565144
65.1864910126
65.1874587536
65.1884558201
65.1894624233
65.1904580593
65.1914675236
65.1924581528
65.1934537888
65.1944549084
65.195489645
65.1964561939
65.1974546909
65.19845438
65.1994526386
65.2004549503
65.2014582157
65.2024517059
65.2034492493
65.2044966221
65.2054960728
65.2064545155
65.2074489594
65.2084491253
65.2094836235
65.2104518414
65.2114462852
65.212444067
65.2174367905
65.2184429169
65.2194411755
65.2204568386
65.2214431763
65.2224824429
65.2234961987
65.2244408131
65.2254464626
65.2264549732
65.2274808884
65.228479147
65.2294747829
65.2304873466
65.231534481
65.2324380875
65.2334599495
65.2344353199
65.2354362011
65.2364377975
65.2374355793
65.2384710312
65.239464283
65.2404317856
65.2414376736
65.2424535751
65.2434637547
65.2445635796
65.2454733849
65.2464272976
65.2474343777
65.2485198975
65.2494235039
65.2504937649
65.2514922619
65.2524333
65.2534234524
65.2554249763
65.2564179897
65.2574131489
65.2584264278
65.2594203949
65.2604207993
65.2614176273
65.2624616623
65.2634558678
65.2644906044
65.265463829
65.2664954662
65.2674744129
65.2684619427
65.2694239616
65.270509243
65.2714464664
65.2725670338
65.2734324932
65.275447607
65.2764191628
65.2774190903
65.2785079479
65.2794585228
65.2804143429
65.2814555168
65.2824234962
65.2834556103
65.2844126225
65.2854137421
65.2864763737
65.2874650955
65.2884140015
65.2894225121
65.2904860973
65.2914657593
65.2924625874
65.2934064865
65.294460535
65.2954046726
65.2964000702
65.2975394726
65.2984023094
65.2994017601
65.3004391193
65.3014419079
65.3024401665
65.3033909798
65.3044335842
65.3054487705
65.3066716194
65.3074500561
65.30838871
65.3094563484
65.3104088306
65.3115494251
65.3123848438
65.3133847713
65.3143839836
65.3153967857
65.3163950443
65.3173975945
65.318472147
65.3193957806
65.3204061985
65.3214547634
65.3225035667
65.3236429691
65.3244867325
65.3254373074
65.3264033794
65.3274524212
65.3283743858
65.3293774128
65.3304502964
65.3314423561
65.3325362206
65.3343751431
65.3353755474
65.3363673687
65.3373661041
65.338373661
65.3393750191
65.340372324
65.3413887024
65.3424637318
65.343464613
65.3443858624
65.345402956
65.3466603756
65.3474037647
65.3483698368
65.3493692875
65.3503642082
65.3513593674
65.3523659706
65.3533678055
65.3543636799
65.35537076
65.3563718796
65.3574261665
65.3584263325
65.3593616486
65.3603641987
65.3613586426
65.3624124527
65.363452673
65.364410162
65.3654699326
65.3663675785
65.3674592972
65.3683545589
65.3693680763
65.3706364632
65.371458292
65.3723573685
65.3733985424
65.3744044304
65.3753459454
65.3763589859
65.3773443699
65.3783459663
65.3793392181
65.3803415298
65.381383419
65.3823390007
65.3833799362
65.3843426704
65.3853330612
65.3863315582
65.3873300552
65.3883295059
65.3893277645
65.3903310299
65.3913269043
65.3923380375
65.3933427334
65.3943362236
65.3953330517
65.396330595
65.3973271847
65.3983252048
65.3993263245
65.4003276825
65.4013268948
65.4023349285
65.4033358097
65.4043297768
65.4053332806
65.406324625
65.407323122
65.4083263874
65.4093253613
65.4103198051
65.4113180637
65.4123227596
65.4133579731
65.4153170586
65.4163200855
65.4173164368
65.4183144569
65.4193196297
65.4203219414
65.4213202
65.4223256111
65.4233157635
65.4243173599
65.4253239632
65.426315546
65.4273133278
65.4283201694
65.429315567
65.4303081036
65.4315495491
65.4323072433
65.4343037605
65.4355521202
65.436552763
65.4375493526
65.4385461807
65.4395442009
65.4405360222
65.4412920475
65.4425389767
65.443533659
65.444539547
65.4455382824
65.4463300705
65.4475336075
65.4485332966
65.4492907524
65.4505348206
65.4515464306
65.4525332451
65.4535338879
65.4545316696
65.455532074
65.4565286636
65.4572899342
65.4585337639
65.459533453
65.4605255127
65.461523056
65.4625227451
65.4635362625
65.4645624161
65.4655234814
65.4665191174
65.4675316811
65.4685246944
65.469524622
65.4705774784
65.4715137482
65.4725179672
65.4733183384
65.4745242596
65.4755144119
65.4765150547
65.4775092602
65.4785101414
65.4795176983
65.4805600643
65.481315136
65.4825150967
65.4835524559
65.4845125675
65.4855093956
65.4865500927
65.4875268936
65.4885137081
65.4895088673
65.4905135632
65.4915630817
65.4925096035
65.4985046387
65.4995090961
65.5005011559
65.501500845
65.5024998188
65.5035500526
65.5045521259
65.5055069923
65.5065028667
65.5075035095
65.5085175037
65.5095067024
65.5105137825
65.5115220547
65.5125129223
65.5135066509
65.5145041943
65.5155045986
65.5165045261
65.5175061226
65.5185041428
65.519500494
65.520493269
65.5215051174
65.5224967003
65.5234947205
65.5243794918
65.5255007744
65.5265347958
65.5274860859
65.5284943581
65.5294928551
65.5305185318
65.531512022
65.5324850082
65.5334815979
65.5344831944
65.535490036
65.5365047455
65.5375080109
65.539498806
65.540491581
65.5414922237
65.5425124168
65.5435106754
65.5445377827
65.5454888344
65.5464880466
65.5474934578
65.5484848022
65.5494813919
65.5504741669
65.5514886379
65.5524716377
65.5534715652
65.554469347
65.5554716587
65.5565218925
65.5574688911
65.558463335
65.559527874
65.5604624748
65.5614643097
65.5624949932
65.5634715557
65.5644657612
65.5654656887
65.5664653778
65.5674655437
65.5684611797
65.5694606304
65.5704929829
65.5714635849
65.5724942684
65.5734598637
65.5744588375
65.5754601955
65.5764603615
65.5774688721
65.5784649849
65.5794661045
65.5804607868
65.581474781
65.5824739933
65.5834777355
65.584461689
65.5854606628
65.5864672661
65.587469101
65.5884697437
65.5894691944
65.5904607773
65.5914709568
65.5924584866
65.5934710503
65.5944495201
65.5954635143
65.5964634418
65.5974624157
65.5984590054
65.5994632244
65.6004528999
65.6014585495
65.6024560928
65.603458643
65.60445261
65.6054542065
65.6064391136
65.6074762344
65.6084411144
65.6094381809
65.6104435921
65.6114366055
65.6124410629
65.6134393215
65.614440918
65.6154639721
65.6164402962
65.6174387932
65.6184372902
65.6194374561
65.6204376221
65.6214370728
65.6224353313
65.6234445572
65.6244392395
65.625440836
65.6264431477
65.6274428368
65.6284558773
65.6304531097
65.6314477921
65.6324400902
65.6334292889
65.6344373226
65.6354346275
65.6364321709
65.637462616
65.6384255886
65.6394200325
65.6404192448
65.6414239407
65.642465353
65.6434686184
65.6444261074
65.6454281807
65.6464288235
65.6474399567
65.6484253407
65.6494235992
65.6504235268
65.6514220238
65.6524267197
65.6534199715
65.6544108391
65.6554157734
65.6564238071
65.6574807167
65.6584239006
65.6604173183
65.6614165306
65.6624145508
65.6634073257
65.6644048691
65.6654047966
65.6664512157
65.6674485207
65.6684501171
65.6694455147
65.670445919
65.6714091301
65.6724481583
65.6734650135
65.6744830608
65.6753993034
65.6764035225
65.6774201393
65.6784119606
65.6794085503
65.6804172993
65.6814222336
65.6824162006
65.6833987236
65.6844418049
65.6854090691
65.6864447594
65.6874814034
65.6884434223
65.6894347668
65.6904363632
65.6914103031
65.6923885345
65.6933879852
65.6953876019
65.6963837147
65.6973831654
65.6983864307
65.6993961334
65.7004628181
65.7014071941
65.7025101185
65.7034695148
65.7044944763
65.7054803371
65.7064263821
65.7074234486
65.7083764076
65.7093749046
65.7104659081
65.7115039825
65.7123835087
65.7133731842
65.7163712978
65.7173709869
65.7183701992
65.7193748951
65.7203681469
65.721373558
65.7223706245
65.7233662605
65.7243645191
65.7253644466
65.7263631821
65.7273652554
65.7283713818
65.7293763161
65.7303769588
65.7313668728
65.7323741913
65.7344050407
65.7353880405
65.7363677025
65.7373270988
65.7383637428
65.7393631935
65.7403569221
65.7413566113
65.7423541546
65.7433507442
65.7444002628
65.7453582287
65.7463552952
65.7473516464
65.7483596802
65.7493538857
65.7503547668
65.7513537407
65.7523548603
65.7533512115
65.7543535233
65.7553577423
65.7564353943
65.757414341
65.7583529949
65.7593529224
65.7603619099
65.7613589764
65.7623610497
65.7633569241
65.7643623352
65.7653510571
65.7663762569
65.7673506737
65.7683463097
65.7693452835
65.77034235
65.7713427544
65.7723572254
65.7733516693
65.7743463516
65.7753458023
65.7763347626
65.7773332596
65.7783370018
65.7793352604
65.7803483009
65.781332016
65.782330513
65.7833287716
65.784348011
65.785348177
65.7863345146
65.78733325
65.788336277
65.7893335819
65.7903394699
65.7913749218
65.7923269272
65.7933242321
65.79433465
65.7955799103
65.7963323593
65.7973308563
65.7983264923
65.7993257046
65.8003258705
65.8015642166
65.8023855686
65.8033256531
65.8045635223
65.8053216934
65.8063206673
65.8073234558
65.8083207607
65.8093192577
65.810321331
65.8113183975
65.8123385906
65.8133203983
65.8143203259
65.8153192997
65.8163194656
65.8173305988
65.8183248043
65.819319725
65.8203184605
65.8213205338
65.8223125935
65.8233110905
65.8243069649
65.8253331184
65.826308012
65.8273055553
65.8283083439
65.8295657635
65.8303067684
65.8313119411
65.8323075771
65.8333013058
65.8343055248
65.835303545
65.8362965584
65.8372957706
65.8385391235
65.8395431042
65.8405423164
65.8412957191
65.8425474167
65.8435430527
65.8445360661
65.8455348015
65.8465330601
65.8475499153
65.8485331535
65.8492956161
65.8505346775
65.8515298367
65.8525304794
65.8535342216
65.8545315266
65.8555295467
65.8565297127
65.8572833538
65.858525753
65.8595256805
65.8605237007
65.8615233898
65.8625223637
65.8635225296
65.864521265
65.8652877808
65.866527319
65.8675215244
65.8685233593
65.8695261478
65.8705239296
65.8715338707
65.8725345135
65.8735265732
65.8745188713
65.8755266666
65.8765273094
65.8775196075
65.8785178661
65.8795192242
65.880512476
65.8815147877
65.8825154305
65.8835151196
65.8845126629
65.8855092525
65.8865084648
65.8875308037
65.888507843
65.8895087242
65.8905045986
65.891548872
65.8925654888
65.8935484886
65.8945071697
65.8955082893
65.8965036869
65.8975057602
65.898504734
65.8995006084
65.9004983902
65.9015040398
65.902536869
65.9034991264
65.904548645
65.9053452015
65.9065089226
65.9075615406
65.9104990959
65.911534071
65.9125044346
65.9135289192
65.9144933224
65.9155070782
65.9164962769
65.917501688
65.9184994698
65.9195024967
65.9204978943
65.9213347435
65.9225020409
65.9233698845
65.9244511127
65.9256386757
65.9265298843
65.9275350571
65.9284887314
65.9294881821
65.9304866791
65.9314949512
65.9325053692
65.9334993362
65.9345011711
65.9354982376
65.936496973
65.9374938011
65.9384946823
65.9394938946
65.9404923916
65.9414899349
65.9424974918
65.9435455799
65.9445104599
65.945502758
65.9465477467
65.9474990368
65.9484972954
65.9494948387
65.9504983425
65.9514949322
65.9524872303
65.953482151
65.9544837475
65.955483675
65.9564828873
65.9574790001
65.9584963322
65.9594738483
65.9604780674
65.9614772797
65.9624819756
65.9634747505
65.9644787312
65.9654808044
65.9664800167
65.967479229
65.9684791565
65.9694831371
65.9704782963
65.9714758396
65.9724798203
65.9734778404
65.9744727612
65.976477623
65.9774670601
65.9784777164
65.9854631424
65.9864552021
65.9874637127
65.988473177
65.9894702435
65.9904649258
65.9914696217
65.9924697876
65.993470192
65.9944624901
65.9954509735
65.9964575768
65.9974472523
65.9984519482
65.9994456768
66.0004410744
66.0014410019
66.0024497509
66.0034785271
66.0044429302
66.005446434
66.0064463615
66.0074460506
66.0084524155
66.0094516277
66.0104470253
66.0114500523
66.0124564171
66.0204510689
66.0214450359
66.0224452019
66.0234565735
66.025441885
66.0264422894
66.0274410248
66.0284385681
66.0294394493
66.0304372311
66.0314354897
66.0324313641
66.0354807377
66.0364291668
66.03743577
66.0384669304
66.0394649506
66.0404441357
66.0415103436
66.0424861908
66.043466568
66.0445194244
66.0454242229
66.0464224815
66.0474188328
66.0484216213
66.049421072
66.0514192581
66.0524225235
66.0534555912
66.0544257164
66.0554225445
66.0564208031
66.0574157238
66.0584185123
66.0594129562
66.0604171753
66.0614161491
66.0624186993
66.063426733
66.0644164085
66.0654129982
66.066447258
66.0674490929
66.0684256554
66.069416523
66.0704278946
66.0714263916
66.0754208565
66.0764176846
66.0774154663
66.0784535408
66.0794119835
66.0804128647
66.0814189911
66.082419157
66.0834171772
66.0844111443
66.0854141712
66.0864121914
66.0874602795
66.0884056091
66.0894589424
66.0904035568
66.0914003849
66.092402935
66.0934488773
66.0984072685
66.0994374752
66.1004009247
66.1014010906
66.1023972034
66.1033892632
66.1043891907
66.1053848267
66.1064007282
66.1073865891
66.1083991528
66.1093826294
66.1103861332
66.1114461422
66.1124463081
66.1133975983
66.1153841019
66.1163871288
66.1173989773
66.1183755398
66.1193809509
66.1203761101
66.1213719845
66.1223752499
66.1234147549
66.1243715286
66.1303761005
66.1313760281
66.1323735714
66.1333734989
66.1343741417
66.1353721619
66.1363704205
66.1373679638
66.1383638382
66.139370203
66.1403684616
66.1413731575
66.1423606873
66.1433620453
66.1443641186
66.1453602314
66.1463618279
66.1473610401
66.1483588219
66.1493637562
66.1503667831
66.1513578892
66.1523602009
66.1533641815
66.1544742584
66.155362606
66.1563591957
66.1573765278
66.158367157
66.1593585014
66.1603703499
66.1614086628
66.1624031067
66.163402319
66.164427042
66.1653592587
66.1663823128
66.1673514843
66.1683616638
66.1693768501
66.1703510284
66.1713569164
66.1723690033
66.1733689308
66.1793494225
66.1803498268
66.1813511848
66.1833405495
66.1843960285
66.1853482723
66.186342001
66.1873598099
66.1883459091
66.1893427372
66.1903555393
66.1913862228
66.1923408508
66.1943325996
66.1953310966
66.1963453293
66.1973416805
66.1983363628
66.1993517876
66.2003352642
66.2013430595
66.2026028633
66.2033832073
66.2043297291
66.2053339481
66.2063257694
66.2073349953
66.2083370686
66.209338665
66.2103793621
66.211337328
66.2123355865
66.2133319378
66.221322298
66.222338438
66.2233362198
66.2243332863
66.225328207
66.2263348103
66.2273175716
66.2283289433
66.2293226719
66.2303237915
66.2313289642
66.2325770855
66.2333266735
66.2343523502
66.235578537
66.2363345623
66.2375700474
66.2383272648
66.2395732403
66.2405657768
66.2416081429
66.2423138618
66.2435538769
66.244307518
66.2455980778
66.2465546131
66.2475452423
66.2485668659
66.2495512962
66.2505450249
66.2515444756
66.2525458336
66.2535502911
66.254547596
66.2555468082
66.2565407753
66.2575559616
66.2582976818
66.2595465183
66.2605445385
66.2615413666
66.262544632
66.2635464668
66.2645471096
66.2655518055
66.2675411701
66.2685306072
66.269289732
66.2705318928
66.2715322971
66.2725374699
66.2735364437
66.2745294571
66.2755339146
66.276535511
66.2775342464
66.2785277367
66.2795286179
66.2805314064
66.2815389633
66.2825369835
66.2835314274
66.2845294476
66.2855291367
66.2865335941
66.2875378132
66.2885334492
66.2895374298
66.2905311584
66.2915282249
66.2925424576
66.2935266495
66.2945210934
66.2955207825
66.2965202332
66.297513485
66.2985134125
66.2995135784
66.3005168438
66.3015174866
66.3025186062
66.303545475
66.3045535088
66.3055529594
66.3065493107
66.307549715
66.3085613251
66.3096234798
66.3105111122
66.3115134239
66.3125503063
66.313505888
66.3145532608
66.3155066967
66.3165278435
66.3175039291
66.3185069561
66.3195111752
66.3205134869
66.3215084076
66.3225085735
66.3235111237
66.3245248795
66.3255693913
66.3265066147
66.3275136948
66.3285121918
66.3295106888
66.3305025101
66.3315019608
66.3325102329
66.3335006237
66.3344972134
66.3354980946
66.3364977837
66.3375003338
66.338511467
66.3395004272
66.340495348
66.3415153027
66.3424987793
66.3435013294
66.344492197
66.345499754
66.3464956284
66.3474895954
66.3484845161
66.3494882584
66.3504812717
66.3514883518
66.3524942398
66.3544802666
66.3554873466
66.3564963341
66.3575520515
66.3585324287
66.3595294952
66.3604774475
66.3614006042
66.3625519276
66.3634850979
66.3645186424
66.365489006
66.366484642
66.3675503731
66.3684840202
66.3694825172
66.3704812527
66.3714761734
66.3724770546
66.3734755516
66.3744752407
66.3754730225
66.3764739037
66.3774693012
66.378469944
66.3794722557
66.3804738522
66.3814733028
66.3824737072
66.3834693432
66.3844716549
66.3854687214
66.3864741325
66.3874676228
66.3884727955
66.3894748688
66.39047575
66.3914806843
66.3924603462
66.3935363293
66.3944692612
66.3954584599
66.3964636326
66.3974609375
66.3984556198
66.3994624615
66.4004642963
66.4014980793
66.4024591446
66.4034996033
66.4045977592
66.4056019783
66.4065506458
66.4074540138
66.408500433
66.4095005989
66.4104614258
66.411465168
66.412457943
66.4134607315
66.4144632816
66.4154579639
66.4164574146
66.4174535275
66.4184548855
66.4194514751
66.4204521179
66.4214551449
66.4224860668
66.423484087
66.4244959354
66.425444603
66.4264490604
66.4275414944
66.4285421371
66.4295010567
66.4304802418
66.4315812588
66.4324893951
66.4334766865
66.4344730377
66.4354453087
66.4364721775
66.437482357
66.4384865761
66.4394915104
66.4404788017
66.4414377213
66.4424562454
66.4434478283
66.4444813728
66.4454777241
66.4464817047
66.4474377632
66.4484362602
66.4494607449
66.4504184723
66.4514551163
66.4524524212
66.4534273148
66.4544246197
66.4554240704
66.4564211369
66.4574222565
66.4584205151
66.459436655
66.4604177475
66.4615151882
66.4624266624
66.4634497166
66.4644453526
66.4654295444
66.4664223194
66.4674322605
66.4684121609
66.4694507122
66.4704561234
66.4714276791
66.4724218845
66.4734108448
66.4744102955
66.4754323959
66.4764153957
66.4774177074
66.4784121513
66.4794173241
66.4804081917
66.4814183712
66.4824216366
66.4834141731
66.4844195843
66.4854097366
66.4864091873
66.487404108
66.4884107113
66.4894146919
66.4904155731
66.491414547
66.4924144745
66.4934067726
66.4943990707
66.4954042435
66.4964778423
66.497426033
66.4984135628
66.4996147156
66.5004048347
66.5014038086
66.5023963451
66.5034003258
66.5044138432
66.5054104328
66.506385088
66.5074088573
66.5083861351
66.509398222
66.5103852749
66.5113761425
66.5123746395
66.513374567
66.5143718719
66.5153841972
66.516371727
66.5173754692
66.5183737278
66.5193731785
66.5203752518
66.5213830471
66.5224778652
66.5234541893
66.5243740082
66.525374651
66.5263819695
66.5274374485
66.5284416676
66.529378891
66.5303812027
66.5313789845
66.5323693752
66.5343680382
66.5353724957
66.5363750458
66.5373783112
66.5383851528
66.5393800735
66.5403728485
66.5413737297
66.5423796177
66.5433855057
66.5443854332
66.5453686714
66.5463786125
66.5473649502
66.5483646393
66.5493619442
66.5503602028
66.5513682365
66.5523643494
66.5533614159
66.5543630123
66.5553576946
66.5563640594
66.5573570728
66.5583627224
66.5593631268
66.5603680611
66.5613632202
66.5623629093
66.5633552074
66.5643589497
66.5653662682
66.566344738
66.5673496723
66.5683524609
66.5693583488
66.5743510723
66.5753452778
66.5763452053
66.5773489475
66.5783441067
66.5793960094
66.5803432465
66.5813462734
66.5823442936
66.5833508968
66.5843439102
66.5853462219
66.5863461494
66.5873403549
66.5883486271
66.5893456936
66.5903401375
66.591345787
66.5923376083
66.5933349133
66.594337225
66.5953309536
66.5963320732
66.5973267555
66.5983302593
66.5993301868
66.6003322601
66.6013388634
66.6023848057
66.6033222675
66.6045768261
66.6053333282
66.606320858
66.6073215008
66.6083276272
66.6093249321
66.6103577614
66.6113345623
66.6123244762
66.6133224964
66.6143224239
66.6153273582
66.6163213253
66.6173205376
66.6183276176
66.6193413734
66.6203448772
66.6213297844
66.6223320961
66.6233215332
66.6243185997
66.6253149509
66.6263122559
66.6273159981
66.6283173561
66.6293127537
66.6303174496
66.6313102245
66.632307291
66.6333119869
66.6343090534
66.6353080273
66.6363084316
66.6373236179
66.6385955811
66.6393527985
66.6403086185
66.6415877342
66.6423025131
66.643317461
66.6445481777
66.6505420208
66.6515393257
66.6535415649
66.6545422077
66.6552968025
66.656537056
66.6575379372
66.6585478783
66.6595385075
66.6605372429
66.6615359783
66.6625330448
66.6632883549
66.6645321846
66.66553092
66.6665349007
66.6675720215
66.6685659885
66.6695713997
66.6705310345
66.6715271473
66.6725649834
66.6735258102
66.6745254993
66.6755683422
66.6765265465
66.6775252819
66.6785223484
66.6795251369
66.6805751324
66.6815216541
66.6825697422
66.6835222244
66.6845192909
66.6855175495
66.6865167618
66.687514782
66.6885185242
66.6895153522
66.6905164719
66.6915130615
66.701513052
66.7025272846
66.7035102844
66.7045063972
66.7055082321
66.706507206
66.7075054646
66.7085032463
66.7095034122
66.710506916
66.7115011215
66.7125041485
66.7135488987
66.7145040035
66.7155437469
66.7164981365
66.7175168991
66.7185332775
66.7195327282
66.7205197811
66.7215116024
66.7225408554
66.7235355377
66.7245373726
66.7255408764
66.7265195847
66.7275443077
66.7284970284
66.7295007706
66.7305102348
66.7315130234
66.734495163
66.735499382
66.7364938259
66.7374918461
66.7384915352
66.7394912243
66.7404880524
66.7414903641
66.7424867153
66.7435317039
66.7445344925
66.7454900742
66.7464864254
66.7474849224
66.7484886646
66.7494883537
66.7504916191
66.7514805794
66.7524914742
66.753528595
66.7544801235
66.7555170059
66.7564799786
66.7575247288
66.758523941
66.7595424652
66.7604773045
66.7615215778
66.7625188828
66.7635166645
66.7645237446
66.7654840946
66.7664773464
66.7674741745
66.7704691887
66.7714736462
66.7724704742
66.773468256
66.7744688988
66.7754673958
66.7764701843
66.7774677277
66.7784659863
66.7794642448
66.7804636955
66.7814631462
66.7824616432
66.7834610939
66.784507513
66.7854614258
66.7864658833
66.7874639034
66.7884597778
66.7894625664
66.7904577255
66.7914590836
66.7924590111
66.7934610844
66.7944624424
66.7954592705
66.7964572906
66.7974607944
66.7984640598
66.7994654179
66.8004565239
66.8014514446
66.8024513721
66.80346632
66.8044881821
66.8054528236
66.8064553738
66.8074512482
66.8084540367
66.80950737
66.810510397
66.8114466667
66.8124608994
66.813467741
66.8144550323
66.8154525757
66.8164548874
66.817448616
66.8184475899
66.8194470406
66.8204467297
66.8214519024
66.8224473
66.8234465122
66.8254446983
66.8264474869
66.8275206089
66.8284494877
66.829492569
66.8305256367
66.8314459324
66.8324429989
66.8354346752
66.8364367485
66.8374416828
66.8384339809
66.8394341469
66.8404359818
66.8414285183
66.8424329758
66.8434298038
66.8444321156
66.8454666138
66.8464288712
66.8474640846
66.8484346867
66.8494343758
66.8504426479
66.8514297009
66.8524308205
66.8534283638
66.8564267159
66.8574256897
66.8584353924
66.8594281673
66.8604264259
66.8614244461
66.8624269962
66.8634161949
66.8644168377
66.865414381
66.8664159775
66.8674395084
66.8684613705
66.8694219589
66.8704264164
66.8714308739
66.8724145889
66.8734736443
66.8744103909
66.8754658699
66.8764133453
66.8774108887
66.8784146309
66.8794083595
66.8804051876
66.88144207
66.8824088573
66.8834030628
66.884408474
66.8854022026
66.886402607
66.887403965
66.8884043694
66.8894445896
66.8904027939
66.8914005756
66.8923993111
66.8933997154
66.8944108486
66.8954021931
66.8963997364
66.8974003792
66.8984031677
66.8993980885
66.9003887177
66.9014644623
66.9024038315
66.9034144878
66.9044525623
66.9054164886
66.9063997269
66.907397747
66.9084000587
66.9094028473
66.9103965759
66.9113874435
66.9123971462
66.9153950214
66.9163849354
66.9173839092
66.9183840752
66.919387579
66.9204056263
66.9213840961
66.922385931
66.9233977795
66.9243757725
66.9253745079
66.9263744354
66.9273741245
66.9283716679
66.9294197559
66.9303748608
66.9313747883
66.9323751926
66.9393763542
66.9404160976
66.9413745403
66.9423646927
66.943369627
66.9443612099
66.9453618526
66.9463658333
66.9473617077
66.9483656883
66.9493653774
66.9563586712
66.957359314
66.958363533
66.95936203
66.9603629112
66.961360693
66.9623632431
66.9633553028
66.9643576145
66.9653549194
66.9663653374
66.9673631191
66.9683525562
66.9693493843
66.9703447819
66.9713487625
66.97234869
66.9733481407
66.9753973484
66.9763698578
66.9773635864
66.9783422947
66.9793460369
66.9803452492
66.9813525677
66.98234272
66.9833405018
66.9843370914
66.9853534698
66.9863846302
66.9873785973
66.9883446693
66.9893407822
66.9903404713
66.9913370609
66.9923393726
66.9933354855
66.9943366051
66.9953348637
66.9963390827
66.9973342419
66.9983372688
66.9993355274
67.0003347397
67.0013341904
67.002352953
67.0033330917
67.0043547153
67.0053365231
67.0063333511
67.007339716
67.008341074
67.0093357563
67.0103492737
67.0113511086
67.0123364925
67.0133280754
67.0143313408
67.015329361
67.0163259506
67.0173211098
67.0183293819
67.0193231106
67.0203199387
67.0213181973
67.0223202705
67.0233180523
67.0243132114
67.0253169537
67.0263123512
67.0273132324
67.0283153057
67.0293388367
67.0303120613
67.0313084126
67.0325512886
67.0333118439
67.0343060493
67.0353066921
67.0363042355
67.0373446941
67.0383074284
67.039306879
67.0403058529
67.0413033962
67.042309761
67.043305397
67.0443022251
67.0453178883
67.0463006496
67.0473446846
67.0483090878
67.0493066311
67.0503034592
67.0515432358
67.0523130894
67.0542988777
67.0553023815
67.0565423965
67.0575504303
67.0585439205
67.0595412254
67.0605783463
67.0615401268
67.0625419617
67.0632965565
67.0645844936
67.0655755997
67.0665810108
67.0675752163
67.0685875416
67.0695416927
67.0703058243
67.0715444088
67.0725872517
67.0735366344
67.0745370388
67.0755796432
67.0765779018
67.0775380135
67.0785684586
67.0793693066
67.0805332661
67.0815348625
67.0825383663
67.0835294724
67.0845310688
67.0855312347
67.086527586
67.0875306129
67.0885353088
67.0895295143
67.0905253887
67.0915260315
67.0925290585
67.0935270786
67.0945272446
67.0955262184
67.0965232849
67.0975232124
67.098524332
67.0995204449
67.1005580425
67.1015632153
67.1025629044
67.1035587788
67.1045160294
67.1055557728
67.1065545082
67.1075594425
67.108515501
67.1095147133
67.1105585098
67.1115128994
67.1125230789
67.1135103703
67.114511013
67.1155154705
67.1165113449
67.1175160408
67.1185138226
67.1205151081
67.1215107441
67.1225128174
67.1235103607
67.124506712
67.1255085468
67.1265075207
67.1275043488
67.1285047531
67.129502058
67.130507946
67.1315047741
67.132502079
67.1335048676
67.1345038414
67.1355063915
67.1364340782
67.1375002861
67.1384997368
67.1395018101
67.1405043602
67.1415479183
67.1425459385
67.1435036659
67.1445002556
67.1454956532
67.1465001106
67.1474974155
67.148494482
67.1495001316
67.1504986286
67.1514992714
67.1524951458
67.1544959545
67.1554961205
67.1564996243
67.1574914455
67.1584949493
67.1594913006
67.1604919434
67.1614944935
67.1624906063
67.1634843349
67.1644876003
67.1654832363
67.1664850712
67.167527914
67.16852355
67.1694831848
67.1704823971
67.1714792252
67.1724796295
67.1744778156
67.1754791737
67.1764910221
67.1774790287
67.1784994602
67.1794774532
67.180478096
67.1814775467
67.1824784279
67.1834676266
67.1844754219
67.185479641
67.1864762306
67.1873774529
67.1884727478
67.1894700527
67.1905014515
67.1915311813
67.1924684048
67.1934683323
67.1945369244
67.1954653263
67.1964724064
67.1974654198
67.1984670162
67.1994698048
67.2004702091
67.2014689445
67.2024698257
67.2034740448
67.2044637203
67.2054653168
67.2064716816
67.2074663639
67.2084629536
67.2094688416
67.2104594707
67.211452961
67.2124605179
67.2134606838
67.2144637108
67.2154619694
67.2164607048
67.2174611092
67.2184548378
67.2194633484
67.2204613686
67.2214565277
67.222461462
67.2234587669
67.2244565487
67.2254550457
67.2264490128
67.2274518013
67.2284488678
67.2294867039
67.2304553986
67.2314553261
67.2324445248
67.2334537506
67.2344427109
67.2354683876
67.2364518642
67.2374546528
67.2384617329
67.2394545078
67.2404592037
67.2414488792
67.2424542904
67.2434632778
67.244446516
67.2454504967
67.2464745045
67.2474489212
67.2484478951
67.2494454384
67.2504425049
67.2514438629
67.2524397373
67.2534410954
67.2544574738
67.2554719448
67.2564332485
67.2574312687
67.2584311962
67.2594339848
67.2604327202
67.2614655495
67.2624752522
67.2635014057
67.2644762993
67.2654781342
67.2664377689
67.2674205303
67.2684772015
67.2694334984
67.270434618
67.2714321613
67.2724227905
67.2734239101
67.274443388
67.2754721642
67.2764821053
67.2774713039
67.2784187794
67.2794187069
67.2804191113
67.2814178467
67.2824211121
67.283418417
67.2844152451
67.2854111195
67.2864127159
67.2874085903
67.2884328365
67.2894098759
67.2904052734
67.2914333344
67.2924098969
67.2934091091
67.2944090366
67.2954056263
67.2964046001
67.2974061966
67.2984089851
67.2994065285
67.3004043102
67.3014047146
67.3024477959
67.3034102917
67.3044075966
67.3054733276
67.3064441681
67.3074042797
67.3084144592
67.3094866276
67.3104221821
67.3114266396
67.3124554157
67.3134047985
67.3143889904
67.3153982162
67.3163895607
67.3174033165
67.3183979988
67.3193979263
67.3203990459
67.3214108944
67.3225224018
67.3235251904
67.3244071007
67.3253860474
67.3263809681
67.3273878098
67.3283820152
67.3293814659
67.3304274082
67.3314428329
67.3323864937
67.3333775997
67.3343806267
67.3353827
67.3363797665
67.3373811245
67.3383769989
67.3393981457
67.340426445
67.3414223194
67.3424284458
67.3434560299
67.34440732
67.3454525471
67.3463742733
67.3473742008
67.3483710289
67.3493814468
67.3503730297
67.3523733616
67.3533711433
67.3543670177
67.35537076
67.3563718796
67.3573703766
67.3583741188
67.3593611717
67.3604226112
67.3613684177
67.3623659611
67.3633594513
67.3644082546
67.3653748035
67.3663647175
67.3673624992
67.3684043884
67.369371891
67.3704109192
67.3713626862
67.3723614216
67.373357296
67.3743577003
67.375364542
67.3763558865
67.3773567677
67.3783557415
67.3793506622
67.3803515434
67.3813636303
67.3823513985
67.3833475113
67.3843541145
67.3853569031
67.3863594532
67.3873488903
67.3883464336
67.3893458843
67.3903586864
67.3913445473
67.3923456669
67.3933475018
67.3943619728
67.3953635693
67.3963403702
67.3973455429
67.3983473778
67.3993387222
67.4003374577
67.4013390541
67.4023411274
67.4033360481
67.4043338299
67.40533638
67.4063353539
67.4073324203
67.4083356857
67.4093313217
67.4103739262
67.4113304615
67.4123299122
67.4133365154
67.4143328667
67.4153723717
67.4163331985
67.4173345566
67.418333292
67.4193310738
67.4203298092
67.4213383198
67.4223299026
67.4233262539
67.4243254662
67.4253327847
67.426568985
67.4273281097
67.4283206463
67.4293398857
67.4305727482
67.4313194752
67.4323284626
67.4333260059
67.4343218803
67.4353222847
67.4363224506
67.4373214245
67.4383199215
67.4393217564
67.4403176308
67.4413158894
67.4423167706
67.4433174133
67.444306612
67.4453070164
67.446313858
67.4475514889
67.4485626221
67.4493083954
67.4503045082
67.4513030052
67.4523019791
67.4533057213
67.4543061256
67.4553029537
67.4563035965
67.4573011398
67.458302021
67.4595549107
67.4605381489
67.4612998962
67.4625394344
67.463537693
67.4645442963
67.4655399323
67.4665491581
67.4675915241
67.4685444832
67.4692966938
67.4705400467
67.4715361595
67.4725327492
67.473533392
67.4745309353
67.4755342007
67.4765312672
67.4775369167
67.4785344601
67.4795393944
67.4803493023
67.4815330505
67.4825594425
67.483540535
67.4845240116
67.4855265617
67.4865245819
67.4875209332
67.4885208607
67.4895243645
67.4905340672
67.4915249348
67.4925234318
67.493524313
67.4945242405
67.4955217838
67.4965202808
67.4975202084
67.4985289574
67.4995162487
67.5005636215
67.5015170574
67.5025179386
67.5035693645
67.50456357
67.5055506229
67.5065693855
67.5075261593
67.508554697
67.509324789
67.510532856
67.5115296841
67.5125100613
67.5135090351
67.5145189762
67.5155110359
67.5165581703
67.5175035
67.5185008049
67.5195016861
67.5205013752
67.5215044022
67.5225086212
67.523501873
67.5245192051
67.5252959728
67.5263850689
67.5275225639
67.5285754204
67.5295026302
67.5305027962
67.5315032005
67.5325021744
67.5334999561
67.5345005989
67.5374987125
67.5385010242
67.5395028591
67.5404970646
67.5415039062
67.5424947739
67.5434958935
67.544511795
67.5455060005
67.5465049744
67.5474977493
67.5484919548
67.5494940281
67.550488472
67.5514886379
67.5524959564
67.5535356998
67.5544905663
67.5554900169
67.5564885139
67.5574877262
67.5584862232
67.5594866276
67.5604946613
67.5614798069
67.5624845028
67.5634849072
67.5644791126
67.5654807091
67.5664830208
67.5674841404
67.5684785843
67.5694749355
67.5704767704
67.5714786053
67.5724785328
67.5734772682
67.5744736195
67.5754728317
67.5764739513
67.5774707794
67.5784697533
67.5794706345
67.5804722309
67.5814757347
67.5824701786
67.5834748745
67.5844779015
67.58547616
67.5864710808
67.587467432
67.5884671211
67.5894653797
67.5904700756
67.5914640427
67.5924630165
67.5934624672
67.5944635868
67.595458746
67.5964570045
67.5974593163
67.598487854
67.5994608402
67.6004714966
67.6014583111
67.6024606228
67.6034543514
67.6044609547
67.6054589748
67.6064577103
67.6074597836
67.6084992886
67.609467268
67.6104547977
67.6114506721
67.612449646
67.6154561043
67.6164522171
67.6174550056
67.61845541
67.6194579601
67.6204559803
67.6295216084
67.6304600239
67.6314513683
67.6324524879
67.6334488392
67.6344497204
67.6354470253
67.6364474297
67.6374471188
67.6384432316
67.6394526958
67.6404547691
67.6414418221
67.6424434185
67.6434371471
67.6444792747
67.6454391479
67.6464428902
67.6474363804
67.648447752
67.6494362354
67.6504337788
67.6514313221
67.6524381638
67.6534352303
67.6544308662
67.6554353237
67.656424284
67.6574251652
67.6584239006
67.6594257355
67.6604425907
67.6614236832
67.6624243259
67.6634235382
67.664427042
67.6654350758
67.6664259434
67.667422533
67.6684391499
67.6694252491
67.6704235077
67.6714265347
67.6724243164
67.6734294891
67.6744432449
67.6754300594
67.6764211655
67.6774282455
67.6784267426
67.6794354916
67.6804413795
67.6814241409
67.6824200153
67.683422327
67.6844289303
67.6854162216
67.6864156723
67.6875038147
67.6884410381
67.689445734
67.690433979
67.691434145
67.692432642
67.6934268475
67.6944241524
67.6954329014
67.6964592934
67.6974186897
67.6984181404
67.6994171143
67.7004275322
67.7014198303
67.7024159431
67.703420639
67.7044167519
67.7054181099
67.7064211369
67.7074167728
67.7084167004
67.7094101906
67.7104008198
67.7114043236
67.712403059
67.7134039402
67.7144129276
67.7154021263
67.7163929939
67.717400074
67.7183952332
67.7193968296
67.7203969955
67.7213988304
67.7224013805
67.7234036922
67.7244048119
67.7254152298
67.7264120579
67.7274148464
67.7284231186
67.7294092178
67.7304131985
67.7313883305
67.7323856354
67.7333879471
67.7343866825
67.7353875637
67.7363817692
67.7373826504
67.7383797169
67.7394077778
67.7404034138
67.7413878441
67.7423884869
67.7433838844
67.7443881035
67.7453892231
67.7463889122
67.7474079132
67.7483911514
67.7493751049
67.7503812313
67.7513730526
67.7523753643
67.756374836
67.7573738098
67.7583832741
67.7593696117
67.7603771687
67.7613759041
67.7623825073
67.7633867264
67.764383316
67.7653782368
67.7663855553
67.7674350739
67.7683668137
67.7693836689
67.7703783512
67.7713739872
67.7723722458
67.7733719349
67.7743661404
67.775370121
67.7763679028
67.7773652077
67.7783739567
67.7793798447
67.7803807259
67.7813668251
67.7823665142
67.7833848
67.784599781
67.7853581905
67.7863559723
67.787353754
67.7883625031
67.7893693447
67.7903692722
67.7913668156
67.7923693657
67.7933740616
67.7943656445
67.7953646183
67.7963666916
67.7973670959
67.7983586788
67.7993619442
67.800358057
67.8013539314
67.8023555279
67.8033604622
67.8043544292
67.8053457737
67.8064107895
67.8074212074
67.8083555698
67.809356451
67.8103666306
67.8113632202
67.8123502731
67.8133571148
67.8143520355
67.8153629303
67.8163511753
67.8173468113
67.8183500767
67.8193707466
67.8203456402
67.8213465214
67.8223392963
67.8233590126
67.82457757
67.8253355026
67.8263471127
67.8273358345
67.8283312321
67.8293335438
67.8303315639
67.8313307762
67.8323299885
67.8333287239
67.8343355656
67.8353285789
67.8363313675
67.8373279572
67.8383774757
67.8393933773
67.8403937817
67.8413302898
67.8423457146
67.8433411121
67.8445603848
67.8453373909
67.8463292122
67.8475539684
67.8485577106
67.8493175507
67.8503258228
67.8513271809
67.8523247242
67.8553225994
67.856320858
67.8573293686
67.8583350182
67.8593280315
67.8603272438
67.8613374233
67.8625478745
67.8633191586
67.8645451069
67.8655467033
67.8665449619
67.8675529957
67.8685464859
67.869310379
67.8705477715
67.8715422153
67.8725385666
67.8735394478
67.8745391369
67.8755407333
67.8765406609
67.8773162365
67.8785407543
67.8795433044
67.8805363178
67.8815395832
67.882537365
67.8835408688
67.8845365047
67.8853011131
67.8865282536
67.8875319958
67.8885366917
67.8893516064
67.8905289173
67.8915269375
67.8925294876
67.8932952881
67.8945288658
67.895526886
67.8963348866
67.897349596
67.8985219002
67.8995289803
67.900370121
67.9015262127
67.9025328159
67.9065172672
67.9074590206
67.908516407
67.9095208645
67.9105203152
67.9115209579
67.9125151634
67.9135153294
67.914513588
67.9155163765
67.9165155888
67.9175126553
67.9185097218
67.919508934
67.920525074
67.9215476513
67.9225382805
67.9235224724
67.9245223999
67.9255156517
67.9265224934
67.9275615215
67.9285297394
67.92953825
67.9305238724
67.9315173626
67.9325056076
67.9335057735
67.9345061779
67.9355027676
67.9365000725
67.9375157356
67.9385681152
67.9395225048
67.9405231476
67.9415135384
67.942530632
67.9435346127
67.9445230961
67.9455149174
67.946523428
67.9475092888
67.9485051632
67.9495055676
67.9515089989
67.9525077343
67.9535050392
67.9545004368
67.9555051327
67.9564995766
67.9575023651
67.9585113525
67.959505558
67.9605062008
67.9615082741
67.9624991417
67.9635035992
67.9645004272
67.9654989243
67.9665050507
67.9675061703
67.9685053825
67.9695000648
67.970499754
67.9714946747
67.9734890461
67.974489212
67.975489378
67.9764885902
67.977502346
67.9785029888
67.9795045853
67.9804909229
67.9814913273
67.9824779034
67.9834873676
67.984484911
67.9854683876
67.986468792
67.9874680042
67.9884839058
67.989477396
67.9904794693
67.9914650917
67.9924645424
67.9933304787
67.9944634438
67.9954652786
67.9964702129
67.9974627495
67.9984600544
67.9994654655
68.0004627705
68.0014834404
68.0024678707
68.0034682751
68.0044548512
68.0054564476
68.0064558983
68.0074813366
68.008500576
68.0094997883
68.0104608536
68.011464119
68.0124745369
68.0134673119
68.0144739151
68.01547122
68.0164861679
68.0174643993
68.0204598904
68.0214622021
68.0224592686
68.0234627724
68.0244567394
68.0254559517
68.0264489651
68.0274577141
68.0284581184
68.0294966698
68.0304517746
68.031447649
68.032450676
68.0334515572
68.0344495773
68.0354459286
68.0364449024
68.0374395847
68.0384790897
68.0394823551
68.0404818058
68.0414507389
68.0424473286
68.0434446335
68.0444700718
68.0454449654
68.0464739799
68.0474760532
68.0484666824
68.0494413376
68.0504364967
68.0514380932
68.0524384975
68.0534381866
68.0544383526
68.0554401875
68.056438446
68.0574359894
68.0584321022
68.0594437122
68.0604357719
68.0614316463
68.0624344349
68.0634305477
68.0644247532
68.0654263496
68.0664265156
68.0674250126
68.0684411526
68.0694406033
68.0704669952
68.0714421272
68.0724406242
68.0734431744
68.0744354725
68.0754377842
68.0764348507
68.0774462223
68.078441143
68.0794248581
68.0804405212
68.0814301968
68.0824329853
68.0834259987
68.0844268799
68.085423708
68.0864231586
68.0874214172
68.0884215832
68.0894231796
68.0904333591
68.0914204121
68.092413187
68.0974135399
68.0984158516
68.099417448
68.1004114151
68.1014106274
68.1024150848
68.1034109592
68.1044242382
68.1054294109
68.1064150333
68.1074199677
68.1084194183
68.1094152927
68.110411644
68.111405611
68.11241889
68.1134107113
68.1144077778
68.1154191494
68.116412878
68.1174039841
68.1184046268
68.1193988323
68.1204004288
68.1213998795
68.1224040985
68.1233968735
68.1244213581
68.1253983974
68.1264009476
68.1274073124
68.1283979416
68.1294035912
68.1304113865
68.1314024925
68.1323959827
68.1333854198
68.1343851089
68.1353833675
68.1364295483
68.1373810768
68.1384444237
68.139387846
68.1404340267
68.1414310932
68.142380476
68.1433882713
68.1443886757
68.1453828812
68.1463787556
68.1473851204
68.1484014988
68.1493761539
68.1503744125
68.1513741016
68.1523764133
68.1533789635
68.1543734074
68.1553754807
68.1563737392
68.1573722363
68.1583709717
68.1593658924
68.1603767872
68.1613731384
68.1624281406
68.1633663177
68.1643710136
68.165368557
68.1663811207
68.1673722267
68.1683797836
68.1693694592
68.1703724861
68.1713643074
68.1723666191
68.1733593941
68.1743643284
68.1753685474
68.1763660908
68.1773664951
68.1783668995
68.1793625355
68.1803612709
68.1823611259
68.1833615303
68.1843528748
68.1853613853
68.1863646507
68.187353611
68.1883585453
68.189350605
68.1903514862
68.1913483143
68.1923491955
68.193351984
68.1943466663
68.1953454018
68.1963400841
68.1973526478
68.1983504295
68.1993508339
68.2003512383
68.2013497353
68.2023527622
68.2033500671
68.2043485641
68.2053470612
68.2063360214
68.2073400021
68.2083449364
68.2093453407
68.2103462219
68.2113456726
68.2123439312
68.2133450508
68.2143440247
68.2153439522
68.2163422108
68.2173428535
68.2183361053
68.2203350067
68.2213459015
68.2223455906
68.2243263721
68.2253382206
68.2263355255
68.2273283005
68.2283241749
68.2293310165
68.2303328514
68.2313287258
68.2323248386
68.233332634
68.2343289852
68.2353279591
68.2363297939
68.2373337746
68.2383289337
68.2393293381
68.240334034
68.2413260937
68.2423262596
68.2433195114
68.2443194389
68.2453205585
68.2463209629
68.247320652
68.2483167648
68.249322176
68.250316143
68.2513132095
68.2533252239
