0.627009676478
0.62789214196
0.628967097052
0.629510923227
0.631106579839
0.632441564497
0.632496621786
0.63167691613
0.631283593008
0.628565077781
0.627044478344
0.624810964745
0.623743604979
0.623302913384
0.623106375756
0.622768175165
0.62388398977
0.62452022421
0.625915139335
0.625858618701
0.627169132182
0.629257462936
0.629710701655
0.630139403149
0.630063093551
0.628935735731
0.628761836807
0.627266348027
0.626307587012
0.624954235926
0.625349941837
0.62548476445
0.62549423142
0.625692312217
0.62659799389
0.628655215493
0.629521233871
0.628609018848
0.629727738209
0.630047455107
0.628733744197
0.627317126087
0.625947267074
0.624763465648
0.62509491764
0.623642601115
0.624191007697
0.624823347137
0.62480764956
0.625596851142
0.630125978755
0.63155643164
0.63163624443
0.631653923028
0.631211534736
0.630779570275
0.629415322514
0.62871003943
0.627976790224
0.626556318872
0.627194144136
0.626364874074
0.626086202791
0.626177575298
0.626732024982
0.626803535357
0.627185181006
0.627994575805
0.628932195797
0.629566974299
0.629335520152
0.63023234118
0.62975507817
0.630406425785
0.629923773874
0.629483174746
0.630576043419
0.629986771294
0.629786464731
0.630058201097
0.630105865346
0.629418705556
0.630114141589
0.629462349209
0.629612425422
0.628624601765
0.627456434293
0.628721716853
0.629090915507
0.629351164136
0.629494578323
0.629312466081
0.629331143253
0.629517344065
0.629072804107
0.629630832108
0.628484026354
0.629448124502
0.62852143385
0.628498703909
0.629404147938
0.628184799844
0.627885887732
0.627129252181
0.627038866864
0.62819106029
0.628536782549
0.628767281442
0.629486601667
0.628977642177
0.628919328834
0.630509912104
0.630432116789
0.631287419586
0.631933524001
0.631838443084
0.631432216798
0.631014646
0.631744855545
0.630466449611
0.630403066787
0.630089231628
0.630540335605
0.629797741057
0.630940116512
0.630503137115
0.630141727551
0.631173354054
0.630511574229
0.6304240255
0.63044086895
0.62968023666
0.630114889231
0.630749845753
0.631781294236
0.631986400023
0.632936997327
0.632945231623
0.633844935241
0.633770804729
0.633663768193
0.633626594729
0.632059342284
0.631035645707
0.631097573526
0.630915153613
0.629014705036
0.629560680706
0.629242014602
0.629073931171
0.629644188332
0.629901037902
0.631284814169
0.632335072335
0.631919300688
0.632814183642
0.631659625982
0.631976136119
0.632505329084
0.632073304097
0.631760911774
0.630439278313
0.631082933154
0.631070392012
0.630918901109
0.630670951737
0.630638971933
0.631367406094
0.630959913597
0.629459986417
0.629634296213
0.628701830815
0.627688022352
0.627623275082
0.627092047503
0.627923707778
0.628797260169
0.629270544365
0.629527960411
0.62944586279
0.630460141257
0.630886080983
0.631447450352
0.63127865788
0.632218016709
0.630715616623
0.630287464704
0.629095212808
0.628665619731
0.628496612055
0.6290540926
0.628203866006
0.628730893949
0.629133760559
0.629892671373
0.630001589244
0.630149802655
0.630258335336
0.630118824784
0.629992523159
0.630504777789
0.630783891883
0.630414802834
0.630527913407
0.631970731546
0.633092657813
0.632776358361
0.633629556005
0.634235052587
0.634947971992
0.633924798799
0.634016951612
0.632777921577
0.632133489491
0.632145545171
0.631487941862
0.631712615469
0.631456014505
0.631000330515
0.630950117303
0.631412748104
0.631820999017
0.631397029087
0.633054509826
0.633122840861
0.633689683947
0.633502502436
0.634395058565
0.634249482725
0.633420626146
0.633733429339
0.632984408965
0.632702874625
0.632100512529
0.632548638159
0.632121235768
0.632382565224
0.631698648422
0.63242789366
0.631605921244
0.631895361949
0.631461398592
0.630604000141
0.631183334339
0.631279662207
0.631206735701
0.630063692903
0.630343512474
0.629505231658
0.629293950242
0.630418141149
0.630655309433
0.630651407477
0.632158238374
0.632676136197
0.632892505481
0.631975148997
0.63234962404
0.63171477451
0.630956999068
0.630786462728
0.63058540757
0.629245985677
0.629194276466
0.628883475961
0.629174261988
0.629279405451
0.628744917517
0.630014269533
0.629634115581
0.629870384918
0.631546670082
0.630547674018
0.631190661085
0.631577737797
0.631865788543
0.63163277956
0.632108960132
0.631095382332
0.631323327518
0.630832214421
0.630501459531
0.630026133128
0.630020190577
0.629627956432
0.630013167267
0.628959879705
0.629844672474
0.629609229672
0.630224983007
0.630151707836
0.630182035797
0.63121715907
0.63132640226
0.632044564651
0.632985165406
0.632602841699
0.633236460244
0.63260117149
0.632461913991
0.632353473286
0.631451682607
0.632094554088
0.632741202803
0.631932024209
0.632678386278
0.634035561655
0.634729141289
0.634692113443
0.63525443946
0.633618824268
0.63347749067
0.631832788226
0.630961430321
0.629722184591
0.629185429405
0.627497334987
0.629337971828
0.629391060274
0.629791125946
0.631586920383
0.632237762539
0.634612229085
0.634351812209
0.636165980667
0.636412870211
0.635758985299
0.635224011903
0.635039237743
0.633823521559
0.632485658318
0.630804658237
0.62880341482
0.629035039825
0.62886097834
0.628804942532
0.628070977182
0.628630176797
0.629652148529
0.630140658391
0.630428668143
0.632213456741
0.632445864675
0.632847622742
0.632669788755
0.632030114262
0.631463358831
0.630999182462
0.630255132908
0.629499492435
0.630317321227
0.630079564707
0.629843708422
0.630170807841
0.630814703628
0.631253462621
0.630258901158
0.630561412074
0.629922319812
0.630319129668
0.629359483985
0.628056496269
0.627760827078
0.627996618317
0.629462918831
0.629566391576
0.630193555707
0.631788258972
0.632133275753
0.633209738953
0.633681412006
0.633377283819
0.634184434485
0.633964595114
0.6331427302
0.632612700712
0.631233079226
0.630359460542
0.629762196814
0.629909710727
0.629979089482
0.630230521347
0.630284308269
0.632007770098
0.632296914585
0.632265530145
0.632498186389
0.633603539683
0.634384755575
0.633858576037
0.633927444982
0.633771763498
0.633373631361
0.633245143056
0.633024891881
0.632740763578
0.633104256834
0.634282083132
0.635473047082
0.635282312792
0.635400134423
0.635552480961
0.635015270346
0.634402164568
0.634147212373
0.633351079653
0.633702746075
0.632910757935
0.632339396829
0.632058534566
0.631325150515
0.631561905315
0.632149278603
0.632182895723
0.632350381669
0.632974593116
0.634041285764
0.633183353942
0.633381664979
0.633766484497
0.633233287122
0.633203676091
0.633385367917
0.633674892485
0.632827540613
0.633018857373
0.63151920285
0.631633330815
0.631449253079
0.629905886732
0.629968386796
0.6296676228
0.629659170227
0.629701939417
0.628947198629
0.629047587646
0.627906961087
0.627827548648
0.62864773476
0.628756057268
0.628427680185
0.628585471849
0.630133290444
0.630253061601
0.630556251527
0.630584897318
0.629530781541
0.630130220495
0.630437857201
0.630516864896
0.630094780888
0.629508241286
0.629448228635
0.628527684072
0.629177828852
0.628722314337
0.627927516521
0.628342332915
0.629104230033
0.629013276264
0.630206146643
0.629294700998
0.630562104657
0.63037114823
0.631553989464
0.63254677847
0.631972349603
0.633450270578
0.633072346889
0.63337989157
0.633705630129
0.633208994898
0.633936475781
0.633436492029
0.633001861116
0.63327567695
0.63205542822
0.632155509056
0.63211669395
0.63193613801
0.632158444306
0.632169429146
0.632892905619
0.632541421509
0.633897315086
0.63371113769
0.634249020381
0.635096117962
0.634828728758
0.635378127776
0.635205234112
0.635380328958
0.635025336183
0.635016906729
0.634163305806
0.634738534297
0.633646836077
0.633886675119
0.634362156194
0.63307877295
0.632815373867
0.632553879239
0.632739461567
0.63207245014
0.632242887376
0.631592324515
0.632366058759
0.630902725434
0.631414709806
0.631377375459
0.631169270965
0.631148476699
0.631827393138
0.632489174643
0.632523447653
0.631185757452
0.631500319019
0.631708367502
0.632643393971
0.631135399554
0.630306634999
0.630161346852
0.629955012184
0.629925164001
0.628240182902
0.628608267623
0.628745170876
0.628671648768
0.628055519576
0.628191362489
0.628478330501
0.628811497261
0.628688834243
0.62952506855
0.629985149946
0.629997729962
0.630593372559
0.630287104373
0.630931561189
0.63104943336
0.631267859653
0.631619006992
0.631707008078
0.631368748421
0.631115661807
0.631057559445
0.630466350713
0.630189687576
0.628992077107
0.628816333746
0.6290236696
0.629269004522
0.629825359172
0.629262871352
0.629814137689
0.629060096397
0.63018493196
0.631655388721
0.631706440135
0.632296407387
0.633326902082
0.633322747514
0.63333184001
0.634292153763
0.633592899716
0.632937817882
0.633256081217
0.632689569873
0.633570417593
0.632272296541
0.632080176807
0.632819579908
0.631097528525
0.631779894269
0.632021720312
0.63187920676
0.632370412325
0.632527910825
0.6327874488
0.633829562491
0.633958657825
0.633890563943
0.634093857762
0.634239465246
0.633920027448
0.634246985981
0.634424595218
0.634682222462
0.635236006051
0.6360228768
0.635113553935
0.6349030125
0.634967842463
0.634109230021
0.634650026013
0.633279495924
0.633107811804
0.633610282526
0.633463857984
0.633135982119
0.632623547298
0.63222850487
0.631813780943
0.630810614568
0.630480803478
0.630839400742
0.630771669587
0.630432291696
0.630603153354
0.630927828226
0.631285672162
0.631854262679
0.632458827423
0.632670206991
0.632815296859
0.632794773148
0.632003647704
0.632381449384
0.631286259866
0.630257408467
0.629782718423
0.628571914927
0.627586575628
0.627721136575
0.628185925023
0.62757473806
0.62792776534
0.627609804204
0.628628077095
0.628385140979
0.630107313928
0.63061661019
0.630656175774
0.630700206738
0.631373754764
0.631452249575
0.631660614783
0.631360234092
0.631393982767
0.631138325307
0.631887630743
0.631301731064
0.631173975149
0.630845382353
0.63100071708
0.630177377606
0.630678981535
0.630280281456
0.630798554627
0.630901780232
0.630516883262
0.630292129082
0.631672950053
0.632157064335
0.632505795288
0.634046128162
0.634551077262
0.634250777585
0.635226120845
0.635020559333
0.63479406485
0.635008449108
0.634510084093
0.634029218418
0.633743044048
0.631987182952
0.633212787395
0.632236153576
0.632465487769
0.633380459512
0.633190066508
0.63370877199
0.633090245434
0.633085066052
0.63385885987
0.634207843653
0.63378853592
0.633891259138
0.633503649497
0.63397036982
0.633224609504
0.63375149781
0.633608658499
0.633214162574
0.633023813176
0.633599086225
0.633419274341
0.633783205447
0.634198368599
0.633644034502
0.632610389352
0.631620756781
0.631760892966
0.631458893981
0.630341032868
0.629368094327
0.629889529914
0.629305369072
0.628680626866
0.628195839261
0.628586478084
0.628647693275
0.629582950474
0.630249419917
0.630310034059
0.630526660984
0.631047500698
0.630567236367
0.631281723968
0.630832521372
0.630650388643
0.63046091632
0.630368984396
0.630167314635
0.629068012035
0.628121982122
0.629169711371
0.628664380646
0.630073536663
0.630109874786
0.629094391065
0.630302329825
0.629461153288
0.630159448076
0.63052865271
0.63094980488
0.631152799553
0.632974358586
0.631834078785
0.632962710704
0.633871358634
0.632806508744
0.633585741707
0.633697705899
0.633954836228
0.633384671534
0.632403877166
0.633369553565
0.631421454076
0.631158816628
0.631394397922
0.631451497418
0.63173159272
0.63147874756
0.631419752155
0.631623083599
0.631457341963
0.63435876237
0.634404678746
0.634711835674
0.634968327033
0.635841631114
0.636232328069
0.635229427438
0.635404175526
0.634444689987
0.634855247681
0.634633807007
0.634305699233
0.634520590393
0.6334866795
0.633545500186
0.633582234654
0.634044071812
0.632840217102
0.633093581127
0.632264168057
0.633006508315
0.631950203465
0.632490046179
0.632528149166
0.632392024541
0.632805783228
0.633662625188
0.633457332473
0.633088073075
0.632873293199
0.633362268991
0.633734889823
0.633891455975
0.633159274318
0.632947480017
0.631788630037
0.63190800411
0.630868958394
0.631317347349
0.629742709753
0.629731707775
0.629765816339
0.62920342951
0.629083956989
0.629552722426
0.629960442804
0.629385129202
0.629808646775
0.629304833561
0.630293611006
0.630048767529
0.630115930742
0.630664147637
0.630354402726
0.630750014491
0.629643236224
0.630366607098
0.630908118341
0.630989504867
0.630492897057
0.630986237149
0.632079309573
0.630830838309
0.631029623142
0.630951469108
0.630288745482
0.630156991138
0.629892295515
0.629656610089
0.629021649706
0.628721578148
0.62921747333
0.629447598045
0.630428970342
0.630515571264
0.631132958861
0.631216182164
0.632521774364
0.632240315058
0.63308440089
0.632919260597
0.632492547716
0.633930606888
0.632429563869
0.632992560567
0.632357423413
0.632452036004
0.632352369603
0.633023126338
0.631784738346
0.632341240077
0.632565371768
0.63168265556
0.63172429033
0.632465094332
0.632544782943
0.632205636224
0.633213410179
0.633051895817
0.632969471629
0.633843234999
0.634223283885
0.634802396898
0.635102669154
0.634957381007
0.635832521422
0.635649747091
0.63616230509
0.636284300844
0.635963482632
0.635958048958
0.635868693928
0.634697010811
0.634523076873
0.634501841703
0.633636558326
0.63313149364
0.63415045006
0.633470198503
0.633566360245
0.6334922123
0.633089571177
0.632730303516
0.632279512895
0.633631974307
0.632147580973
0.6324723457
0.633013731584
0.632513003777
0.63281499729
0.632494919356
0.632709677497
0.632619247112
0.632351129524
0.63195529206
0.63285024006
0.631613473199
0.631664183327
0.63133952252
0.630117890764
0.630177936963
0.629869311457
0.629068947456
0.628454809785
0.628042425744
0.627835679272
0.62801785656
0.627900186529
0.628278407388
0.629233401146
0.629391181144
0.630434961038
0.630384183889
0.630703308331
0.631196168646
0.63111133806
0.631025577246
0.631332646009
0.631488853951
0.63064643002
0.630686369783
0.630638362783
0.629922009747
0.629365775201
0.62942964779
0.629153753735
0.62933009246
0.62956017618
0.630019072616
0.630176663583
0.629711368233
0.629715596459
0.629860984734
0.630491692543
0.630639982961
0.63144970017
0.631533929266
0.632303485823
0.63289387684
0.633216311881
0.633054742246
0.633260698129
0.633846493233
0.633945707277
0.635112187597
0.63434382198
0.634459361562
0.633378873669
0.632785604363
0.633157843866
0.632715284929
0.632264533182
0.632523292234
0.63185604111
0.632547283487
0.631892080596
0.634073271548
0.633255475866
0.63460006832
0.634687232666
0.636335439981
0.636753870639
0.636692203091
0.635677992743
0.636637391796
0.63553763728
0.63516999537
0.633852041286
0.634876914229
0.634056377057
0.632838313099
0.633331576692
0.634395870092
0.634359949246
0.634161185852
0.634563539282
0.634385818761
0.634045882915
0.633651282857
0.633222337295
0.63188637995
0.632213811347
0.630953676743
0.630870538552
0.63124449187
0.631910532075
0.631569728486
0.633059769527
0.632507209772
0.633714042896
0.633981268665
0.634146806255
0.634009870849
0.63471999415
0.633223422424
0.633322828766
0.633085274851
0.631873964453
0.63015979172
0.630314901255
0.629065725023
0.629604092963
0.630472169516
0.629732505702
0.63060296248
0.630575379868
0.630584508819
0.631896854579
0.630776101605
0.631044554497
0.6314405481
0.631742872404
0.631723304091
0.630949770545
0.631112009203
0.631815009067
0.631781756139
0.63220202364
0.631885640246
0.632341124491
0.632829543793
0.631203762293
0.631636804968
0.630139529206
0.630729865382
0.6310580883
0.629450765932
0.629211681446
0.629318582351
0.628981955495
0.629593009438
0.63073423304
0.629853054316
0.631412530997
0.632525708473
0.633116347801
0.63277757526
0.634052683214
0.634079486689
0.633848216102
0.633148697481
0.632891538779
0.632954139922
0.633081535947
0.632415534829
0.633250930934
0.632874265139
0.632963088241
0.633256716838
0.632439086111
0.633195102884
0.632851062796
0.632989039941
0.633826837925
0.63365613094
0.633196843187
0.634163012642
0.634323359692
0.634339200276
0.635047067336
0.634429564153
0.635303327524
0.635237239156
0.635457971788
0.635558392231
0.636277040381
0.635703337922
0.635877280915
0.634916299673
0.634950580276
0.631635249843
0.63177769879
0.632023403375
0.632427974911
0.632560852076
0.633243091076
0.632871958573
0.632974632203
0.633900629339
0.63339228118
0.632776424153
0.63216188816
0.631982602733
0.632170187522
0.631596541802
0.631853892802
0.631866472818
0.631306171143
0.631456187782
0.631788166505
0.630902942819
0.630422688693
0.630605743056
0.630450145005
0.630207450775
0.629866496094
0.630105950457
0.629857580882
0.629239750986
0.630484418742
0.630187325531
0.630824293548
0.63246359572
0.632629319923
0.632440266555
0.633513884133
0.633338861267
0.633226599395
0.632875210825
0.632799976369
0.63183148936
0.631321740741
0.630361911795
0.629686741172
0.628965964262
0.630184146419
0.630346586706
0.630314287566
0.631286634536
0.631594855152
0.632107242293
0.632818820599
0.632942592374
0.633799385474
0.634131191157
0.633889945019
0.633350243131
0.634524101474
0.633570408261
0.634077471402
0.634475129233
0.633633322319
0.63359646658
0.633643727109
0.634002702853
0.634386694157
0.633796596746
0.632985842021
0.632177753535
0.632622811109
0.632493220538
0.632539891684
0.632448464119
0.631482082309
0.63306929394
0.633591114863
0.633364774839
0.634197610529
0.633812929943
0.634004730782
0.635069026303
0.633682348401
0.633438883648
0.632524491513
0.63271707527
0.632801823377
0.632048725886
0.632473617892
0.632976552206
0.633409641099
0.634022845982
0.634019643522
0.633461297355
0.633299600681
0.632797206458
0.632574238582
0.632052207631
0.631769829619
0.631679118983
0.63134673151
0.630929040393
0.630429238953
0.631211473678
0.631502100808
0.632943775686
0.632898157945
0.633755720842
0.633185096858
0.635105453591
0.635006079402
0.635515899705
0.635263944752
0.633612796419
0.635027630856
0.63098702481
0.631744096237
0.631484531136
0.631771620207
0.632039638176
0.632519290005
0.633020774999
0.633541691721
0.632903486739
0.632042833915
0.632888499392
0.633616526778
0.634080338023
0.633896461426
0.635128891408
0.633951755573
0.634319422509
0.635165310104
0.633409343408
0.634130715682
0.633995159
0.632436759285
0.63232809002
0.631579462132
0.630349858964
0.629841652859
0.630888237401
0.631414194801
0.631338398087
0.631460037733
0.632195050803
0.633535902911
0.634479387934
0.634264531345
0.634595523388
0.63444150066
0.634389881303
0.63410585408
0.634438447426
0.634125154468
0.633614319338
0.632932929992
0.633264318824
0.63292094534
0.633450242225
0.633398703441
0.632756596502
0.632732254485
0.633569597039
0.63337868517
0.632687906815
0.632313983972
0.631573554876
0.63184602531
0.632011373655
0.63216972779
0.632347508625
0.633349179738
0.633873135334
0.633804802688
0.633037525491
0.633924088596
0.633881726908
0.63371578152
0.6332825787
0.633454976401
0.632322663711
0.63153216273
0.631599193219
0.630659299554
0.631289718058
0.630301469464
0.631400428147
0.630915031604
0.631561717023
0.631592040682
0.631420892793
0.632295659029
0.631496475982
0.633362210645
0.632865527505
0.633385892253
0.632799936562
0.633477754742
0.633632511538
0.633804791235
0.633582175589
0.634337330599
0.632798415765
0.634287188414
0.633120210883
0.632598091768
0.631427621327
0.631849612868
0.63246755127
0.632649524807
0.632739430347
0.632746068321
0.63273898849
0.632887726237
0.633974690052
0.633782360586
0.63457614504
0.634265616473
0.634438228639
0.635210923984
0.635358453865
0.635174509149
0.634959778133
0.633817976602
0.634550219299
0.634900431431
0.633657829296
0.634575747742
0.632816150816
0.633089050701
0.633631209527
0.632919105205
0.633259244803
0.632677760618
0.633453181552
0.632931669466
0.633975153074
0.633773967824
0.634137871509
0.633809400281
0.633929829007
0.63370246343
0.633358456448
0.633558868611
0.633057087103
0.632391724954
0.632951545172
0.632774934281
0.632236186476
0.632886451144
0.63139004247
0.631521228871
0.630640602336
0.630236365891
0.630759351799
0.63065505084
0.630609048716
0.631256073517
0.631019787042
0.631692210635
0.631988178971
0.632537813464
0.632786287173
0.632716944432
0.631498970328
0.631998053444
0.632398763576
0.632064459469
0.632222668919
0.631244655128
0.631201486733
0.629960598197
0.631218766354
0.629770023098
0.630117842405
0.630921771591
0.630721530074
0.630606377293
0.631341280463
0.631213238534
0.631810134065
0.633113098899
0.63343951691
0.634571023111
0.634511374651
0.635160510881
0.63425033836
0.63479064889
0.634457096285
0.634150611433
0.633372954746
0.634246690695
0.633083464749
0.633547910445
0.633014260713
0.633564700301
0.632272903571
0.632884703035
0.633340177293
0.63329777798
0.633662034404
0.633702415071
0.633659468007
0.634346662369
0.634768966391
0.635359826904
0.635563633606
0.635100594055
0.636457535352
0.636082427254
0.635785620783
0.636205564578
0.63602023537
0.63611575719
0.636189983096
0.635986250052
0.6361436213
0.636676195891
0.635464698879
0.634676817889
0.634670931859
0.634059839042
0.634219152437
0.634004081086
0.633433454048
0.633689310956
0.633239877188
0.634123990948
0.633434462894
0.634174298306
0.634075910798
0.634401353286
0.63458322269
0.634189692005
0.634101296234
0.63401388621
0.634237217107
0.633547292709
0.633206121363
0.632557896781
0.631610018867
0.631771291775
0.630269177916
0.631040013365
0.630739151218
0.630305205294
0.630875832332
0.630821000529
0.629612997676
0.630446602939
0.630574236116
0.631893664319
0.63180653906
0.631897229504
0.632054138112
0.632065342525
0.633123055132
0.632703768839
0.632055411533
0.632675552286
0.632679563847
0.632208126268
0.63215239383
0.632209283594
0.632110572446
0.631131812989
0.631054647756
0.630747561413
0.630440723822
0.631011710532
0.630002787778
0.631347462711
0.631078767194
0.631198804095
0.631578327179
0.631790624376
0.632500908118
0.632936239698
0.633308340496
0.634300661178
0.634313323887
0.635403649068
0.634009317413
0.634645950125
0.634973543108
0.634263188635
0.634667854317
0.633728213264
0.63264443191
0.633396977644
0.632887195919
0.632560358953
0.63258942516
0.633449631608
0.632866700799
0.633036149379
0.63350464763
0.633249717088
0.633596627167
0.635158635672
0.635135718331
0.634867866784
0.635934313971
0.635507444018
0.634932170968
0.63470924167
0.634468788665
0.634060377166
0.634164186681
0.63427149939
0.634082655537
0.633081044954
0.6329403797
0.633245490561
0.632251736314
0.633154568945
0.632202858219
0.633100671908
0.632501384995
0.633410956171
0.634077656786
0.633340415338
0.633543697491
0.634032546244
0.6335941795
0.634156774382
0.633654208119
0.634030524229
0.633021342664
0.633013430613
0.632322391986
0.631434370585
0.631165212215
0.631594394929
0.63012630096
0.631549532697
0.631146417777
0.630957795109
0.631743005128
0.631377384995
0.630932288106
0.631927892261
0.63216306932
0.632594731582
0.632434506098
0.632521690931
0.633266138953
0.632558774789
0.633543264433
0.633185492476
0.633236229072
0.633334648008
0.633561969026
0.633324666329
0.632351739454
0.631882765965
0.631988212797
0.631881444912
0.631886079471
0.6311709634
0.631190224483
0.632552362301
0.632451489501
0.631839050114
0.632173943604
0.633826637228
0.634365530014
0.634880868591
0.635086954439
0.634135054682
0.634782891512
0.63482424457
0.635311020788
0.636511345394
0.636274159677
0.635952192961
0.635228440757
0.635691949804
0.635443122186
0.635284480867
0.634114618626
0.634647176079
0.634644489648
0.633734604311
0.633725991298
0.634069895608
0.634185500745
0.634680679292
0.633851894692
0.634920204682
0.635979031517
0.634964901741
0.635981741067
0.634989829135
0.635128635889
0.635905360442
0.634983243822
0.634953919022
0.635127512183
0.63340364947
0.63363845235
0.633674316676
0.634225985782
0.632429703762
0.633567119553
0.632534670816
0.63227833413
0.632285942817
0.632123009178
0.630824635513
0.631561605237
0.631771691193
0.631660251338
0.630438619583
0.630412080899
0.63134145966
0.631773375043
0.631896506387
0.631409774727
0.631844117948
0.632514356328
0.632886827002
0.632780340829
0.632262984777
0.631742811158
0.631753902549
0.632312671973
0.631579977137
0.630393985449
0.630325200446
0.630645035542
0.630362915613
0.629699010148
0.630598228303
0.630957188079
0.631501508558
0.632531313744
0.632796207432
0.633399129092
0.634970947465
0.635154151987
0.635298077596
0.635175061839
0.635381917915
0.63603205701
0.635737981529
0.634456914906
0.635061309222
0.635482831268
0.634212022568
0.634058397138
0.63337106575
0.633817305459
0.634404326008
0.633879618909
0.634106691322
0.635180571078
0.635094289493
0.636997294626
0.63628154862
0.63581115446
0.637769689451
0.637004672354
0.636130038842
0.637247857075
0.637407034839
0.637083414838
0.636926787864
0.636036202993
0.63605383105
0.635356178306
0.63683316102
0.635054862849
0.634470636962
0.633865774321
0.632856052452
0.633746306533
0.634023256853
0.633245143803
0.63304368844
0.632952944402
0.632436094809
0.632766166171
0.632443742583
0.632779225668
0.633146313209
0.633052621299
0.634063077237
0.633329935516
0.633772610038
0.63320215218
0.632672005427
0.63149403737
0.631212281847
0.631173858128
0.630701351176
0.631061800743
0.630205113242
0.630074699929
0.629329180626
0.628716301506
0.629591794659
0.630000327726
0.629414559601
0.63006746782
0.630051979975
0.630802367916
0.629854871332
0.631665830417
0.63173794184
0.631732265542
0.631558517708
0.632439987917
0.63239463475
0.63189823237
0.631789114608
0.631776152753
0.63135921072
0.631829273581
0.631482958866
0.6313721415
0.630843230246
0.630115077287
0.631046949001
0.630264211379
0.630872902317
0.630731455085
0.631673970353
0.632456156
0.632501397882
0.633846448674
0.634825483862
0.634652628119
0.63540649425
0.635873495331
0.636250335778
0.636612871453
0.635836010827
0.636894080474
0.635869373656
0.636084087238
0.636341306685
0.636165475159
0.63516430431
0.635101644102
0.634816154214
0.635280253152
0.635130456018
0.635366014406
0.635957146643
0.63553306972
0.636546323373
0.636896660149
0.637644715792
0.637632737121
0.637961572983
0.638686263006
0.637825234324
0.638007367054
0.638172122963
0.6378531101
0.637672824861
0.637767559019
0.63806931538
0.637495360309
0.636328949551
0.63652632941
0.637320200859
0.6362941932
0.636059109118
0.635209550739
0.634783957558
0.633786351895
0.634302911251
0.633839634547
0.633496917171
0.633317427992
0.633158893225
0.632727479273
0.632963027674
0.634009632703
0.632898108807
0.63340204906
0.63301469757
0.633430872429
0.633348845539
0.63283679947
0.632864524579
0.632391128657
0.632904871403
0.631204358343
0.631168694714
0.630475267564
0.630056779944
0.6298197303
0.628663146106
0.629552963585
0.628588870909
0.629466738307
0.629128637843
0.630451977988
0.63124375188
0.630859003389
0.630972323695
0.631564689752
0.632192963741
0.632599074442
0.632603625354
0.633076684064
0.632955565827
0.632448022764
0.632650884204
0.631907231948
0.631982123948
0.631650546825
0.631574036088
0.631238916898
0.630693652177
0.630999252803
0.630830575916
0.630101296107
0.630279032383
0.630815481509
0.631723376349
0.632504877005
0.633438873188
0.633527040399
0.633710686266
0.634029739681
0.635168600491
0.636028045449
0.63637120971
0.636535887659
0.635968366515
0.636456222608
0.635541642181
0.635562823758
0.635763513772
0.635940577972
0.635524705312
0.635275542094
0.635254587683
0.635477455941
0.63515032581
0.634128845945
0.634904004209
0.635771975695
0.635272532466
0.635448621652
0.63536973953
0.635559139873
0.636411694542
0.636082838634
0.636877873094
0.636648689059
0.637691503712
0.637087428734
0.637290440841
0.636276162373
0.636854072993
0.636441066021
0.636230799433
0.636231174781
0.636247489162
0.635015411918
0.634427304562
0.635483869616
0.634148011448
0.633842794035
0.63374409434
0.634426472045
0.632934074932
0.634080910227
0.633223096604
0.633396892346
0.633217596418
0.632912640743
0.632667282916
0.633271534008
0.633025027235
0.633114603451
0.633338370951
0.63286774992
0.632537341788
0.632925146587
0.632542025425
0.632446912355
0.631394677029
0.632151388783
0.631409541876
0.630635376715
0.630658119109
0.630309906807
0.630018753219
0.629973301604
0.630110137179
0.630404974149
0.63087293449
0.630733250661
0.630905498205
0.632096635873
0.631932597847
0.631689154533
0.631802249139
0.632168463906
0.632554855695
0.633585631593
0.633667531444
0.632395254166
0.63386864005
0.633139562312
0.632568884734
0.633197389896
0.631605254402
0.631883268115
0.631904068362
0.631286609737
0.63159326975
0.631470238025
0.631336788378
0.632234123755
0.631972804287
0.633215347574
0.634452529167
0.634529525366
0.635990433906
0.636481204548
0.635836052754
0.636260521503
0.637295513223
0.636790773855
0.636842952561
0.637144184586
0.635834340618
0.635439838712
0.635687061167
0.636059588149
0.635582535017
0.63543696611
0.634308952673
0.634360930682
0.634020798236
0.635245158654
0.635553083198
0.636128047115
0.635300288796
0.635295219527
0.636082552621
0.63642193505
0.635529720208
0.636146177137
0.636468665771
0.636385922246
0.636775150623
0.636373729327
0.636744633417
0.637155742867
0.636505472218
0.635327619748
0.635886571483
0.633018590914
0.633407967983
0.633824431467
0.633069750253
0.633045711387
0.63331573655
0.63398267979
0.634172262227
0.633457664511
0.634185304586
0.634179418114
0.633265498098
0.633245121617
0.632728806347
0.633379407786
0.633217323801
0.632512011176
0.632888129515
0.632311000576
0.632476576087
0.631014442249
0.630146603782
0.630776355896
0.630747742045
0.630801724194
0.630592594884
0.631538347159
0.631989154918
0.631570143403
0.63214599731
0.632311324215
0.633275262219
0.632385675912
0.633986336254
0.633918438531
0.633824070685
0.633253410245
0.633274695955
0.63281862612
0.632236923659
0.633113798396
0.632517161458
0.632728399268
0.632423862331
0.632247858911
0.631694086776
0.63187651267
0.632318255058
0.632054536638
0.633008406623
0.633593467658
0.633557484839
0.633895750476
0.634343743087
0.635445152794
0.635689157774
0.635993176143
0.636485678246
0.636616782463
0.636802695582
0.636942820315
0.636091331014
0.635321647418
0.635660546997
0.636554129406
0.636086984148
0.635081268367
0.63472004083
0.634041212851
0.63412079447
0.63492932672
0.634246547198
0.635260334221
0.635170380773
0.634895026071
0.636037748284
0.635768480309
0.635897371891
0.636049021986
0.636697959197
0.636268520581
0.636975978891
0.637148755504
0.636940614554
0.635645755535
0.636548633021
0.635746171972
0.636457607272
0.635402179497
0.635120689717
0.634575899302
0.634008956088
0.633690156751
0.633591931362
0.632474195821
0.632466681068
0.632805673114
0.631978450797
0.632260281354
0.63158653431
0.632290064492
0.632723442472
0.632626148922
0.632835918595
0.632786901795
0.633313925515
0.633792286786
0.632999821776
0.633132061583
0.631795826386
0.63314945679
0.632442273258
0.631961650207
0.632053105194
0.63241249398
0.630837549646
0.631220741835
0.631346035127
0.631726049441
0.63159972279
0.631169489282
0.63172989895
0.631088134764
0.631658311863
0.632407618978
0.632037899993
0.632124610521
0.632246075515
0.633448275984
0.63441650726
0.634546192486
0.635055274713
0.63459471354
0.634148557264
0.634981579125
0.633307849052
0.632775644338
0.633581273274
0.633965160658
0.633225193692
0.632045641913
0.63262370269
0.632135234096
0.632917282208
0.632566348903
0.632693149565
0.634907485962
0.636267506686
0.636043237969
0.636673033984
0.635855737121
0.636208842579
0.636072039898
0.63583247593
0.636154149481
0.63570254808
0.635538985529
0.635198084443
0.634661261138
0.634653079994
0.634424770616
0.633597359054
0.633357117029
0.63270415827
0.633386023092
0.633828333423
0.634067743227
0.634146641317
0.635511786878
0.635123099975
0.634674841621
0.63554071438
0.635908358411
0.635871673021
0.636135828121
0.635585014141
0.635131447245
0.63564389396
0.635752310614
0.635562346848
0.635042510952
0.634561463183
0.633950282201
0.633461273303
0.632961741908
0.632444295273
0.633099593263
0.632492571581
0.632959169384
0.632423454327
0.633010412883
0.632758197659
0.633054508893
0.632889229601
0.63329934639
0.633642669843
0.633850520046
0.633155497279
0.634702323213
0.633808565643
0.634298593671
0.633579279426
0.633813966211
0.633392941589
0.63395915474
0.634258681329
0.633386147772
0.632228593822
0.632721851434
0.632121240561
0.631596186196
0.631297867981
0.632848490272
0.632463532048
0.632030882155
0.632449242295
0.632273730106
0.633154213635
0.63404874385
0.632857330156
0.634898876299
0.634665138787
0.636036888702
0.636223015559
0.635487751125
0.635661442439
0.636106864646
0.636073744441
0.635090499117
0.634206860833
0.634427594859
0.634688047239
0.634290439948
0.633185940827
0.633670855684
0.633109972006
0.632853607899
0.633134750921
0.635123745132
0.635556754915
0.636148823801
0.636015639898
0.636122208551
0.63540698258
0.637131450643
0.636736977837
0.635698471472
0.636245887859
0.636554225673
0.635515665419
0.635458548785
0.634551218834
0.634445605434
0.634415943864
0.633841017572
0.633776216709
0.633399556895
0.633249480682
0.633658828831
0.634004319918
0.634536216452
0.634211000834
0.635034246162
0.633833634372
0.634202579905
0.63340433898
0.632821374551
0.632517986559
0.632887433819
0.631986116937
0.632562332108
0.631976084205
0.632198422441
0.632628170191
0.631392838064
0.632353614161
0.632089111132
0.632924070554
0.63219273257
0.633139346393
0.633069094423
0.634160964454
0.63354209114
0.634117001464
0.63381053856
0.634570057871
0.634464957796
0.634051840711
0.63351874579
0.633567834569
0.633844828496
0.633567348154
0.633434563014
0.633106831539
0.634507164811
0.634333268498
0.634816749577
0.634411322406
0.634655085057
0.635098350641
0.634461211979
0.635875075194
0.635999222318
0.635828983657
0.636599819106
0.636680611663
0.635752994645
0.635195315081
0.635740829578
0.634732331541
0.636284682173
0.635792787099
0.636071224578
0.635766489575
0.634893019369
0.634830065996
0.635099252957
0.634664364912
0.635297854977
0.635049023057
0.635727955465
0.635172164683
0.635557089287
0.635590916139
0.635050750228
0.634597492682
0.633534352088
0.634987161963
0.634174113814
0.632764552906
0.632940855617
0.632495007521
0.632368167986
0.632053061086
0.631350997362
0.632104950488
0.632927766578
0.632676791372
0.633246613314
0.632974089287
0.63333697172
0.632112314429
0.631944699765
0.63206844959
0.63185264205
0.634303807625
0.634013693165
0.635744407148
0.636129056022
0.636572656912
0.63568237541
0.636306267961
0.635920714375
0.635483230687
0.635711836283
0.635094620792
0.634499992514
0.634267392495
0.634250222774
0.634048600844
0.635002680343
0.633679915074
0.634444059397
0.635065994047
0.635385173035
0.636040618765
0.637066308257
0.637110139693
0.638351034211
0.638032980608
0.637684680354
0.63797090431
0.638320463411
0.638359326639
0.637870924771
0.636772849077
0.637446938873
0.63716962561
0.636818593856
0.636756511578
0.636126854563
0.635753401214
0.635063570962
0.634604046056
0.634107841741
0.635243089681
0.634912671562
0.634633543621
0.633625211711
0.633153526992
0.632479983699
0.631963949632
0.631294129037
0.631152917497
0.630813345842
0.631110986509
0.630455351306
0.630401766455
0.630521179402
0.631269681421
0.631315089429
0.631374571763
0.631311299053
0.631936973098
0.632415980272
0.632916800546
0.632624899849
0.633262567363
0.633667763363
0.633129968837
0.633418052689
0.633436478182
0.633342843963
0.632234201214
0.632991408714
0.631901104972
0.633177746551
0.631817754417
0.632430274818
0.632240653508
0.63229484969
0.632108231094
0.632836836409
0.632970660235
0.633532168309
0.634698186285
0.633908640557
0.635149390389
0.635599833957
0.635458678937
0.636417453526
0.635750984082
0.637071934015
0.635460748565
0.635437822678
0.636306289401
0.636393375786
0.63522829563
0.636746497213
0.635955643493
0.635658611322
0.635695219704
0.635088497609
0.635407805315
0.635100372656
0.63297696021
0.633932915348
0.634957021117
0.635254811941
0.635030845423
0.635300020931
0.635580215851
0.636431109789
0.63674248801
0.637623848614
0.636709274168
0.637345260977
0.637593757805
0.637106420795
0.637335430111
0.637179317269
0.636287892948
0.637619918304
0.636253560363
0.636299812554
0.635523192134
0.635602432467
0.635538673998
0.634814966354
0.63395538269
0.634556047157
0.634196364764
0.633770247247
0.634344208298
0.63517753331
0.635135314629
0.634226257507
0.633931734188
0.635350497706
0.634590220767
0.635723344025
0.635838314494
0.635935032726
0.635408566744
0.634797616934
0.634498231959
0.63460486661
0.634824909732
0.634009520231
0.634506104923
0.633771158147
0.632659187366
0.631802017034
0.632266853094
0.631855914071
0.630904372524
0.631877945302
0.63110316881
0.631500711564
0.631125453162
0.631270829474
0.631908394535
0.631706337681
0.6330467639
0.633158601054
0.633190172107
0.633959981276
0.63322866641
0.633903340117
0.634075411252
0.63494982358
0.633230013422
0.632768226804
0.632267354311
0.631438987496
0.631837154205
0.632002762822
0.631853678318
0.631812105244
0.632102196585
0.632896923161
0.632630136618
0.632904345448
0.633163341653
0.634089724634
0.634942868389
0.634856692699
0.635737209333
0.635555269198
0.635976619138
0.636233087378
0.636538976866
0.636349216851
0.636370116716
0.636504885736
0.636748509387
0.636179712259
0.635813101588
0.635838647464
0.635141003313
0.635351204856
0.635276190118
0.635003582658
0.634652435319
0.635297773725
0.635283771597
0.635672965402
0.636272329323
0.636548347509
0.636636017805
0.636758894857
0.636505130695
0.636567349999
0.636863732261
0.638076669989
0.637494324042
0.63692279681
0.636454686311
0.636975316802
0.636508012569
0.636095489381
0.63575253012
0.634913035458
0.633918811716
0.63321251241
0.634153433455
0.633604295878
0.633144776953
0.632743267196
0.633292659064
0.633073977527
0.633414707969
0.633962924865
0.633086987947
0.633807192399
0.633628424157
0.634348294892
0.634092588141
0.633439982121
0.633606087654
0.63370233041
0.633222216238
0.633135856988
0.63376479832
0.63236637241
0.632330143893
0.632818563195
0.632481247339
0.631865083574
0.632729869526
0.632086743312
0.633152443299
0.632119707378
0.63302778285
0.634743610479
0.633158924692
0.634599424598
0.634850807601
0.63411503429
0.634809107785
0.635309870163
0.63544622596
0.635972895988
0.635508698603
0.635557736842
0.636125080407
0.635650781237
0.635966697239
0.635341051785
0.63411241816
0.633855049726
0.633970942555
0.633759506466
0.633076793669
0.634313345327
0.633716301104
0.634489449019
0.63489619417
0.63485296234
0.635773992662
0.635748695391
0.636235168458
0.637336803356
0.63704889161
0.636799435227
0.637373529298
0.637523911954
0.636932896982
0.636687591161
0.63405320917
0.634834771819
0.634365603613
0.634196838561
0.633750670833
0.633499402462
0.633306165447
0.634331899497
0.634148982669
0.634523734169
0.636121910152
0.63566502975
0.635249189983
0.635259757038
0.63616427184
0.635903525786
0.635759727216
0.635048173403
0.634989898934
0.634157803736
0.634640715477
0.633125973481
0.633230046322
0.634143502316
0.633665535416
0.632987225792
0.632698071101
0.632158968583
0.632868230631
0.632569935026
0.632952700885
0.633501536263
0.633278263261
0.633964095085
0.634348606423
0.634079303876
0.633919211413
0.63452390888
0.634731019543
0.634863265331
0.634822198503
0.634557669007
0.63453379932
0.633873926856
0.633429813083
0.633667640117
0.634139798632
0.633344923364
0.633597645787
0.633015625158
0.633279944923
0.632735501265
0.633330968916
0.633017356621
0.634318880297
0.634880607877
0.634386412445
0.635321704658
0.634939688835
0.635449029656
0.636868183833
0.635523332274
0.635083412373
0.635402569921
0.6356134221
0.635725843164
0.636194050421
0.635883183689
0.637164149743
0.636914084719
0.636938305907
0.637147743576
0.636488961221
0.636351493396
0.635756098156
0.633739619937
0.633238189774
0.633323199369
0.634388567683
0.634871986327
0.635865747488
0.637418652489
0.638865226218
0.638836151418
0.639496901399
0.638986796477
0.638390664557
0.637441472022
0.636473437584
0.635830848327
0.635273095125
0.634549908024
0.633924905546
0.634839885882
0.634460801794
0.636148692461
0.636541001493
0.637354432366
0.636736829351
0.638064119065
0.63595049104
0.635730867086
0.634697329215
0.634379906498
0.633332673213
0.633270874325
0.633509418507
0.633042137175
0.633116990089
0.633448616073
0.634031463237
0.634841980809
0.6339432293
0.634955316573
0.635729711227
0.635565795938
0.634648808161
0.634898563835
0.633748272027
0.633045481895
0.632040825501
0.631716222826
0.63120014588
0.63137400762
0.630495339428
0.630836714312
0.631842389539
0.631539462066
0.632126679215
0.632555553749
0.632693513756
0.632845523524
0.632412660106
0.632101371729
0.631840141892
0.632408448085
0.63236690746
0.634621065404
0.635631879553
0.636065585033
0.636243535047
0.636394085057
0.636714433036
0.635892339562
0.635987663103
0.635296162642
0.634981694711
0.633660838924
0.63315526704
0.632930060504
0.632934166211
0.633699797693
0.634416023476
0.634627134248
0.635833142527
0.636824776606
0.637228412002
0.638247546213
0.63870431103
0.639941927546
0.639483729164
0.639839505594
0.639230494367
0.639431973291
0.638704438961
0.638386275753
0.63720684554
0.636945637143
0.63793320651
0.636818102413
0.637023401745
0.63763978355
0.638053636169
0.636854921459
0.637813631002
0.636845135152
0.637207362943
0.637289043076
0.636823948636
0.637307352264
0.637112028482
0.636937789418
0.637955362812
0.637570067818
0.638481530896
0.638866928345
0.638010257982
0.638598099595
0.638862691084
0.637635757209
0.636536516814
0.635052522244
0.634599332817
0.635219909742
0.634193799833
0.633584854604
0.633275865202
0.633458903597
0.633078039628
0.632616108324
0.632934768448
0.632934179065
0.632783582817
0.633678929581
0.633425461637
0.633239763723
0.633493457367
0.633029171816
0.632444729263
0.632387238154
0.632660308467
0.633406503706
0.632568160898
0.63349094654
0.633366170947
0.632964759638
0.633020058304
0.633871852436
0.633191328713
0.632713198614
0.63263179612
0.633393468047
0.631602636837
0.632147243989
0.631227295002
0.632173831818
0.63128461969
0.63297716564
0.632625736371
0.633391114733
0.632916411114
0.634249825477
0.634622610756
0.634941237987
0.63576833473
0.635465951066
0.636118198662
0.63521781457
0.635103822697
0.635546254596
0.634963421938
0.635180539865
0.635636343005
0.636908269716
0.636738967196
0.636818268283
0.636675590296
0.636478247869
0.636851552671
0.636380506694
0.634789393903
0.63573605467
0.635626783618
0.63688732485
0.637445363508
0.638433868082
0.639001291515
0.63842181431
0.639754594436
0.639282424468
0.639077054108
0.639666657463
0.638915966813
0.6392015518
0.638960832609
0.63955636516
0.639025389964
0.638993377054
0.638601750824
0.637665679984
0.637698122132
0.638443561862
0.63841620663
0.638344024179
0.637971951244
0.636993498229
0.637056898928
0.636605557798
0.636721268534
0.636974642545
0.636787461035
0.637211763216
0.636228973322
0.636742512317
0.637235504185
0.638734195866
0.638866159942
0.638100470769
0.638669344905
0.638019246362
0.636944336319
0.634118148296
0.634108824119
0.634905878915
0.63421448638
0.634587533838
0.634066213837
0.634450610098
0.633431010683
0.634239149709
0.634533189177
0.634609504755
0.6343827791
0.634684835539
0.635645887367
0.63606745134
0.635233406106
0.635929265396
0.63496613796
0.634704610225
0.634289380561
0.632846351738
0.632754626493
0.632779824146
0.631748635934
0.631410789761
0.632353960919
0.632073871598
0.633186038979
0.633443887191
0.634816402819
0.634688162825
0.634982127022
0.636217863597
0.636065556146
0.636396461194
0.637099069742
0.636946266841
0.636655562998
0.636517762183
0.635767433375
0.635801496871
0.636589227704
0.63615112248
0.635913402439
0.63597632124
0.635644092232
0.636212557176
0.63512021882
0.636428715776
0.636195371701
0.636029328161
0.635659217861
