19.1196318653
19.0605392985
19.1114056332
19.0508395333
19.0241621472
19.0536700686
19.0421926991
19.0748896959
19.0639548756
19.0795326856
19.0772471575
19.0488767286
19.0558689289
19.0211224489
19.0849053695
19.0168363027
18.9922003292
19.0422203572
19.0483441073
19.1139427789
19.071703345
19.0913893052
19.1116746359
19.0252794109
19.0418279911
19.0668888602
19.0742250202
19.1117584947
19.0638971516
19.0463966187
19.076234387
19.0441729754
19.0420892841
19.0652802968
19.0314998829
19.0765124583
19.0406159162
18.9831079253
19.0253705268
19.0773383688
19.0567261023
19.0028647032
19.0202525577
19.023006228
19.0117819463
18.9810757959
19.0341407528
18.9971541734
19.0049189509
18.9928822075
19.0843738569
19.0426240543
19.0082891051
19.0581671146
19.0452488654
19.0533698698
19.0611340789
19.0141273331
19.03005712
19.077174473
19.0532161275
19.0278211984
19.0625324276
18.9953413808
18.9891727481
19.0540792303
19.0415207393
19.0968133959
19.077137472
19.0180300985
19.0045442913
19.0400613708
19.0409266455
19.0432883986
19.0414477397
19.0753774555
19.0398103549
19.0842461069
19.1397046874
19.0454524584
19.0151373789
19.0624806618
19.054372031
19.051197688
19.0659350157
18.9958711659
19.0720006682
19.1262194365
19.0757592367
19.0355938733
19.0738472688
19.06693853
19.0757300707
19.0830385558
19.1124826329
19.0625186223
19.0962279467
19.0753775401
19.0498608474
19.0714469998
19.051750496
19.0952104784
19.0483089201
19.0532910509
19.0592486086
19.0430440235
19.0683192051
19.0258261928
19.025482078
19.0333025636
19.0166321638
19.1151940437
19.0635777282
19.1302634461
19.1123211639
19.0962505413
19.1125760854
19.0706746368
19.0830306265
18.9771355156
19.111004091
19.0484601044
19.058436623
19.0882508915
19.0718324345
19.0645628537
19.1113273823
19.1290339994
19.0943627195
19.0435409597
19.0207473763
19.019693501
19.0459659229
19.0732872305
19.0113974772
18.9998900415
19.006672586
19.0784053428
19.0897178041
19.1009538576
19.1610689553
19.1714256692
19.1239801034
19.0932745494
19.0974364949
19.0622888883
19.0273751994
19.0999545085
19.1532437405
19.200180541
19.1528977313
19.1312528341
19.1378819989
19.1100423909
19.1536140724
19.0833513212
19.0912576851
19.1045123057
19.1187180116
19.0928396656
19.1364982817
19.1190283355
19.1594197994
19.1444194388
19.1130611427
19.1273216098
19.1121871939
19.104673621
19.0944254228
19.0988650582
19.1205029646
19.0864804776
19.1593869987
19.1652677909
19.1169325986
19.0770516905
19.0804845981
19.1022779622
19.1419626796
19.1262395864
19.1276948908
19.2337994159
19.122517808
19.1097998852
19.1556718797
19.1892967308
19.1832543771
19.1957042815
19.2042154243
19.1790402972
19.080354465
19.1643782949
19.1731288127
19.137368276
19.1946490316
19.2013435608
19.2121458207
19.2147756029
19.1807532358
19.1358155476
19.1571707743
19.2094764267
19.228966606
19.2096556894
19.2767127503
19.2213387274
19.1991372932
19.2275146124
19.2300483005
19.2259067447
19.2035764885
19.2037990038
19.2718810477
19.1918355696
19.2105554951
19.1962316503
19.1914953603
19.2200344263
19.1979979364
19.2252201258
19.2740448029
19.2303979544
19.2659262366
19.2393924912
19.1839614161
19.2500673618
19.2661088107
19.2542257092
19.3147434667
19.2425744174
19.179634627
19.2975112769
19.2699606493
19.2677208984
19.3445752953
19.2946508544
19.3946698402
19.3521362332
19.3041822729
19.3414248156
19.2498097064
19.266181511
19.2303136133
19.264783189
19.2379210134
19.24966231
19.2882132226
19.2363676318
19.3136050491
19.2981188416
19.3214634751
19.3317575392
19.2524329287
19.2208870046
19.2418664111
19.2779084745
19.3039120298
19.3525937112
19.2956195023
19.3636057934
19.3281134143
19.3255264073
19.358996823
19.2875411563
19.2652241036
19.3595972395
19.3684041474
19.3958098892
19.4282169743
19.4345246262
19.4250744471
19.3777139559
19.4490163844
19.3703780082
19.3714414879
19.4097655341
19.3607650353
19.3623967204
19.3891064593
19.348046615
19.3905822303
19.3667279402
19.3278850616
19.3000412298
19.3559381599
19.4077810595
19.3685809186
19.3751664387
19.4101776217
19.4160159225
19.4032064758
19.4313179157
19.4016517455
19.3951658691
19.3745349267
19.3654718935
19.389628026
19.4151691734
19.4199148552
19.3225994557
19.3448412491
19.2908207668
19.3241143519
19.3069619873
19.303951119
19.3573930351
19.3623762601
19.3509528449
19.3264939565
19.3700790576
19.3217331784
19.3711697139
19.2960050047
19.3006389065
19.3146009461
19.4039186753
19.3876393643
19.37646211
19.4186027736
19.458517077
19.4947468591
19.4481936375
19.4639224843
19.490846037
19.4281474995
19.4106519614
19.4696471256
19.4357275925
19.4299481317
19.4554228039
19.4094076901
19.4028995815
19.3933533752
19.4212790816
19.3784806962
19.4233518885
19.4309298688
19.4062290025
19.375856762
19.397378973
19.4134648909
19.3862857273
19.387825207
19.3873235662
19.3827244746
19.4033368283
19.3191055089
19.2617179741
19.2737328001
19.216841694
19.1979482473
19.242651644
19.2456965282
19.2802961545
19.2348949625
19.3378132631
19.3571450546
19.3133768205
19.2755814427
19.2782568943
19.2319772054
19.2776987863
19.2793960985
19.2763976839
19.2851778109
19.2738161017
19.2869018778
19.3201708812
19.3042988388
19.3586280746
19.3985213072
19.3932939172
19.4304052463
19.4870090184
19.4802268158
19.4700874066
19.4275134316
19.3869634354
19.3514292596
19.3832732842
19.414561823
19.3972020052
19.4742143377
19.4910474836
19.4733099478
19.4683181025
19.3841457352
19.4314985657
19.3775655841
19.3661138227
19.3597646402
19.3719685553
19.359875472
19.4215385861
19.4031605636
19.365720579
19.3666772656
19.3713308373
19.322000281
19.3455995508
19.3556348407
19.3453225086
19.3998537967
19.4878826886
19.4114073813
19.4098518505
19.4221976953
19.4327633329
19.4053620362
19.44377064
19.4428897037
19.4199506975
19.3926064519
19.4133484596
19.4168012421
19.4322770198
19.4549319839
19.4723988579
19.5389133275
19.5202027971
19.4723697518
19.5045154875
19.4641310851
19.4473881808
19.4765452897
19.4726968013
19.4896277428
19.5438914794
19.5174078415
19.3948214795
19.4427274099
19.438868413
19.4050420637
19.3934684706
19.4236914769
19.4309291626
19.4660095098
19.4330777387
19.3936090767
19.3656372382
19.3758989402
19.4223161991
19.4204270541
19.4204400181
19.4045884237
19.3857025258
19.3376944337
19.3559185761
19.3741854845
19.3820785136
19.4360978389
19.2940657411
19.3764957138
19.2541859118
19.3658363792
19.3343593969
19.3747623432
19.4411643713
19.5107326968
19.5250307097
19.5395324602
19.5312958169
19.520572175
19.5711602544
19.4780286141
19.5434005863
19.4912459345
19.4786750054
19.4957246671
19.4680588763
19.4449052364
19.4755579578
19.5365780927
19.4836820897
19.4351236889
19.4382865085
19.4813802583
19.4223111565
19.4741273833
19.4603458467
19.5031103143
19.4628020468
19.5122073246
19.4439618132
19.4613269609
19.4383615788
19.4805264592
19.4409002203
19.5186653221
19.4717787552
19.4949884684
19.4568248099
19.4852373638
19.393861127
19.3903235523
19.3900034914
19.3467356385
19.306479124
19.3036094442
19.338241348
19.301361554
19.3663378465
19.3732355401
19.3498755077
19.3502540516
19.3281595072
19.2822137796
19.3176259678
19.3261328151
19.3933265541
19.3888882752
19.3922128028
19.4160676698
19.4094038806
19.4042379155
19.3905814787
19.3778774868
19.3255402552
19.4066821063
19.3834064109
19.4211583395
19.4595961251
19.4192489313
19.4815267542
19.4448215787
19.4640847376
19.4742248536
19.480526893
19.4855849707
19.4532676341
19.4302734533
19.4103446699
19.425059828
19.397207624
19.4198486434
19.4004859871
19.4254146617
19.3793805774
19.383126995
19.3786940318
19.3544813573
19.423888757
19.3717109314
19.3520020738
19.2335655541
19.2941720662
19.3096977727
19.2499288856
19.3307772457
19.277875188
19.2911318548
19.3066156429
19.3075957073
19.324710261
19.2946424357
19.3049399128
19.3370279441
19.3150132641
19.375625674
19.3267011609
19.4080524584
19.4041153823
19.3781995925
19.4215441564
19.3719542554
19.4041259057
19.3847221129
19.298674991
19.336417851
19.3057252613
19.3313524124
19.348699328
19.3236745266
19.395434001
19.4046452993
19.4107362187
19.3836717961
19.4306894075
19.4182341794
19.3529584289
19.3627182519
19.394605225
19.3031181325
19.3059215234
19.3327908392
19.3383306634
19.3910468242
19.3932933112
19.3693137097
19.3963157513
19.3617819652
19.3204653238
19.3448696997
19.3413969394
19.3493493663
19.3224002186
19.3437006076
19.3277271329
19.2326885774
19.2523550603
19.2145258832
19.2409990525
19.253184102
19.2620929933
19.2614129342
19.2334175907
19.2681048104
19.282981148
19.2904381116
19.2725760503
19.3067810872
19.3169924853
19.2815408524
19.3492135437
19.3087098406
19.3627088823
19.349519064
19.3256532699
19.3364367806
19.3412864808
19.3309028728
19.3354434174
19.3059227888
19.2687238938
19.2301584453
19.2791037712
19.2324919701
19.2069970791
19.2028018788
19.2264644662
19.2403589473
19.226145585
19.1901625875
19.2303698264
19.1992071032
19.1828892045
19.2335254197
19.2504659848
19.2978049886
19.2990692173
19.2923452459
19.259956001
19.2423375593
19.2489093786
19.3016387984
19.298110945
19.3028339597
19.3098975458
19.3604990026
19.3218451553
19.306504428
19.2390638075
19.2636929267
19.2607451529
19.2331694961
19.2972458267
19.2675967997
19.2359466999
19.2171985862
19.2409186112
19.2469572237
19.2874069315
19.3128476576
19.2932919931
19.3422639852
19.3301285916
19.3719844815
19.3767988714
19.349930235
19.3257616773
19.3218883597
19.2521937351
19.2663985952
19.3545064108
19.3558800369
19.4281231982
19.3975165446
19.4021078814
19.3733713811
19.3342735821
19.3546588282
19.3437394668
19.2874815523
19.3263497783
19.2938112038
19.2809110245
19.3289100542
19.2815426448
19.241160106
19.2341567453
19.2255426919
19.2840921895
19.2860380408
19.3260621708
19.305687467
19.3428992399
19.29542425
19.2611317659
19.241373827
19.2867745073
19.3521605527
19.3386788929
19.300808012
19.3972865148
19.3172601859
19.4005163318
19.3631020886
19.304555392
19.4096773311
19.3667039021
19.2994974453
19.3391422247
19.3022682201
19.2933127814
19.2690140549
19.2445624501
19.2109649132
19.2393520556
19.2459021776
19.2112114907
19.1910591823
19.2038220413
19.1625268023
19.1897940151
19.1362616382
19.140069917
19.1495927016
19.2285698668
19.2456304831
19.2677949034
19.2638513816
19.2050117439
19.2362640564
19.2138287889
19.2865050491
19.1823311719
19.2276066569
19.2344420807
19.2297095187
19.2138529519
19.1709241704
19.2432740537
19.2614550797
19.2716840992
19.2488057154
19.2393207449
19.1981201261
19.2435678263
19.1886778468
19.1909348654
19.2241436898
19.2215713487
19.1934250917
19.1826939638
19.1369925501
19.1688329279
19.1493501686
19.1754712609
19.2192088865
19.2358933758
19.2698314008
19.2997140613
19.2720565773
19.3019730645
19.3222215688
19.2938661718
19.2639453816
19.3547107359
19.3858543626
19.2951495899
19.332424244
19.2915098918
19.2977187042
19.2642939831
19.2856449985
19.3350616566
19.296545802
19.3657150497
19.3207153769
19.3169555981
19.2910384297
19.1982872996
19.2063418369
19.1753873628
19.2288932496
19.2524059364
19.2360048582
19.2485127036
19.2312213485
19.2078606752
19.1755056913
19.1708588869
19.1955323148
19.241067092
19.1716547915
19.2306453231
19.244028072
19.2103884039
19.2094858825
19.23608271
19.2504576951
19.2604434155
19.3201004505
19.3050068115
19.3325807466
19.2960969499
19.230284146
19.2955376452
19.3080447125
19.2394896776
19.2409391048
19.3083613585
19.2737783724
19.3090283197
19.272712398
19.2701274734
19.2485536051
19.2727788036
19.2076947202
19.2730360584
19.2631261749
19.2421243955
19.2984523252
19.3074789501
19.3714137615
19.3270700212
19.3425782409
19.3041955241
19.2660756658
19.2316285275
19.2153908259
19.2594373849
19.259904467
19.3260651741
19.2781387685
19.3205214442
19.2875882654
19.3271421141
19.291301366
19.3023741326
19.2766118931
19.3118878448
19.269711277
19.2919907846
19.2571196146
19.2455885065
19.1931721971
19.2378153664
19.284618274
19.2918093414
19.3286860447
19.293737512
19.2579963824
19.2053051727
19.2212573777
19.2142860721
19.2806785046
19.2095939876
19.2722168661
19.2394571799
19.2387198949
19.1497811275
19.182581435
19.1360660094
19.1505984687
19.2329228193
19.2641714978
19.2930814384
19.3237688219
19.3132424401
19.3063130907
19.2392071341
19.2325463097
19.2709867835
19.2262888983
19.2417208824
19.178211685
19.2090487049
19.2209523225
19.220500208
19.1783242362
19.1791394786
19.1990065379
19.2024177906
19.2505493289
19.2551253984
19.2606989468
19.25656971
19.3481257473
19.4033817939
19.3368504639
19.3294903353
19.3217337595
19.300254217
19.2709216634
19.2510037371
19.2687243505
19.2714812119
19.2653537279
19.2987042879
19.2939197198
19.2498612847
19.2198262454
19.211712553
19.1962949951
19.1712970504
19.1510675585
19.148715229
19.14299129
19.1783223011
19.1157817089
19.15251233
19.119779824
19.1660308464
19.1229712559
19.1200504963
19.10010018
19.1455687426
19.1595461307
19.1540899871
19.1471678211
19.1321442235
19.222803565
19.2358131071
19.1979126219
19.2184725236
19.185633612
19.11964826
19.1850292667
19.1672437129
19.2313929635
19.2316691233
19.2089888117
19.1616036361
19.2555197078
19.1732384146
19.2409206723
19.2104639912
19.2626409094
19.3266011254
19.2296948156
19.2466744383
19.2341828258
19.1915311318
19.2343523835
19.1886916202
19.2039819583
19.2153343152
19.2103969747
19.1841036275
19.1246640145
19.1733900974
19.1985098079
19.2583106746
19.231772326
19.2273805528
19.2634235618
19.2351253358
19.3102062775
19.2848907803
19.4305320815
19.3247957868
19.3960280063
19.336100569
19.3146006166
19.2761068005
19.2972428256
19.2124909554
19.177355834
19.1779009093
19.2090226826
19.1882760475
19.2289427867
19.2337867214
19.2375938917
19.2414128277
19.2584512563
19.2697151171
19.2318827339
19.2221005515
19.2494326553
19.2335347855
19.190888536
19.2826693237
19.2822124331
19.3323825388
19.2733202816
19.2355696455
19.2143690095
19.1562008473
19.1231041431
19.1227136916
19.1900115521
19.1875295828
19.1832113486
19.1638870249
19.1535420129
19.160201612
19.1453655124
19.2999009049
19.1667894337
19.463454136
19.2181647864
19.184901977
19.1948647055
19.2048875674
19.20807671
19.2191346713
19.2513857822
19.2312782128
19.2438857299
19.2467849044
19.2028808512
19.184132847
19.2133755583
19.2419601622
19.2159292108
19.2253859534
19.2011029854
19.1970372851
19.1829795369
19.1943581177
19.1415486809
19.1726157393
19.2215260322
19.2300171897
19.291282663
19.2532918838
19.2477384077
19.240044195
19.1988953391
19.3498953432
19.3639126129
19.3457519342
19.2461950455
19.265164423
19.2014734928
19.2802301762
19.3291713634
19.3347802875
19.3470599385
19.3713668909
19.262545363
19.2877121947
19.263284844
19.2683333596
19.1941054324
19.2153857076
19.1727579309
19.1842457167
19.160240692
19.1375429369
19.1838729832
19.1542942254
19.1751295712
19.1783269429
19.2546754375
19.2367198721
19.2358575103
19.2563030908
19.2742623744
19.2088016766
19.1838285807
19.2892689984
19.2789462628
19.3324287766
19.3113663264
19.3328813307
19.3351838494
19.3372972826
19.3055512597
19.2950058803
19.2996717727
19.3176259353
19.1974504467
19.327531816
19.22423857
19.2724986594
19.2868633469
19.2573037632
19.2757912754
19.2623223925
19.2674474777
19.3007258869
19.2561884913
19.2732296654
19.2996598369
19.2374656551
19.2367990158
19.2153732497
19.2422469727
19.2275435428
19.2202853188
19.2245497406
19.1842043682
19.2161484792
19.2330212051
19.2389576402
19.2833165294
19.2704433072
19.2296449143
19.2600638879
19.2298678153
19.2081941694
19.2748388916
19.2765137312
19.2811738105
19.2558228854
19.2190223641
19.2490854809
19.202506464
19.2479312903
19.251591941
19.2526561925
19.1862644889
19.2290898634
19.2007943315
19.2807257899
19.2556897704
19.2545040808
19.2693452205
19.2673305566
19.2434213688
19.253728538
19.3179575969
19.282729668
19.3141310387
19.253016832
19.2313613396
19.2138435266
19.2571850179
19.2715504054
19.2792468276
19.3133578096
19.3261511659
19.2858427127
19.2679170302
19.2350356346
19.2900936933
19.2778835893
19.3538255964
19.4115072085
19.4028946531
19.4014116471
19.3393675371
19.3027705536
19.2698406186
19.274130462
19.2835808783
19.3024854476
19.3165633755
19.3909048661
19.3450113144
19.2907988829
19.3074964162
19.2089226219
19.2333451046
19.2204411757
19.2438242053
19.2781701313
19.3336035644
19.3489464451
19.3209419322
19.3148244452
19.3267375414
19.2338081438
19.2200804188
19.1564353745
19.1274229556
19.1406560032
19.1816446241
19.1918427964
19.2401012906
19.258836843
19.2314063354
19.2220989348
19.1748904909
19.2029925628
19.1901937265
19.171401756
19.1747499033
19.1807305966
19.1683464932
19.0881306748
19.0869542286
19.0887968923
19.0917508533
19.1472366187
19.2199698847
19.2700414207
19.2548694255
19.2688093778
19.2549168085
19.1986369425
19.1859174795
19.1459212731
19.1462805864
19.1914635094
19.1883706314
19.3007312395
19.31281175
19.3294380727
19.330308388
19.2349775011
19.2078043813
19.1520785396
19.1905978868
19.1962376374
19.2362782659
19.2591224807
19.2218296016
19.2408412149
19.1859154595
19.188377245
19.1496017741
19.2270732054
19.210544827
19.2493047589
19.2343721625
19.2755924875
19.2751000536
19.2790737812
19.3270430384
19.2853053035
19.2662602245
19.2955581126
19.2704789547
19.2690227031
19.1539065111
19.2050198812
19.2358749127
19.2538223392
19.3052947567
19.2532016588
19.2804694297
19.2733735558
19.2832063438
19.2379797337
19.2054815766
19.2556880968
19.2379568535
19.2413373738
19.1885943551
19.1942559439
19.1424951073
19.1920002695
19.1397182507
19.1806751591
19.1973920512
19.1724517794
19.2598111985
19.2367634696
19.2864454042
19.2198302219
19.2869000974
19.1558434461
19.1346253438
19.1200400688
19.1487374836
19.1207841409
19.1505276212
19.1873113135
19.1949342009
19.1841520012
19.1753114939
19.1549646254
19.1102068852
19.1550767327
19.1701821494
19.2065088666
19.1391303238
19.1657243764
19.1655350115
19.0922165873
19.0758207101
19.0463398069
19.1290731262
19.1486561029
19.1547099325
19.1276526399
19.1705921571
19.1781315166
19.1688274354
19.1197923561
19.1381418186
19.2173610223
19.2432025657
19.2094674525
19.2255208701
19.151625938
19.0871137878
19.0953946168
19.0681877333
19.1461942068
19.1775932996
19.1969987294
19.2312910341
19.2487709408
19.1860717485
19.1890479623
19.1826805608
19.239797722
19.2174153072
19.2554949606
19.1730948325
19.1642627223
19.1523662753
19.1544512516
19.1637772784
19.1361745714
19.2062464557
19.1861860817
19.1628821779
19.1570935979
19.1802896248
19.1703247769
19.1865246651
19.2076540515
19.1569881038
19.1487600056
19.1731957396
19.1905678182
19.2422154499
19.325761425
19.2047605954
19.2122635873
19.1640392845
19.1369194438
19.1797895017
19.1676573469
19.1704748838
19.1659116677
19.1776974155
19.1412613351
19.1120341023
19.1483390837
19.1402423023
19.0892131985
19.0562933194
19.0201193609
19.0420069497
19.0462679554
19.1103693069
19.1586491691
19.1794415406
19.203037431
19.1934755887
19.1641027861
19.1189465586
19.131585473
19.1131497796
19.1531543206
19.152811225
19.1286817152
19.1619335748
19.1384501927
19.106253648
19.1307405339
19.1617674964
19.1820183528
19.2045658935
19.1795758
19.2900385485
19.2344281527
19.204256731
19.1470795709
19.1169986118
19.1167021176
19.101281184
19.1313022462
19.1440046809
19.166569998
19.1585944887
19.1002427249
19.1497924353
19.2474063758
19.211589307
19.2789370496
19.2119553817
19.1960055757
19.1996364394
19.1599996075
19.1490595234
19.1571937656
19.1713435539
19.2016930603
19.201976208
19.2410872712
19.1646717221
19.1944142047
19.1692380854
19.2418739156
19.185421704
19.2135509463
19.1092804316
19.2223939904
19.1666889117
19.2567333764
19.2468782875
19.2810952467
19.2210463528
19.1680033119
19.1713820891
19.2067566434
19.2307380993
19.1985813168
19.2875598553
19.3066442625
19.2805929493
19.2304204693
19.1925538558
19.1658734586
19.1513122006
19.1847914152
19.2202090343
19.2004900088
19.2624096767
19.2368125439
19.2533058323
19.2472470535
19.2155994555
19.1902169474
19.2286597238
19.2065341863
19.1407251027
19.088765569
19.0801373694
19.0703297186
19.0862478941
19.113791384
19.1628684081
19.1883801071
19.1938842218
19.1487498955
19.1650675546
19.0611267355
19.1595237787
19.0827195901
19.0846624695
19.0886697111
19.1193460157
19.1715897281
19.1316639227
19.1487239859
19.1199699427
19.1422028759
19.1560992253
19.1855771692
19.1815944584
19.1469789332
19.1037743221
19.1060394167
19.1182814974
19.1250990782
19.088471647
19.1331023299
19.1484438503
19.1672654623
19.1478004701
19.1331035938
19.1211607666
19.1598048672
19.1200349458
19.0635488742
19.043225447
19.0181921734
19.0890096484
19.1086800154
19.11752175
19.1723340927
19.1508991576
19.1886414609
19.1799814544
19.1637534994
19.129607752
19.1819441371
19.1096679056
19.1432654484
19.1932634671
19.1604723527
19.2073936195
19.1840186753
19.1865177617
19.1628299589
19.1215792735
19.1356845678
19.1083410004
19.167858603
19.1257549063
19.1119856548
19.0644688175
19.0638947211
19.0027725155
19.0053446578
19.0122193345
18.9891448668
19.0201748983
19.0265305538
18.9591805606
19.0068338151
18.9181218907
18.9418594185
18.9615149748
18.9929161677
19.002271614
19.0544763132
19.0452656037
18.919449697
18.9394736042
18.9293188841
19.0603870713
19.0909389302
19.0614712798
19.0270240502
19.005950807
18.9423788102
18.9824030845
18.9476083166
18.9975006048
19.0642857897
19.0351329403
18.9918582812
19.0907671669
19.031271196
19.0056466582
19.0245134347
19.0450195638
19.0465487157
19.0344607407
19.0336429413
19.0279579584
19.0734772502
19.0570458933
19.0468928862
19.071686971
19.0696766612
19.0525637595
19.0770334099
19.0373086196
19.074886705
19.0021298293
18.9628368623
18.9417209431
18.9170458971
18.9368393739
18.989758121
19.0324165055
18.9666406116
19.1588089719
18.9912312773
19.025975737
19.0012684524
19.0172493202
19.0098044562
19.0494643174
19.0558394052
19.0509723498
19.012541921
19.011322714
19.0064757475
19.0336917622
18.9786576809
19.0283978501
18.9357633348
18.949294266
18.9401812255
18.9373797894
18.9272073032
18.9059824379
18.9445905478
18.9035934603
18.9419506598
18.9254737168
18.911355395
18.949990977
18.9312908816
18.9786684878
18.967811557
18.9971631164
18.9694339919
19.022861934
19.031596965
18.9875131558
18.9575225055
18.9754038567
18.9737473523
19.0099757853
18.9897961692
18.9646612115
18.9734449103
18.9558474129
18.9218988318
18.9606148753
18.9632632796
18.9480648781
19.0077163729
18.9526925526
18.9762158089
18.9899219568
18.9461007905
18.8887003739
18.8981606285
18.9011955902
18.8815442977
18.8941650806
18.8494758536
18.8795213411
18.9230500395
18.9303403306
18.9722688569
18.9606894527
18.9569650248
18.9380241295
18.9510131215
18.9029983419
18.8875463615
18.9329251029
18.9619929243
18.9151796969
18.9045593142
18.9094314903
18.8876010468
18.8539452685
18.8300150959
18.8289256261
18.8662559827
19.017854983
18.9662784838
19.2384838533
19.0179592536
18.9477743382
18.9422330942
18.9172594371
18.8847919255
18.8690944222
18.8642177726
18.8945102025
18.8814974969
18.8933895882
18.8491272249
18.8522907759
18.8265730506
18.8111688082
18.7612851311
18.7717254309
18.7332708134
18.7118122369
18.7427243723
18.7809371097
18.7456913918
18.7484239409
18.7763222462
18.7969739098
18.8335924953
18.7718612469
18.775026506
18.7786966641
18.8054069651
18.7815167338
18.8719117312
18.8368527779
18.8582198771
18.8401387091
18.8426793659
18.8916807419
18.8784659167
18.7293082413
18.8503230067
18.7546368096
18.8702674119
18.8330789044
18.78699926
18.7690101442
18.8212750473
18.7749860983
18.779724176
18.7669052227
18.7556890999
18.7521629764
18.8243412378
18.8158221917
18.845806987
18.8525402423
18.8590996984
18.8191120633
18.8107649953
18.8164579589
18.8161153098
18.7777261764
18.7876811104
18.8109604802
18.804318327
18.8876211349
18.8710043255
18.8153073962
18.7587156973
18.8073631319
18.8197469358
18.8208967849
18.8131637512
18.8289752753
18.7633642366
18.729019485
18.7223450369
18.718539859
18.583910574
18.6253742724
18.6706274084
18.682441434
18.7214155769
18.7814630609
18.756699609
18.787272007
18.7680040838
18.7253282117
18.7769429464
18.7609264257
18.7537226024
18.7916596842
18.7620416376
18.7658721492
18.8204199403
18.7988276138
18.8065722262
18.7747312884
18.7586537695
18.797782534
18.7976591356
18.8081922347
18.8360881106
18.8079379449
18.8002854261
18.8332814184
18.8585172913
18.80054449
18.7944993116
18.8060443068
18.7811828385
18.7142666569
18.7724466704
18.7474677956
18.799852918
18.7815631981
18.9338882399
18.8208723616
18.9829622766
18.8680395306
18.9050479795
18.8878482975
18.9167550008
18.902316486
18.8552664091
18.8507799955
18.8435100298
18.8288789898
18.8747459237
18.8969248052
18.8805495484
18.8474065507
18.7904025288
18.8823973198
18.7858138536
18.7937646445
18.7929553242
18.7495045515
18.808285541
18.8416668299
18.784807896
18.8382190379
18.7702587566
18.7882130759
18.7690577706
18.7341870697
18.765116472
18.78179137
18.7763086378
18.7629651792
18.708544582
18.7017869799
18.672900524
18.6964912963
18.7651368862
18.777769794
18.7995896487
18.8208352596
18.8044632632
18.7566034867
18.7469784269
18.7685434943
18.7677058592
18.7766183847
18.7887790338
18.7369081625
18.7477163009
18.7129735023
18.7394667334
18.8321559074
18.8462255276
18.7934740729
18.765892303
18.7615932665
18.7242619259
18.8423481612
18.8718700802
18.8837327006
18.8918985293
18.9434310668
18.8741252097
18.8574457172
18.8392654638
18.815650089
18.8111101506
18.8833481115
18.8732171831
18.8377490825
18.8419690361
18.8716843398
18.8320864886
18.8238256777
18.8291074644
18.7784492325
18.7497607973
18.7230839033
18.7198819532
18.692352398
18.6911225168
18.7420940192
18.6516695702
18.6565736343
18.6794590471
18.6832843687
18.7040031214
18.720801019
18.7396639933
18.798516192
18.793733275
18.7690459115
18.7409243413
18.7395818979
18.7693791801
18.7271729039
18.7528369558
18.7139560033
18.7206418745
18.6955437417
18.6590309404
18.7035414689
18.679591779
18.6818356146
18.6935092918
18.6472305548
18.6292127367
18.6674745182
18.6086410526
18.6599513062
18.6302049277
18.6516940052
18.6870054095
18.6275523248
18.6429521342
18.6823530475
18.7203950812
18.759271568
18.7976089117
18.7647042989
18.75498823
18.7761898804
18.7248615644
18.7293067009
18.757612767
18.7657807369
18.7225386391
18.7292665935
18.732781638
18.732468669
18.7857430909
18.7415614733
18.7467957311
18.7712247866
18.7214796784
18.6827114123
18.641777031
18.6493224109
18.6115172771
18.6492034213
18.6606772897
18.6318975228
18.6970289112
18.7023584361
18.641052012
18.6501548163
18.6435032905
18.6739320105
18.6923337127
18.7581168522
18.8172884183
18.7801949868
18.797972526
18.7850030798
18.7636002893
18.7811358875
18.7615510394
18.7940262124
18.8554117609
18.8716385982
18.8685165489
18.8351523845
18.7868850897
18.6568944801
18.625442289
18.6005233142
18.5608697068
18.5478806382
18.5437081705
18.5213121829
18.5413336983
18.5687671009
18.5124752344
18.5145113855
18.5172290548
18.5224915694
18.5565497356
18.5359219448
18.5516943156
18.5599503305
18.571543096
18.565965857
18.5609292829
18.5954413947
18.6461419606
18.6348552449
18.6883930149
18.7220113066
18.7092193557
18.7316648554
18.7134153504
18.7558261573
18.7350507977
18.7329293709
18.7378482736
18.7325865851
18.6952343487
18.7227155259
18.6923914074
18.6833453052
18.6310905679
18.6329605703
18.6107295416
18.5936034921
18.5989417694
18.6107317894
18.5356778209
18.5544457667
18.5699169918
18.5527638097
18.5915330776
18.6666198357
18.6423487289
18.6336713446
18.6287375949
18.6252910768
18.6567548915
18.6239008509
18.6715790921
18.6955199013
18.7107901312
18.7215612524
18.6785373003
18.7213595155
18.7522527127
18.6988910804
18.6772389116
18.7159006474
18.7557203087
18.6991280346
18.7034014946
18.6841832771
18.6838439947
18.6660701081
18.684294355
18.6769123929
18.6476648371
18.6618224478
18.6308291768
18.6071121102
18.5805022975
18.5462942864
18.5452869296
18.5849463499
18.5577300308
18.6481011239
18.5920477582
18.6132267342
18.6705872194
18.618922212
18.6352775785
18.6366959644
18.6313575282
18.6480611367
18.6488431152
18.6605430632
18.6659473243
18.5903352619
18.5891576084
18.5408938559
18.5899680404
18.5875800609
18.6947098717
18.5890282885
18.6285343053
18.5557611996
18.5941170641
18.5729207262
18.5373505621
18.5422561843
18.5417212116
18.5664368798
18.546884465
18.5129216115
18.5108979275
18.5603898704
18.5437944845
18.5258511641
18.524134399
18.518333605
18.5571877555
18.5384775248
18.5935082371
18.5661799891
18.5759016489
18.551441994
18.6045926441
18.5652741203
18.5886208024
18.6017049523
18.5933141703
18.5647808564
18.5598218156
18.5694699948
18.5697294349
18.6076462666
18.5905839875
18.6337498212
18.5611619178
18.5640410139
18.5120972064
18.5705808447
18.6304589351
18.5777882216
18.6100891758
18.554408012
18.5797380767
18.5726946524
18.605556503
18.633746644
18.6387769778
18.6061219423
18.5729348692
18.6213179688
18.6530637518
18.6472521469
18.6198247467
18.6932416791
18.6698487129
18.6126498585
18.6590365572
18.6560359019
18.6293715118
18.6838834469
18.6762394517
18.6441731292
18.6088774857
18.6104214968
18.6215143693
18.5859232446
18.6079636431
18.5953537001
18.6024167675
18.5743728189
18.5428885107
18.5972413776
18.6087262413
18.6096554813
18.6326088526
18.6202286276
18.7268005241
18.6706591528
18.8262356916
18.6949060187
18.6774680856
18.6755840721
18.7059048378
18.644396652
18.7062629767
18.6666834604
18.6482207099
18.6187973105
18.593280766
18.5201000869
18.4707530318
18.4922426352
18.4885850866
18.5073248048
18.4668145181
18.5262330924
18.4996178886
18.5055101069
18.5066494042
18.5170872411
18.5524108294
18.5131204311
18.5301125608
18.5730018972
18.5455345124
18.5972492451
18.5775747422
18.5401540687
18.5074531148
18.51074926
18.511126791
18.501128332
18.5069925826
18.5306157408
18.5091584221
18.5094739882
18.5602993645
18.5134166413
18.4675744275
18.5072740389
18.5171046772
18.4567919297
18.5247816901
18.5070632429
18.5075759187
18.4786868036
18.5014884764
18.4975286211
18.4393830694
18.4361694878
18.4532382112
18.4658610882
18.3745882274
18.3925186815
18.3840500975
18.4257789075
18.3821513788
18.3974436799
18.4152193111
18.478566779
18.4738106547
18.4365805805
18.4791788864
18.4297382851
18.4720383928
18.4642080344
18.4928900385
18.4705736398
18.4943077252
18.4930653535
18.4482653231
18.475703944
18.4687529758
18.4033613404
18.3182203131
18.4446122301
18.3560921008
18.411886158
18.3936456894
18.4257099304
18.422164308
18.4234488526
18.4213581663
18.4748270587
18.457312341
18.4599682845
18.5346332816
18.5148595644
18.4876425742
18.482361448
18.4720784363
18.4762703052
18.4955908429
18.4672187174
18.4642516762
18.4256686882
18.3902658464
18.3594164003
18.3963421299
18.38212645
18.3748178672
18.4117971418
18.4060458814
18.3852661002
18.4115485117
18.4003626601
18.4302224147
18.4308399066
18.4398768866
18.4066928627
18.3548296925
18.3864694191
18.4010049796
18.3632038705
18.2660845638
18.3621616349
18.1986020629
18.3449544438
18.3253580671
18.3195770337
18.3120651395
18.3603049802
18.3256435218
18.3460468428
18.3307145904
18.3930722033
18.3870700758
18.4003500491
18.403252599
18.3838282323
18.3631251702
18.3970530427
18.4282521927
18.4226346814
18.3462069392
18.3889925585
18.3546299104
18.384175628
18.3625497731
18.3421478247
18.3622014886
18.3641273352
18.3239692615
18.3587875501
18.3715183873
18.3299922159
18.3465913311
18.3829220973
18.3492966378
18.3890734664
18.3731706767
18.3947890908
18.4070221913
18.4068712657
18.4612603368
18.439704807
18.4196359947
18.3596302436
18.3300392529
18.3281830828
18.3207206517
18.3415209178
18.3394080215
18.289299406
18.2983416515
18.2928693978
18.3297962101
18.311218814
18.2932094537
18.3093384296
18.3299785006
18.3391126194
18.3649760075
18.3558060043
18.3364399912
18.3767827612
18.3577400498
18.2983565935
18.2970962277
18.3381086212
18.3758517413
18.3761456891
18.4202825611
18.3343816863
18.3567167398
18.4000349929
18.3586496076
18.3214482737
18.3277850089
18.310387281
18.2999316152
18.3372840974
18.3356690604
18.3202306828
18.3416184009
18.3076607247
18.3479668514
18.3033922645
18.3389264278
18.2870049676
18.2957896358
18.3316051741
18.2724548599
18.304056601
18.2916605104
18.243432495
18.2834472127
18.31009447
18.2737043327
18.2777900108
18.2838087412
18.2439309899
18.2712184001
18.2943511233
18.3150700235
18.3251445194
18.3250459028
18.2834163497
18.2583542469
18.2662162298
18.3133911517
18.3069811147
18.2925440914
18.3233933871
18.2701047617
18.253107525
18.3015849722
18.2880432285
18.2833482361
18.3139360727
18.3565577062
18.3686752952
18.3437862608
18.3462609155
18.3021697987
18.2920704261
18.3265997284
18.2795184333
18.3198521117
18.3165687051
18.2874010561
18.2691987151
18.268970685
18.3207900425
18.2889874355
18.3033481536
18.3136017948
18.3472914966
18.2905775576
18.2973654882
18.3034026301
18.2913998487
18.2921341176
18.3022956967
18.2545495769
18.2837961815
18.2940478427
18.2621757633
18.2812052054
18.2994325917
18.2953137569
18.2762028515
18.3245979648
18.2923089186
18.2929796107
18.2991549739
18.2954478335
18.2528879305
18.2730922499
18.2957497234
18.2744936322
18.2330823003
18.214385696
18.2002176458
18.2427556968
18.260421803
18.2453097573
18.2662654591
18.2901077265
18.2895253046
18.2764463474
18.2862550194
18.288933275
18.2723856739
18.223843403
18.2234981911
18.2598389927
18.2553106675
18.3047514786
18.2620151632
18.2573097021
18.3278459631
18.2923081671
18.2722474651
18.2888460548
18.2915600401
18.331081236
18.3156445263
18.3930783852
18.3423940701
18.3575726898
18.3583767552
18.3166679166
18.3744620937
18.3083480703
18.3299006897
18.343287856
18.3969437402
18.3745364857
18.358826224
18.3170966676
18.2942276475
18.3532467103
18.335707567
18.2939946828
18.3462853818
18.3015291032
18.3345933267
18.3258946619
18.3481678331
18.3512374424
18.3136134804
18.319807176
18.3598209012
18.3638282733
18.3079288317
18.3558821088
18.3380683592
18.3101174681
18.2851853496
18.2969765209
18.316551192
18.3385328297
18.3235278244
18.327500729
18.2619223491
18.2664944597
18.2784914023
18.2865826124
18.2703037311
18.3062736955
18.2732977647
18.233649149
18.3111731866
18.3115472961
18.3339668443
18.3313198251
18.3488899108
18.3743260887
18.313109383
18.2994620273
18.2892478395
18.2768899309
18.2909571752
18.3076719167
18.3085473939
18.2971737829
18.2520221159
18.3223752504
18.2585513571
18.2860668835
18.3278080517
18.3041657882
18.3010102131
18.3009669349
18.2983600981
18.2687749112
18.2327912048
18.1667924354
18.2105655833
18.199019049
18.1529946092
18.1687326767
18.2013879828
18.2393371931
18.1666171705
18.200669594
18.2117775024
18.2307715524
18.1956177591
18.2913020171
18.2436089016
18.1967667246
18.2504563799
18.232316264
18.2225691433
18.2517982749
18.2767445682
18.293111169
18.2256999796
18.2569353729
18.2757739546
18.2536967978
18.2542296893
18.2589163336
18.2389479073
18.2471142477
18.2846472785
18.2367806492
18.2502320481
18.2420758833
18.23464939
18.2345566469
18.2916833836
18.2894014433
18.2601157541
18.2224229606
18.2298720528
18.2272230352
18.2464329618
18.2448311618
18.262008564
18.2529695125
18.2682175458
18.3530655032
18.299487496
18.34545038
18.2335754838
18.2334447256
18.1998613812
18.2479733321
18.2648099645
18.3027595199
18.26419358
18.3001952231
18.22393845
18.2481903837
18.1988041986
18.252660782
18.2240740141
18.2143519687
18.1761837884
18.1990450206
18.1931122838
18.2023489564
18.1876289279
18.184374516
18.1975497322
18.203182976
18.1727973005
18.2063172075
18.1970920401
18.2413770903
18.1983197587
18.1759821864
18.1960709947
18.2021225015
18.2570037237
18.2588285742
18.2962500166
18.2277537651
18.1936700931
18.2046620806
18.2026203813
18.1753942297
18.1755862721
18.1936160644
18.1757164794
18.2096482353
18.158074647
18.1225144411
18.1648797502
18.132852317
18.1412822247
18.1390776335
18.1271042784
18.1959576225
18.202904353
18.1882466866
18.1996865236
18.2116298707
18.2322949361
18.2234777114
18.2450952081
18.2318642514
18.2519896918
18.2245627837
18.1984245422
18.1794506128
18.1719071414
18.1421593421
18.1515256827
18.1613053498
18.1532267666
18.1845578667
18.1831279168
18.1434952384
18.1478628316
18.2255799825
18.1792270516
18.204169992
18.1902711294
18.2564964018
18.2081228145
18.2029925048
18.1948665545
18.1897869686
18.1855417113
18.1912677186
18.1690385917
18.1699986287
18.2281980632
18.1850693268
18.1753228687
18.1528744317
18.1274190167
18.1643372847
18.1792237968
18.1705763646
18.1739619866
18.265386185
18.1826871811
18.2017613723
18.2122976161
18.222157946
18.2037015951
18.1797824827
18.1859273082
18.2199119122
18.1702519921
18.2483221731
18.1675042123
18.1608776271
18.1574334233
18.1285980582
18.1196842771
18.0937368484
18.1378094736
18.0818651454
18.1200986024
18.1280994403
18.1083622025
18.1023767039
18.0821754162
18.113398569
18.2006579474
18.1798217369
18.1760851874
18.1109646178
18.1357157684
18.1870517635
18.1561916478
18.1196019881
18.1718073501
18.1564508841
18.1539215834
18.1261297392
18.1037009158
18.1107408108
18.1145366333
18.113388269
18.0963656176
18.1227977959
18.1581449314
18.1548282872
18.1269997443
18.1315423307
18.1033689217
18.1083771566
18.13396969
18.1529739717
18.1374722685
18.2008533716
18.1312315367
18.1702932958
18.1526987156
18.1880176811
18.1632380661
18.1433347854
18.1151775911
18.11755516
18.0903703532
18.0791416594
18.0760622954
18.0617651532
18.1140210691
18.0667027966
18.1152694958
18.1045142605
18.109886988
18.2351593432
18.339716808
18.2278767107
18.2142517852
18.2176324531
18.1796857179
18.2384123438
18.195498275
18.2071809589
18.1828582737
18.1264227468
18.1189267919
18.0841900741
18.0504493744
18.0562036871
18.0301390646
18.0848993827
18.0625197273
18.0993016317
18.0550719027
18.0952037474
18.0996158669
18.0974942938
18.1056894585
18.1260786681
18.1407963972
18.1341878531
18.2034556131
18.1921831024
18.1951192594
18.2016026841
18.1718020998
18.1470076426
18.0755906961
18.1180615338
18.1043493284
18.06171385
18.0720668694
17.957828717
18.0491387435
18.0319761686
18.0537324702
18.0563736431
17.9998726734
18.0098472007
18.102529841
18.1087888001
18.084066449
18.0815631192
18.0883908036
18.1098143522
18.0531725971
18.0466030118
18.0582168262
18.0453985485
18.0662676876
18.0783318756
18.0427125482
18.048277492
18.0717298248
18.0321614294
18.0532006576
18.0014549149
18.0232547284
18.0129276199
18.0038024537
18.047840229
18.0244404033
18.0206758963
17.9838872201
17.9879676306
17.9752228727
18.0207841115
17.9513556496
17.9717297264
17.9925352543
18.0384447987
18.0154560239
18.0251451945
18.0588022854
18.0325949823
18.0162059769
18.0329905823
18.0466204896
18.0538306135
18.028278064
18.0030224734
17.942593878
17.9477069759
17.9261276471
17.9331434743
17.9759437934
17.9616299324
18.0006902965
17.9276730784
17.9400298911
18.0028432357
17.9593984502
17.9925766425
17.989450426
18.0133438978
18.0270519
17.9982594778
18.0489942173
18.0477430243
18.0453617647
17.9797033781
17.984275882
17.9179117094
17.8516077525
17.911726757
17.7824316182
17.84656544
17.8708724133
17.9021038909
17.8956976765
17.9026522952
17.9574196484
17.9315140341
17.9826320093
17.9926428263
17.9918486486
18.0199451996
18.0080418715
18.0278532253
18.074486507
18.0380033788
18.0320735971
17.9768989639
17.9415662689
17.9193786022
17.9324931226
17.9161613918
17.9358219062
17.9138194183
17.9172381336
17.9094593399
17.9293878959
17.8980502985
17.8796257825
17.8839364962
17.9087810806
17.9043798656
17.8988989926
17.9446365961
17.9732242263
17.9766370147
18.005377176
18.0533333128
18.0319350455
17.9912421063
18.0217125285
17.9750573869
17.9579869977
17.952906237
17.9116123368
17.930788534
17.9484058192
17.9733040212
17.949811248
17.9157017917
17.9318314628
17.8998841085
17.9382679315
17.9203526041
17.9230771882
17.9304812473
17.8950238102
17.8939638189
17.9181899847
17.8961300496
17.8761734324
17.906789897
17.8891841146
17.8551811004
17.8625785656
17.8210072316
17.8255874922
17.9058815722
17.8971570194
17.8721622141
17.8585651255
17.8683879584
17.8700893684
17.8264461602
17.9389716744
17.8623992526
17.9147869751
17.8780399751
17.8792615771
17.8965530973
17.838391922
17.8184123554
17.8570638368
17.8640267932
17.8571682101
17.8352849167
17.8529427266
17.8590251156
17.8037966096
17.7938954318
17.8143786308
17.8185326095
17.8388099394
17.777509905
17.8233709781
17.8296731413
17.8294152029
17.8185757341
17.9020331967
17.8763157689
17.8824127085
17.85320574
17.8437742518
17.8601438756
17.8349069107
17.8408572779
17.8147180825
17.831515527
17.8338548276
17.8373608619
17.8494589982
17.8047341407
17.857036429
17.834771396
17.8630518567
17.8435184271
17.8816970808
17.8312932036
17.8646373829
17.84579179
17.8778737663
17.8885157583
17.8493021869
17.8869441558
17.8699444412
17.8350902599
17.8364961936
17.8573967619
17.8838513734
17.8403504867
17.8229631547
17.8590517027
17.824678621
17.8936584057
17.8884984817
17.9022898159
17.8644939856
17.8758583022
17.8718043858
17.8763908317
17.8188172531
17.8528951656
17.8909013035
17.8647478771
17.8277972003
17.9039300044
17.8799007995
17.9056987564
17.8789683366
17.8661847906
17.9329542866
17.9038271355
17.9079345159
17.90592138
17.9123809397
17.9051766447
17.94117663
17.9070055041
17.923582889
17.9184135516
17.9670121732
17.8910197875
17.9166736455
17.9265909715
17.9446946781
17.924451374
17.92869601
17.9195427528
17.9225275137
17.908831542
17.9190957475
17.8913282471
17.937107416
17.9112281467
17.9246195853
17.9033412329
17.8750652967
17.9074685738
17.8924298905
17.8751441075
17.8699165079
17.889875205
17.9268979901
17.9585149011
17.9159310971
17.9529083729
17.8881349062
17.9005523818
17.9223654439
17.9428679416
17.9432702323
17.9318610618
17.9371775844
17.9746201325
17.9741623147
17.8914004475
17.9618114974
17.9908884927
17.9446678945
17.9564270974
17.9601974006
17.9721221915
17.9930237827
18.0127705324
17.9510967301
17.9875513556
18.0040281191
17.9913291875
17.9672545165
17.9541241372
18.0041013493
17.9993644595
17.9723780687
17.9678690822
18.0134418203
17.9607408821
17.9989744859
18.0152567967
17.9937456402
18.0320216606
18.0286073373
18.0544374155
18.0144479371
18.0497903754
18.078019596
18.0352548057
18.0740526812
18.0394620831
18.0399758331
18.033280146
18.0339376319
18.0394127944
18.0437817095
18.0604944471
18.0887877827
18.0653711798
18.0818860528
18.0871763689
18.0673103089
18.0678490497
18.0843661089
18.0850236411
18.1346210935
18.1258442779
18.1033590104
18.1124722065
18.1065446103
18.0990486874
18.0873799452
18.0894887114
18.1054454363
18.1182651401
18.1178632273
18.1178145384
18.1181548021
18.1687296577
18.0870367236
18.0757225632
18.0756751694
18.0876300012
18.0636082126
18.042227365
18.0669523123
18.0750187057
18.0439930227
18.0185856213
18.038435524
18.0597302093
18.0404782142
18.0296399754
18.0536171712
18.0210195187
18.0265608724
18.0183108649
18.0264097092
18.0296439089
18.0617615431
18.0206308768
18.0380722421
18.0169616895
18.0815938624
18.0509073367
18.0850063112
18.0414272046
18.0879948589
18.0579232898
18.0773970618
18.0728777478
18.0667805587
17.9964273519
18.048950711
18.0160444822
18.0147368041
18.0229373545
18.0304995621
17.9869120836
18.020548386
18.0564883099
18.0515898397
18.0601916498
18.0842417417
18.1078776851
18.0904892833
18.0659028055
18.101843885
18.096725203
18.051377706
18.075608996
18.0368109953
18.0482730012
18.0272549027
18.0337638029
18.0371871565
18.0659414706
18.0428414384
17.9926915716
18.0000065061
18.0374158704
18.027632635
17.9772100366
17.9718825043
17.9442313858
17.97407742
17.996074258
17.9486768932
18.051049143
18.0301318406
18.0712460946
18.0314625533
18.1127613927
18.0792880021
18.091847454
18.0981022525
18.1202384906
18.0771092424
18.0681882713
18.0548892852
18.0885189145
18.0661101025
18.0642222844
18.0826318382
18.104331951
18.0863208499
18.116878065
18.0738048368
18.0949289815
18.0637289263
18.0705479164
18.0374334526
18.0395124969
18.0135640446
18.0253476884
18.0213405828
17.9827247923
18.0059906189
18.0060878758
17.9594019398
17.9660493795
17.9506804441
17.9771607653
17.9660982636
18.0188827747
17.9640888724
17.9590306221
18.0290107178
17.9883442853
18.0049174176
18.0336066571
18.0283637604
18.035914782
18.0672300783
18.0153809637
18.0148377734
18.0250152064
18.0226462084
18.0019497385
18.0082971817
17.9888210169
17.9435830809
17.9501212196
17.9636546128
17.9119874507
17.9437575543
17.9179359406
17.9027054036
17.8780573471
17.8671732236
17.884023555
17.8814541833
17.8867018543
17.8696258349
17.8893825384
17.8569107842
17.8783832317
17.9038734531
17.8804471309
17.8784899558
17.9041594877
17.8538834619
17.848528178
17.8355877519
17.7995801982
17.8343479999
17.8234839292
17.807426162
17.8036001837
17.8081081589
17.7918611766
17.8248290689
17.7982413757
17.8265142042
17.8332022167
17.8495335206
17.8504031353
17.8699691922
17.9106309917
17.9152745534
17.9333696379
17.9352107871
17.9485358013
17.9277358914
17.8770632398
17.9402473268
17.9316268534
17.9160933412
17.8979860523
17.8815045216
17.8365257031
17.8733832543
17.8488780303
17.8234413533
17.8158814563
17.8621305106
17.7968039571
17.8061729786
17.7890680088
17.8397861736
17.8041273307
17.8702246483
17.8222196116
17.8270549999
17.805656516
17.7959186413
17.7904341355
17.7718117468
17.7862131154
17.7623263264
17.7639021663
17.7912086349
17.8011561113
17.8264974608
17.8186525604
17.9089313741
17.82038579
17.9505025053
17.90024113
17.8932120519
17.8944123678
17.8730136576
17.9094226414
17.8985852302
17.9374039702
17.9634116963
17.9263935992
17.918816041
17.9317040268
17.9520320371
17.8789432529
17.9262878182
17.9299586055
17.8795522172
17.8774539298
17.8841876225
17.8970675056
17.85199297
17.8284355925
17.8756090148
17.871066573
17.7953136505
17.81571845
17.7932450227
17.7813513575
17.7647933059
17.7505132508
17.7217433961
17.6742317283
17.7081231824
17.6903721885
17.6800712689
17.7137793036
17.7021883592
17.7712515278
17.9517373967
17.9828509638
17.910024284
17.8866333225
17.8983889342
17.8834146955
17.8775971794
17.8468494477
17.879536387
17.8866823341
17.8814906756
17.8604318646
17.8713914373
17.8700999613
17.8730641026
17.8324324926
17.8385053572
17.8386094096
17.8450441894
17.8335940956
17.8235905275
17.7639893254
17.7231464465
17.7435509906
17.6907454106
17.6119177495
17.6287518771
17.6438839629
17.4878214541
17.5167317325
17.436022247
17.4758411306
17.4460450503
17.4466297507
17.4722700313
17.4793417396
17.4863168822
17.5098363519
17.5209951108
17.5817533786
17.6219862648
17.6391798616
17.6497358659
17.6929271869
17.695572387
17.7242685106
17.7131076294
17.687951054
17.7041011156
17.6444799065
17.6680669683
17.6366461339
17.6093535591
17.5840710535
17.5591551798
17.5328564007
17.4906282209
17.4780626318
17.4824695389
17.5016914842
17.4747863877
17.4902129523
17.487951796
17.4824965657
17.5089306141
17.4988002707
17.50555545
17.5166937141
17.5161034714
17.5908292822
17.6015665673
17.5782962428
17.5968755564
17.6420100036
17.6203204934
17.7013384292
17.7103696144
17.73370937
17.7193188395
17.7593419782
17.7445859968
17.7688006691
17.7647713719
17.7451150096
17.7904039228
17.7156511024
17.7385782245
17.7331195357
17.6999351746
17.7067576055
17.7174622581
17.7069192784
17.7443872775
17.7414283707
17.7056405474
17.7409686822
17.7291260865
17.7338501247
17.7604698221
17.7339018361
17.7465902862
17.782804711
17.7840661403
17.8148729188
17.8379402234
17.838245834
17.7883620103
17.8323611312
17.8241513432
17.8705545076
17.8232740399
17.7983653002
17.8008192994
17.8037561807
17.8739169016
17.8244395608
17.8092216515
17.811586697
17.8131625591
17.7815292361
17.7937538346
17.7620306652
17.7459678261
17.7705589674
17.7822426446
17.7072182611
17.7356137343
17.6984631773
17.6922535162
17.7499852047
17.7129757103
17.7761022354
17.7633011711
17.7657063326
17.7270279016
17.7142986168
17.6991355265
17.6985262587
17.7054072363
17.6723857185
17.7017584927
17.6891576091
17.6842680441
17.6646086318
17.6470508607
17.6560795316
17.6429120793
17.6388845518
17.6371964208
17.6310771589
17.6397996357
17.6257945569
17.5974346554
17.6378320409
17.6027311925
17.61102199
17.6765523504
17.6384496148
17.6310555275
17.690437205
17.7169360607
17.6936107211
17.6601988915
17.6575543295
17.7112023995
17.7143598129
17.7695617437
17.7393320038
17.7627053482
17.747968463
17.7318483163
17.7193411697
17.6991895464
17.6929330139
17.6585879606
17.6248978833
17.6170966332
17.5992636089
17.5937425586
17.5966468836
17.6326918157
17.5766440774
17.5560355724
17.625892728
17.5493919351
17.5701284426
17.5744824267
17.56127907
17.5588021008
17.5693839506
17.5698660543
17.582004431
17.5932199284
17.6018426309
17.6054992014
17.6127980455
17.6215103562
17.6812352045
17.6376211979
17.702948749
17.6702955204
17.6867787396
17.6819381158
17.7293741169
17.6839791551
17.6758977626
17.6730007965
17.6672272722
17.627285944
17.6535538357
17.6866287756
17.6431939162
17.6467302065
17.6298392238
17.6261181668
17.6425394051
17.6487872906
17.6026820783
17.6106104324
17.6064152231
17.6235988374
17.6478540126
17.7027474538
17.6711609186
17.6567046013
17.6783151687
17.6626386614
17.6646076318
17.7000456908
17.7050968147
17.7007371215
17.6558323767
17.6057845633
17.6138416573
17.63712661
17.6129858518
17.6653680051
17.5875917214
17.5960388332
17.5896405794
17.5550758517
17.5666760534
17.5608985963
17.4654469902
17.5247127108
17.4823660513
17.5718556319
17.5593987499
17.5923279864
17.595891016
17.6210548243
17.6182088277
17.599143127
17.576169314
17.5970714284
17.6024140578
17.6064426523
17.6301552214
17.604090945
17.595284802
17.5906274935
17.576936699
17.5075313208
17.5218440922
17.4956626147
17.481817469
17.4433084387
17.5010192066
17.6828777828
17.7291702224
17.6924135133
17.6608469568
17.6735374142
17.671984432
17.6458205957
17.6415190918
17.5819903251
17.5763090332
17.531464463
17.5149836777
17.4836917357
17.4918299963
17.4705698116
17.5191133396
17.4753444048
17.5177677774
17.5113165682
17.5258186566
17.5169444622
17.5738093718
17.55456276
17.6004891712
17.6321407748
17.6248719721
17.6419651824
17.6239521101
17.6372428755
17.6365018198
17.6741993565
17.6209820154
17.5944929053
17.6008111805
17.5881580579
17.5877130188
17.5449431878
17.5590531183
17.5933938631
17.5953330851
17.5731931108
17.5997806751
17.5693016619
17.5946404133
17.5786438688
17.6485301327
17.6761171157
17.6604487322
17.6927665761
17.6710505721
17.6504609718
17.6553155114
17.6531213637
17.6748057984
17.6742257177
17.6999426684
17.6880995656
17.7029575952
17.6763708749
17.6720007049
17.6366294387
17.6215066306
17.6432948429
17.6092117224
17.6350529425
17.6773314311
17.6808338009
17.643525401
17.6398402048
17.6506086774
17.6594093804
17.6129935359
17.6429347252
17.6243989719
17.6799571646
17.6450369042
17.6524714968
17.6608373029
17.6927128267
17.6623446597
17.6659512651
17.6717720065
17.6620210018
17.6651132059
17.6246709511
17.6761253918
17.662583297
17.6830454318
17.7015561799
17.6869969582
17.6958329184
17.7443072871
17.7355294391
17.7092987639
17.6916096211
17.7530617401
17.7483141888
17.7612673105
17.7541218022
17.7245855475
17.7135706737
17.7567088791
17.7464891299
17.7379922707
17.7317160009
17.6725916924
17.7339410966
17.728079536
17.67783961
17.718060404
17.6996498901
17.7022097519
17.7154402197
17.7090852809
17.7428329043
17.7052045092
17.7250852395
17.7661641904
17.7909850168
17.7752510235
17.7848664826
17.8397360194
17.8009133784
17.7976473343
17.7881192896
17.8111034705
17.7906162558
17.8007784378
17.8145641513
17.7677314498
17.796713008
17.7903846305
17.7638164527
17.7726371128
17.7711732292
17.7474865299
17.7603338105
17.7410419972
17.7960095337
17.8079189271
17.7791105301
17.7590708305
17.7473497032
17.7472444269
17.7345522461
17.7691929141
17.8094685195
17.7804016934
17.8312317176
17.8212750601
17.8340220363
17.8746407319
17.8893444942
17.9090900515
17.8877277154
17.9244735607
17.941030705
17.9316278973
17.9474150714
17.9050851069
17.9147639868
17.8929311539
17.8868430049
17.878325219
17.8718486323
17.8888226206
17.8134088197
17.8363515401
17.8737034244
17.8569671998
17.8568170899
17.8371607421
17.8265520569
17.7987305935
17.786960266
17.7796596195
17.7814679146
17.7696816838
17.7844959602
17.7338993117
17.7290153007
17.7077788096
17.724039487
17.7676038728
17.7219210076
17.712929887
17.7351683885
17.7755844098
17.7564537625
17.7543628523
17.7840090078
17.7416538944
17.7263574911
17.7448287816
17.7442156476
17.7447637504
17.6899150172
17.6910049029
17.7172292084
17.7184014871
17.6913481578
17.7357151296
17.7511770481
17.7598017572
17.7705549698
17.7980625977
17.8492747191
17.8683456723
17.9033027364
17.9512460461
17.986729522
18.0240674638
18.0448536161
18.0319284
18.024619827
18.010468575
17.9925467735
17.9655328963
17.9256467026
17.9299128874
17.895615587
17.877377031
17.8846070616
17.8206824146
17.8323661939
17.7955821857
17.7565850521
17.7650034231
17.7406028165
17.8547992454
17.7280070317
17.7082857118
17.6672324136
17.5922366555
17.6206203147
17.6002598243
17.6115337953
17.6445387725
17.6281505681
17.6531294463
17.6417690732
17.71321891
17.683638052
17.7368770138
17.8174304083
17.8916177147
17.895416833
17.9044016707
17.8913292834
17.9220825936
17.8906594737
17.8394568003
17.8058605125
17.7991577986
17.7575714202
17.72288725
17.7414692473
17.7144795403
17.699489703
17.6660367394
17.6162494278
17.6277993019
17.6456112535
17.5934939884
17.6250207475
17.6726638712
17.675627472
17.7316943505
17.6977029138
17.7652534007
17.7835549547
17.7767009883
17.7566907587
17.7880030419
17.7834734918
17.7755829445
17.7512077591
17.6869020324
17.6979964222
17.6733948708
17.701388655
17.6287806302
17.6074754919
17.5899057157
17.557088242
17.5368091125
17.5295865643
17.5515334382
17.5338177632
17.5891442746
17.7661533053
17.759949287
17.7382507199
17.8463335975
17.8416364335
17.8218379925
17.8977567608
17.8901087766
17.9191349959
17.8702281225
17.8650250518
17.8447355522
17.7658768554
17.7745345
17.623035574
17.7056825135
17.7086589664
17.6853057962
17.6379538935
17.6395666773
17.6329016931
17.5633768315
17.5879406047
17.587135707
17.5905631495
17.5464069692
17.6027434246
17.6317994748
17.6150678525
17.5787574879
17.6342917289
17.585162693
17.5564566652
17.5543070197
17.5615766731
17.5304006391
17.5540885972
17.5370810466
17.517809779
17.4876720436
17.5469473959
17.5435694743
17.5425826988
17.5322296956
17.5521889848
17.5556059628
17.5680512938
17.5362519252
17.5837692935
17.5461848826
17.5673676199
17.5966763967
17.6641057506
17.6304288215
17.7237317449
17.6168815798
17.6307270356
17.6135104822
17.5929678828
17.6297438653
17.593671883
17.6017033172
17.5966081123
17.5809902129
17.5848844744
17.5729636696
17.5413005278
17.5485523766
17.5091675606
17.5013251038
17.5208759257
17.500259931
17.4986461911
17.53424026
17.5492029872
17.6063264359
17.6271095182
17.6690548452
17.6852043282
17.7368174816
17.6710986256
17.7301477141
17.7253811995
17.7223157042
17.6874004467
17.6787499137
17.6437326339
17.6423307813
17.5532830765
17.5063767154
17.454553881
17.4399172807
17.376524973
17.3557624677
17.3164012892
17.2959117029
17.3005543779
17.3133639248
17.3119358608
17.3661150772
17.3920633842
17.4103561877
17.4489868585
17.4567218979
17.5029643826
17.5337348519
17.5104198333
17.5407344825
17.5670169976
17.585610721
17.5782848844
17.540663959
17.5774789281
17.5345615491
17.5025364869
17.5106509248
17.4643507273
17.447011524
17.4279061873
17.4095473534
17.3896734941
17.3887899203
17.3692644134
17.341007711
17.3580278327
17.3092435105
17.3123534829
17.3497198066
17.3384623707
17.358076291
17.3087485378
17.3954044996
17.4039061897
17.3815840754
17.3916183916
17.4187324341
17.3997746368
17.4055119148
17.3997203994
17.4479289265
17.4665131522
17.4272499115
17.3554038307
17.34650735
17.3063185032
17.2676940536
17.2716058693
17.2587126393
17.2944578494
17.2539768059
17.2688188836
17.2258701335
17.2714680788
17.260018085
17.2695490288
17.2909871511
17.3109197108
17.322292587
17.352158536
17.304421333
17.2734803812
17.2984806441
17.2513927393
17.1759603924
17.2002595989
17.1611447764
17.1653587508
17.0878334983
17.1299644395
17.0311163956
16.9991717013
17.0439294536
16.9437801125
16.9426556168
16.9899191893
16.9917062369
17.0230189711
17.0337439644
17.0318040535
17.1095089325
17.1410786115
17.2092707065
17.1933875709
17.2509549735
17.3018326581
17.3281069882
17.312997946
17.3502649871
17.3722830508
17.3546149384
17.2874682424
17.3213591286
17.2929149235
17.1932567967
17.1577051611
17.158316336
17.0371961169
17.0374307941
17.0022217038
16.9631874815
16.972023338
16.9237840899
16.9244439946
16.9684593648
16.9995733444
17.0342043292
17.1086340165
17.1030471574
17.2259502286
17.2035580006
17.2286068859
17.3121134817
17.3167266233
17.3561068869
17.374535213
17.3760076084
17.3704888493
17.3281239252
17.2738629065
17.1686513101
17.1602502259
17.094674204
17.043213723
17.0206347402
17.0145909861
16.9663429673
16.9594513916
16.9590248078
16.9605056258
17.0056006551
17.0363114745
17.0347143506
17.0393004275
17.0983854429
17.1075917577
17.1191681193
17.1735371426
17.2229054563
17.245136876
17.25678983
17.285039766
17.3046679005
17.2963598896
17.3002861661
17.2462149584
17.2564531215
17.2374879489
17.2389877701
17.1540286704
17.1713965207
17.1749251415
17.1770981375
17.1463981159
17.1134888259
17.0678689734
17.0766013294
17.0717784857
17.0802176806
17.090076161
17.0865924137
17.0938300796
17.0899312929
17.1369364412
17.1598201805
17.1917102054
17.1962301227
17.2422086542
17.1946821867
17.1817667675
17.1315029878
17.0708045114
17.0253868665
16.9772904726
16.8798919701
16.8291908961
16.8283376597
16.77531043
16.7594873891
16.8077517021
16.826476557
16.8201340095
16.9389317407
16.7733631503
16.7845720194
16.6919854952
16.7248674758
16.7187852387
16.7578128723
16.7730037243
16.7586895433
16.7920341451
16.7589292719
16.7524943244
16.737234634
16.7790080492
16.7875055891
16.8158720184
16.8673170978
16.8349870555
16.8767684354
16.9295312753
16.9288230857
16.9362877373
16.9136476725
16.9292265962
16.9694196807
16.9634380356
16.9388942313
16.9764307885
17.0306622364
17.0529196749
17.0929921395
17.1390409456
17.1745144216
17.1828367523
17.1950791374
17.2346424611
17.2679315112
17.2411449229
17.2070307285
17.2402181795
17.2301252845
17.2539133745
17.2259620716
17.2188620678
17.2234714378
17.1946381302
17.1577787788
17.1055955545
17.0943448833
17.039373421
17.0685366994
17.0366090164
17.0307931577
17.0427656292
17.0254528995
16.9904788758
16.9933608234
16.9847492915
16.9968868855
17.0609324743
17.0377597545
17.0523644305
17.0988113127
17.1051160164
17.1433358292
17.1981270416
17.1832574078
17.211381639
17.2289530105
17.2281259015
17.1793705704
17.1892089393
17.1591933724
17.1266939963
17.163777584
17.1432173446
17.1307911711
17.2174806397
17.161419117
17.1231962494
17.1582503187
17.0619428346
17.1044423772
17.0306538371
17.0850430766
17.0625100267
17.0698632119
17.0871835788
17.0997154708
17.0648397428
17.0516311606
17.0524925345
17.0561298448
17.0425964289
17.0668568075
17.1216409305
17.1048717748
17.1126043136
17.1357444663
17.1586578183
17.0891108067
17.1526167359
17.1176598469
17.16201727
17.1190034706
17.1675484748
17.1597188522
17.1889156913
17.1623260856
17.1491626253
17.125636002
17.1019320813
17.0335297653
17.0649930089
17.0262155342
17.0392299274
17.0070372995
16.9625610238
16.9832930027
16.9670003953
16.9798981588
16.9353016736
17.0112672225
16.9741602189
17.001291237
17.0257983252
16.9936758782
17.0689119479
17.0697709661
17.0636150322
17.0783660232
17.0900679286
17.1106062663
17.1058752207
17.0600714329
17.0177391011
17.0220082906
17.0477774164
17.076680336
17.0491084976
17.0208614891
17.0735214364
17.0450300808
17.0594216646
17.0600435277
17.0538045331
17.0158820434
17.023023772
17.0163883488
17.0207376404
16.9743616659
17.005474065
16.9879348485
16.9673559962
16.945820835
16.9341406932
16.8882357386
16.875148712
16.8528704576
16.8834871902
16.8891169919
16.8881060033
16.8870249364
16.9197552032
16.9082025956
16.9428182533
16.9559329866
16.9312394306
16.9692514578
16.9340064752
16.9759240482
16.9911603657
16.939864312
16.9916727924
16.9557262024
16.9164727404
16.910707906
16.9204994669
16.8881971179
16.8809326538
16.9031545331
16.877769073
16.8222338624
16.8639437121
16.8800455386
16.9064429901
16.8550230649
16.8378256642
16.8763951063
16.9021812591
16.8822368865
16.9232230963
16.9228611525
16.8575712974
16.7413329698
16.7240502805
16.7329091449
16.7832783022
16.8475172617
16.8298501935
16.8453141167
16.8286797823
16.8205494475
16.8194319065
16.7805929138
16.765342876
16.7570302324
16.7028843649
16.7453431142
16.7168997728
16.6858657507
16.6857206607
16.7063052648
16.7084875254
16.7172446211
16.6829514622
16.6881104574
16.6700794927
16.7173341061
16.6811212046
16.6585367601
16.6262320597
16.7030683217
16.7074911264
16.7258030894
16.7319020506
16.7648678536
16.7578318147
16.7632503199
16.753175181
16.7283044667
16.7230721831
16.8029055578
16.748306419
16.771966714
16.7470804844
16.7914168201
16.7786352914
16.745735244
16.7496947845
16.735060814
16.7378846452
16.6697219172
16.6625986992
16.6853988562
16.6936353555
16.705572622
16.720027983
16.701681467
16.7259132871
16.7650320401
16.7696740416
16.700064307
16.7241360229
16.7458377299
16.7549629384
16.7041563187
16.7297157998
16.7291740603
16.7400290432
16.7582800168
16.7487717124
16.7653753817
16.7569287306
16.7941841907
16.7746382089
16.7802171304
16.7878276545
16.7560809964
16.7926919696
16.7558829289
16.7614073686
16.7309034586
16.6910287245
16.7175463272
16.6917446533
16.644805459
16.6562929785
16.6141551305
16.6290357056
16.6118652062
16.6123905653
16.6008202494
16.6102775604
16.6047034244
16.6062737986
16.6540160825
16.6265606997
16.6306640971
16.6438137254
16.7219350919
16.7195886947
16.7326085859
16.7500280784
16.7750797617
16.755132387
16.7803829384
16.7662678181
16.7627993875
16.713057524
16.6802622189
16.6931495335
16.6581159359
16.6515000324
16.642546542
16.6730886632
16.6247184988
16.7232114393
16.7007239806
16.6937181943
16.7234543611
16.7242125186
16.7224410708
16.6836525584
16.699966531
16.657428592
16.6932557666
16.7093702378
16.7271130123
16.7283000808
16.722896694
16.8241266168
16.81452464
16.7707468706
16.7498324296
16.7612147435
16.7937270225
16.733074259
16.7355020514
16.7129526375
16.7016715933
16.729813134
16.6686975181
16.678649743
16.6825247073
16.6656402381
16.6835342748
16.6821743495
16.6860201437
16.69367665
16.6163107596
16.6471091204
16.6265066502
16.6585146412
16.6556951338
16.6747927978
16.674530306
16.7077260705
16.729232827
16.7197698465
16.70454362
16.7017577391
16.735408729
16.7763996187
16.78158889
16.7871281952
16.781541493
16.7325624774
16.73444147
16.7448885989
16.7534316229
16.7414580155
16.7084041239
16.6741710837
16.7042572933
16.7189350854
16.6981736121
16.6537396108
16.6696284506
16.6389767492
16.647261663
16.6630807181
16.645096473
16.6342532085
16.6114371024
16.6589310925
16.6354593009
16.6095095852
16.6003603332
16.6099125603
16.6416924293
16.6510564703
16.6553133906
16.6644059227
16.6157078289
16.5757304818
16.595739884
16.5492086332
16.5670431771
16.5436734539
16.5947033273
16.5783901635
16.5849215461
16.5770371701
16.5608435511
16.5700517067
16.6086642174
16.5835844574
16.5862735431
16.6209561227
16.6316842525
16.6568418345
16.6516878835
16.6488834388
16.6272184566
16.5980810897
16.6457317468
16.5860878621
16.6040242179
16.5769686845
16.6158418518
16.5818817814
16.5964883108
16.574305739
16.6223372626
16.6293484128
16.5750535712
16.5705018504
16.5690134282
16.5371234064
16.5231989079
16.5078011615
16.5269007546
16.5441735593
16.5476645661
16.5325920031
16.4972411297
16.5247052603
16.5339674344
16.5284835145
16.5521039323
16.5963322326
16.6330702397
16.5957007107
16.5624121631
16.5716925887
16.5830094676
16.5628936071
16.5545891036
16.5550865313
16.5484112748
16.575988709
16.5155622605
16.5167751405
16.4884306604
16.475176633
16.4726145394
16.4744852514
16.5214571207
16.554325984
16.51655484
16.5304795332
16.5311655729
16.4988749336
16.492043178
16.5447387288
16.4976802809
16.4973659604
16.5236543668
16.5005569333
16.5008712576
16.5320699807
16.5243834477
16.4980131796
16.5253343797
16.4542901692
16.5447162846
16.5370293917
16.5204691057
16.5423580462
16.529062708
16.5980743158
16.6164812289
16.6119775211
16.6013565312
16.6348626262
16.5905041839
16.5952333401
16.5710401783
16.6306642488
16.6642834782
16.623675375
16.6148787329
16.5833748441
16.5502797089
16.5622930172
16.5384096967
16.5565880445
16.5482863557
16.5991533573
16.5575057252
16.5530713849
16.5686754267
16.5632450998
16.5575048471
16.5602023078
16.5426981108
16.5516753138
16.5065076441
16.5662965955
16.5044327831
16.4957160319
16.4793805891
16.4586362094
16.4462288205
16.4443347015
16.4445089094
16.4897223577
16.4770256139
16.4764295639
16.5138639797
16.5082751805
16.5218845897
16.6089972315
16.5533074285
16.6385409138
16.5872825908
16.6193164803
16.5958882792
16.5989408161
16.5977841729
16.6084288261
16.5924514067
16.6118525231
16.5730241753
16.555868583
16.5507778396
16.5569967578
16.5922692281
16.5456758813
16.5719481792
16.6080243613
16.5930342985
16.6067850676
16.5980703357
16.6246315254
16.5934505989
16.6217048839
16.6192535812
16.6360557098
16.6168754683
16.6023939968
16.6671430193
16.6629944782
16.6830659969
16.6586191997
16.6015316881
16.6227108403
16.6529550924
16.6586416734
16.6561902086
16.6354028658
16.6513499818
16.6216788977
16.6261859243
16.6357812255
16.6469490177
16.6318817702
16.6003878272
16.6345325365
16.6625409286
16.6746501641
16.6619827619
16.6851495605
16.7035857146
16.7115099891
16.7059826936
16.7336148102
16.7569374391
16.741448478
16.7483562951
16.7495961642
16.726877978
16.7362095863
16.7089189022
16.6614647604
16.6749732292
16.6918719639
16.7080807021
16.6569611205
16.6612392544
16.6543035546
16.619211807
16.6237400074
16.583047318
16.5939224569
16.6291076015
16.6125455271
16.6570085628
16.6466932021
16.6588015471
16.6701388718
16.6474621459
16.5977626344
16.6113388431
16.6368415693
16.6579202242
16.6991829362
16.7168256015
16.6969162264
16.6816458254
16.6828703685
16.6724838795
16.6524540192
16.5638343548
16.6235510596
16.6090199651
16.5929285763
16.5966488368
16.6022196506
16.5753537334
16.5363067432
16.540154813
16.5283388211
16.5206914635
16.5189049702
16.5673939214
16.5353429995
16.5437876019
16.5573281142
16.5245239602
16.5837028383
16.5369883291
16.5823288561
16.5777821536
16.5885700681
16.5599275354
16.5504559969
16.5466898357
16.4858606034
16.5241591365
16.489828412
16.4520498853
16.4535854023
16.4421503399
16.4551515499
16.4258284293
16.4192152756
16.3977751538
16.3704576166
16.3761410409
16.353526399
16.3941786558
16.445796529
16.4332045421
16.429585311
16.4425055237
16.4333999655
16.4953950185
16.48552833
16.5368860678
16.5325419803
16.5320240303
16.5499541278
16.51860957
16.551700076
16.5245203392
16.5178772521
16.4938357089
16.5153428302
16.4869123183
16.4439177663
16.4621164221
16.3760683804
16.3749853309
16.3665335225
16.3609251562
16.320848625
16.3551468424
16.4240382378
16.4334623969
16.3828832981
16.377273087
16.4035693199
16.4271017627
16.4238608106
16.4156465809
16.4356050921
16.4408068504
16.5146083686
16.5439043574
16.5406541471
16.5302485875
16.5161553152
16.4446031774
16.4550019938
16.4177942566
16.4127994307
16.3956368045
16.3638259048
16.38008779
16.3576994324
16.3626213438
16.2838530466
16.2845031236
16.2949766205
16.2959799311
16.3623625789
16.3641721935
16.3898346683
16.4264554697
16.4423659404
16.4472675645
16.4407038896
16.4743920764
16.4348363739
16.4705833218
16.4579793735
16.5181636884
16.509532934
16.5008062521
16.4991334533
16.4824215634
16.411984516
16.4203089683
16.365670764
16.3725034048
16.3618361797
16.3349188982
16.3351081428
16.3170757226
16.3314411127
16.3375555416
16.3242515289
16.3043087442
16.2894419646
16.2572441815
16.2642354952
16.2589762248
16.2720647785
16.3587273539
16.3892547964
16.3670386759
16.4177722436
16.4134140428
16.4112486161
16.4283975943
16.393226875
16.4263535134
16.4540358939
16.4919190709
16.4892910894
16.4543038431
16.4917802594
16.4847472399
16.4026116779
16.3411501192
16.3870286879
16.3441443847
16.3583151892
16.3655505033
16.3370369429
16.2914165958
16.2752753493
16.2274993169
16.2303472831
16.2317527331
16.2281355911
16.227321365
16.1914046076
16.1965872979
16.2286653808
16.2042283101
16.2142900327
16.1920368023
16.1958763697
16.2677987147
16.2799271721
16.3079229661
16.3389611834
16.2888789602
16.2940477395
16.2917548639
16.2852746398
16.3402117302
16.3105661005
16.2726315918
16.2641713756
16.2940755218
16.2699833042
16.2864916695
16.249389307
16.2495657477
16.2481243316
16.2453235982
16.2375643332
16.204030231
16.2071527436
16.2220353201
16.2009737849
16.1779608953
16.2329950243
16.2189580208
16.2455667386
16.2509027581
16.2367027695
16.2511293874
16.2527247733
16.225053158
16.2412102793
16.2857900817
16.2702557083
16.2380714466
16.2579245049
16.2458574989
16.2374944719
16.2163881797
16.2150727113
16.2358876084
16.2514460799
16.223414508
16.2363538297
16.2860062327
16.2594010089
16.2168634901
16.2191205445
16.1862189487
16.2085740014
16.2355490623
16.2436112896
16.2363220328
16.1742159648
16.1826341339
16.1657366524
16.1263994956
16.0981106016
16.0867357257
16.0792124782
16.0754948029
16.0315526925
16.0376741932
16.0607497622
16.0678759728
16.0877403825
16.1264415157
16.0627033371
16.0313749091
16.0367092947
15.9422541989
15.9266797577
15.9318607443
15.8783580678
15.8910029726
15.8913536097
15.8510117738
15.8296476214
15.8476073337
15.8268880717
15.8417460383
15.8603381087
15.8615500278
15.8912174105
15.9357556406
15.9577045271
16.0386450036
15.9920799287
16.04061337
16.0579747509
16.1058148762
16.0390450357
16.1176305489
16.1145384912
16.1493680794
16.1765125589
16.1950933659
16.1651459566
16.2059521057
16.2067834373
16.2549167473
16.2447782197
16.2192382732
16.1826332598
16.2165503738
16.1623420993
16.1730749872
16.1382275085
16.13501871
16.0971979968
16.0192066381
16.0572842625
16.0446147581
16.0286563953
16.0124828083
15.9868840409
15.9712824853
15.9876139474
16.0009023056
16.0014093244
16.0110249597
16.0245460695
15.9982739173
16.0056168253
15.9675829108
16.0106651567
16.0235989085
16.0521894193
16.0407249579
16.0936369203
16.0955439239
16.0682274127
16.0748821896
16.1040115169
16.1266900702
16.0855496455
16.0619905661
16.0841690316
16.0666459833
16.0385988544
16.0314143411
15.9992321304
15.9864122414
15.9481291967
15.9510303662
15.9310545795
15.8927142613
15.8811202613
15.8520447341
15.8168146226
15.8467514171
15.8256763145
15.8273525307
15.8317945347
15.8567769444
15.8797999128
15.9113292976
15.9252321851
15.937110162
15.9851458394
16.0080217121
15.9748745282
16.0156867195
15.9725356481
16.0321930103
16.0451596968
15.9808278954
15.9627801946
15.9905552492
15.9078358307
15.9329743042
15.8506393391
15.8264121208
15.8352196934
15.801491793
15.8310731207
15.8138733331
15.7961605807
15.8083712964
15.8147820577
15.8047573045
15.8398733967
15.8060751782
15.860762404
15.8952296855
15.8837026317
15.8477178028
15.8229625856
15.8088228463
15.804147496
15.7858494436
15.7392928435
15.7467159863
15.7284104102
15.7359529239
15.7499111285
15.7393023818
15.7164445843
15.7224723337
15.7933149057
15.8138165381
15.8236071341
15.8376708228
15.8674277028
15.8914853119
15.8440380093
15.8506573275
15.8238622948
15.6841342215
15.7549258133
15.7562282305
15.7106294211
15.6397411189
15.5977602447
15.5795038803
15.5710190615
15.5239015711
15.5051339615
15.5226444944
15.5220995585
15.5259541
15.582804126
15.642660881
15.6475177899
15.7130194491
15.8325936281
15.8714988297
15.8889177206
15.8654584597
15.8746985693
15.7929278546
15.7543489964
15.7098677572
15.6332125005
15.5978987579
15.5169996787
15.4660481025
15.4106158511
15.4228407449
15.4435172269
15.4709903847
15.4897468295
15.4934970881
15.5430519583
15.5944374964
15.8563800179
15.7704845576
15.9328511473
15.7904717891
15.8022411264
15.8093391754
15.7899783595
15.8309180012
15.7625632615
15.7296694467
15.66574892
15.59611516
15.5519922011
15.4609318336
15.4841838461
15.4148193839
15.3978916964
15.3867712182
15.383092343
15.3586220898
15.406525401
15.4308471111
15.464714849
15.5247841571
15.5937313698
15.6187164475
15.626305473
15.6832377248
15.7067599113
15.7034181653
15.7132403019
15.6717169945
15.5661875601
15.5589033234
15.5681808085
15.5009187613
15.5099060605
15.4427909392
15.3556071609
15.3724711875
15.3690816834
15.3955297096
15.4112181867
15.4058538232
15.3973344939
15.4327898315
15.4156091636
15.4470845045
15.5184598337
15.5449988096
15.5568616632
15.5511015928
15.5797311536
15.5510214454
15.5331659479
15.543950818
15.4433399137
15.3768151719
15.3948572347
15.3908759956
15.3409694224
15.3636562239
15.336931723
15.3236881152
15.3163606964
15.3373271363
15.368847991
15.4060998857
15.4470474074
15.4635756882
15.4554239558
15.403018114
15.3462034358
15.3085034308
15.3047815724
15.2737246449
15.3814778635
15.3925309689
15.4157707792
15.4072821562
15.4228877882
15.367281126
15.318181738
15.2817853107
15.325904901
15.3257252698
15.2894648529
15.3627376968
15.3744467819
15.3664923464
15.3804668521
15.3982997613
15.412666737
15.4842143915
15.4974504725
15.5250397509
15.5659467847
15.5425363057
15.5259318301
15.5564118251
15.5432893058
15.5165387819
15.5436675886
15.4872587006
15.4421040762
15.449161827
15.4198609461
15.4312181418
15.3696959654
15.4408611192
15.41535413
15.4376702652
15.4475585812
15.4609162967
15.4632647987
15.4784397362
15.4869759968
15.468477749
15.4775479007
15.4960595139
15.5181568515
15.4788641836
15.5392714423
15.5022519808
15.5251995245
15.5321960118
15.5603108422
15.5429935677
15.5451044049
15.5271166966
15.549078647
15.5631107117
15.5334663062
15.5444618592
15.586745487
15.5005920846
15.5120151385
15.5570718219
15.541871476
15.5359631946
15.550107621
15.5181201707
15.5379942321
15.5462017856
15.5468355359
15.4960167796
15.5129232893
15.5007841566
15.5082862198
15.5296084722
15.5253764163
15.5427346321
15.5022368676
15.5089298212
15.5361225667
15.4965039222
15.5278945611
15.4949552933
15.5229394311
15.5254797159
15.4926976987
15.5410791619
15.5568493958
15.5540904597
15.5382138392
15.5643293039
15.5651950973
15.5532148975
15.5573124965
15.5530945081
15.5437061876
15.560623912
15.571175126
15.6025014682
15.5758797772
15.5708902032
15.5856155507
15.6297312903
15.5538903644
15.5328053727
15.5201829094
15.5526180238
15.5702739367
15.5354585604
15.5632351268
15.5823807516
15.5821421644
15.5270025184
15.5611058241
15.5668399951
15.5816580485
15.5789031641
15.5896670064
15.5911914396
15.6412265289
15.6252506394
15.6585957213
15.6461659148
15.6613066367
15.6270647618
15.6515275991
15.657577826
15.644652884
15.6445317748
15.6596415257
15.6765728848
15.6903009633
15.6707117538
15.6701687157
15.6333989863
15.6732586655
15.6503197315
15.6322326378
15.633476931
15.6121351353
15.6454593937
15.596543501
15.6045239004
15.6513972887
15.634600798
15.6343875276
15.6414981382
15.6485976376
15.6179467344
15.6438320545
15.6830642369
15.631750722
15.6514320821
15.6817937272
15.6906818428
15.6852875502
15.6710372437
15.7039489124
15.7215518867
15.7075048012
15.6973222833
15.6924771527
15.6742073633
15.7034019179
15.7286156603
15.6608855404
15.6760753525
15.6562385843
15.6551324116
15.6319855587
15.617636891
15.6761471434
15.6688215185
15.6695550222
15.6084787192
15.6468404689
15.6353144697
15.639098163
15.6576473578
15.6559561801
15.6647263539
15.6716518956
15.6227503539
15.6558251902
15.6376426522
15.6528377474
15.6400166645
15.647398368
15.5972197966
15.6785461207
15.6218910195
15.5992267253
15.637846767
15.6283025722
15.608418293
15.6094164002
15.6394291109
15.5844670367
15.6232805295
15.5856571632
15.5963589049
15.5875064434
15.627083605
15.6133896106
15.6016419077
15.5846477115
15.5560592511
15.5958700413
15.6174973324
15.619269809
15.6009284685
15.6135447928
15.6340202266
15.6610441901
15.6638712774
15.6220553982
15.6325650783
15.639156376
15.6695143754
15.6515533107
15.5913587514
15.5828133406
15.5593959748
15.5515278831
15.5585614736
15.5411224169
15.5335049022
15.5356558254
15.4803928627
15.4816496132
15.5012005541
15.5269887791
15.5802072764
15.6023896643
15.5995982136
15.604486119
15.6239352843
15.6432698464
15.6652692577
15.6736959541
15.6721438937
15.6214293644
15.6149379243
15.6259370526
15.5944032315
15.6702322497
15.6604305022
15.6654594895
15.6224521258
15.6488516598
15.643145651
15.6374671838
15.6532775427
15.6608966738
15.6321205817
15.6385308634
15.7092213054
15.6797471824
15.674403159
15.6826745601
15.6857750811
15.65440348
15.665934532
15.6492509229
15.5863905979
15.5764383329
15.5749000899
15.5561903409
15.5725708944
15.5939227496
15.6012312676
15.6285766183
15.611639472
15.6402692541
15.6260753941
15.6093186895
15.6134398576
15.6152994805
15.6640550908
15.6927894448
15.6720569953
15.6486994769
15.6494536123
15.6551448408
15.6075243814
15.6348807518
15.6151327701
15.6145708668
15.6448062842
15.6197851396
15.6087033758
15.6167278748
15.5740393023
15.5994399778
15.527903151
15.5390569214
15.6023650186
15.5881980182
15.601675257
15.6007193419
15.5790273817
15.5925554528
15.588617803
15.5491031989
15.6186156309
15.6589551008
15.6373093571
15.6373639169
15.6580875145
15.6627275412
15.6364350437
15.6434209814
15.6684062754
15.6979175972
15.6719544733
15.6622606608
15.7008123
15.6338777683
15.5876047623
15.6214290151
15.6573993902
15.6089492181
15.6493162797
15.616980613
15.6752465214
15.6608627723
15.6599266045
15.6506034068
15.6082967631
15.6044146965
15.5915467238
15.623112473
15.6185802818
15.5938966096
15.5845382695
15.571400056
15.5973416274
15.6042596062
15.597052275
15.622158464
15.5862321267
15.6281701036
15.5878367865
15.5839503849
15.6283897543
15.6236060963
15.6410161115
15.6794675102
15.6770987143
15.6687109742
15.6864188588
15.6636412604
15.6474592118
15.6589349467
15.6428113988
15.6099560472
15.5983464907
15.6523350192
15.6287691662
15.6188103095
15.6247671949
15.636772224
15.6393264183
15.6454755143
15.6778347314
15.6371810586
15.6280252641
15.6505627429
15.6403392997
15.6443650898
15.6478137288
15.6536467396
15.6737725414
15.6134961785
15.6350695651
15.624284043
15.6050953231
15.6332225451
15.6199661807
15.6277296865
15.6502391663
15.6302706356
15.6053257372
15.6534217874
15.6628494676
15.6891502851
15.7063655453
15.6621770952
15.6893587337
15.656200277
15.6631807012
15.6396913888
15.6887235571
15.6584820766
15.6675977037
15.6665847406
15.6938456712
15.6782222749
15.6465109022
15.6496207666
15.6739096417
15.672575626
15.6835103836
15.6797218618
15.6334045326
15.711411634
15.6614477417
15.6718371772
15.6359842565
15.6479699845
15.6247226295
15.687498548
15.6612948409
15.6746403888
15.6615580049
15.7067379786
15.6499467075
15.6771154228
15.7050262086
15.6988536301
15.7082733133
15.6975680331
15.6922285705
15.6824405727
15.7177152304
15.7166093095
15.7112352811
15.7128433131
15.702095949
15.7171388412
15.7191749757
15.7010665331
15.6748569337
15.6799614473
15.660332943
15.6383682855
15.6270420965
15.6239154378
15.6245424718
15.6142882173
15.6277054995
15.6208025429
15.6158769238
15.6685735719
15.6597923808
15.6617832674
15.6755733857
15.6944283044
15.6716603954
15.700372901
15.7048274891
15.6725215613
15.6468898094
15.6718311284
15.6245017606
15.6557650701
15.6752390853
15.6816596137
15.6561318831
15.6902366824
15.681101909
15.7193601115
15.6658891064
15.6326745601
15.6068596405
15.6222644405
15.6688630538
15.62184002
15.6428097717
15.5963804535
15.6127356805
15.6349828423
15.6135301522
15.6266427349
15.6269790195
15.6722078178
15.6680119764
15.6851468988
15.6122001252
15.6148803557
15.5820089325
15.5696411528
15.5639520367
15.5134463793
15.4746577762
15.472950409
15.4675065697
15.4544973471
15.4178001536
15.43171379
15.4685079118
15.417401236
15.4415694006
15.422375026
15.4878080527
15.4920881664
15.5287342768
15.4695556957
15.4702137751
15.540657948
15.4801284815
15.4961824473
15.4750742133
15.437855091
15.4518843469
15.4700052424
15.4508708741
15.4726971717
15.4451107587
15.4900283208
15.4572197262
15.4895716649
15.4940051092
15.4923293558
15.4891019707
15.5521572148
15.5072607205
15.4933945106
15.4733569083
15.4927801904
15.4866820816
15.4835130487
15.4713890761
15.4834437887
15.424520481
15.4261897496
15.4434441813
15.44305399
15.4222798752
15.4336752842
15.4754410272
15.4526747502
15.4963350345
15.4644780189
15.509136809
15.4891638293
15.4996923817
15.5111503191
15.5339149611
15.5330685922
15.5525271336
15.5308181179
15.5346696616
15.4834725769
15.5098254371
15.4941947863
15.4712880251
15.4307329611
15.4315875814
15.3880106816
15.3803562181
15.3648328417
15.3950184163
15.3592019815
15.3906375246
15.3535922717
15.403225174
15.3889369962
15.4069978504
15.3833642615
15.4512257897
15.4707172273
15.4660081715
15.4772169608
15.4807436177
15.5060310883
15.4857713451
15.4557144755
15.4282755616
15.4294164791
15.4443051219
15.416558778
15.4080247289
15.3735068975
15.3661970176
15.3545318658
15.3863849036
15.3737422663
15.3792574359
15.3824096955
15.4183412557
15.448976859
15.485549734
15.5042491203
15.5040364573
15.5286519059
15.5059145761
15.5270947965
15.4629904702
15.4383433178
15.3823459799
15.4112451476
15.3935576943
15.3694299851
15.3562116187
15.3668013142
15.3418557281
15.3774971375
15.3810339315
15.3830979458
15.3370953704
15.3151920903
15.3784984749
15.3898743083
15.4310548142
15.4512000173
15.4648434264
15.5277366624
15.5460624947
15.5376682765
15.5527947042
15.5220818548
15.5224049186
15.4600085942
15.4205339298
15.4605047397
15.4087428212
15.4090212369
15.386401945
15.352767736
15.2965769695
15.2798036086
15.2941633465
15.3409901731
15.2879619814
15.3351425089
15.3714224806
15.4194153023
15.4601832023
15.4830579175
15.4459779221
15.4096629703
15.4349786836
15.3122043094
15.2880077713
15.2638925837
15.2481848074
15.2060941879
15.2399291127
15.2527420738
15.2647991611
15.3044352617
15.2964611396
15.3945590206
15.3896748326
15.4522621236
15.4573465594
15.4941404938
15.4846185847
15.5202289756
15.5092503562
15.4611991309
15.4532651428
15.4435382444
15.4298633496
15.3958359224
15.3468288186
15.3704747433
15.3608467145
15.3203462376
15.2733322807
15.2653915898
15.2974929687
15.3232216068
15.3293968289
15.3817705317
15.3705600544
15.3981912571
15.3843940074
15.3691485724
15.322606594
15.3522104157
15.3540472575
15.3610977782
15.3710301161
15.4058946057
15.3848948251
15.329187428
15.3383760233
15.3803768149
15.3820502934
15.4183258844
15.4368036326
15.4416591071
15.4084575194
15.4755691906
15.4173845308
15.4680075289
15.4694495692
15.4525070636
15.4769192934
15.4273542412
15.3822986877
15.372235357
15.3307545476
15.3409823386
15.3152384557
15.3222214941
15.3049974874
15.3114091359
15.2886921992
15.2928587111
15.2619391175
15.3072307742
15.307898844
15.3117125402
15.3714973134
15.3601607648
15.3265037766
15.3593725165
15.3682208681
15.4292399053
15.3598438064
15.4278198573
15.4358617761
15.4324644763
15.4435362661
15.4564188692
15.3573859105
15.3795231034
15.3934030604
15.3656367782
15.3504616236
15.33006628
15.3550109448
15.3497695223
15.3595209898
15.3434181047
15.2807959839
15.2993040254
15.3539933575
15.3550092588
15.3392535417
15.3846753869
15.3877034966
15.4418226717
15.4770382502
15.4296183278
15.4920613426
15.4949440397
15.4936198617
15.5083861204
15.5164148197
15.5140095495
15.4704006561
15.4861232349
15.4472836788
15.441514084
15.3941410943
15.4378529773
15.457699544
15.4035323816
15.3850327483
15.3866821804
15.3784342118
15.3672036717
15.3807428116
15.4021805424
15.3807090401
15.4142058401
15.4063367405
15.4220612653
15.4169428925
15.4631238213
15.4052224182
15.3845954686
15.4083175505
15.40164475
15.3996162195
15.3620799551
15.3567024316
15.3986448719
15.4111547727
15.3844933617
15.3601764737
15.3573944852
15.4193791379
15.3959368229
15.3233728318
15.3630997588
15.3074457651
15.3325489411
15.3479041853
15.3250681144
15.3622677788
15.3378205102
15.3451172291
15.3537532842
15.3038815889
15.3196113235
15.2902923764
15.285219499
15.2748554489
15.2297540287
15.2467246491
15.2297570442
15.2225223585
15.2438436614
15.1969375159
15.2004987487
15.1725921952
15.2151034345
15.2165316811
15.196794137
15.20113963
15.3609315982
15.3495368714
15.3201619234
15.3576456744
15.3121392107
15.3237961963
15.3062497095
15.343163616
15.3313153612
15.3159223609
15.2723327382
15.299076666
15.3244326558
15.2439230832
15.2166056708
15.2291966685
15.2042791549
15.2132258747
15.2127778165
15.2764100387
15.2725956897
15.2996100265
15.3234765401
15.314376056
15.3509245878
15.3319699137
15.3240282105
15.356744037
15.3622474512
15.3821598359
15.3716085396
15.3993306702
15.3923683279
15.3852379393
15.3913335613
15.3657401582
15.3510048605
15.3263374621
15.3162586179
15.2381286047
15.2301502171
15.2469357647
15.2451887798
15.2212559803
15.2043034055
15.2252739727
15.1843301513
15.157588959
15.1445677154
15.143711679
15.1638534769
15.1902003569
15.19117768
15.1992109303
15.2234051926
15.2160665914
15.2895949009
15.3046815931
15.3235142085
15.2910209848
15.2705307491
15.2802779612
15.3427317243
15.3046195124
15.2728822098
15.2895761845
15.2045016976
15.1638966098
15.1814752817
15.2077269344
15.2458770087
15.2317593071
15.2423495245
15.2632646899
15.2620143572
15.210008671
15.2637306078
15.2550904371
15.2670204437
15.2506694208
15.2523571992
15.2120590771
15.2348081102
15.2441651945
15.237842508
15.26326072
15.238188187
15.2603948434
15.2007314275
15.2105406807
15.2144475401
15.2147349257
15.2136394921
15.1972301487
15.1595270501
15.1346679593
15.1350760016
15.1361454748
15.1194850146
15.1282062887
15.1180448631
15.1276079951
15.1329888026
15.1088632896
15.1550638183
15.1921589176
15.2289155496
15.2290970984
15.2482009164
15.2561962868
15.2692782697
15.2741998136
15.3202587809
15.3259302042
15.3025400934
15.3405278324
15.3605739169
15.3480061491
15.3216150725
15.3227023775
15.2721714134
15.2687622298
15.2831269226
15.2312100445
15.1938637587
15.1779494541
15.1930613428
15.2048203164
15.1376131766
15.1317351536
15.114543623
15.1073450513
15.1045532748
15.123312813
15.1420757209
15.1452344458
15.1404559142
15.149731602
15.1950689668
15.1945371686
15.2323366608
15.2038630428
15.2338230658
15.2266101849
15.2710346954
15.287680526
15.2800201895
15.3026889793
15.3128784678
15.290748165
15.2803562333
15.2709243839
15.2699742635
15.2322381967
15.1956472273
15.1993715121
15.1901869718
15.1786484511
15.1422391335
15.1083229731
15.0708901932
15.0306867288
15.0576729567
15.0347214851
15.0386172517
15.0371902062
15.0709975281
15.0450705363
15.0761149407
15.0978508719
15.0848453935
15.0624584991
15.0666168636
15.0462860743
15.1084398133
15.088859951
15.0711812224
15.1424315057
15.1042676708
15.1347838904
15.1230833718
15.1187840802
15.110581308
15.143850805
15.1393088948
15.1131920233
15.1044884129
15.1173879443
15.1225363095
15.1014676804
15.0991083296
15.1369984833
15.1120307708
15.0979302997
15.1126790065
15.1119353352
15.117751994
15.1100403843
15.1043869571
15.0824016556
15.1044437829
15.0747427193
15.1150458917
15.1286392859
15.1142791186
15.1537383838
15.161580271
15.1609434776
15.1519171889
15.1713263074
15.1520478146
15.1356195876
15.1839392287
15.1716776943
15.1585799207
15.1900506798
15.1549898409
15.1608148935
15.140114305
15.164402898
15.1392084474
15.1102818847
15.124180996
15.1123781255
15.0740620102
15.0569057191
15.0387646938
15.0482407605
15.0450682438
15.0590208507
15.037348479
15.0562581037
15.0019182982
15.066291962
15.0474794905
15.0795396794
15.0555304133
15.0817054705
15.0700529913
15.0920013757
15.0486786544
15.0583692223
15.0544272796
15.0593308793
15.0683037886
15.0433675834
15.0690309498
15.0600196801
15.0502956581
15.0459256691
15.0870186193
15.058225628
15.0460172724
15.0090917227
14.997760887
14.948692563
14.9794258497
14.9539615986
14.9622187246
14.9437227361
14.9696766913
14.9251103323
15.0033840995
14.9667823064
14.9710851789
15.0043931337
15.0139595317
15.064406518
15.0620901175
15.0682347498
15.0799343318
15.0478870263
15.1024950175
15.0800244218
15.1005380369
15.1262449469
15.1154238721
15.0795721221
15.0957358144
15.1172434717
15.1067821595
15.0968786289
15.0881351321
15.0429696624
15.0204482721
15.0305055789
15.006147652
14.9934043794
14.9990027638
14.9943564844
14.9860088692
15.0261031434
15.0158023468
15.0155858474
15.0034807215
15.0450071398
15.0446578824
15.04478107
15.0024455084
15.0079974389
15.0174242656
15.0225290319
15.0109326188
15.0382911628
15.0306915641
15.0197750383
15.0297670717
15.0624984649
15.0351092819
15.1074752627
15.0718346101
15.0574576855
15.0894346008
15.0247354686
15.0499435005
15.0168314432
15.0635323182
14.9788994569
14.9848742961
14.9961205398
14.9577572409
14.9946764678
15.0065113887
14.987504551
14.943095017
14.9819944326
14.9483604986
14.961271202
14.88037547
14.8841165966
14.8803627352
14.9312421921
14.9395581719
14.9163241209
14.9437341868
14.9721452622
14.9796301263
15.0032758302
15.0110638536
15.0392319811
15.0312072144
14.9940431124
15.0447266845
15.0252341988
15.0333642802
15.0098494051
14.9932521559
15.0365859183
15.0068420119
14.9613587284
14.999763927
14.9475265639
14.9229336199
14.9715241153
14.9223437444
14.9687498514
14.9300965655
14.9560163609
14.9803288031
14.9717959346
14.9751504022
14.9781610182
14.9604901393
15.0064304527
14.9735124165
14.9860537315
15.024199437
15.0444014203
15.0746721633
15.0546925393
15.0757087721
15.0436221858
15.0615015556
15.0494004485
