7.53644072306
7.51295026007
7.48367772714
7.52720723297
7.52156084853
7.49765177381
7.52733079829
7.55655785575
7.54224583269
7.54204680732
7.57833909487
7.57219629694
7.52125927499
7.55014650276
7.53663927565
7.52360546852
7.54696941177
7.5478319199
7.53265908187
7.54757075018
7.53993959022
7.52489775618
7.56025916488
7.56831838755
7.55856175852
7.56735391688
7.55879874123
7.55182181617
7.55933957382
7.55368068288
7.54767271273
7.54031416979
7.56425402273
7.53393392698
7.54111729512
7.54874558557
7.56223246405
7.53938284655
7.53901014996
7.5702616076
7.57032336716
7.56312417544
7.57057263494
7.5778630049
7.57717563499
7.57000538429
7.57694186191
7.53348683168
7.57032440485
7.55723992434
7.56202320687
7.56172351184
7.51717426913
7.56857334164
7.56133384651
7.55847697322
7.59675016133
7.57423824993
7.58938229853
7.5748076151
7.55403399971
7.56964963647
7.51267658945
7.53590320243
7.56470478717
7.53532455116
7.57950613656
7.56342106224
7.56213033982
7.57610621574
7.55394730521
7.57487861241
7.57383968329
7.60374553286
7.55223075867
7.57442953575
7.53115686955
7.5445641949
7.55152952861
7.52266663189
7.53831628976
7.52252161899
7.54424261224
7.54283567927
7.5658753832
7.54384476296
7.57305267436
7.53695385112
7.53841697554
7.56855556266
7.56072609688
7.57496317629
7.58327665933
7.56852260546
7.56205732583
7.54505817202
7.5597944523
7.54450110484
7.55219892665
7.54638185164
7.53172762214
7.54846905445
7.53484446257
7.55851220734
7.55366235701
7.5618234573
7.5561881295
7.57183032298
7.57409474844
7.57296304784
7.55128813461
7.56401545237
7.54939534183
7.57112272851
7.56928842655
7.5446903118
7.55067101156
7.53392509551
7.54014719187
7.5030748692
7.53261305608
7.53210486423
7.55744398291
7.54853874575
7.54895467498
7.54444862433
7.53808139854
7.58345355261
7.57719080568
7.54784363433
7.54968133616
7.55930336357
7.54025732398
7.51955136733
7.56938171393
7.56352113344
7.56306433821
7.56929304894
7.58515498074
7.54130463968
7.58384704731
7.56043253276
7.56734092758
7.5892607355
7.58776913812
7.57077189351
7.56920125136
7.51861307542
7.55429777823
7.50949218813
7.55966012634
7.53650715121
7.56715214456
7.55276485434
7.56083520031
7.56933886433
7.5835207287
7.58445648732
7.5628867688
7.57041572713
7.57709449617
7.57733613505
7.57749964865
7.5608997681
7.54000241796
7.58460847382
7.54598391185
7.55324909218
7.52548651867
7.55473314778
7.51711456796
7.55335244752
7.53974386408
7.54085744877
7.47533014124
7.55790720227
7.55774184074
7.54501882187
7.56031216179
7.57012318053
7.50486432764
7.54838304661
7.5282966287
7.54235108184
7.53426044097
7.54909129397
7.56435994018
7.54184443653
7.54089071192
7.52591330701
7.51680039836
7.52494865148
7.57563902904
7.51694158042
7.51557302873
7.52323835385
7.57374328398
7.57335994175
7.5441721399
7.54611082785
7.51635775121
7.53984458064
7.54072252923
7.57039293509
7.57772542263
7.57602607657
7.59105805654
7.54568244134
7.57915181224
7.57835200939
7.61551768978
7.57034334559
7.56184742867
7.59898373119
7.58346531589
7.5471875827
7.57685680683
7.57800213323
7.55675619466
7.58640430979
7.57953189865
7.59405978788
7.58798495006
7.58117530866
7.58878867456
7.5825452607
7.56868041737
7.59743919084
7.56816825065
7.56140936589
7.58838912612
7.57391308865
7.54966240615
7.58415301469
7.56993217742
7.59120934933
7.5684115799
7.53855839619
7.56153447216
7.56887746129
7.55625440379
7.56872022998
7.54844877566
7.56205219408
7.58311319946
7.54583667886
7.56711853445
7.56077114138
7.58769618789
7.56691156959
7.55986919063
7.54490831056
7.54436024678
7.54630430507
7.53878091485
7.56030735404
7.56810074329
7.55997553956
7.50857795233
7.53080432919
7.52280762107
7.60356223372
7.55977455125
7.55982324173
7.5460783382
7.54683406055
7.53858931307
7.54691564377
7.54643970249
7.5389863407
7.55279031057
7.53920852997
7.56160997841
7.54673382941
7.56875100282
7.51809913765
7.54661870274
7.53191360745
7.57484567286
7.53112568289
7.55138918479
7.52914432769
7.51926085002
7.54057047028
7.55374116763
7.52477421381
7.54732202176
7.54869556605
7.56462692712
7.55785925924
7.57356769063
7.54584928794
7.55258572247
7.58983613394
7.59018896237
7.56059792479
7.5534323969
7.55275435978
7.55951217359
7.5738498743
7.58122830536
7.57972991144
7.55717831885
7.57838037469
7.58671509246
7.57693171432
7.64288619846
7.56351216351
7.56366701757
7.57831593801
7.57997501145
7.6236626842
7.6020101025
7.64753918434
7.58873506278
7.61914927613
7.60506168094
7.62875954564
7.60693930304
7.60684490275
7.58489608715
7.59826987979
7.59075666765
7.56794128412
7.57439754742
7.58089373099
7.56543068231
7.5579960598
7.56323018466
7.56276634359
7.59233006409
7.58624804931
7.58713375792
7.57913910304
7.56629819058
7.5085542866
7.59339960394
7.57154210525
7.55924957254
7.60526816067
7.59106113993
7.5631022472
7.56861225733
7.58457057282
7.56999961326
7.56849610806
7.56809337365
7.56789537138
7.54728763931
7.5534763878
7.57578526303
7.56769117394
7.58138013584
7.52923985876
7.58768420877
7.55094352062
7.55196354276
7.55823927385
7.56474365211
7.57086086973
7.60057791283
7.56420058847
7.57155477879
7.57975921214
7.55943476845
7.58017907262
7.62465113896
7.58830056372
7.58839002515
7.58839412626
7.61076467074
7.60135207998
7.55591950542
7.58574125097
7.56861866833
7.59076389346
7.60355591767
7.58754620555
7.62482599489
7.60188479825
7.58935669825
7.55154094535
7.60362437807
7.57267143374
7.57253398846
7.59405625989
7.61562994086
7.59612159871
7.54270918267
7.5939284296
7.59375180611
7.60677642921
7.62242085541
7.60023775787
7.57917706895
7.59453204485
7.56490675718
7.57360031421
7.57654044839
7.56405572981
7.55630367411
7.55700403571
7.58318199142
7.56072249221
7.63544248543
7.61899966377
7.59610621727
7.60180119011
7.61734033129
7.59820495232
7.58507957678
7.58029710297
7.56032317225
7.54810530802
7.56276432163
7.54269158375
7.51369833595
7.55386266917
7.56709364619
7.57936302523
7.59357784681
7.56408659278
7.60835809475
7.57924048252
7.57886577938
7.55265266702
7.57820532098
7.52895431935
7.55434819008
7.52515065453
7.55464774645
7.52435608286
7.52493531283
7.56885068923
7.58951985735
7.61010264205
7.61804770743
7.60680158211
7.64509807112
7.57961049148
7.57956838683
7.57873016613
7.58183035815
7.58356538542
7.5621662747
7.54183648114
7.58648503231
7.57105704781
7.56938605363
7.56299336456
7.5706446878
7.60585314577
7.56773252527
7.62531286679
7.61973213451
7.61879671233
7.6123573978
7.61508584214
7.6223351376
7.6008798445
7.59307769797
7.629474163
7.61483140446
7.62988840918
7.63388832877
7.627042909
7.6101779866
7.62444112141
7.6315494277
7.60075904371
7.64451391302
7.61406878279
7.5981845732
7.5996238954
7.62948506529
7.61445755663
7.62911287002
7.63742634552
7.65953118985
7.58670357335
7.61643905587
7.57180945298
7.60861751716
7.56536046922
7.63921008373
7.5869822007
7.60771453627
7.62971998721
7.60663878318
7.65464966961
7.63207477612
7.59491940493
7.6301809065
7.60857197433
7.61822365478
7.56690478125
7.57485030599
7.64842699455
7.6323250665
7.6558368438
7.62806450602
7.61376943174
7.66016846844
7.63216509381
7.63291735503
7.62627102191
7.63482825835
7.60510353647
7.65624219425
7.64843587242
7.62630992496
7.63924477017
7.63860262961
7.63046324453
7.62443594884
7.62983095099
7.62231788289
7.6223508401
7.63887322242
7.63907332629
7.61914709197
7.63363672031
7.64219265633
7.68027423511
7.66584106265
7.64536332388
7.61002342507
7.65282924051
7.63353323189
7.62416811611
7.65371026545
7.6468308783
7.64690491755
7.69870421071
7.6687426302
7.65211543796
7.67453276371
7.65274425039
7.63104003348
7.68396859626
7.65489714898
7.67737367219
7.67628873827
7.67747239759
7.69079802858
7.67798521184
7.70920571883
7.7006149626
7.74308656633
7.72150676003
7.71497075826
7.73164366033
7.74547989368
7.74488747962
7.72986222953
7.72830730773
7.71226355453
7.71261259294
7.75022510582
7.72101932504
7.74369596503
7.72985238548
7.73253303299
7.73527964325
7.73558894086
7.69452047252
7.6952351741
7.76338320997
7.66671347622
7.71784331545
7.73826904126
7.73639141916
7.74810626947
7.73853190943
7.74248306434
7.75637293242
7.74002725852
7.74715399131
7.74794358281
7.71964093924
7.67878699047
7.72503894003
7.67634898096
7.69219593446
7.65045782146
7.70434939329
7.68288994484
7.71829608695
7.72470466945
7.72850460336
7.75630960553
7.7334911876
7.74598179243
7.78826744742
7.76535510687
7.76612086864
7.7514621554
7.72385061803
7.73314416853
7.72025243495
7.72046963163
7.70127517174
7.7234540607
7.70992955543
7.71032106868
7.72073291689
7.74863097812
7.78848329044
7.79327701329
7.7935525987
7.83164418315
7.83214681931
7.83535156925
7.8089280309
7.7992416389
7.7779468497
7.74495006103
7.74761650185
7.74592975878
7.76006042798
7.75499430295
7.78797815365
7.77158392039
7.81403521962
7.81320283681
7.86430498121
7.90285667581
7.8452481622
7.8020144689
7.81147511016
7.80026845169
7.81037467635
7.79158569244
7.82792353504
7.77827185763
7.80035802884
7.80107401576
7.82315172786
7.82271566605
7.86495660056
7.83325320918
7.81154417698
7.81723018723
7.86139320209
7.84621843489
7.86710755419
7.8525367021
7.84644375424
7.84512666583
7.85966637962
7.8533342185
7.85284446069
7.88951796521
7.8228310059
7.86649403113
7.87335506916
7.86697248029
7.88210703159
7.87664488661
7.89240827031
7.86652897733
7.88983616653
7.90565911788
7.89158668583
7.92727285563
7.90367756225
7.8967739881
7.90956601231
7.9094656737
7.93739052535
7.91587170214
7.89259477691
7.88363898137
7.88455372604
7.82721157518
7.90808801485
7.85805691148
7.87288174124
7.88010427467
7.87371483019
7.89604801061
7.91047581274
7.93587783683
7.94774135358
7.92007191652
7.97055215079
7.94465402067
7.9282712955
7.98753841283
7.90924564535
7.91040056358
7.88849526102
7.91220055685
7.90387106538
7.90286383716
7.871737414
7.87822938145
7.87589796475
7.89649200437
7.94515624497
7.92114510729
7.93380000219
7.94921275474
7.97044879038
7.97907834709
7.95248318539
7.89552283725
7.91314516505
7.94482769894
7.97763669421
7.96430819758
7.96003903933
7.99679094864
7.98916809837
7.98852124037
7.95673792566
7.98454484241
8.00277398633
7.99339985423
8.04942114712
8.01167176912
8.02401672861
8.00186285198
8.03168241855
8.00226281946
7.99494504748
8.00902560221
8.00266476985
8.0110488772
7.99604910699
8.04777832336
8.05011103999
8.04353305176
8.05322142571
8.06152420889
8.09057628932
8.07660068856
8.09080308641
8.07604506254
8.05437187366
8.06839355444
8.08917860422
8.05315774186
8.03004356233
8.03207132909
8.01716732345
8.01522850437
8.01484080953
7.97794479927
8.00805241578
8.02122458013
8.00126518329
8.03572782723
8.00804999017
8.02227045724
8.0455268898
8.03976710304
8.06264083335
8.07207104358
8.06682102849
8.02413432214
8.00560837809
7.99784379658
7.99681461945
8.0224653351
8.03503894714
8.05545258566
8.03841314137
8.06603368263
8.0656216359
8.07214265938
8.07340381908
8.01499102593
8.02356852069
8.01730513594
8.02602157955
8.00682885106
8.02942863819
8.04496587016
8.03035005096
8.02292375426
8.05083767988
8.1239209571
8.13088964936
8.10118379403
8.1133338271
8.12680944362
8.12028375105
8.10065169788
8.08251764258
8.09984352798
8.07254733399
8.08720488597
8.08014307825
8.1144204188
8.09910410688
8.1034817393
8.09402974416
8.12950110159
8.1354841781
8.1360496582
8.15863803933
8.10777960702
8.13936697271
8.13954691867
8.15497246514
8.17853050732
8.13463703097
8.1430856653
8.15133942911
8.16512145761
8.1845809884
8.19020948423
8.18967174258
8.18750722641
8.17124031457
8.20775069616
8.18377519279
8.18270615128
8.14065644885
8.13444226344
8.13598364861
8.1673115889
8.12427308963
8.18083679276
8.15999478363
8.18006535275
8.20232967942
8.16447675319
8.18007989956
8.20222826935
8.1732170136
8.21176024909
8.16921567002
8.14880668766
8.17285629693
8.1165217853
8.16901589192
8.12357365568
8.1167426355
8.10708564598
8.15123472931
8.11327423866
8.12669686581
8.13870840516
8.11571523637
8.1546320799
8.17611509687
8.16371332207
8.184930073
8.20834099529
8.21005941022
8.19740972934
8.190498924
8.19860698119
8.22685756281
8.17336096537
8.18844076968
8.15989656463
8.15302950386
8.1404380591
8.16156919502
8.1382764054
8.0787786988
8.13711916414
8.17996988541
8.17083970448
8.17622251725
8.20984239497
8.22136937225
8.2711267801
8.26855641021
8.26113837484
8.25328644054
8.24226249865
8.27560201193
8.24150709195
8.21781776061
8.21544902406
8.21222105823
8.22238443247
8.18052204536
8.21026685313
8.18703960017
8.2146852565
8.21974131621
8.25358583784
8.28043052956
8.27635371511
8.30158730969
8.33517712875
8.36167258966
8.34623334269
8.34668853764
8.35524858231
8.34305069652
8.31008995598
8.31350629368
8.30936288409
8.344065936
8.30140859459
8.28912439203
8.28922883176
8.33857371944
8.3232929322
8.31298076745
8.33239287699
8.3725419858
8.32778744573
8.30743364464
8.30716953507
8.30737995352
8.32121894676
8.35060258263
8.34310481633
8.3570256421
8.36572236952
8.38050869981
8.34277048593
8.30795768819
8.30316999563
8.27377688293
8.28253766978
8.25894929866
8.30254429497
8.33085248131
8.31389078135
8.33244701478
8.37357641785
8.37262832581
8.38614381425
8.35775442783
8.36736861311
8.39036649933
8.37783839934
8.37318361242
8.35967106332
8.36102078543
8.34043226019
8.34707966476
8.3832948834
8.38173954305
8.38182082592
8.39328309891
8.40826805852
8.40724247365
8.43306098886
8.44594637568
8.4233750207
8.47211700027
8.40777547412
8.44445611415
8.42412005877
8.40271045399
8.37380913991
8.41796389344
8.37663988796
8.43440536848
8.39753208361
8.40415683264
8.41546821353
8.41308476879
8.50474354907
8.50497324469
8.50485697991
8.49236272861
8.51015536972
8.52208725726
8.52739561665
8.46710364698
8.47768342812
8.45309610849
8.46813954819
8.44721887204
8.47599441431
8.48924676472
8.48661764495
8.54998327358
8.58877312218
8.5853194875
8.57766094599
8.59941699099
8.57110609147
8.55074935103
8.51712739641
8.53589945745
8.52366254502
8.51173695225
8.54674100747
8.53311856114
8.58093051035
8.5774025845
8.58302449451
8.63459570628
8.60651047327
8.59360570719
8.60769382416
8.60062068464
8.56306237053
8.5710426564
8.49680905969
8.55020644909
8.5156725209
8.51594908419
8.50738563966
8.48537504453
8.50094908501
8.50258370166
8.51091175622
8.51848780475
8.50377917799
8.51930347738
8.52893940409
8.50221461086
8.54208276463
8.54527519574
8.52007150351
8.58324358528
8.56635636917
8.52659027858
8.55939235913
8.54661103429
8.55470876935
8.57022794502
8.57038088283
8.57773512688
8.58843934912
8.55774835852
8.58247159735
8.5722324417
8.59269819102
8.61900415929
8.61127445173
8.6591512224
8.65040264692
8.61902626227
8.63321049635
8.58867974142
8.61894964849
8.65769518514
8.66714022424
8.6835941999
8.67723215743
8.69448555115
8.69494639863
8.7118141578
8.74159119529
8.75771532695
8.77317775931
8.78894651334
8.78135446175
8.76592040028
8.75839681228
8.74409129767
8.75855328003
8.70753408912
8.75027575532
8.7209901533
8.71131929137
8.70894351683
8.80897433523
8.79323989206
8.8161465925
8.76622632933
8.75472554345
8.73830047832
8.77309639152
8.75013136971
8.74884611506
8.73337318181
8.74398087871
8.74035456716
8.76449127672
8.76601737569
8.77298952909
8.80866362233
8.80654617551
8.8261800917
8.8171853931
8.816649746
8.83695316819
8.81986761318
8.82474712832
8.74599870372
8.73905727481
8.72594802272
8.7110184168
8.7419641229
8.75293656069
8.79654771702
8.80846416185
8.81538050473
8.77852701293
8.83649286494
8.88176435639
8.86332198528
8.88974549314
8.87051186745
8.88417744641
8.88117744647
8.84218940271
8.81642213959
8.84135129018
8.88197327001
8.89555005751
8.90454670139
8.90397901927
8.95251482504
8.93714406213
8.91417677632
8.92148385598
8.90821052819
8.91874820468
8.91260947717
8.86303451612
8.87117377008
8.82662515124
8.80576590575
8.81043124096
8.88387825217
8.90228967802
8.86372531845
8.91390894862
8.87754879446
8.8673088081
8.90448210447
8.90408316009
8.89674944952
8.9127384895
8.88427930079
8.86993232151
8.88593638813
8.86539692357
8.83843108999
8.83933701023
8.82532690788
8.80451721059
8.88794551206
8.89031506342
8.92162838335
9.00563294152
8.97001801516
8.9932971731
8.99309413693
8.99179528967
9.02838200233
9.06726075027
9.04074104356
9.05782244352
9.0271092364
9.01179311736
8.98211600209
9.02037870369
9.01927399883
8.97000931717
9.00072891235
9.0143262538
9.00656404904
9.06371869923
9.04057332831
9.05976587145
9.11771439206
9.13632073678
9.14080576119
9.11813038289
9.18085527668
9.15675926926
9.13641705198
9.13709742978
9.08117546044
9.12151088788
9.07920660861
9.03328348974
9.0429357274
9.0092626105
8.98499125169
8.97933511525
9.01706339718
8.99556631001
9.01326999735
9.01818473682
9.04848440688
9.0966452483
9.10833404105
9.10482320047
9.12020841234
9.09391629179
9.11916702505
9.11771815151
9.09971599922
9.08325307626
9.05869835655
9.04999871519
8.98683738939
9.03950183771
8.97958255317
9.00607688032
9.01652810388
9.06358213667
9.05465910328
9.11725394737
9.12503947402
9.18629092735
9.1763590883
9.2637963215
9.29167248238
9.33328465135
9.37531364103
9.37417425315
9.35260129194
9.30837459291
9.3236552207
9.28871870606
9.3211766785
9.28168095929
9.31105741066
9.30154210941
9.36317632925
9.36295134665
9.45440113177
9.46299454779
9.50043187143
9.51893986951
9.54515613727
9.48657429041
9.51606561053
9.46623313329
9.45322146043
9.42451787346
9.3830572932
9.37057556066
9.35656085588
9.35662803951
9.35596619568
9.41417401544
9.39677922744
9.4468667125
9.43935865261
9.46883631103
9.47201991117
9.46122961829
9.44515102409
9.43084777348
9.42797313202
9.38825449326
9.36055220158
9.36124626479
9.33906224457
9.33150065087
9.35983095261
9.32914028552
9.35626752573
9.37647159109
9.36036443891
9.38077168449
9.38795566895
9.33783817143
9.3626080175
9.32070906801
9.33107529896
9.34067109905
9.35071014545
9.32735099703
9.33899399463
9.39380341696
9.42002883
9.41659505832
9.44757893444
9.49877616581
9.4995903919
9.51216735182
9.50107237131
9.55084009061
9.49685373072
9.47785905068
9.5023347156
9.53591857928
9.52932882728
9.53687853514
9.55704076514
9.57048159264
9.58257536222
9.59027078962
9.62012722915
9.63440558837
9.5568083818
9.63053134006
9.59531583624
9.59576245338
9.55144851033
9.54518768015
9.57951894286
9.55731726724
9.56946850288
9.59913174034
9.56755015127
9.61728529591
9.60915472183
9.62171657764
9.61421329696
9.65043556899
9.60901418255
9.5490108969
9.53767015644
9.5337006083
9.56563247981
9.53529749608
9.53654536911
9.54281408505
9.5757887287
9.60277161644
9.60832906074
9.63559558342
9.61347077358
9.58659520413
9.5368082002
9.56525271963
9.52704547721
9.50892735296
9.53998772522
9.53466580905
9.56979960608
9.59627845682
9.63691001548
9.65998340032
9.67081231586
9.65845479072
9.67807255227
9.66478116063
9.65049797051
9.60201116262
9.61477287675
9.60273009164
9.67102893211
9.6546170359
9.68067971079
9.72915961638
9.74740153658
9.81167064741
9.78014254364
9.8098527677
9.80077199142
9.79465617414
9.81159506378
9.7704532961
9.7663205713
9.78691402256
9.72522037695
9.76177601328
9.75833800152
9.77392868502
9.80541164707
9.81773152002
9.83584500372
9.84060922296
9.8657721395
9.87162883493
9.83278928278
9.83783812945
9.81427787171
9.8080803094
9.78017111198
9.75921038915
9.73779036016
9.75377167132
9.75301034171
9.75744577879
9.79149792523
9.81640938963
9.807676835
9.80095473828
9.81605480091
9.78570896375
9.75335787132
9.71697025612
9.77163115831
9.7176571243
9.75113551007
9.76912563704
9.74675012851
9.81849080147
9.88948965354
9.86446493078
9.89022825461
9.93186276564
9.9378472425
9.92321028361
9.90057746188
9.86556659773
9.85480673422
9.84190655446
9.84292214876
9.82720259623
9.85397292197
9.83553225148
9.88141405677
9.90472517714
9.893128167
9.86100514618
9.91021768914
9.89824389478
9.90896000189
9.88269176954
9.89268861345
9.88624795769
9.86765259007
9.86930666875
9.86311703581
9.85405220885
9.89608888094
9.92421771678
9.89482524944
9.93120218851
9.90502997068
9.86824817
9.87576052682
9.88014949569
9.89753269328
9.92162472068
9.92427097965
9.92851348403
9.97058398507
9.98027529082
10.0257060309
10.0116460457
10.0539106584
10.0609491759
10.0680613443
10.0293050691
10.0252351591
10.0433146882
10.0615906676
10.0587985404
10.0193351539
10.0237190249
10.0348450174
9.99014147782
9.99554392402
10.0204262443
10.025559303
10.0767451788
10.0932522979
10.1234432193
10.1574116426
10.1247637278
10.1340908787
10.1300936287
10.1138418409
10.105143839
10.054706701
10.0559792076
10.0310703129
10.034130525
10.0340883532
10.0344443757
10.100079546
10.112594757
10.1129980825
10.1000678935
10.0813956881
10.0695633344
10.0678387964
10.0490101017
9.98798524305
9.96715650767
9.93790419175
9.95985818529
9.9666591468
9.97265562883
9.9991237802
10.0396571173
9.99509946453
10.0294632476
10.0417840201
10.039779351
10.0022003938
10.0103446404
10.0170495186
9.97367188381
10.0195899173
10.0270107534
9.99277400429
9.97985264672
9.9792757935
10.0154837197
10.0299877454
10.0427004987
10.0519935151
10.0792600615
10.0921685177
10.1129868481
10.1341397046
10.1278185152
10.1147255031
10.0947106757
10.1168522107
10.068123793
10.0757958759
10.1064952535
10.0839440281
10.1043522501
10.153103131
10.1631203358
10.1899083304
10.1956181499
10.2012055562
10.2293059599
10.1912287546
10.1775874476
10.115697236
10.1348394391
10.1041251918
10.1176851231
10.0805089486
10.1039158955
10.0860512154
10.1248030912
10.126656485
10.1005736212
10.1226000732
10.1413339509
10.1503943861
10.1291195011
10.1729260003
10.1938967726
10.1659266641
10.1883364276
10.152218094
10.1547375448
10.1521734319
10.163372153
10.1543170544
10.1896211749
10.2133858147
10.1999217229
10.1856660471
10.2179266626
10.2272679149
10.2240409479
10.2092909339
10.2225592078
10.2444493397
10.239622413
10.2487843486
10.2368573017
10.2300836181
10.2308811292
10.2263002552
10.2135803535
10.2597621108
10.2732382953
10.2495295459
10.2260582006
10.2576718141
10.2289416452
10.2142267029
10.2001001272
10.2227169943
10.2657839111
10.2732087994
10.2412079586
10.3067483223
10.278101921
10.271600092
10.2227756753
10.2319447056
10.22664093
10.2322539741
10.2406852534
10.2413538674
10.1915303743
10.1972346999
10.217580173
10.2519067537
10.2334676689
10.2897480707
10.2742115454
10.2636908176
10.2399035452
10.2443223672
10.24440762
10.2530665954
10.2546625551
10.2366449839
10.246042894
10.279687443
10.2566563718
10.2055155318
10.2180468561
10.2455838587
10.2487779271
10.2523344937
10.239168391
10.2381293514
10.2593318518
10.322463815
10.3602728404
10.3228545575
10.3967100255
10.3900340862
10.3758162882
10.3914367997
10.3770692382
10.3747946659
10.3272614193
10.3740879351
10.3682662884
10.425505444
10.4296793406
10.4765359978
10.4722799516
10.5126481125
10.5005095783
10.5339729264
10.508126757
10.4608832969
10.4365128196
10.45524321
10.4792376555
10.4669514151
10.4798016066
10.5124607913
10.4991547265
10.493588397
10.5064632968
10.5272697254
10.5081422638
10.512150368
10.4572057326
10.4845727225
10.5031595135
10.4895013713
10.4740581932
10.4437586897
10.4488065601
10.4113042964
10.401048284
10.3832152757
10.3632327833
10.3503344102
10.3217052811
10.3667470362
10.3528853541
10.3300357979
10.3135402259
10.3352907695
10.3171818752
10.2782162509
10.3111868944
10.3185158072
10.3198408564
10.3007522129
10.3413609417
10.3297071873
10.297335608
10.3169358608
10.3293925342
10.3110816085
10.294565573
10.344586689
10.3566181218
10.3408594067
10.3768590344
10.4002433386
10.4044609569
10.406085164
10.3890638197
10.4220268312
10.3914116604
10.3967056664
10.3950172458
10.408258493
10.3913096414
10.4098946618
10.4334433658
10.4423052286
10.4406153694
10.4385081339
10.4280208776
10.4467635891
10.5015054914
10.4688476688
10.4395689278
10.4530751323
10.4799880866
10.4799226403
10.4267124226
10.4265370684
10.4334264412
10.4265056431
10.425476006
10.4117626464
10.3813422733
10.3758677122
10.4106736415
10.3658217715
10.401448875
10.3705551281
10.4004711353
10.394207887
10.3887950005
10.345673494
10.3621416403
10.3884713878
10.3762579506
10.3639324553
10.395267449
10.3873602797
10.4173267271
10.4028264118
10.366999767
10.4031677498
10.3784867052
10.3986143954
10.4047095201
10.4056431642
10.4048114342
10.3986572303
10.4005427387
10.4295242302
10.4372916566
10.4568684285
10.4472836926
10.4502365336
10.433998113
10.4820996205
10.4735910261
10.503296106
10.4821874203
10.4899725353
10.4851971977
10.5082199233
10.5041304107
10.5069765633
10.5124683329
10.4826504033
10.4662522389
10.4864740925
10.4392937564
10.4483323582
10.3914192153
10.4215890153
10.4175044946
10.4142191071
10.4483296653
10.416749094
10.4560737524
10.4662479264
10.4478611243
10.4716571432
10.5029859317
10.4542538775
10.4445200819
10.4289526939
10.4210261759
10.4150685432
10.4013173901
10.3893651798
10.3895567762
10.3444872082
10.4241540933
10.4235020627
10.3797232816
10.4113007519
10.3921619945
10.4233123344
10.4278288154
10.3965920433
10.3781262939
10.4008774744
10.4389603119
10.4251201398
10.3979941587
10.4253974566
10.4034688118
10.4758614433
10.4535921939
10.4749532232
10.4519134709
10.4307290705
10.4285880943
10.4505220557
10.4212654538
10.4272753332
10.4191795149
10.4246350278
10.4144496241
10.427619489
10.4464529624
10.4358938168
10.4678597528
10.4720563979
10.4867610472
10.4654646447
10.5120928472
10.4429596794
10.4454850585
10.4193354301
10.4727125116
10.4593953543
10.4759316897
10.4337132952
10.473813128
10.5269988292
10.4878527396
10.4917498795
10.4496634347
10.4701330408
10.4503296566
10.4616000227
10.4689981624
10.4516851192
10.45540173
10.4611813855
10.4571971035
10.4731578524
10.4508464339
10.4415659186
10.4442201144
10.4775140644
10.4905636693
10.5182177514
10.5467751024
10.5136598448
10.5548923616
10.6302004929
10.6381140705
10.6420348893
10.6060859411
10.6427313265
10.6504131508
10.6550950932
10.6194778724
10.6551197152
10.5911048342
10.6179817842
10.5736428005
10.5840856935
10.6084410985
10.6213992623
10.6693504785
10.6692552689
10.7134879881
10.7301182691
10.7594853102
10.7713707075
10.7657108707
10.7119314088
10.7013488547
10.6759507086
10.7020722702
10.6526523715
10.6824019272
10.6921462941
10.6603974219
10.6851449971
10.6850725818
10.6939475825
10.6940366737
10.6540133705
10.6574520864
10.6882920932
10.6907216566
10.6126017941
10.6147820436
10.6401981921
10.612538018
10.5413084295
10.5429862298
10.5152131698
10.4791333561
10.5013937487
10.4848637655
10.4892296647
10.4724497125
10.4769059683
10.4684627871
10.496487217
10.4445625438
10.4816292989
10.5033707665
10.4871804684
10.499750262
10.506572821
10.4850569295
10.4868746605
10.4605849344
10.4722169474
10.4296281975
10.4186245339
10.4625341337
10.4322348079
10.4683821492
10.5238714642
10.5151552957
10.5264082341
10.5254300705
10.5255208786
10.5316796151
10.5544238325
10.5731892565
10.5941083524
10.6077144511
10.6426604701
10.6432554463
10.5994551628
10.6365942864
10.6060304932
10.5923532822
10.6221970357
10.6380809755
10.6437899573
10.5993164293
10.6285003999
10.6283855359
10.6209200739
10.6496539737
10.6489625672
10.65493127
10.6415055718
10.6495967753
10.6517799641
10.6096205591
10.596270617
10.5900791624
10.6007812601
10.589238686
10.56334324
10.5578815556
10.5762258699
10.5622746485
10.5447149434
10.5756330014
10.5470213424
10.568973049
10.5410301647
10.575242464
10.5507648695
10.5493269014
10.542281323
10.5249357902
10.5714633176
10.6057066649
10.641612162
10.5752557941
10.6145920547
10.6058530835
10.643766284
10.6386699134
10.5905263346
10.622575501
10.5599862798
10.5779844005
10.5567013982
10.6031482952
10.5878182903
10.625102702
10.6330164029
10.6039946692
10.6195924216
10.6344470769
10.6352943676
10.6069923281
10.6234574276
10.5951151335
10.6227249341
10.5907022132
10.6042497674
10.6111239228
10.6383516816
10.6029740308
10.5944520585
10.645315874
10.6094911385
10.5949554893
10.5555826356
10.5687446148
10.5892382309
10.5938044425
10.607619195
10.6074805825
10.6216301297
10.5647748688
10.5963448381
10.6042751514
10.5895999494
10.6342383998
10.6488813432
10.6065823242
10.6011367556
10.613785522
10.6084420057
10.569396735
10.5798175846
10.6042192661
10.5752886694
10.6048313271
10.6045393308
10.6347213692
10.6553819778
10.6627487359
10.6897539347
10.7156303835
10.7225937467
10.6773015751
10.6747949688
10.6616853685
10.6614317068
10.6901184475
10.669165084
10.6985834751
10.6762935611
10.6787023465
10.6917309396
10.6761924851
10.6954891928
10.6765678737
10.7184878785
10.6863035532
10.7061041905
10.7128889458
10.6756425451
10.696713921
10.6820775322
10.6961934214
10.6495945189
10.670238716
10.7003729967
10.649416279
10.630200111
10.6397354444
10.6122908737
10.6812797537
10.6171665561
10.634410732
10.6432712482
10.6022506203
10.6345997316
10.6055818309
10.5755076627
10.5742873152
10.5793082671
10.5570672338
10.5580573692
10.5808684539
10.5608740595
10.5724084396
10.5954364542
10.6192887006
10.6371367616
10.6233707415
10.6463139011
10.6265056554
10.621626633
10.6225956363
10.61561755
10.6117101208
10.6328619879
10.6124559195
10.6396532757
10.6961392882
10.6789528551
10.7144642231
10.7469663871
10.7579809737
10.7245323179
10.7503684347
10.7426327706
10.7070982462
10.6917384394
10.7062563611
10.7273934353
10.6917049425
10.6618644577
10.6830982139
10.6894010337
10.7252251529
10.6730072213
10.7340538678
10.6866678926
10.6383651555
10.6182363578
10.6167892465
10.6406262916
10.6369253346
10.6302861602
10.5762593382
10.5576549764
10.5483720201
10.5541009649
10.5364549506
10.5413307662
10.5649056084
10.5664137355
10.5454011256
10.5457264004
10.5393017844
10.5057954578
10.5540848282
10.5193701464
10.5418264596
10.5189240322
10.5530644235
10.5443848657
10.561020288
10.5913021791
10.6049679358
10.6521920035
10.6608550976
10.7149831608
10.6526559571
10.684542748
10.7237519025
10.7229188184
10.7180143623
10.6992884663
10.6863489521
10.679273377
10.6518858302
10.6243588156
10.7031230409
10.717953015
10.7226400785
10.7720282587
10.8029366132
10.7702181155
10.7736222273
10.7745242318
10.762145639
10.6959450714
10.7242080461
10.6842772132
10.681723654
10.6911397159
10.7013710474
10.7096563985
10.6953348217
10.6988996434
10.6838014431
10.6862165605
10.6775516086
10.7155182996
10.6835469725
10.6432826551
10.6500413475
10.6202004924
10.6817545957
10.6616767573
10.6308661533
10.6414387323
10.6495228257
10.6130527299
10.6329782938
10.6398851599
10.5582834775
10.595889364
10.5709265396
10.5861057422
10.5753742642
10.5631091173
10.6067814287
10.6222354073
10.6243884524
10.6555171029
10.6497781423
10.6350518294
10.6370558093
10.638476708
10.6575727981
10.6724902374
10.7059543567
10.7053125685
10.7362441033
10.7452769133
10.7257531719
10.7237812881
10.7206603004
10.7136080383
10.6997136865
10.7352831315
10.7068447719
10.6942947692
10.7165572275
10.7142787213
10.7381513701
10.7338477281
10.7159412302
10.7179213829
10.7243461975
10.7420410433
10.7582740984
10.7685441741
10.8072549755
10.7932885297
10.7741087263
10.7456757445
10.7533143764
10.7032699417
10.6959394714
10.6711822445
10.6404102768
10.6599083742
10.6781718762
10.6607072472
10.6489491229
10.6771802915
10.6903453487
10.6969306401
10.6805742739
10.7088519411
10.7145892238
10.7535318154
10.7029702494
10.7267961912
10.693965224
10.7116071294
10.6855437473
10.7018810288
10.6980603485
10.7071946897
10.6988390349
10.6708265951
10.6922241201
10.7577585379
10.7557558884
10.7698793393
10.7616557391
10.8036740238
10.7667241198
10.73063566
10.6937747552
10.7214594633
10.7065982619
10.7547325251
10.7383976747
10.7122275277
10.7554998237
10.7178667873
10.754431196
10.7251826523
10.7409573522
10.7492396561
10.7216386665
10.7072487239
10.6801583212
10.6985524802
10.6559746199
10.6549121338
10.6274030495
10.6392770013
10.6270880007
10.6382881896
10.6384944532
10.6391120231
10.6181789131
10.6920295739
10.6962367205
10.7107577978
10.7540686116
10.7665119262
10.7519667389
10.7381399824
10.774219924
10.74721509
10.7327786901
10.7108063114
10.7250363036
10.7675207991
10.7736574863
10.7789874967
10.7558319553
10.7992435649
10.7764290804
10.7618405805
10.7988949602
10.7827741456
10.8491113191
10.8249843481
10.8085619578
10.8286968325
10.8850507159
10.8502129373
10.8646264065
10.865367891
10.8258687773
10.8435338932
10.8396602773
10.8113221435
10.8779316873
10.8325555993
10.8539189517
10.86184244
10.8254076012
10.8697746416
10.8553173718
10.877962779
10.8241775023
10.8156159262
10.856227193
10.7736140377
10.7932017481
10.7640389424
10.7500128446
10.7511331101
10.7521667479
10.7450931898
10.7379039833
10.7682579148
10.7538213172
10.776561518
10.741955742
10.7298564856
10.7403490439
10.6935486394
10.6739866114
10.7102384025
10.7256023335
10.7530362403
10.7809425936
10.7862707722
10.8008166969
10.7216881597
10.723832232
10.7239894111
10.6809936715
10.7032454072
10.6872748533
10.6968070232
10.7233876903
10.7053610248
10.7697671623
10.7610722491
10.7888097312
10.8384868165
10.8157744648
10.8432441139
10.8643551688
10.7775018009
10.7348567468
10.6758347371
10.6946813978
10.7028784951
10.6894615596
10.7389162789
10.778183122
10.8347068818
10.8690128701
10.869248337
10.8612768288
10.8518810015
10.8516216099
10.8369644877
10.851943956
10.827635847
10.8262354279
10.7668033068
10.8027071284
10.7721803527
10.7445946204
10.7228233073
10.7308198477
10.6947904392
10.7096685103
10.6950078728
10.6754241377
10.6517035884
10.7326275397
10.7338126843
10.7551539383
10.7759940667
10.7599004974
10.8166397633
10.8316675471
10.8458287554
10.8090373773
10.7745893591
10.7622433533
10.7496534094
10.7419376746
10.7432646843
10.6923131854
10.7362530782
10.750094389
10.7426805236
10.7194607792
10.7180416761
10.6678795532
10.6516200283
10.6370226049
10.6699528601
10.6760041557
10.7193839007
10.7701762698
10.8136201785
10.7771160487
10.8256490469
10.8219453812
10.8098475659
10.756851581
10.7593668234
10.7229526207
10.6681536688
10.6642797907
10.6602184044
10.6450435598
10.6931558977
10.7196794077
10.7686512914
10.8073661088
10.8334127039
10.8449749399
10.8481589639
10.817394278
10.8610176167
10.8323624865
10.7976019686
10.7771658905
10.7448485859
10.7251689234
10.7347670082
10.7523141893
10.7262043785
10.7581089459
10.7948198683
10.8029539548
10.8168979273
10.8458159586
10.8683696044
10.8671210533
10.8453085196
10.7564858591
10.7986366868
10.8249197605
10.8125754737
10.8548446013
10.8664489248
10.9006971573
10.9136118216
10.9202994753
10.8907199442
10.9421733832
10.8841674357
10.8612274109
10.8628163715
10.8039130295
10.7967480234
10.7900931124
10.7406827059
10.7627159436
10.8078876312
10.7730919235
10.8533854566
10.8612760705
10.8672546274
10.8597762865
10.8461860446
10.8753227663
10.8555259067
10.8514563493
10.7797893013
10.7783190773
10.8142144989
10.8079338655
10.8139889534
10.8373044759
10.8290057988
10.8370515263
10.8445913489
10.8517786924
10.8540901177
10.8562227068
10.871552082
10.8850216344
10.8704675748
10.8764079836
10.8835370856
10.8986311615
10.9575610188
10.895974411
10.8891636153
10.8392665649
10.8387159395
10.8296659286
10.8341012936
10.8634167695
10.8591314458
10.8208485347
10.8464892114
10.8883686784
10.8845117539
10.9251073648
10.959222677
10.9774775889
11.0127564526
10.9829430404
10.9929558336
10.9744061984
10.94268407
10.8965379703
10.8953653269
10.8476858282
10.8193420904
10.8300055241
10.8275530587
10.8161946086
10.8756613162
10.9223089989
10.9068144778
10.9014576953
10.9300758929
10.9512500615
10.9620939263
10.9611627959
10.9363877213
10.927092233
10.8781709236
10.8914540162
10.8731927214
10.8623162947
10.8599007869
10.9010299997
10.8926937038
10.9043928928
10.910230928
10.8714503267
10.9238706493
10.9093432614
10.9133044328
10.8955190536
10.9077701578
10.8838561987
10.8668639367
10.8764957698
10.8935959506
10.8660905355
10.8966766549
10.9149469482
10.8658768689
10.8545089554
10.8688391014
10.8297057797
10.8419046112
10.845763527
10.8861550355
10.8436050424
10.8892882951
10.8991364263
10.9343643714
10.9240375761
10.9543005447
10.9735555078
10.9221188923
10.7669524307
10.7829663514
10.7910594152
10.8073189809
10.8172218202
10.8514037811
10.8444410036
10.8635541094
10.8115825163
10.8141116655
10.8142015309
10.8046815299
10.7680962642
10.7470213042
10.7404470108
10.763433835
10.7174236544
10.7752594331
10.8281349086
10.7889331829
10.7855748584
10.8125093356
10.8028021112
10.7807261718
10.7797660306
10.7710575295
10.7402710306
10.7113600451
10.7197901014
10.7131990086
10.7429860726
10.7734592444
10.8117773277
10.8200278718
10.8947551781
10.9128498905
10.8779455807
10.8667275341
10.8842565921
10.8372467381
10.8316723627
10.8298602488
10.8036334203
10.7895722013
10.7837667047
10.80416185
10.8101471675
10.8392430302
10.8373709532
10.8806741531
10.8501543695
10.8415540053
10.8341616191
10.875537954
10.8807132103
10.8973533683
10.9147324799
10.924481503
10.9021949114
10.895210617
10.9537886352
10.8945396692
10.8799771709
10.8971400716
10.8896772329
10.8556727308
10.8358572593
10.8625160669
10.878027963
10.8576976938
10.9020149518
10.9020551451
10.9456042033
10.9526290919
10.9874280447
11.017689259
11.0229744952
10.9870050441
10.9796383301
10.982658005
10.983717315
10.9258615658
10.9275377627
10.9062237591
10.8992658591
10.8334232312
10.8616871893
10.838866243
10.8819450618
10.880940809
10.9456072839
10.9362528423
11.0182358784
11.0130300756
11.0277161076
11.0470629197
11.029623478
11.0187812596
11.0547219059
11.013546482
10.9674170844
10.9360094369
10.9741814229
10.9335093293
10.9260723171
10.9278714108
10.9137976397
10.9061009867
10.9931584106
10.9556231282
10.9731522529
10.9387444118
11.0098767319
11.0112724258
10.9792422614
11.0094589269
11.0058612842
10.9979016881
10.9805596707
11.0083049666
10.9859680322
11.019184772
10.9828119803
10.950343421
10.9167419461
10.8934382257
10.8957173306
10.8636169837
10.8666077283
10.8471277876
10.8687201337
10.8979593854
10.8839502111
10.8984587689
10.8913494525
10.8808056836
10.8540980186
10.8582692463
10.8287475606
10.824533044
10.7811013485
10.7678139263
10.7895255024
10.8394238579
10.8011632714
10.8072061208
10.8423565302
10.8474714714
10.8651520868
10.8452261323
10.8858796919
10.8461280346
10.8854746881
10.8404888753
10.8603298567
10.8595268931
10.8734613994
10.851181902
10.8665133793
10.8749513213
10.8910364446
10.9015685944
10.9334915104
10.9213731294
10.9356490576
10.9455188961
10.9339796806
10.9572719613
10.9946711628
10.9590084787
10.952740369
10.9976970689
10.9411494688
10.9658790244
10.9379883652
10.9167294892
10.9832951294
10.9698147151
10.9424851017
10.9681056022
10.971984396
10.9685399164
10.9816996807
10.9642117455
10.9781357471
11.008381097
10.9958060771
10.9783393075
10.9292309882
10.8697549715
10.8820235871
10.8596015724
10.849718557
10.8087039695
10.8199086496
10.8145197884
10.866953683
10.859242882
10.8613168959
10.8777325978
10.9305328627
10.9105664867
10.9254600445
10.9173393787
10.9320650004
10.9441588704
10.9744613138
10.9622349313
10.9794988571
10.9547913745
10.9701456205
10.9465415574
10.9871895666
10.9856463748
10.9535151415
10.9542052788
10.9619993693
10.9545638349
10.9189836975
10.9495629076
10.9415237171
10.9669876157
10.9448436061
10.9625971281
10.9859987047
10.9725475503
10.9960507584
11.0114206659
10.9930017752
10.9872542805
11.0265154251
11.0110926593
10.9585197745
10.9205719568
10.9292259809
10.9142493852
10.897240755
10.9037059809
10.8860291501
10.927444041
10.9307216329
10.9655035833
10.9832111456
10.9811325276
11.024866275
10.9958405015
10.998484448
10.9660625388
10.9754360518
10.9551784887
10.9067402203
10.9222135008
10.9380997637
10.9389367689
10.9345362419
10.9285784399
10.9454465973
10.9400380946
10.9336176096
10.921417108
10.9493452762
10.9424408643
10.9576233641
10.9571507452
10.9352926066
10.9422166734
10.9337423001
10.974989507
10.9213654854
10.9567611281
10.9484658996
10.9354824889
10.9472209512
10.9339312189
10.9605966423
10.9361970623
10.9463516356
10.9315273147
10.9524013949
10.9452926952
10.9142778065
10.907154761
10.8625735788
10.856354591
10.8853731393
10.8566425566
10.8715341998
10.8798887573
10.8381132932
10.8597746983
10.8534245578
10.8834424018
10.8553485888
10.8941091113
10.8466045354
10.8505772519
10.8470214411
10.847545636
10.8380284669
10.864463445
10.8761160144
10.8538545788
10.852902902
10.8802789962
10.885718123
10.8843174056
10.8836334356
10.9118574605
10.8823351714
10.909201468
10.8722782847
10.8797670884
10.9013970758
10.9033756841
10.9057456261
10.8702704373
10.8686547324
10.8852944849
10.844328863
10.8760709646
10.8575390009
10.8968691916
10.8478367924
10.8291812354
10.859156555
10.8195908493
10.8519101405
10.8401802023
10.8339025491
10.8624531622
10.8202164728
10.85637678
10.8993208301
10.9056139162
10.9477669337
10.9068710209
10.9567361931
10.9475940511
10.9476176755
10.9366863965
10.9407314509
10.9453056078
10.9270991832
10.9190103204
10.9062174589
10.9126421729
