0.177092037698
0.17632922872
0.175686456639
0.175033731173
0.173987733174
0.173859068757
0.172140622816
0.17235028857
0.172170159028
0.172287412934
0.173964111149
0.1746151909
0.175058934583
0.175954444328
0.176289999689
0.177463198555
0.17751268485
0.177756204367
0.177374590871
0.175364147457
0.17564317907
0.17480268059
0.174532408288
0.174117515395
0.173172781954
0.173404093093
0.173233523134
0.176041750669
0.176782356605
0.177791796763
0.178189626701
0.178234459833
0.179557668424
0.179998330282
0.179896370675
0.179158859181
0.178238216612
0.177958618735
0.176074802263
0.175586267375
0.175418941574
0.175689252967
0.176083660727
0.175248875444
0.176134808401
0.177028442282
0.177313115409
0.178112505134
0.178211343534
0.178069779764
0.177889904954
0.177030822006
0.177148221992
0.177601448111
0.177951117326
0.178365211105
0.178834869076
0.178266935382
0.179385728334
0.179160678869
0.177530011151
0.1759457503
0.173465183426
0.172076302877
0.166710170245
0.166481402383
0.166679817339
0.167207722358
0.167034327263
0.16748949385
0.167340332337
0.168154953198
0.16861474815
0.170121517055
0.170412105312
0.170471018023
0.170567814217
0.170964391221
0.170078209955
0.170553873342
0.170516065199
0.169744101291
0.169553212541
0.170640668981
0.170869885908
0.171118907514
0.169952530818
0.170238496183
0.170101897761
0.168883433893
0.168783635938
0.168774444995
0.169294945374
0.168748086943
0.17077589509
0.17073624134
0.171528925856
0.172710878348
0.172042903142
0.172215582044
0.172734734412
0.173314561732
0.173140628964
0.174678438164
0.177011994234
0.17675454718
0.178716498131
0.181324106613
0.182339547003
0.184304068799
0.185445844599
0.184460599446
0.184152520884
0.183657891913
0.18283230882
0.181779852546
0.181125119658
0.180818029455
0.179535552386
0.179322875326
0.180549405705
0.182416949281
0.182233449475
0.182958517978
0.183800401163
0.184487507359
0.184681921911
0.184689503686
0.184522659783
0.18396792548
0.18414308544
0.183222818728
0.183845669031
0.184278921439
0.184673678077
0.184766446741
0.185812963605
0.185885403207
0.186118548263
0.186063645433
0.185701209885
0.18532918412
0.185596449193
0.18414864354
0.183828215692
0.182387482936
0.182061550388
0.181494617457
0.178994822393
0.178237928545
0.177565185761
0.1774207022
0.17636964324
0.176695160615
0.177017284403
0.176973811177
0.177508431834
0.177339892483
0.177111733263
0.177589703216
0.177430324776
0.17777786691
0.177419498637
0.177589450113
0.177913325871
0.179823630112
0.180425988348
0.182186947813
0.182266165026
0.183767533364
0.18373309401
0.185035704935
0.185104789084
0.185045880674
0.186314731472
0.185648863373
0.185843516758
0.18545598769
0.18625356252
0.185683700025
0.185498284264
0.184820033706
0.183237222388
0.182210242338
0.182527142693
0.181154742583
0.181404243525
0.181003538864
0.181318767036
0.18148315568
0.181251624821
0.18129642294
0.18198891227
0.183727146478
0.184498854701
0.186086039135
0.186847193591
0.187850267941
0.188917690651
0.189329011445
0.188699591583
0.18828621444
0.186996894693
0.186501155354
0.186960679307
0.186158435857
0.186403273354
0.185036048178
0.184067148833
0.18398239826
0.183425808364
0.182645280541
0.181089391653
0.180551330451
0.179390927017
0.178510128884
0.178752776866
0.178695431671
0.17951577004
0.178035110416
0.1798753202
0.179959465136
0.180593271475
0.181004167334
0.18027881092
0.179735766494
0.178348685313
0.178160451781
0.176938389394
0.176616341663
0.176198478948
0.17475126741
0.174028111523
0.173782096127
0.173829820689
0.172258292848
0.170852838089
0.16965202802
0.168277305671
0.165932332663
0.164749129212
0.164666411418
0.163394989775
0.16350193785
0.163995816998
0.164635660036
0.165794271693
0.167217049395
0.168425807756
0.168923464681
0.169129565545
0.170038778511
0.17004712746
0.171229994424
0.17100752915
0.172599791682
0.172917960871
0.173252048313
0.17425608031
0.175513165962
0.177420630494
0.177095027566
0.17786777345
0.178314426641
0.177071469132
0.177665056628
0.177077037437
0.176650641135
0.176349769655
0.175558338006
0.175252616322
0.176109842666
0.175615646793
0.17576588315
0.176944920367
0.17782388456
0.177279505949
0.178954338288
0.181153779787
0.181986315889
0.183190679477
0.184888468923
0.18538100604
0.185905106618
0.186738666389
0.188298722247
0.189504531066
0.190184667037
0.191392806475
0.192158875298
0.192843484004
0.193578269908
0.193816631778
0.191345585468
0.19033148333
0.187959321444
0.186738042427
0.184151372389
0.182490698021
0.17921226557
0.178184816243
0.176909357012
0.176722482955
0.176388003687
0.176432321815
0.177078012451
0.177927485276
0.179826251241
0.179765679027
0.180501757168
0.180840866479
0.180949158002
0.180208129251
0.180449285339
0.179095464463
0.178063195425
0.178305618215
0.178540380101
0.179407127754
0.180715867334
0.181183480917
0.18188105141
0.181855918586
0.182244108064
0.181295309027
0.18083427499
0.179416528931
0.17839657387
0.176961177066
0.174881000987
0.17257320672
0.17171073302
0.17088977282
0.16999362934
0.16997980193
0.170765901918
0.171641643169
0.177350408065
0.177440611798
0.177635529756
0.178479643009
0.17785469275
0.179083077769
0.178429071586
0.178756113551
0.179068775112
0.179083775373
0.179319426228
0.179406377473
0.179551660148
0.178275090549
0.178584191532
0.178774513509
0.177780903948
0.177673221576
0.178082495862
0.178828096474
0.180106657081
0.180960192449
0.182819244579
0.184440670087
0.185094345267
0.185746210068
0.186808904287
0.186025455716
0.186956367661
0.186369144744
0.186278859045
0.18743892455
0.185643054547
0.186536525376
0.186873124156
0.186611313243
0.18566535983
0.184945844887
0.183832346395
0.182947140142
0.179467629858
0.176647080457
0.17581125658
0.174329535387
0.172492407937
0.170857457171
0.169816083971
0.169446873864
0.167652572058
0.167046346437
0.166725086369
0.166039906134
0.167381706345
0.167348042545
0.168298499896
0.170377210469
0.173078312205
0.175500771167
0.177666756428
0.179124621507
0.181649517684
0.183643150336
0.184922689756
0.184508544505
0.183956031429
0.182853405549
0.183152558401
0.18206324346
0.182609182675
0.182004534068
0.180844634906
0.180498976082
0.180216324224
0.180160344428
0.178837337467
0.177167439255
0.175715845838
0.174509824427
0.174014867064
0.17320515554
0.172148404314
0.171030129718
0.170874143403
0.169143789309
0.170005355901
0.169847278006
0.171293642501
0.171995739118
0.173518845522
0.174961513061
0.177102945324
0.179448841646
0.18183976887
0.183817368106
0.185955923967
0.186881140568
0.187015406987
0.186883320096
0.185451163159
0.184214756188
0.183231400963
0.182481453484
0.181409835949
0.180188331232
0.178645212029
0.180322112826
0.18008016507
0.181877898089
0.182051524356
0.182309646118
0.182682787722
0.182332944298
0.181840797053
0.182198037034
0.183528688399
0.184325377609
0.183340539528
0.184247025805
0.182739840489
0.182852118546
0.180938829977
0.17961662762
0.178153863191
0.176427107369
0.175906031231
0.175387926797
0.175557026499
0.174278251641
0.173023312115
0.171780244492
0.171382825425
0.171302671858
0.171474311633
0.172176899693
0.172634768896
0.173811810144
0.176032999925
0.177685248845
0.179122069227
0.17963905184
0.179117427222
0.176294592275
0.176151716211
0.174433198292
0.173243047735
0.172355022031
0.173369801716
0.17490731732
0.176318834451
0.176372004139
0.177306435031
0.177192716258
0.175119581137
0.173511747564
0.171598433467
0.17042523342
0.169226676527
0.17116162047
0.172162864957
0.174268557595
0.175562535738
0.177627472292
0.179965414331
0.181117087722
0.181755422078
0.181298586961
0.179294480262
0.179552740728
0.17906357905
0.178790542138
0.181230871794
0.183575662491
0.184593851009
0.186564694053
0.187167060451
0.187469586827
0.187513442824
0.185643235427
0.184399633252
0.183617527245
0.182356302993
0.180956809389
0.179913585985
0.178899902585
0.178158869082
0.178569242785
0.177836199511
0.178797826656
0.177561660843
0.178177809149
0.177629673505
0.177381303929
0.177582965164
0.177006333583
0.179403964847
0.180128390355
0.183513943216
0.184044132848
0.186102594274
0.185731551184
0.186315375255
0.185869659883
0.185386934313
0.184452949797
0.184409384546
0.184622735148
0.182416451924
0.180938158164
0.179844351672
0.180100872359
0.177929155741
0.177766202341
0.177563875442
0.176359457308
0.176064913061
0.178549300845
0.17895302082
0.17950632915
0.179736419293
0.181113269256
0.180750007613
0.181584147435
0.180496589936
0.179685850032
0.179496855306
0.179404695351
0.180852958616
0.181000976868
0.180883966519
0.181818273937
0.18210821249
0.183635524002
0.182624628839
0.182442512805
0.181997325569
0.180320932185
0.180287212824
0.180320174054
0.17942744728
0.18122078976
0.182195442127
0.183298201468
0.183696720631
0.182935366658
0.182226038611
0.180813899944
0.179706244602
0.177632926207
0.176684546634
0.175519460496
0.1746921624
0.175565592792
0.175404995311
0.175612705344
0.175298496006
0.173710510778
0.173940381416
0.173026287918
0.172685609695
0.174539692616
0.175154622342
0.175395654889
0.176773947384
0.177425157543
0.177877422428
0.178894248906
0.180827919937
0.180247894836
0.181028919575
0.182226604931
0.183435479831
0.184922683775
0.184875879905
0.183191345624
0.179998762152
0.179327813264
0.176225858243
0.173701813841
0.170204612859
0.169311026443
0.168013513886
0.167449840573
0.166519970367
0.167556530999
0.167695487673
0.169774047875
0.170226849991
0.17184850069
0.173152055203
0.17316244468
0.174096945438
0.174067578711
0.173750057546
0.172303720902
0.171967025649
0.172320033397
0.172846384745
0.173137308094
0.174384720904
0.174585824903
0.175216056794
0.176318496788
0.176671337455
0.176973229889
0.176405240421
0.177216929105
0.177282537991
0.177012630094
0.176778741195
0.176356341141
0.17610514643
0.176306234037
0.176376475724
0.177855526386
0.178565734562
0.178965824092
0.180681754028
0.180589214415
0.180016246025
0.180231510116
0.178282874857
0.175224191218
0.173225942843
0.170372515657
0.169122547461
0.168975405103
0.169208541125
0.170648322488
0.171659662348
0.17356935788
0.175727920345
0.177531997447
0.178123765509
0.179136764871
0.179624941549
0.178972677985
0.178418873909
0.177303523181
0.175617715765
0.176306690891
0.17412091308
0.173058030125
0.174043723333
0.174285379664
0.177543898027
0.18014485764
0.185015254243
0.190931574549
0.193779768759
0.194313213503
0.193279197985
0.188047197987
0.183767256711
0.17831504274
0.173438651886
0.171575014507
0.168954632996
0.169065418423
0.170063316276
0.171987534904
0.17504984358
0.178142978528
0.181264465169
0.183051871794
0.184000835277
0.183491464424
0.182296067268
0.181185799104
0.178653348161
0.177109615955
0.174817595535
0.174013111539
0.172303908015
0.172604971793
0.172568537403
0.174174967443
0.174742531466
0.176447135718
0.17780367352
0.177583490444
0.177421288547
0.17571220273
0.175851321741
0.174781457915
0.176186966759
0.176295018033
0.176567700575
0.177960967864
0.176716574669
0.176493421792
0.176472155636
0.174783371218
0.17356503863
0.173601750234
0.174501733187
0.173993273028
0.175875093972
0.175834071704
0.177405396726
0.177975690853
0.178456629441
0.178801603548
0.17945400675
0.178776647114
0.176246760791
0.174762756585
0.165934591194
0.164327815328
0.163385998842
0.162767124596
0.159565837763
0.158042010422
0.157115333344
0.15623552643
0.15540270883
0.154397848176
0.153155786346
0.154280838574
0.154086868718
0.154753678938
0.155578587324
0.157521115368
0.156406266505
0.156665855886
0.155997005786
0.156918255171
0.156838544835
0.15764739481
0.157635654462
0.157212111147
0.155188498334
0.154448775886
0.15235417564
0.149547977975
0.14804863995
0.147539183543
0.146701905604
0.146394521806
0.148622642725
0.149301342282
0.149402352108
0.148736413914
0.149620028638
0.15117927342
0.151707068834
0.152368578614
0.152476222621
0.153607720229
0.154426360311
0.155567722618
0.154138692574
0.152678920133
0.151148631658
0.149969359195
0.150268209848
0.15037802479
0.151606777371
0.151627113299
0.152019222871
0.151352791769
0.151404633982
0.15271018781
0.153238195511
0.152094230648
0.150144677547
0.146876721127
0.14326970471
0.138638279156
0.136748077558
0.132420464931
0.131848294033
0.133236698665
0.135587114678
0.136631630967
0.136768863584
0.135863932439
0.133248901162
0.133280013877
0.132818437219
0.133983242597
0.136119016949
0.135811871983
0.135111671954
0.132456105992
0.131116548981
0.129474395943
0.129231981982
0.128649447004
0.129391652122
0.129137686607
0.129762711458
0.13031259097
0.13110861211
0.13152558017
0.129993155341
0.128012266651
0.126583452761
0.126322296583
0.127178226896
0.126976451754
0.128073352475
0.127754823397
0.13107938339
0.13072319821
0.132014952267
0.13367201193
0.134589362924
0.135178350409
0.135654579618
0.135387509751
0.136416031529
0.135858429926
0.136346750781
0.137297652405
0.138998111144
0.140059344377
0.14132369217
0.14056954696
0.1406086052
0.139344981633
0.139051562042
0.137496362156
0.135506441724
0.131976185807
0.130149977642
0.126681835716
0.123903826013
0.121534559848
0.118959209513
0.116289240393
0.116322643479
0.117745677888
0.117329264197
0.118705711814
0.119179938345
0.120879924948
0.121228703073
0.122516322117
0.124076913978
0.124056427383
0.1234208381
0.123006805076
0.124607878902
0.125133491223
0.126997635953
0.127679751992
0.12776998671
0.127482934097
0.1285800374
0.129450340899
0.128202207604
0.127518270975
0.127056489828
0.127856050412
0.12752102967
0.127607212807
0.127333898699
0.128447859027
0.128433562122
0.129626669145
0.128432103531
0.128244243522
0.127948858654
0.12977380988
0.130181098626
0.131417794902
0.132320736501
0.133944860834
0.134611619581
0.13345151433
0.131553621139
0.129229737682
0.125375945695
0.120052033865
0.115745930901
0.11247625899
0.110022438411
0.109560771172
0.109675087931
0.110534623236
0.111018954902
0.113128323056
0.113126247447
0.113354549675
0.113019915948
0.113656903078
0.115375557376
0.115489237275
0.116170575639
0.117107042824
0.117000988963
0.116940120972
0.118750440873
0.119870724353
0.122626205909
0.124835410094
0.124002627065
0.122688663543
0.120613756692
0.120973186472
0.118960568273
0.117989610753
0.116260187328
0.117188918066
0.115928260078
0.115056422669
0.115266813436
0.113530254908
0.111687300052
0.11201771219
0.111540449621
0.111214577896
0.112242690924
0.112156707532
0.112592912327
0.113376434999
0.113669595779
0.114666649685
0.116509847167
0.118793991999
0.120318275066
0.122788376406
0.125335709638
0.125054511852
0.125357960588
0.125036745078
0.123308876277
0.122273216772
0.120212606146
0.118314605235
0.115883090666
0.11379494841
0.112268617893
0.110516417502
0.109484990459
0.108156970978
0.105817831781
0.103869739225
0.103489304493
0.0977064357866
0.0976662126325
0.0987318240122
0.102813030722
0.104266267928
0.105401287095
0.1061139043
0.107898986063
0.109113623542
0.111278900465
0.112721616149
0.113265772623
0.114782017552
0.115000257232
0.115586434108
0.115419623098
0.115176405484
0.115054045834
0.114385169993
0.114802482199
0.114347558745
0.113709646927
0.112566435391
0.111149598494
0.109571734387
0.107862573537
0.104945196517
0.104330778741
0.104033700546
0.104851041967
0.105837886811
0.106413727362
0.107340763092
0.108521035367
0.110061859193
0.108889108381
0.108176872719
0.108222958784
0.108329053131
0.108385273941
0.107965473085
0.108592339318
0.108441189193
0.109041513306
0.110337314446
0.111559630683
0.112407462332
0.112753621204
0.112209919207
0.109264403741
0.108393948642
0.106651644468
0.105911092635
0.105170408806
0.105281682536
0.103362494363
0.102274883033
0.102103886676
0.101730858046
0.100723640581
0.0990155083377
0.0983503294527
0.0987332571357
0.0988402666925
0.100244194182
0.101691885498
0.101781502175
0.104009726786
0.106379206248
0.108723155441
0.110989293499
0.112443439444
0.113624078031
0.114619344463
0.114133376413
0.112790142638
0.112684437213
0.113048737243
0.112569770405
0.112833980055
0.112740238558
0.111910731343
0.110950869947
0.110293365303
0.109042261222
0.107323906796
0.106476758676
0.105570814382
0.104991968555
0.105059731137
0.106075413857
0.105816895963
0.104553502185
0.104259091399
0.103987997076
0.101700997075
0.100395220383
0.0994206578711
0.0992360629493
0.0990200821414
0.100563901798
0.102689254713
0.103607236593
0.106387555688
0.107488682957
0.108566919353
0.10879131555
0.108288795967
0.107661214561
0.10736671604
0.107673256165
0.107026733012
0.10651076618
0.106015813119
0.105930541561
0.104457098793
0.103872169098
0.101553267677
0.100847656415
0.101300784791
0.101181526293
0.101612924262
0.102047308036
0.102487137377
0.102385166545
0.103569000668
0.103628645278
0.103877338493
0.106528236708
0.107730282276
0.109303918176
0.110004794081
0.11044934331
0.108948372712
0.108994036918
0.109277762452
0.108101950509
0.108033440284
0.105905982219
0.104457141957
0.102375874091
0.0986330705362
0.0967734199696
0.0921939026255
0.0876316674664
0.0818425549334
0.0802399808173
0.076455309641
0.0729299864579
0.071042097172
0.0682045408085
0.0667308887389
0.0647590638068
0.064523538525
0.0651414826123
0.066891525143
0.0671210082559
0.0670569838303
0.0685913289348
0.0707506747601
0.0734281410544
0.0765782413396
0.079735647373
0.0802072550836
0.0823224984941
0.0834885844436
0.0855856928936
0.0854881035669
0.0866529079924
0.0877637038013
0.0888729921579
0.0889981755488
0.0903621502107
0.0920047851478
0.0922991483217
0.0926539806558
0.092238761492
0.0942446440065
0.0948403876833
0.0958551244886
0.0947615722869
0.0935607970036
0.0947719258173
0.0924698133197
0.0918586618794
0.0909052403916
0.0895531002243
0.0876709415763
0.0849762505028
0.0849771883224
0.0844493304745
0.0841826043119
0.0836391866393
0.0844424463608
0.0851639568301
0.0867626936054
0.0880983694628
0.0902554928909
0.0903990281361
0.0897053078219
0.0899803567611
0.0910281503364
0.0922993930269
0.0923704963305
0.0929541879144
0.0917241083184
0.0910351781927
0.0916997560288
0.0925950722273
0.093245362637
0.0931412042425
0.0921494019162
0.0915662970923
0.0907237504247
0.0895972617914
0.0881116775167
0.0863247863979
0.0855460329165
0.0855265895222
0.0844242465822
0.085083619714
0.0855292194997
0.0850365572512
0.0846354237941
0.0844653636867
0.0838584435265
0.0828123260809
0.0830363593243
0.0839794797142
0.0863931967987
0.0882216431154
0.0908023067941
0.091704522191
0.0924689741853
0.0931246613022
0.093489922282
0.0947505962381
0.0941162555862
0.0936821392354
0.0917632391861
0.0912375351246
0.0901390287988
0.0896986839617
0.0891597535501
0.0867273476271
0.086551927905
0.0858728942003
0.0862512147453
0.0860407760498
0.0863278667992
0.086119751876
0.0861353147542
0.0874974075717
0.0886239858318
0.0894112552535
0.0906060544341
0.0908442597241
0.0912652047732
0.0915085925191
0.0927165808661
0.0916855907205
0.0898141082218
0.0877090393213
0.0850425223625
0.0841225333565
0.084114452781
0.0835320348548
0.0836600433814
0.0838929136594
0.0857576592253
0.0881278770575
0.0905593043947
0.092101935505
0.0940647952432
0.0951357597238
0.0970218734795
0.09839597334
0.0992562794059
0.0990837575258
0.0982566858085
0.0976363434247
0.0954470829078
0.0954361883536
0.0942597830218
0.092913695963
0.0917623392966
0.0912700469249
0.090017190874
0.0902585080398
0.0901026468563
0.090010912339
0.0899994820558
0.091483870851
0.0913607044269
0.0919130184842
0.0909698597317
0.0911844637087
0.0906483474932
0.0905714439976
0.0889243021956
0.0895609020154
0.0904103233682
0.0908139337375
0.0918834415339
0.0905148852475
0.0911218328284
0.0908964191716
0.0914149294957
0.0918063905526
0.0922417426203
0.0916856858668
0.0915596814123
0.0919885995527
0.0916442774575
0.0933637451587
0.0931761210651
0.0931157295026
0.0929169839847
0.0917507638694
0.0925209624695
0.0911609074108
0.0911061103931
0.0900086634538
0.0918199359622
0.0932016969234
0.0963345964813
0.0998432111001
0.103671806682
0.105859714434
0.107575271586
0.107416440829
0.105644359703
0.104376737707
0.101914301788
0.0998899351455
0.097370712153
0.0941385120651
0.0904096436395
0.0878721898612
0.0855953169437
0.0858213474039
0.0860369068403
0.0859533822715
0.0871501703192
0.089274219102
0.0897191789474
0.0908101355061
0.0921437025669
0.0916160876392
0.0912544337718
0.0926965524133
0.0931638077859
0.0921257354113
0.0932795061361
0.0927241824508
0.0918893087963
0.0923291183097
0.0914755297901
0.0915331831643
0.092135284056
0.0925410194074
0.0925511641385
0.0933399191308
0.0953695392452
0.0938014752818
0.0959246370022
0.0965199724196
0.0961491764693
0.0956686454443
0.0966002607459
0.0982829374586
0.0970829710635
0.0961020436767
0.0945524321363
0.0928317349167
0.0903208985094
0.0887356805202
0.086820003879
0.0858173425211
0.0879851069482
0.0902101462379
0.0921724828204
0.0933135917688
0.0955185260885
0.096247882393
0.097743393339
0.0979464714448
0.0978548920315
0.0981779124487
0.0966648077687
0.0963358856488
0.094825856831
0.0933595698902
0.0919561426178
0.0917633179154
0.0910357724282
0.0906941547066
0.09098998595
0.0910814854955
0.0923025393211
0.0935447222764
0.0946736445005
0.0964669576522
0.096427065797
0.0955530550691
0.0966008234046
0.0956930525499
0.0956261650675
0.0946567197321
0.0940255321459
0.0928418257988
0.0928742696256
0.0914590164515
0.0906192906179
0.0909235518246
0.0907669029793
0.0909389629571
0.0913470551196
0.0909437364491
0.0911178699145
0.091570634327
0.092354778093
0.0927807390306
0.0946638570055
0.0950539595979
0.0976558870375
0.0986599959758
0.0995252781148
0.100174205054
0.10069477932
0.100845773307
0.0999709908745
0.0993003740144
0.0987473750342
0.0970435672846
0.0952332797847
0.093423122377
0.0919538630026
0.0908784200305
0.0902443755966
0.0902059733183
0.0923213876475
0.0936672685388
0.0943533739723
0.0945471195697
0.0947529058311
0.0957369216791
0.0956658234039
0.095852744856
0.0967034765279
0.0992595803057
0.0967422770785
0.095518389749
0.095190107765
0.0960791358922
0.0983219965728
0.0989524639377
0.100693232299
0.101091495776
0.100754462074
0.10018694093
0.0985998841902
0.0976044044511
0.0976069381016
0.0972573254072
0.0976839321806
0.10084164829
0.102329899954
0.103126882044
0.103394628288
0.10280540365
0.101116657415
0.101268629036
0.0993257799649
0.0985602447498
0.097754533334
0.0971423044184
0.0969979798322
0.0980720149808
0.0990570272826
0.0979766764154
0.0971440449187
0.0953133728358
0.0932598906274
0.0917978135269
0.0892757201132
0.0887998924931
0.0879788929773
0.08935398213
0.091146302916
0.0929771334646
0.0998274921249
0.101231518553
0.103708588864
0.105684540264
0.106007308717
0.105165354505
0.102617864862
0.101287817199
0.0962643983852
0.0934241815097
0.0924883075746
0.0926797830844
0.092868166988
0.0941249962282
0.0958922196945
0.0984720839538
0.101169596659
0.103136098523
0.103079179658
0.103062201795
0.103223815989
0.103410756112
0.10366146704
0.103266417237
0.103538876219
0.101792150054
0.101470853972
0.101224873657
0.0999069414537
0.0985563085104
0.0977164353789
0.0964269700135
0.0962796743773
0.0969889421107
0.0949079424045
0.0962635683347
0.0971534189198
0.0983445142103
0.10134686175
0.102173762313
0.103024956329
0.102868113937
0.103363012234
0.102580006246
0.10233212572
0.101767507958
0.100887666473
0.100253975948
0.100087310998
0.101714027469
0.102326488296
0.103596308636
0.102693286974
0.102416823582
0.100789470558
0.0996320848547
0.0997711133023
0.0990993603432
0.100668359049
0.101638172369
0.102645570024
0.103718231182
0.104369582657
0.105057674286
0.104610316126
0.103721808251
0.104247363834
0.104448150174
0.10500831503
0.106288551826
0.10601555254
0.105687501728
0.104800013935
0.105040788398
0.104126718461
0.103285244753
0.10214838115
0.102282750012
0.102793487943
0.102897002615
0.103553838236
0.103090299648
0.103762560976
0.104243145891
0.103961878738
0.105990965777
0.105806343217
0.105743636033
0.106149388523
0.106591716288
0.106431691944
0.106896347813
0.10699754332
0.106062499713
0.106913515217
0.106462344436
0.106058131111
0.105965871324
0.105957279751
0.106758792992
0.107888742891
0.107292575958
0.105495896344
0.105646270012
0.106220130936
0.105694861367
0.106821003456
0.105474977437
0.104561261172
0.106051567004
0.110864285199
0.116182333166
0.120069810459
0.124500370337
0.125784718822
0.128457540275
0.129981523754
0.131325918438
0.130993759083
0.124345910131
0.118749449033
0.113166332493
0.110701977752
0.107946123402
0.107145965334
0.105779600242
0.101264373509
0.0963444338444
0.098943436972
0.101536519056
0.104039044668
0.107045686207
0.112024017538
0.116154723898
0.121704188532
0.12435649028
0.124809368393
0.123741495301
0.122702645469
0.122540287433
0.12111844326
0.119858626334
0.117966501907
0.113776953136
0.110784247217
0.108681971788
0.108579331264
0.108364590261
0.109156644695
0.110787863875
0.112308928073
0.113592221904
0.114342097913
0.113267679314
0.113952569949
0.114652656513
0.115154462534
0.115319117363
0.114383356826
0.114090849541
0.113501949051
0.113522976168
0.113577611813
0.113306253212
0.113036973784
0.11306806506
0.113417754321
0.11469895797
0.115849405917
0.116622868222
0.117306557925
0.117819350005
0.11660365314
0.117851959211
0.117165587083
0.117412471894
0.116085527473
0.11469232697
0.112975211836
0.112002556686
0.110228933118
0.10976519407
0.10875511231
0.109020403296
0.10858487365
0.107831654592
0.109290535452
0.110993234021
0.111190685416
0.112776641716
0.111755991527
0.11399131996
0.116229053919
0.116866994328
0.118350240599
0.118569390461
0.118457337595
0.118847446101
0.119260057236
0.118264023843
0.118905434339
0.116122971957
0.112840210711
0.114402479204
0.113786686782
0.113797831767
0.11294597857
0.112929147229
0.112183405958
0.113147617365
0.113105531917
0.113691048383
0.113856188675
0.114914334889
0.116168592056
0.117969254131
0.120609624606
0.121290818284
0.123569857156
0.124259100638
0.124770290179
0.124079003242
0.12366032996
0.12223034657
0.123000550642
0.120405530484
0.119880320726
0.118715391679
0.119234632211
0.119912618196
0.120627978866
0.129434917256
0.130762884076
0.132194169919
0.131544625746
0.132368925431
0.131698370768
0.130619197733
0.129568731742
0.127039470775
0.125564500235
0.122306605137
0.121093431002
0.118999075502
0.117752665341
0.118505510219
0.116528345475
0.117478963267
0.118571166269
0.119747982234
0.123668299251
0.124345812158
0.126007336394
0.127728003798
0.1284814886
0.129374712798
0.130344518465
0.132231121052
0.132481681822
0.133106180895
0.134424461545
0.133040193835
0.130884345221
0.129207135516
0.125734399797
0.122844892572
0.120091614105
0.11777823359
0.116160823944
0.115517150274
0.115150508892
0.116339459668
0.117319120548
0.11873304815
0.12084060258
0.122809023472
0.124906506829
0.126659499625
0.128986759473
0.129660739664
0.13063452232
0.130772648452
0.131454170818
0.131426887498
0.132019633932
0.130059882042
0.12855520281
0.126828543994
0.125230925453
0.123557336992
0.122239421927
0.120218092562
0.118051646352
0.117452070813
0.116665191756
0.115593026343
0.115331050985
0.115703049328
0.115870357254
0.117121297841
0.118914924645
0.121869466832
0.123101204232
0.123585829571
0.126193173988
0.127746078989
0.127927909519
0.128565595637
0.128175878005
0.128288975683
0.127487419562
0.127938852226
0.127290015142
0.127115681718
0.125917275927
0.125619337363
0.123947238626
0.12150231182
0.119592858912
0.117598040877
0.116822676682
0.116653179241
0.116020707077
0.117033528419
0.118452565036
0.120994336896
0.122543334255
0.126034987658
0.127275318752
0.128415539488
0.128095765136
0.127819622771
0.128389062942
0.127560127971
0.126020852805
0.124915265412
0.123212462709
0.121465505372
0.119101570868
0.117629489922
0.114966354148
0.113265555073
0.112717549304
0.112727474316
0.114439953212
0.115696564626
0.117144491119
0.118274288024
0.120140934547
0.121438487657
0.123262726255
0.124558781686
0.124595784733
0.124540835224
0.124964401657
0.123726950758
0.122655898112
0.119492524296
0.117747765304
0.113339780979
0.112156469307
0.109785418959
0.109851374602
0.109833399787
0.110402342828
0.110543883479
0.111657257047
0.112663125821
0.111329030837
0.112143691742
0.11134519623
0.109446506536
0.10822015613
0.105622587738
0.105369442058
0.102522952629
0.10080904447
0.0990317160785
0.0963393060437
0.0948743294221
0.0925885978127
0.0914843629698
0.0883363301912
0.0884130776394
0.0869635033094
0.0853677445177
0.0857711496742
0.0848974766498
0.0842593970943
0.08261133249
0.0812548649891
0.0798780791395
0.0742457706577
0.073104015806
0.0697411362196
0.0686343279199
0.0660716257207
0.0661670884756
0.0669201182976
0.0677865911528
0.0696345428564
0.0742176134822
0.0772323138719
0.0817499360523
0.085198979663
0.0884290159774
0.0892732042631
0.0893613004474
0.087717383043
0.0851844425415
0.0813436387284
0.0785220683135
0.0765185424037
0.0749656013891
0.0745620866276
0.075118621693
0.0754400562665
0.075957715257
0.0769893105397
0.0778739355043
0.0767209424543
0.0754683959668
0.0734700489979
0.0721920625284
0.0733398137617
0.0764114707083
0.0785371918208
0.08145327353
0.0843092658757
0.085204013918
0.0864149844722
0.0853029836582
0.0831519809472
0.0807684538547
0.0787812103853
0.0748307005975
0.0739592152121
0.0731750011456
0.0731144323002
0.0745123240929
0.0765718455535
0.077736992937
0.0799247946489
0.0810356969893
0.0809682065508
0.0822549280319
0.0812910781939
0.0818882296942
0.0819633
0.0825642127766
0.0837321672143
0.085603874393
0.0873216106318
0.0891142588493
0.0907407541353
0.0905246820214
0.0909141689912
0.0893517503407
0.0889788351156
0.0857612260968
0.084071797945
0.0808351179713
0.0799329390495
0.0801611309562
0.0804452494855
0.0828208654904
0.0850382113017
0.0877755364355
0.0924876864272
0.0937667391969
0.0960695781029
0.0971113989266
0.0966439936098
0.0955489936214
0.0942303102012
0.0934191436721
0.0928674135256
0.0916806589651
0.0922807592817
0.0914177963192
0.0898633109463
0.0883859929274
0.0861409570205
0.0833322745057
0.0811615658015
0.0791675225341
0.0783044494649
0.0777986738296
0.0776932341485
0.0795576432392
0.0817105060591
0.0843889230001
0.0860172708064
0.0872103520981
0.0874204955084
0.087643914571
0.0863324651452
0.0851323634035
0.0832208205948
0.0818000212823
0.0801282233693
0.0794749178524
0.0784733621118
0.0784452654467
0.0788045374094
0.0786147435614
0.0775630890244
0.0768831277047
0.0751164414695
0.0729823945269
0.0707912092145
0.0691493369441
0.0675761186245
0.0682647372194
0.0683049513192
0.0693595430734
0.0718048938517
0.0740289195422
0.0762209194281
0.0775198414807
0.078899991818
0.0782775618639
0.0758314029167
0.0741037429141
0.073443923111
0.0722022790659
0.0706793807144
0.0700375609595
0.0696642506176
0.0680657164234
0.0687697280619
0.0675881275931
0.0672097379958
0.0665829557038
0.0673210002727
0.0685434149573
0.0697680734788
0.0718864955507
0.0740286132953
0.0760438883836
0.0791641953068
0.0814157630797
0.08144258165
0.0815595523892
0.0807822383865
0.077314949188
0.0754746195161
0.0718020664966
0.06850577008
0.0661920135008
0.0657613112447
0.0648288751751
0.0651308048034
0.0669593333151
0.0700917068573
0.0724339893393
0.0752930559248
0.0776622244289
0.0795103131583
0.0803067084773
0.0801925959709
0.0801563298279
0.07950578606
0.077957822847
0.0768789024131
0.0772947896467
0.0765826071467
0.0764621419645
0.0762261447934
0.0750767364831
0.0744899342114
0.0723242720982
0.0719127177375
0.0715910951674
0.0719259772044
0.0697080863559
0.069521887733
0.0686113756059
0.0682592966415
0.068616801413
0.0695148462742
0.0701908419662
0.0722464341413
0.0732253359266
0.0758270178923
0.0777140499238
0.0783465028285
0.0774856121055
0.0766533333476
0.0750974265849
0.0739679795827
0.0717362825583
0.0700473801848
0.066668866693
0.0659236442874
0.0645159614351
0.0633443467333
0.0642819614808
0.0640377233539
0.0653465868281
0.0661953875101
0.0659393094168
0.0653353731431
0.0652112348498
0.0638539715926
0.0640530174241
0.0636757086532
0.0644233257907
0.0661023765738
0.0679891814395
0.0699722267349
0.0701806832218
0.0701072026199
0.0677699150102
0.0665200500146
0.0649743857156
0.0622694917184
0.0614847674
0.0610902600225
0.0601694551874
0.0617417599765
0.0630568736724
0.0650583435283
0.0642534054962
0.0638156691967
0.0641284389883
0.0626025310088
0.0619906567247
0.060945865342
0.0613527475185
0.0619985969053
0.063206103354
0.0662925238507
0.0674702300236
0.0691452472967
0.0687503519534
0.0685893864207
0.0674915478797
0.0662300273425
0.0649736778799
0.063576219331
0.0613709166
0.059828721661
0.0598925918552
0.0595038227684
0.0593724802284
0.0596121657633
0.0589886819621
0.0604381969114
0.060981039266
0.0618308056976
0.0629250685532
0.063034066486
0.063200355578
0.0637136733877
0.0642739049681
0.0641231049692
0.0642242885137
0.0638258966139
0.0624363575629
0.060237728524
0.0583153762635
0.0561943502407
0.054393361382
0.054839282184
0.054500534442
0.0545672238585
0.0557299972346
0.0568443205834
0.0583362244278
0.0619001896467
0.0631081643527
0.0641057507569
0.0642679269127
0.0653528446609
0.0638113620548
0.0622835017129
0.0604662435458
0.0594188701135
0.0586031355335
0.0596451005322
0.0588246746551
0.0591589656304
0.0587083106516
0.0587213124586
0.0588835840087
0.0581918404134
0.0576398130962
0.0573203657417
0.056118824963
0.055445952304
0.0559021725922
0.0567319076213
0.0586821654054
0.0593781817664
0.0610535253101
0.0600646928055
0.0609300023546
0.0588387146149
0.0571839326998
0.0565296567079
0.0555357985413
0.0552699470594
0.0557535322713
0.0560378240682
0.0575572235289
0.0568209473212
0.0584992964267
0.0585061682043
0.0581835341451
0.0578221929966
0.057809121537
0.0578108208459
0.0570504377987
0.0562776714271
0.0565297710656
0.0574034209709
0.0558468874177
0.0558055393292
0.056880072795
0.056658106852
0.0587497987667
0.0598496593226
0.0626462959389
0.0641719675029
0.0674789079918
0.0675481678024
0.066926649258
0.0666620915944
0.0651684165215
0.0631757786521
0.0607346853867
0.0579995807535
0.0539532243186
0.0520488411885
0.0510656120696
0.0499697030569
0.0497819921817
0.0507270902558
0.0517920471394
0.0517590904289
0.0542948928262
0.0552489332382
0.0549308150308
0.0569620658433
0.0570845310915
0.0567415389374
0.0579081522769
0.0567248877863
0.0571239722493
0.0570691080646
0.0567666290882
0.0570940654914
0.0561591140557
0.0562038469148
0.0555543143404
0.0558244825096
0.0545204265662
0.0553097864073
0.0534220785
0.0540864975748
0.0536448061676
0.0529452918486
0.0534663498985
0.0530037505246
0.0515683241895
0.0514074206493
0.0508861242765
0.0502316556709
0.0499791995009
0.0500412703267
0.0508650011171
0.0520088487153
0.0546916309762
0.0561453829731
0.0597682843079
0.0618493174158
0.0645479259041
0.0645362077328
0.0641078810957
0.0624416317375
0.0600413924448
0.0563395946994
0.0527498028449
0.0488345458143
0.0452560334063
0.0427101699238
0.0405972173254
0.0404571354722
0.041256185795
0.0421508988238
0.0437015015598
0.0467858152347
0.0492670756245
0.0507707036212
0.0517367036592
0.0547117014386
0.0560840707694
0.0584824703691
0.0596692690376
0.0596818821595
0.0579637589058
0.0580785305934
0.0541657321908
0.0520410229984
0.0446384123026
0.0426400736416
0.0430023803261
0.043349539647
0.0433893111636
0.0451444343916
0.0456508582572
0.0458731729328
0.0461857344342
0.045527723545
0.0455609331522
0.0460937580279
0.0476147964841
0.0493136462495
0.0501154955354
0.0515484615742
0.0527440341385
0.0539464827041
0.0526579420264
0.0525001511085
0.0502533485195
0.0482188876187
0.0461104072534
0.0438021777672
0.0429030015399
0.042055936852
0.0412877313804
0.0427805556107
0.0437074543153
0.0448832064467
0.0474761827183
0.0484413960272
0.0499909622822
0.050193479359
0.0495731433798
0.0485625659424
0.047093161654
0.0458872770627
0.0445606970699
0.0430375670447
0.0420537669097
0.0430159565258
0.0432888618832
0.0434527373585
0.0437854706374
0.0438876237241
0.0441833553496
0.0443493808187
0.0426536617464
0.0416791542936
0.0407098610086
0.0399293534442
0.0407261377529
0.041627754713
0.043210263594
0.0454704844004
0.0464945153423
0.0481654269083
0.0485589109129
0.0482430249436
0.0478631338751
0.0470195542308
0.0452800308473
0.0439946051903
0.0438529172415
0.0424890758127
0.0429033261716
0.041943306025
0.0412756461502
0.0401648477295
0.0400796565382
0.0389781389053
0.038758350074
0.0384148604951
0.0380474404852
0.0381254088392
0.0432468596231
0.0444061445264
0.0432243472202
0.0429982867273
0.0428859221842
0.0393596547095
0.0377011324488
0.0373651237982
0.0364622034327
0.0369304531457
0.0369687178891
0.0363264084369
0.0386191102719
0.0401438261408
0.0420010137885
0.0429046946907
0.0437383702537
0.0432582553345
0.0435659999659
0.0425819102309
0.0429061977919
0.0425851055285
0.0406198668022
0.0398717136619
0.0397301568255
0.0399728445638
0.0405187751661
0.0408065611212
0.0425850459047
0.0421045461005
0.0413958310644
0.0411858049193
0.041636996638
0.0403496149647
0.0402486151258
0.0400509165909
0.0415261633032
0.041317941102
0.0432591335871
0.0436868100298
0.0423559965448
0.0416548885157
0.0403050441868
0.0390617196501
0.0385078109977
0.0385729529423
0.037833968864
0.0374359523129
0.0387267976501
0.040208383191
0.0413164396235
0.0411241302031
0.0424052778402
0.0418449092339
0.0415117846382
0.0425989610451
0.0430024677229
0.0427037462301
0.0416484309874
0.0415402023303
0.0402399444231
0.0388450176995
0.039901044638
0.0393823698673
0.038804748552
0.0395690304103
0.0398655706959
0.0418969332945
0.0433986598429
0.0442206010384
0.0448581255458
0.0428770317203
0.042215169643
0.0409282837153
0.0398199777372
0.0398867596207
0.039053642433
0.038051781929
0.0361886962893
0.0363599828835
0.0365495998921
0.0362093883149
0.0363317915706
0.0376905131912
0.0394913254239
0.0411752221096
0.0437912343815
0.0462047536283
0.0478428633941
0.048959897972
0.0480284183019
0.0470900394533
0.046743280042
0.0454340392443
0.0435946080874
0.0428371462969
0.0406192108895
0.0406851254713
0.0389472434924
0.0382644365496
0.0383354440279
0.0382860184776
0.0388540425172
0.0393172686816
0.0398907032756
0.0405614643126
0.040984500283
0.0396606786808
0.0403132946881
0.038788925577
0.0383750200907
0.0376654959528
0.0382828422822
0.0389139131123
0.0400188469428
0.0421175524538
0.0437308838133
0.0445993881615
0.0456444764888
0.0455993964302
0.044941346963
0.0437236998569
0.0424688644645
0.0427214438804
0.0425946860986
0.0423171600297
0.0423949010043
0.0424733350711
0.0423796080804
0.0373907137008
0.0368968738571
0.0365617837672
0.0356523701136
0.0357288885107
0.0348486223067
0.03701586502
0.0387961634609
0.0399415704254
0.0418403537563
0.0420488543784
0.0425118159692
0.0440264004524
0.04284722621
0.0430757946117
0.042471401975
0.0428400817643
0.0443260071116
0.0446225662053
0.0464786101614
0.047468901022
0.0477711950554
0.0461554556185
0.0445732469618
0.0422939364327
0.0393411009293
0.0367378550688
0.0351731977575
0.0340815934703
0.0321673046472
0.0326058691613
0.0320454733405
0.0322822691351
0.0325931113535
0.0331148808037
0.0343216278839
0.0367981317243
0.0389702182193
0.0414206275596
0.0433461808136
0.046253930573
0.0473493052622
0.0473687486565
0.0481956490136
0.0475118108316
0.048024047815
0.0465093127323
0.0454870711605
0.0435977251905
0.0435866016454
0.0392667590067
0.0379510551818
0.0346988463688
0.0311628259781
0.0307660020467
0.0306339385702
0.0319981403304
0.0346679900649
0.0372845197397
0.0411195866563
0.0426520110429
0.043690737127
0.0446225223544
0.0430992257617
0.0432372470419
0.0418634801595
0.0409181139472
0.0406293508681
0.0401028443336
0.0399750938906
0.0400381671511
0.0404373140483
0.0413352921842
0.0413230258202
0.040757451126
0.0405104991474
0.040846348104
0.0407264613607
0.042039466793
0.0411964012608
0.0416378889168
0.0422141000816
0.0425726842139
0.0425014267463
0.0421054951356
0.0410983226712
0.0389028064607
0.0375047289876
0.035941222597
0.0350930008013
0.033503183754
0.0333751096721
0.0351793788594
0.0359705371051
0.0369112942047
0.0392959073891
0.0413794106237
0.0417949742184
0.0423480122856
0.0427902835299
0.0437026510372
0.0433459196493
0.0430090301235
0.0416032171537
0.0405103230346
0.0383215870676
0.0362275330399
0.0353336544127
0.035702224597
0.0349383331809
0.0361891274033
0.0374822675589
0.0386470627126
0.0400540720948
0.0410373028928
0.0420807300475
0.0413945977042
0.0408185691463
0.0398270737716
0.0392931697487
0.0397467640656
0.0384349950892
0.0383192123739
0.0375196634563
0.0365331927911
0.0357406688625
0.0352559043764
0.0348678471117
0.0351034910529
0.0346902858023
0.0360779118061
0.0371429928685
0.0388794208533
0.0406193472199
0.0401843890809
0.0395900961074
0.0390782118628
0.0390159997095
0.038076668515
0.0402129197839
0.0397277286827
0.0402908893186
0.0413531941058
0.0427714588152
0.0424354522854
0.0409941680766
0.0409916875178
0.0395550838011
0.0403217227554
0.0397366946123
0.0410930548352
0.0403053733048
0.0419555661708
0.0421694515383
0.0408902190692
0.0401254753761
0.0399316459046
0.0394489203343
0.0393814039406
0.0386386201469
0.0382037792837
0.0380645561194
0.0374360878566
0.0357821243751
0.0354801425279
0.0340523558716
0.0330137427509
0.031721544421
0.0323661173321
0.0330479094472
0.033321911599
0.0349645722777
0.0366853059764
0.0373101637685
0.0389383716414
0.0388949450953
0.0394522886146
0.0382418035232
0.0380395445975
0.0374529764052
0.0381364999828
0.0390007394316
0.0400334172199
0.0396724978625
0.039724978768
0.039390229455
0.0389976640111
0.0383909762604
0.0386852829136
0.0384861282036
0.0383782084654
0.0395233440101
0.0385709426043
0.0387924483242
0.0392150066378
0.038208331089
0.038178935262
0.0376580895667
0.0370522473968
0.0371466333315
0.0358186503154
0.0363844028017
0.0370063994443
0.0375890171156
0.0387013175166
0.0395984125963
0.0410982995192
0.0419087155701
0.0424645046726
0.0423322297849
0.0423542435824
0.0419520074174
0.0399961676875
0.0389917834601
0.0373379543818
0.0387570920782
0.0387112487051
0.0401041396446
0.0391380049079
0.0382032909206
0.0382042132139
0.0375412267714
0.0361545154681
0.036667834957
0.0362126743509
0.0357275294877
0.0352167679966
0.0352523994716
0.0361924473009
0.0356309551947
0.0364053109746
0.037475601985
0.0384113291207
0.0385019635528
0.0396410059472
0.0408039385155
0.0421515601516
0.043089126991
0.0433634718945
0.0438535966325
0.0445443766665
0.0446929253819
0.0440358971668
0.0440767978686
0.0436948705069
0.0438773178406
0.0419493641018
0.0414649778005
0.039993093455
0.0393567093482
0.0382926480723
0.0367862459707
0.0364348774466
0.0350794026069
0.0347802833747
0.0347737728811
0.0330616465107
0.0336142808577
0.0343584014387
0.0351900617141
0.0364845625225
0.035973566952
0.0368357880398
0.0373096694245
0.0373530313661
0.0383442438007
0.0390504706854
0.0384290684734
0.0394910777017
0.0388969568349
0.0377844235827
0.0374039006862
0.0359222629263
0.0368406771177
0.0365201451368
0.0357033259304
0.0348483913319
0.0347052183035
0.0340102990146
0.0337645263103
0.0322954885404
0.0319725060441
0.0303618231945
0.0293314460595
0.0296180765859
0.0300306405397
0.030477207245
0.0315785720976
0.0324133266016
0.0343063614373
0.0359777415653
0.0370344265078
0.0379191515993
0.0381015560533
0.0379538922193
0.0380005304728
0.0367388319154
0.0371614479198
0.0357440035514
0.0361594698552
0.0354443521052
0.035554602462
0.0355450845213
0.0349859435408
0.0337199614843
0.032991681487
0.0323045769697
0.0313138400109
0.0309699486151
0.0311884700069
0.031731896714
0.0317403090301
0.0326881059297
0.0327344462859
0.0342453714378
0.0342000299373
0.0346851109244
0.0341139869708
0.0345903741542
0.0349414104267
0.0348279690635
0.0342431391997
0.0342192335668
0.03433863958
0.0345091599522
0.0341618232589
0.0355063611666
0.035268915245
0.0348077470418
0.0338458517364
0.0334405730435
0.0339077721909
0.033887731754
0.0329967436044
0.0320246432651
0.0306397468567
0.0296299385013
0.0290582816077
0.0279727256163
0.027143297088
0.027635414741
0.0287633574465
0.0309385105319
0.0314033029856
0.0349680358921
0.0367192404768
0.0390842403485
0.0415996238284
0.0430352696692
0.0429443654872
0.0427620568585
0.0428241391371
0.0432434645171
0.0442619294925
0.0456624229092
0.0455549814829
0.0461335494586
0.0459414685983
0.0456708600342
0.0440044802682
0.0413750946333
0.0393096809243
0.0385735708425
0.0382243034442
0.0391175705224
0.0391536293278
0.0376788411593
0.0394134048796
0.0390488926988
0.0385937316509
0.0382628437413
0.0369268354149
0.037217137658
0.034954091922
0.0354902417567
0.0343166615607
0.0353905122171
0.0356403443904
0.0357200590285
0.0343387496868
0.0340982535845
0.0344350386815
0.0339363805022
0.0348171517235
0.0344487307445
0.0359783099497
0.0371589585235
0.037456714776
0.0377418109312
0.0389461673677
0.0384582333149
0.0391993361662
0.0396180299556
0.0387959364815
0.038475715754
0.0374133802551
0.0359393228041
0.0337945205141
0.0329755675068
0.0324883115109
0.0307278763825
0.0296469416045
0.0295637571755
0.0286863575928
0.0283588096773
0.027752980402
0.0283517024934
0.0294666876354
0.030397227796
0.0312825653891
0.0331434931687
0.0341900429255
0.037103874315
0.0362227699768
0.0365727773463
0.0353155667764
0.0359316225474
0.0366129139542
0.0373590620221
0.0380393798733
0.0383828112522
0.0393972210603
0.0389566083587
0.039365482202
0.0381912485101
0.0370381069815
0.0358778606198
0.0353475732546
0.0351099997853
0.0351989053668
0.0330645572254
0.0332670390152
0.0309426657936
0.0301712018749
0.0303432058411
0.0312720340938
0.0320203306825
0.0322467846129
0.0317279373045
0.0309042065142
0.0316008234328
0.0314693293607
0.0320746269244
0.0319033186622
0.0319053373082
0.0317159977095
0.0320560937008
0.0328881717611
0.03272511087
0.033890743001
0.0347802702428
0.0354076249928
0.0360422156446
0.035430418301
0.0346006036321
0.0344939851858
0.0341002293105
0.0343243497862
0.0327331745117
0.0320476122319
0.031851588215
0.0334749205836
0.0347201562821
0.0363675240123
0.038696312006
0.0410196301428
0.0427768044182
0.0432713723494
0.0414119358166
0.0391281548797
0.0353035241795
0.0345980356545
0.0323179846343
0.0320877789056
0.0298918441637
0.0287712282152
0.0281386459374
0.0285757383084
0.0276492487959
0.0276087794526
0.0289898611374
