-0.0677797480864
-0.0648960837266
-0.0634260959691
-0.0623877693035
-0.0618417075888
-0.0603438555756
-0.0612655651241
-0.0615177427232
-0.0616612625094
-0.063308404753
-0.0641762584652
-0.0656842555051
-0.0673439253174
-0.0686589465465
-0.068415329514
-0.0706590891406
-0.0707057510149
-0.0705578667153
-0.071079090891
-0.0709608181315
-0.0706571913078
-0.0698155984279
-0.0679287877874
-0.0660044771837
-0.0637192977625
-0.0614841254079
-0.0585424165033
-0.0570842507087
-0.0571318279624
-0.0567232844178
-0.0566597035279
-0.0586633312439
-0.0603290608048
-0.0613539637811
-0.0624721325651
-0.0633688577679
-0.0656703542012
-0.0653985990182
-0.0654480822395
-0.0656894093925
-0.0638730828465
-0.0634101863019
-0.0623179032188
-0.0621504532388
-0.0626550341409
-0.0617097013304
-0.0624176253536
-0.0628034336731
-0.0618540082873
-0.0622126329723
-0.0609412348896
-0.0607384439673
-0.0603792423051
-0.0599589702647
-0.0627348595721
-0.0630460034764
-0.0641727969404
-0.0654381805601
-0.0676574744319
-0.0684880188675
-0.0692444922986
-0.070018996557
-0.0703407895547
-0.0696765287393
-0.0680329718726
-0.0664227536371
-0.0653040082977
-0.0594454710764
-0.0566408618779
-0.0533724700251
-0.051702405688
-0.0496731389496
-0.0463961049832
-0.0435256195672
-0.0414856897422
-0.0402429362818
-0.0410445951422
-0.0422195421781
-0.043214827929
-0.043887701758
-0.0463194474996
-0.0454465337835
-0.0467046719083
-0.0471567881012
-0.0491809271432
-0.0505448417198
-0.0534964834426
-0.055494696744
-0.0575029206107
-0.0586891334831
-0.0583012580986
-0.0589371755598
-0.0595363516977
-0.0608807780256
-0.0603519549373
-0.05938762941
-0.0583331048828
-0.0564663933136
-0.0554781056327
-0.0542665855022
-0.0540263260437
-0.0528310783664
-0.0525005982546
-0.0511232500015
-0.0507683668321
-0.0514546359731
-0.0496956973353
-0.05002210368
-0.0485679727519
-0.0478430901348
-0.0481716092716
-0.0464967847987
-0.0468413907085
-0.0464082147998
-0.045517273821
-0.0445315200862
-0.0439601589797
-0.0423372606014
-0.0413003049994
-0.0400136891171
-0.0397331371566
-0.0392490054419
-0.0383800353808
-0.0378223467828
-0.0377030005614
-0.036699427854
-0.0369722755205
-0.0388557841075
-0.0408527325921
-0.0418823109081
-0.043844228753
-0.0445045125791
-0.0457445378879
-0.0464216215572
-0.0472361318625
-0.0468766806421
-0.0472916011696
-0.0485945877394
-0.0489811687053
-0.0478613163669
-0.0479832747124
-0.0478036525144
-0.0473272121793
-0.0453808066727
-0.0436630657012
-0.0419534263016
-0.0381632363494
-0.0362305596585
-0.0335331921413
-0.0331939281573
-0.0327458483145
-0.0328343558718
-0.0338047077969
-0.0333809669182
-0.033001109675
-0.0302387131766
-0.0293695984297
-0.0277995098394
-0.0277261998825
-0.0273699379895
-0.0276459056354
-0.0277305291014
-0.0289960645686
-0.0279946189421
-0.0280746704971
-0.0280967269681
-0.0283861654922
-0.0288887508673
-0.0283202990556
-0.0291418798595
-0.0312018270025
-0.0320298241539
-0.0321704072245
-0.0333109472975
-0.0330997149591
-0.0330997209401
-0.0337249254901
-0.0346115982005
-0.0344388156069
-0.0346390454579
-0.0339528223176
-0.0334731645078
-0.0325384616777
-0.0306053450155
-0.0289738665162
-0.0277092500514
-0.026629384647
-0.0259152452693
-0.024816212928
-0.0236555185113
-0.0225292798581
-0.0232722479305
-0.0231586273096
-0.0228179962682
-0.0214239246708
-0.0206794113074
-0.0192336464664
-0.0160529249093
-0.0139971716387
-0.0120693778166
-0.0106852547918
-0.00911131669268
-0.00786531432873
-0.00765298971129
-0.00698419373756
-0.00724929811028
-0.00651601221162
-0.00770121884928
-0.00792098624069
-0.00874601999481
-0.00992211502403
-0.0106693029239
-0.0114518076944
-0.012876097139
-0.0114263910375
-0.0105291727118
-0.010050461756
-0.00900797242094
-0.00891345346657
-0.00888239529688
-0.0105084179564
-0.0110352135579
-0.0116938326469
-0.0117993068998
-0.0111340398497
-0.0120206088686
-0.00894544113666
-0.00654974940766
-0.00332662467728
0.000121095040766
0.00499631999892
0.00873279396599
0.0105986091337
0.0127416511568
0.0134613207722
0.0135465708225
0.01153148161
0.0115657595905
0.0101899206823
0.00930374656662
0.00766016762281
0.00660101328939
0.00518080382098
0.00387610534327
0.00180438686658
0.000947036775149
-0.000971491707374
-0.00366342626641
-0.00443767076207
-0.00466835597272
-0.0062851876887
-0.00567585829421
-0.0050487845169
-0.00529254025436
-0.00511755620171
-0.00380409557657
-0.00225695454775
-0.000394493813176
0.00189952693375
0.00482325765371
0.00734751579358
0.00896081404694
0.00992729242056
0.009784301508
0.00850053693418
0.00937075942652
0.00964750949982
0.00839079614119
0.00700780298795
0.00669419588707
0.00548722026488
0.00628580300927
0.00723198161416
0.00930254896399
0.011323403149
0.0144552390185
0.0171227712465
0.0191265710017
0.0216764865979
0.0220366313341
0.0242529408779
0.0248157669313
0.0246591228187
0.0235704089269
0.0222563743781
0.0196910650831
0.0179217467496
0.0166005442051
0.0165286579723
0.0167767027391
0.0139640629958
0.0127133607313
0.010633764262
0.00964832986423
0.00725135048432
0.00663316069891
0.0068243854929
0.00670675834111
0.00563713728576
0.00528234066979
0.0053985137493
0.00495680446675
0.00581015490073
0.00732506879026
0.00877426272335
0.0108434932767
0.0146434273131
0.0162540502929
0.018593092484
0.0199105859038
0.0206774910434
0.0219567718713
0.0217850345995
0.0230744484923
0.0228973931331
0.0233210832546
0.0235329631079
0.0228645822966
0.0214608342108
0.0183342251992
0.0174145538511
0.0165617723125
0.0136716937862
0.0128948636346
0.0108360638298
0.00893797233556
0.00718322209821
0.00501995236801
0.00267304887889
0.00101512584185
0.00115384733794
-6.22883538168e-07
0.000675268675272
0.00090358328781
0.00196253357451
0.00526344646838
0.00710350157959
0.00893916547931
0.0114490216488
0.0109555774237
0.0128610063886
0.0134676407595
0.0199105497349
0.0226169427851
0.0247407098561
0.0264687705147
0.0244239146654
0.023497433244
0.0213587639179
0.0198053793767
0.0201178910847
0.0193725471797
0.0208980094623
0.0209668483742
0.0194219646099
0.0199022503983
0.0192552553564
0.0189506942996
0.0196765585667
0.0211294909618
0.0216409545614
0.024550392177
0.0236221449989
0.0251024297662
0.0251983312368
0.0260677336493
0.0285522322271
0.0280516304952
0.0276153255726
0.0267421935793
0.0242912296344
0.0213628136478
0.0186051122391
0.0162197397463
0.0125486503174
0.00927927178434
0.00538380447502
0.00257580949511
-0.00166280862774
-0.00180481928263
-0.00687112054553
-0.00808863302034
-0.00717881009807
-0.0043275721916
-0.00119443189444
0.00391441834825
0.00761149644303
0.0105250249546
0.0141221882605
0.0156132655694
0.0175340126671
0.0196769230542
0.0210672353428
0.0241352069316
0.0251963448301
0.0260669801194
0.0256788540085
0.0239662593134
0.0212181328077
0.0161147177041
0.0112002138942
0.00856184324791
0.00490209016227
0.00293699967726
-0.00010174200407
-0.00188595267296
-0.00511528015868
-0.00807132642925
-0.00884773206852
-0.00811216133853
-0.007791363614
-0.00466893584459
-0.00345946483449
-0.00296911628173
-0.00355179329182
-0.00333002562088
-0.00229259410139
-0.00144593742489
0.000881306217869
0.0015155861254
0.00373957150047
0.00359620026028
0.00429624795026
0.00398079121869
0.00479269349541
0.00476510111045
0.0047523719609
0.00676448726353
0.00794253875245
0.008134218024
0.00891447866196
0.0108573079722
0.0113610978542
0.0112955140622
0.0112583665421
0.00915058523189
0.00745709285849
0.00548100275336
0.00560980231091
0.00526027940403
0.00467814793294
0.0031593669548
0.000863575410426
-0.00138826474231
-0.00242553844397
-0.00362172518901
-0.00670902057997
-0.0103686265633
-0.0124422562018
-0.0158465591546
-0.0171216618541
-0.0180543086303
-0.0201845279547
-0.0195938080546
-0.0215525296585
-0.0226619443255
-0.0232922703628
-0.0230922831365
-0.022324583615
-0.0231613918459
-0.0214255747509
-0.0201656722712
-0.0201703733417
-0.0190895541497
-0.0189014271595
-0.0174636496988
-0.00490736803199
-0.00478344041424
-0.00456907359014
-0.00598007206946
-0.0056599648071
-0.00777687986849
-0.0089933317998
-0.0109025347075
-0.0133311814678
-0.0148411611401
-0.0191153505264
-0.0215885906541
-0.0254808964985
-0.0270166279867
-0.0289369127405
-0.0294629220638
-0.0299471159846
-0.0300736780991
-0.0285909206393
-0.026833850745
-0.0265633148196
-0.0252593289706
-0.0255425347066
-0.0257719818733
-0.0270729340426
-0.0270555388359
-0.0277099182456
-0.0305826473722
-0.0307075375987
-0.0309425421086
-0.0313410846752
-0.0316643998449
-0.0321700796549
-0.0345807070407
-0.0362180767571
-0.0379332957444
-0.0386458798439
-0.0397318607712
-0.0399260151191
-0.0408748351543
-0.0410953330277
-0.0420193472357
-0.0419819551984
-0.0428493082022
-0.0417635720204
-0.04067581077
-0.0386888042398
-0.0352767708277
-0.0357473649463
-0.0339086795242
-0.0320953323475
-0.0307965370381
-0.0283095283705
-0.0276575169272
-0.0273399769451
-0.0287720645342
-0.0306390888151
-0.0324470282537
-0.0391340509894
-0.0397289573973
-0.0412873311526
-0.042768322354
-0.0434432503516
-0.0366629208467
-0.0323561770283
-0.0302075099841
-0.0271855841451
-0.0258149791692
-0.0254302888778
-0.0263968966245
-0.0280462214696
-0.0285658536145
-0.0297270034613
-0.0322055223832
-0.0353546591072
-0.0382673627625
-0.0419470499417
-0.0466634603135
-0.0491613091353
-0.0512889554849
-0.0626699445973
-0.0629865772341
-0.0611297830842
-0.0595160093551
-0.0558811951235
-0.0516586384538
-0.0469072610427
-0.0337672925225
-0.0351089082408
-0.0414390053539
-0.0440215313444
-0.0467967606838
-0.0494497736089
-0.0525103598171
-0.0567659330711
-0.0625621666155
-0.0661631304341
-0.0714650448591
-0.0745551997204
-0.0784654606124
-0.0802756199036
-0.082437995616
-0.0845629722313
-0.0864300188921
-0.0858488347861
-0.0855248665622
-0.0848817093629
-0.0819832973537
-0.0791042575657
-0.0754405179527
-0.0717339741362
-0.0689727823892
-0.0675863304251
-0.0660701732373
-0.0662670771859
-0.0680319004795
-0.0692648328568
-0.0702729212099
-0.0729493116585
-0.105911778145
-0.105608069137
-0.104254430113
-0.100280884405
-0.097723863297
-0.0922801589292
-0.0887736854561
-0.0813126158178
-0.0771221568649
-0.0714565446192
-0.0681486731767
-0.0653974324682
-0.0645558343537
-0.0626426358423
-0.0610107810508
-0.0605064482525
-0.060827806267
-0.0612027863267
-0.0630908214792
-0.0809965813512
-0.0845236376686
-0.0907915247181
-0.0942121179814
-0.0992108460524
-0.105083369434
-0.109285016978
-0.113681719292
-0.117219441113
-0.120080987755
-0.122409513364
-0.123299112803
-0.123838221448
-0.125915610477
-0.125297791757
-0.124424317691
-0.125532405205
-0.124637148072
-0.124273380045
-0.123366194998
-0.122611317398
-0.122088965225
-0.121619154975
-0.122015360492
-0.123035902961
-0.123364480436
-0.124484501523
-0.1258798978
-0.124694002439
-0.122272087564
-0.120296468897
-0.119114808107
-0.117532059716
-0.115463976283
-0.112947013086
-0.109380195026
-0.108117957854
-0.105310849517
-0.103733780732
-0.105460945735
-0.106737324928
-0.109850233135
-0.114545423589
-0.117729236535
-0.122578847456
-0.127097234211
-0.130450044846
-0.134037181195
-0.139134233703
-0.143325928373
-0.145804784485
-0.150674331917
-0.152995387626
-0.152529901352
-0.15370825504
-0.151248271021
-0.147596546808
-0.145796754433
-0.142119910517
-0.13828962926
-0.135019751395
-0.127352341209
-0.127603503027
-0.128699081468
-0.128208192629
-0.130563484086
-0.132009715858
-0.134895103087
-0.136377235642
-0.137887495632
-0.13878537246
-0.140509652516
-0.140387637012
-0.140255588995
-0.140833323284
-0.139549480319
-0.139441179251
-0.138835517496
-0.137220049044
-0.136044261899
-0.134001210425
-0.132916022631
-0.13310443207
-0.132851306369
-0.135014522948
-0.136389016246
-0.137471630287
-0.14063707709
-0.141414001387
-0.143314428762
-0.145142384823
-0.14669368803
-0.148740356102
-0.149631117823
-0.150881286717
-0.151337924494
-0.151176590322
-0.151502990458
-0.151225589247
-0.150311438058
-0.150604912491
-0.14877449302
-0.148275089105
-0.147507721622
-0.148192974983
-0.149909305066
-0.149390225405
-0.149824037867
-0.150069560583
-0.149425359965
-0.149950930302
-0.149991280936
-0.149706662869
-0.148998196143
-0.14679107878
-0.146847514793
-0.147051960465
-0.147014368241
-0.144876735389
-0.141751331326
-0.138301261663
-0.134039943924
-0.132105915215
-0.131781738938
-0.130497352622
-0.131943055775
-0.131760192777
-0.132801782664
-0.134847774654
-0.136458893319
-0.137681339225
-0.138870229924
-0.140021120454
-0.143129662386
-0.146032440816
-0.150068484045
-0.153601045802
-0.158810403416
-0.161362804304
-0.163434807841
-0.165519960721
-0.168008221369
-0.168413519381
-0.168762940268
-0.167697406103
-0.166809914723
-0.163788156875
-0.160939808945
-0.157359523364
-0.155176049701
-0.151095727218
-0.147907739659
-0.147273644686
-0.14684165259
-0.147078781569
-0.14722831843
-0.149401266246
-0.151612597299
-0.156020199646
-0.158366310002
-0.162325796493
-0.164055114319
-0.166166728431
-0.167571881433
-0.169210442375
-0.170855919881
-0.17211389188
-0.171967550327
-0.172229604519
-0.172463266998
-0.173385483745
-0.172510230798
-0.173233738256
-0.171963274848
-0.170568802604
-0.169571457212
-0.167488205998
-0.165936438277
-0.165260204262
-0.166118660861
-0.164754353289
-0.163477970303
-0.163444850098
-0.163514523697
-0.161997121442
-0.161997354294
-0.162667015185
-0.162849325493
-0.163218608021
-0.164307253939
-0.164992596713
-0.167758878667
-0.168892387328
-0.172266030855
-0.172791188698
-0.174683587176
-0.17535312438
-0.17539541956
-0.176098307207
-0.1773638445
-0.176935162797
-0.175526066354
-0.175315844118
-0.176539701639
-0.174589825398
-0.173833485428
-0.173804508781
-0.172627571452
-0.172951625229
-0.174093178009
-0.176639519599
-0.183172772013
-0.183402231269
-0.185853025288
-0.188449794057
-0.190348732356
-0.190087942764
-0.188073292562
-0.185728192515
-0.182582988527
-0.177707361518
-0.172255984325
-0.169700474911
-0.166104877826
-0.164115178352
-0.163065571561
-0.163483412836
-0.162428360919
-0.162921659525
-0.162663000532
-0.161698549645
-0.163939366085
-0.166037739411
-0.169104154983
-0.171456746437
-0.173616219368
-0.175720707431
-0.177419116293
-0.179578281781
-0.182434004082
-0.183941031579
-0.190518352788
-0.192464477729
-0.19230687531
-0.191486016406
-0.188505508455
-0.186194615885
-0.181835973393
-0.181219354435
-0.17984402527
-0.178169186508
-0.171469852621
-0.169690470503
-0.168419716645
-0.168367349646
-0.169055653188
-0.169421041911
-0.17103252744
-0.173033223912
-0.174638554546
-0.177013832101
-0.178090257904
-0.179837556313
-0.180347741316
-0.181136619259
-0.181860438187
-0.180622717752
-0.178265900703
-0.1770522656
-0.174270684026
-0.173369447226
-0.171245088651
-0.170209325014
-0.169992994375
-0.169331030844
-0.168441915426
-0.166044023957
-0.165604372636
-0.163586602916
-0.16439667433
-0.165564363024
-0.166930240746
-0.171180709423
-0.173196868009
-0.176831317836
-0.177799802232
-0.180702823433
-0.182361503953
-0.183694397985
-0.185490360669
-0.187713112733
-0.189946946415
-0.191744403408
-0.190403434272
-0.190303145383
-0.188060063304
-0.187556114458
-0.185184068157
-0.183586857414
-0.182309305436
-0.179895712089
-0.176899011001
-0.175409145859
-0.173234722314
-0.173422963211
-0.172632062811
-0.171864589729
-0.17148910868
-0.171246922601
-0.170713504041
-0.168759264002
-0.166882766126
-0.166122794235
-0.165329337958
-0.165955246544
-0.166266502028
-0.167068331553
-0.167310367475
-0.167326843679
-0.167469380791
-0.16755269824
-0.169862961407
-0.172117145083
-0.175055579253
-0.179713225391
-0.187730520531
-0.189373879774
-0.191382141562
-0.193063691661
-0.194237406555
-0.197031419812
-0.197277826526
-0.198934320584
-0.198204186818
-0.197523789643
-0.196203877166
-0.195382200544
-0.193767057149
-0.193102680748
-0.191749028609
-0.189724168844
-0.187053950185
-0.184193243424
-0.184206303431
-0.182988301906
-0.180689852296
-0.180612270064
-0.182049424062
-0.183852792385
-0.18453737367
-0.187255412207
-0.189660718156
-0.192650562621
-0.193466590874
-0.19848652002
-0.202300063426
-0.204881164657
-0.206052767191
-0.207918189881
-0.209354262119
-0.209969675847
-0.209435532992
-0.209002636693
-0.206574937525
-0.204340978484
-0.201834710619
-0.19828778596
-0.195647706232
-0.193358358456
-0.191921808119
-0.190186300384
-0.187638076733
-0.185888683898
-0.182560265607
-0.17878447077
-0.175839405098
-0.173978748738
-0.172504452013
-0.173657804207
-0.176415358809
-0.178578250774
-0.182336138962
-0.184736233078
-0.188015123365
-0.191247966242
-0.196434906346
-0.202023386997
-0.208601646723
-0.215342206885
-0.220581585535
-0.224528991047
-0.224467328233
-0.227009513074
-0.227095106829
-0.231259788018
-0.238580005799
-0.238701800346
-0.238790658461
-0.23740589952
-0.23702737981
-0.236856314173
-0.236626339616
-0.235334429912
-0.23590944867
-0.235939700065
-0.235781280884
-0.235863609973
-0.236196659536
-0.235381235021
-0.234631264128
-0.232750476839
-0.231852150266
-0.230659787299
-0.229672153114
-0.228220502684
-0.228136447161
-0.227341258242
-0.228007767942
-0.227166590224
-0.226882286975
-0.227337762616
-0.229181104783
-0.229666450786
-0.232424892176
-0.232935405358
-0.235981083116
-0.23855625711
-0.240404076089
-0.242517890728
-0.242642163278
-0.243889542686
-0.244386993001
-0.242138125225
-0.240809089964
-0.239207600965
-0.236337045964
-0.235470155304
-0.232383590395
-0.220753144482
-0.219426535685
-0.217819200185
-0.217735297431
-0.217733060212
-0.217153298947
-0.218927428024
-0.220851503154
-0.221397600391
-0.22241031375
-0.223857004744
-0.223843613948
-0.225122566384
-0.224440708927
-0.225403230571
-0.224853503611
-0.223684029122
-0.223156310717
-0.221580261505
-0.220154035385
-0.219643172834
-0.217174262434
-0.215628097124
-0.215060062656
-0.214344867159
-0.213624665125
-0.214489001774
-0.222883824816
-0.224231937683
-0.224211079745
-0.224016287214
-0.223235654724
-0.22356940779
-0.223238455767
-0.223539523846
-0.222867360229
-0.222319205768
-0.220923510641
-0.218568884787
-0.218206347227
-0.218065701231
-0.218240772516
-0.219845603611
-0.218871435324
-0.218212266896
-0.217184774471
-0.216330892345
-0.213693294787
-0.213400764155
-0.212066144326
-0.211875364011
-0.212268127079
-0.213151185526
-0.214020522391
-0.214690847257
-0.21657728802
-0.217496794195
-0.217573109774
-0.218737585512
-0.219219698139
-0.22192481114
-0.222362487422
-0.222986357807
-0.224308545147
-0.223348452579
-0.221354179072
-0.221398710005
-0.221998443803
-0.221518663474
-0.221850786883
-0.221043712929
-0.21971990927
-0.219104674732
-0.218236478055
-0.218389314358
-0.217828749575
-0.218243528344
-0.218253187612
-0.216929362004
-0.215543312572
-0.213277193027
-0.210596153022
-0.208935731266
-0.208497035198
-0.207343480186
-0.207190052822
-0.208276913898
-0.209668970927
-0.210149147092
-0.210476437876
-0.210457789737
-0.21190240133
-0.211800960587
-0.213239911341
-0.213829099965
-0.214930441994
-0.216662527061
-0.217382366151
-0.220919625126
-0.222195023317
-0.22159662063
-0.220816571119
-0.219975076924
-0.215127186691
-0.215949754471
-0.216892948747
-0.216858863302
-0.217513735404
-0.221777234988
-0.222361334789
-0.223756183848
-0.224894791319
-0.226643067076
-0.22653175426
-0.226019296092
-0.226258181559
-0.226102227909
-0.227139453702
-0.226831909318
-0.228241607252
-0.227112605455
-0.225766887321
-0.224938058162
-0.222556290159
-0.221033403474
-0.221387578092
-0.220360557343
-0.22045017788
-0.221960199038
-0.223366945003
-0.222348099418
-0.221674781316
-0.219865634727
-0.218462815211
-0.217590574318
-0.217262548532
-0.218226400049
-0.219593211741
-0.220148518672
-0.220319990946
-0.219965212656
-0.219415709002
-0.219432867803
-0.219815167458
-0.221500153811
-0.224027848489
-0.224930051924
-0.225482807838
-0.224977844212
-0.225298528963
-0.225308154829
-0.224719488862
-0.224197717733
-0.223434276699
-0.224036343951
-0.22367257685
-0.222645080843
-0.222699984625
-0.220912429956
-0.21939328078
-0.217273553624
-0.217345613575
-0.2161772299
-0.217107082967
-0.217303220389
-0.216367328806
-0.216836921229
-0.217290513365
-0.216714826626
-0.216486477442
-0.217495572963
-0.218582121853
-0.220446868369
-0.222172418429
-0.223857118836
-0.224457280406
-0.225800249608
-0.226653264941
-0.229139673739
-0.226578450892
-0.225730308432
-0.223828024235
-0.224434995377
-0.223012215996
-0.222295380129
-0.221688798419
-0.220379800246
-0.220605573793
-0.22038684479
-0.220049124722
-0.218845657469
-0.218661925558
-0.218100034925
-0.218495141466
-0.219801680334
-0.222543946982
-0.223400067769
-0.225509366507
-0.225483807353
-0.225945537518
-0.226055231385
-0.226905350046
-0.228714844854
-0.227995326112
-0.22769683367
-0.227652626375
-0.225887619827
-0.223063892552
-0.219681113846
-0.217786031264
-0.215895594694
-0.215918829931
-0.215572464459
-0.215354878274
-0.21527045856
-0.215408946703
-0.214163508932
-0.214492841923
-0.214967412818
-0.215935892913
-0.217608823871
-0.221192694919
-0.225159040783
-0.227802619403
-0.230863552664
-0.233581818581
-0.235464187913
-0.23695522584
-0.239714065528
-0.242717174988
-0.245385485844
-0.247451684161
-0.250381525611
-0.252148745726
-0.252973128401
-0.252204596591
-0.252123668403
-0.252380684098
-0.250052597715
-0.249687775027
-0.247619823366
-0.244019094579
-0.240074047999
-0.234815390636
-0.231668828115
-0.227840385314
-0.226300070316
-0.22414926355
-0.222682385106
-0.222087265892
-0.221534611991
-0.221066337784
-0.221151451015
-0.221802211429
-0.222760066269
-0.2253485178
-0.227355627055
-0.2320992673
-0.235149712637
-0.240011683322
-0.242856367916
-0.245706350551
-0.247718128869
-0.248664974817
-0.249042984764
-0.248773875981
-0.248338398554
-0.246734596812
-0.246286419268
-0.241518670298
-0.239673059947
-0.236055433311
-0.233163994139
-0.22946325964
-0.226404923905
-0.223964425071
-0.223038937982
-0.222822490078
-0.222515095997
-0.223294531328
-0.225487676154
-0.227752077277
-0.228343635607
-0.231248113345
-0.233098481434
-0.235017336697
-0.236720231425
-0.239012717547
-0.240230948564
-0.242252687121
-0.244387244553
-0.246759094695
-0.246526814308
-0.2476467813
-0.247361877002
-0.247580040183
-0.246911933423
-0.245466406177
-0.244120362724
-0.241779787417
-0.239398599465
-0.239022735416
-0.236396864427
-0.236883486481
-0.236236510758
-0.237004638052
-0.237873638146
-0.239158946331
-0.239013023292
-0.240376804407
-0.241080625335
-0.240205894604
-0.242081870562
-0.243880084007
-0.244585885742
-0.245846217879
-0.246786031463
-0.247321555664
-0.246973337594
-0.247861058024
-0.247932717091
-0.249065625146
-0.24951002515
-0.250310036921
-0.249656469904
-0.248202757507
-0.248283939495
-0.246896591638
-0.244961494702
-0.245338086838
-0.244259607091
-0.243332640199
-0.241654847584
-0.240772020522
-0.239315183118
-0.237881915813
-0.238746927464
-0.238932708811
-0.239811546183
-0.238957740339
-0.240028522725
-0.240123024033
-0.239416093112
-0.238908244922
-0.239280135546
-0.240908247878
-0.240611259096
-0.24105461138
-0.240509033303
-0.240367772618
-0.239891326301
-0.239774050956
-0.239549361822
-0.239125511769
-0.238923118145
-0.238048169586
-0.237075537555
-0.23624446287
-0.236188682032
-0.235712486442
-0.234525540248
-0.234699064502
-0.235027569575
-0.236014105286
-0.238176738954
-0.238296288926
-0.237998879432
-0.23735527344
-0.235238921996
-0.234997370585
-0.235650246651
-0.237330379872
-0.237779694763
-0.240006782027
-0.239629420595
-0.240434754246
-0.239949785476
-0.240370058449
-0.240745413179
-0.240434688945
-0.240750399516
-0.240167059229
-0.239483595226
-0.238233186126
-0.23809835206
-0.236897381551
-0.237683402646
-0.238404306595
-0.238292846252
-0.23837790801
-0.238236455524
-0.23796548824
-0.237160963691
-0.237018313114
-0.236117821835
-0.236249366956
-0.236804066924
-0.236216306326
-0.23628288993
-0.23634888152
-0.236573931918
-0.235829137795
-0.235359080406
-0.235360073067
-0.236905105104
-0.237906636775
-0.2391560425
-0.240217861824
-0.243011691817
-0.243174140946
-0.243569968423
-0.244009085126
-0.243209565308
-0.24451113596
-0.244621816005
-0.246374479181
-0.24728222999
-0.248098943384
-0.250682694887
-0.251458933977
-0.252032786593
-0.25254277805
-0.252998853357
-0.252633165762
-0.252089412784
-0.252140203926
-0.251007681503
-0.249166388772
-0.247511633768
-0.246149848689
-0.244051954698
-0.242669132219
-0.239786821343
-0.237706565183
-0.235738569942
-0.233987886549
-0.233063289872
-0.232374596899
-0.230322689573
-0.230918313362
-0.233774769229
-0.236268530524
-0.240233031951
-0.245960941188
-0.248321667998
-0.251939872358
-0.255842544569
-0.256808812472
-0.259389119847
-0.261321526493
-0.263077228838
-0.26394107865
-0.264423110704
-0.262944132463
-0.262350205361
-0.259790445112
-0.257354202051
-0.254805151863
-0.252209924586
-0.246954951854
-0.243364568724
-0.242169050788
-0.238272004058
-0.235315127452
-0.232105547445
-0.23051558527
-0.228614301316
-0.229934447619
-0.230947204356
-0.240524534722
-0.2451936354
-0.246852612138
-0.252849730922
-0.254665778601
-0.255998970768
-0.255870024873
-0.258216001493
-0.258047010973
-0.258259315271
-0.256718012364
-0.254199872615
-0.251085379742
-0.247695090082
-0.246378395057
-0.244125992876
-0.244368026972
-0.243159447563
-0.243112585051
-0.242389204906
-0.242834570652
-0.243300714911
-0.243309375597
-0.243709230348
-0.243850822472
-0.244185962209
-0.244914226954
-0.247089922446
-0.247014155551
-0.24846876719
-0.24804497359
-0.249269896479
-0.24805285278
-0.247712448403
-0.24686227659
-0.247851817883
-0.247507575663
-0.246716705551
-0.246976732494
-0.246257899638
-0.247728930537
-0.248289948846
-0.250343104293
-0.250959763294
-0.252348499224
-0.254651130077
-0.256192772828
-0.257854260158
-0.258546223963
-0.259210553685
-0.259644948165
-0.258017139917
-0.257134918925
-0.256277246629
-0.255597085418
-0.255173013967
-0.253977147807
-0.252288625084
-0.250950054754
-0.248191072568
-0.245618195367
-0.243352555905
-0.241439439873
-0.240266450739
-0.240048733214
-0.240857277426
-0.241332562343
-0.241350915877
-0.242414085571
-0.243563870181
-0.244519571028
-0.246653398252
-0.249714867007
-0.252176766696
-0.253676196747
-0.256400755765
-0.259168398872
-0.258969330207
-0.25910087028
-0.25945824042
-0.257808488451
-0.256702172528
-0.256203784885
-0.255376747502
-0.254632180331
-0.254135373502
-0.251607052535
-0.250753268562
-0.247902155513
-0.247241497508
-0.245303115633
-0.244500174807
-0.243844131386
-0.244371444411
-0.244438216749
-0.244241319232
-0.244774414153
-0.24417147506
-0.244438447921
-0.244096034649
-0.244647285018
-0.246334151597
-0.247738627983
-0.24823629475
-0.249808244168
-0.250222613678
-0.251200195598
-0.251726308841
-0.253070957307
-0.253629229815
-0.255052617691
-0.255638117952
-0.256700724005
-0.25669662377
-0.25556763364
-0.252741832582
-0.250904271379
-0.249302590737
-0.249397606607
-0.248581346011
-0.248472732757
-0.247601436608
-0.247366022906
-0.246159481697
-0.245477744128
-0.244364114295
-0.243210593855
-0.251511193442
-0.252568794765
-0.254692978688
-0.254157756686
-0.254458520385
-0.254605777148
-0.256566284547
-0.257460389826
-0.259780017951
-0.26060676603
-0.259798258511
-0.259437317713
-0.257308963037
-0.256063246608
-0.256536328879
-0.255527021741
-0.254945093579
-0.255399884308
-0.256095950276
-0.253191745195
-0.251509300587
-0.250681657853
-0.249922390714
-0.250921591994
-0.251505830796
-0.251039822376
-0.251377595104
-0.249829558232
-0.250131557217
-0.249002676692
-0.248802452313
-0.250227674105
-0.252118525407
-0.252406425553
-0.254314977334
-0.255206887559
-0.254548765386
-0.253582599222
-0.253652901436
-0.252586717666
-0.252341206845
-0.25146702452
-0.252289002408
-0.250542585376
-0.248509266548
-0.247711460545
-0.246375590924
-0.244627589945
-0.243997103321
-0.245531334953
-0.246025407647
-0.244272121687
-0.24348077061
-0.244002471941
-0.244422573316
-0.244680018249
-0.245525254255
-0.246495923866
-0.246151376579
-0.24569889263
-0.245946586042
-0.247752552357
-0.250495728325
-0.252125757074
-0.255810825512
-0.256910177191
-0.260545127515
-0.260515444504
-0.260580363585
-0.260622686617
-0.259246804822
-0.26000036065
-0.261443047736
-0.261295235925
-0.260239790716
-0.256496080986
-0.253545106379
-0.252025611378
-0.24996217818
-0.250612928607
-0.252040286321
-0.252035816209
-0.252324904175
-0.252788831515
-0.251291435865
-0.249676994793
-0.250029798561
-0.249915325449
-0.250620965811
-0.252049693656
-0.252156497783
-0.253364503268
-0.25368186904
-0.252887496374
-0.252693842062
-0.253123100047
-0.253742116368
-0.254880777433
-0.25650398473
-0.258241314521
-0.257972981516
-0.257975584073
-0.25589703933
-0.254745702709
-0.253429099642
-0.25335263376
-0.252725366938
-0.252259589689
-0.252948967585
-0.253538573553
-0.253937318191
-0.253449538812
-0.2533873524
-0.253767339294
-0.254309592266
-0.257525732706
-0.259260542633
-0.259308322026
-0.260055825699
-0.260542529938
-0.261755633791
-0.262472212018
-0.264085417804
-0.265301731472
-0.264286198673
-0.264622932298
-0.263694988713
-0.262375116256
-0.261768908215
-0.261081633348
-0.26035008133
-0.259807697018
-0.260141625776
-0.259909147111
-0.258496790099
-0.257415244499
-0.255814309378
-0.254296999591
-0.253451214009
-0.254402583007
-0.255864865538
-0.255367089668
-0.256719361404
-0.257039762977
-0.256265670081
-0.259776923212
-0.261640357075
-0.265246166797
-0.274881653814
-0.273246976214
-0.269400765411
-0.268376897237
-0.266552909366
-0.264557930677
-0.264360394704
-0.261748938599
-0.260897697903
-0.258548116292
-0.256545742441
-0.256057072708
-0.254301572435
-0.25558616755
-0.256979326845
-0.258247142605
-0.259706987025
-0.259593741607
-0.260945139093
-0.260772709238
-0.262033115761
-0.261028675524
-0.263064990133
-0.264472244702
-0.264880845742
-0.267702604911
-0.267817007654
-0.268766718847
-0.268672366019
-0.266849308079
-0.267587244722
-0.268702270417
-0.26941511523
-0.270314195358
-0.271153953661
-0.271552750747
-0.270589016936
-0.271306666216
-0.270222567842
-0.269766827398
-0.270731869347
-0.271292222494
-0.272859556249
-0.272608582438
-0.272872109068
-0.271477765746
-0.27055801453
-0.270125646791
-0.268668128469
-0.269477452241
-0.270918703649
-0.272300328036
-0.272333966596
-0.272605855956
-0.272232415502
-0.273184039233
-0.272384578039
-0.273209714974
-0.275330119678
-0.276309801065
-0.277023004089
-0.277313974117
-0.277138219303
-0.275823445214
-0.27551003667
-0.273929302131
-0.27357380646
-0.272946375211
-0.273025852697
-0.270200413218
-0.269038279765
-0.2679811758
-0.266524035244
-0.265953616258
-0.265550213714
-0.264792998554
-0.264757531526
-0.264472531402
-0.264637648575
-0.264103436372
-0.264323452369
-0.263505328971
-0.263601012911
-0.264475136612
-0.264878662107
-0.265020634626
-0.265329327811
-0.265497668144
-0.265046157834
-0.267507851591
-0.267584699099
-0.269011093252
-0.269745905183
-0.271207303487
-0.270345546209
-0.271009857564
-0.271820614901
-0.271250393686
-0.271815226719
-0.272590382862
-0.27218302907
-0.271370420145
-0.271334108934
-0.270644413076
-0.269735741585
-0.269357160836
-0.269240760808
-0.269605641696
-0.268347462085
-0.266482034161
-0.264789098277
-0.263496968363
-0.261906209194
-0.261065133954
-0.260359991696
-0.262067128224
-0.262524668103
-0.263999879311
-0.263583986097
-0.263068120561
-0.261648468516
-0.260699169873
-0.261245395828
-0.261606760391
-0.263018209548
-0.263698602432
-0.264338236374
-0.265534364986
-0.266453355204
-0.268013872965
-0.268884300643
-0.270351376711
-0.27162489619
-0.272773343561
-0.273196175927
-0.273515750751
-0.273192561154
-0.27243184499
-0.271452564487
-0.270370414489
-0.267906581459
-0.267880464804
-0.265756896751
-0.264323395365
-0.263252584115
-0.262918671119
-0.262044495944
-0.263005333314
-0.263510938522
-0.263512600647
-0.264745516388
-0.26454258078
-0.265569389676
-0.266376378077
-0.267194389895
-0.267868887909
-0.269122550941
-0.270173471911
-0.270754799957
-0.270957549671
-0.271767961644
-0.271494721915
-0.270987542747
-0.270641035947
-0.267991433976
-0.267529468337
-0.264706793977
-0.262086906237
-0.2599718599
-0.2559594428
-0.254688478707
-0.252679540778
-0.253093242011
-0.25143380505
-0.251795005166
-0.253029792469
-0.254112042105
-0.255556767605
-0.256746072799
-0.257108858966
-0.261262334612
-0.26383728362
-0.267475891579
-0.269686158275
-0.271993219703
-0.274068723597
-0.274028835954
-0.273962062663
-0.27530889545
-0.275864541545
-0.27496359337
-0.275302482962
-0.276408576306
-0.274294352917
-0.273002880572
-0.270541057596
-0.267757828932
-0.265908081151
-0.263134899067
-0.262549421925
-0.261547699635
-0.260954258437
-0.260282547472
-0.261036275553
-0.261306179149
-0.26271770226
-0.263517437791
-0.266337380877
-0.268656696283
-0.270752800383
-0.273481716326
-0.274122868944
-0.276876310463
-0.277606066906
-0.278816883739
-0.27957564039
-0.277846921934
-0.278029341847
-0.27715231265
-0.275754339097
-0.274433539831
-0.27384271003
-0.272613813952
-0.271826394372
-0.270876361957
-0.269193677798
-0.26919671464
-0.268806831325
-0.269655440649
-0.271054032685
-0.271625575672
-0.271882180938
-0.272909108982
-0.273492864424
-0.275560312747
-0.27674484563
-0.279054647386
-0.280083671824
-0.282083377325
-0.282920095416
-0.283335859404
-0.283793368275
-0.283814863208
-0.283887895314
-0.283179356177
-0.283381491209
-0.272452173985
-0.271694956498
-0.270054729639
-0.269989439453
-0.270762688234
-0.270985110116
-0.271876259148
-0.271962160277
-0.272737095962
-0.27268942026
-0.274540607971
-0.275964290895
-0.279752197186
-0.280431351731
-0.282208232284
-0.282080102191
-0.282742675363
-0.282254741311
-0.282691383937
-0.282150686097
-0.283939113326
-0.28502759458
-0.285472608776
-0.28587050376
-0.28483738768
-0.283745132018
-0.281456199119
-0.280958991938
-0.280544528283
-0.279064318107
-0.280063585896
-0.278613965778
-0.279457321843
-0.281016447033
-0.280850738799
-0.281347366801
-0.280066113565
-0.281130799009
-0.281330065299
-0.282711209909
-0.282870938477
-0.283167937542
-0.281814545461
-0.281114564497
-0.280845587268
-0.279541028428
-0.281143476244
-0.281330458736
-0.28223952687
-0.283565537987
-0.283586431871
-0.283549253867
-0.281736231282
-0.280260240934
-0.279408121042
-0.278888103266
-0.278451989563
-0.279206102834
-0.279501789901
-0.279543606993
-0.278057604933
-0.2774905287
-0.277227785725
-0.276185030647
-0.277524378672
-0.279559928738
-0.280730189742
-0.281941301122
-0.282282920534
-0.281755346305
-0.282735361749
-0.282471183743
-0.283059181199
-0.283985392369
-0.284801333627
-0.285738603296
-0.285212004294
-0.284144164537
-0.281195933098
-0.280579268116
-0.279262673643
-0.278802971669
-0.278605581314
-0.27947654143
-0.280378867898
-0.281518003055
-0.280222911185
-0.280280715649
-0.279080423197
-0.278297817858
-0.278162243742
-0.277733887631
-0.277747167144
-0.276877019498
-0.277437374766
-0.277294327844
-0.275647362226
-0.27508234258
-0.274722814861
-0.275631620541
-0.279127876771
-0.280383975301
-0.280702454792
-0.282303671625
-0.283144192271
-0.283491466541
-0.284083257722
-0.284643610869
-0.284553092319
-0.284046698201
-0.283876846342
-0.284468738602
-0.28495080069
-0.283163571121
-0.28299827586
-0.281159082789
-0.28111331657
-0.280556403967
-0.280843013556
-0.282870291385
-0.283874865595
-0.284183651246
-0.283774583856
-0.283747912594
-0.283115041905
-0.281632444885
-0.279984679857
-0.282124087052
-0.282150669196
-0.282929141918
-0.28520886644
-0.285539141339
-0.285167497413
-0.285616908062
-0.284753010639
-0.28360730117
-0.281762867972
-0.282213492172
-0.28152896834
-0.280969257727
-0.280385763277
-0.280063950724
-0.279469894904
-0.278107911545
-0.27827361978
-0.278716951872
-0.279657049289
-0.279996444318
-0.28069227218
-0.279788611548
-0.279998731124
-0.279827571782
-0.279362222838
-0.279477260032
-0.279293708753
-0.279046944341
-0.279369236375
-0.277520262977
-0.277349434425
-0.277223601125
-0.276566179618
-0.277409535683
-0.27790229638
-0.27997568318
-0.279683062704
-0.279870107188
-0.281340786067
-0.282238334013
-0.280845590382
-0.28169443183
-0.282086263205
-0.282438964215
-0.281654174104
-0.284340854461
-0.284021797039
-0.285402833215
-0.284572657486
-0.285507344348
-0.283534422846
-0.284862110075
-0.284928104296
-0.284892995479
-0.284614010544
-0.28368609606
-0.282851971933
-0.281853264003
-0.280467811105
-0.280545418636
-0.282591195913
-0.281755352923
-0.282202717064
-0.285366202606
-0.286580049132
-0.286509093126
-0.286329009517
-0.285712874853
-0.285684862051
-0.285972188274
-0.287223588593
-0.28710878425
-0.287786377239
-0.286696923447
-0.284066532019
-0.282978209231
-0.28015063054
-0.279229291086
-0.277680118328
-0.278342702954
-0.280654453066
-0.284228938661
-0.28694614307
-0.291264795483
-0.293219092976
-0.293916969979
-0.29277091662
-0.291128209201
-0.289044483937
-0.287040742528
-0.285356943799
-0.284824911337
-0.284202465924
-0.282926223764
-0.281104894462
-0.281945640808
-0.280747433297
-0.281977143016
-0.283907057938
-0.286226688881
-0.288386013326
-0.290689516716
-0.292252723306
-0.293317420917
-0.29345777207
-0.292584149585
-0.292049366808
-0.291032637088
-0.282847800924
-0.281791573828
-0.281173394709
-0.281878862031
-0.282424702355
-0.283013600447
-0.284621075602
-0.284756181098
-0.285050350725
-0.284789661192
-0.285224946534
-0.286388362886
-0.288073156693
-0.290286211117
-0.292412908922
-0.294751869353
-0.296137204545
-0.297048683082
-0.297180573499
-0.296670564463
-0.294206907333
-0.29387119278
-0.291910228509
-0.290315821462
-0.288830982922
-0.287157346995
-0.285290184748
-0.284556409084
-0.285605435825
-0.288045810972
-0.29082700553
-0.29260810716
-0.292059049155
-0.288738409483
-0.284521476411
-0.280512952868
-0.278562852617
-0.279269079943
-0.280423720083
-0.280737112659
-0.283445437378
-0.284942767758
-0.286104349237
-0.288030060004
-0.289367299077
-0.292153886247
-0.295802746657
-0.296748778964
-0.297213860576
-0.298295109958
-0.299241856802
-0.298273783991
-0.296718227779
-0.295373828557
-0.294014950356
-0.292093997817
-0.291232379753
-0.289180058011
-0.287222428195
-0.284151356625
-0.281054633579
-0.279985591495
-0.277377135463
-0.27693205024
-0.277033414484
-0.279103893668
-0.28181695403
-0.282827300804
-0.283948867419
-0.285059468512
-0.286093587458
-0.289311663111
-0.291446135943
-0.295576386873
-0.299473331353
-0.301075436714
-0.303287370505
-0.301721272477
-0.302569312179
-0.302635510152
-0.302964711352
-0.302230018867
-0.301796078925
-0.301303412374
-0.300126334967
-0.297228130569
-0.293668019093
-0.292152400022
-0.288522348762
-0.28687810822
-0.284210904218
-0.288366533426
-0.289227174797
-0.289133725512
-0.289024753751
-0.290492021185
-0.290247790719
-0.290859480578
-0.290313007992
-0.289698585701
-0.289762753575
-0.289634099145
-0.290244596598
-0.290478347242
-0.291784815565
-0.291660454408
-0.292667053244
-0.293113496703
-0.29460355064
-0.293418171454
-0.291939238704
-0.290452710187
-0.290764163442
-0.290880667094
-0.292632715647
-0.29424636781
-0.295622750822
-0.296802016371
-0.298151999405
-0.298385909024
-0.298648045254
-0.299121215689
-0.298711088913
-0.297642761785
-0.299337166678
-0.298768736306
-0.299034489635
-0.299997488445
-0.299633711052
-0.300515352621
-0.301952186535
-0.301697894236
-0.3006856401
-0.297039203227
-0.295147129134
-0.291137349605
-0.288343945498
-0.289229347205
-0.288818821665
-0.289594747103
-0.288529366454
-0.288233538501
-0.287834888009
-0.288413737696
-0.290459695606
-0.290322390027
-0.295478261749
-0.298199196517
-0.298300086455
-0.299424083883
-0.299937611425
-0.300656108976
-0.30145634973
-0.30192136767
-0.301496473985
-0.302560971137
-0.302124159525
-0.301979274147
-0.300994468219
-0.299219185895
-0.298415603467
-0.296016870889
-0.294771132803
-0.293995691895
-0.292505867519
-0.291829499091
-0.291566052541
-0.290918972899
-0.289753154668
-0.289739260975
-0.288985552152
-0.28886360738
-0.287434374027
-0.288497306569
-0.289132841021
-0.290879307423
-0.291202425992
-0.292623610051
-0.29325094024
-0.293271526453
-0.293348360829
-0.292053159058
-0.29093247113
-0.290973772037
-0.290838843825
-0.290995862547
-0.288701635909
-0.288345424555
-0.289383052166
-0.289119326086
-0.288935061736
-0.288931034207
-0.288144936613
-0.287387057038
-0.284429055047
-0.284424757472
-0.284328942488
-0.284768063492
-0.285687006752
-0.286560585417
-0.287358313968
-0.287783025341
-0.287968614821
-0.289024515222
-0.289083660785
-0.291099577917
-0.291950484749
-0.292446401371
-0.294296763775
-0.295062838579
-0.295385822745
-0.296287082665
-0.296996635903
-0.29600981394
-0.296139134761
-0.296412701481
-0.297510479277
-0.296024399039
-0.294781668187
-0.290848003303
-0.286531142879
-0.28310800306
-0.280726926687
-0.278647571377
-0.279198927355
-0.281793473285
-0.281587255883
-0.28233288916
-0.28317488793
-0.285427736488
-0.289108455644
-0.291581602352
-0.29406904384
-0.295276309275
-0.295609774
-0.295923944464
-0.295656799564
-0.296360468892
-0.297649060552
-0.298929112642
-0.298622805811
-0.300258242277
-0.299366359686
-0.299653566022
-0.300135779946
-0.299985133158
-0.300472075798
-0.299627124344
-0.299954958715
-0.298744188621
-0.297473788671
-0.29467000141
-0.292752137629
-0.28969932615
-0.289782643599
-0.289534262357
-0.289159963656
-0.29112864768
-0.291811339036
-0.291922784873
-0.29484853848
-0.297539417011
-0.298939027667
-0.299319117015
-0.299138556998
-0.298853341887
-0.298720402797
-0.298306032992
-0.298459619549
-0.298017860975
-0.298048245161
-0.298229329957
-0.29803710609
-0.296955797133
-0.295788935188
-0.295661065366
-0.295695162264
-0.296173169184
-0.296642789747
-0.296535446769
-0.296162467217
-0.295847121993
-0.295596726397
-0.294656601559
-0.294403475926
-0.293782186372
-0.294366777404
-0.295127139217
-0.29540218741
-0.297074675785
-0.297894597087
-0.299500884867
-0.299727617886
-0.298944375041
-0.300566318912
-0.300182638648
-0.301879886111
-0.302818279632
-0.305546933651
-0.304751120563
-0.305931554897
-0.306245342657
-0.305982646362
-0.307169637862
-0.307401196141
-0.307034788051
-0.305739961925
-0.305267377012
-0.30354617929
-0.303029063444
-0.301191943861
-0.302557860643
-0.302226671762
-0.303486807595
-0.301240702816
-0.30140794707
-0.30032489781
-0.299614385804
-0.299434277702
-0.298701997301
-0.299390752708
-0.299437033931
-0.300042556049
-0.298108231275
-0.297605828958
-0.297718868002
-0.298985094804
-0.300235697688
-0.301522337426
-0.303036033168
-0.303381603827
-0.305470263269
-0.306964827802
-0.306311745797
-0.305933467247
-0.303493315376
-0.301520721295
-0.299500884823
-0.300435464261
-0.301093878361
-0.301707270298
-0.30070372238
-0.300479882901
-0.299581475527
-0.298660352738
-0.298966603559
-0.298668325602
-0.298635211378
-0.298121221934
-0.297221988253
-0.29473330865
-0.294582085612
-0.29288083586
-0.291538504891
-0.291692031873
-0.292985697092
-0.293380473049
-0.296612753218
-0.297262172534
-0.299466811077
-0.298824860277
-0.299126953409
-0.298388625221
-0.298349302261
-0.298420756115
-0.299001495731
-0.300099319019
-0.298739793531
-0.299000829822
-0.298246453439
-0.296811514688
-0.294809760999
-0.292715312747
-0.2906756661
-0.288936225196
-0.289011500205
-0.289802700683
-0.291563501397
-0.292192809975
-0.293516573377
-0.294605882779
-0.2953802934
-0.295840225662
-0.297543958592
-0.299892059877
-0.300992705974
-0.30332536471
-0.303608224621
-0.303521626115
-0.300984040997
-0.300018798588
-0.298104694197
-0.297619666599
-0.297129819713
-0.296659217499
-0.295822245118
-0.295327829671
-0.29533769606
-0.294782471755
-0.294989251119
-0.294679174909
-0.294434361464
-0.293903402023
-0.294704008648
-0.294190603606
-0.294643461734
-0.294663474956
-0.293577794107
-0.293389964572
-0.293654895668
-0.294174326378
-0.29350293046
-0.293272850746
-0.292626576199
-0.292542774967
-0.29269803678
-0.292815773537
-0.292723563042
-0.29286256239
-0.293751580754
-0.293229042901
-0.294432572802
-0.294220122612
-0.294249568979
-0.295839519259
-0.296688727953
-0.297597910206
-0.299501352443
-0.29971693544
-0.300404593374
-0.301814919777
-0.30032896919
-0.300600140225
-0.300887687633
-0.302238684768
-0.302434091982
-0.303461225026
-0.303702349598
-0.303696853932
-0.303711995019
-0.303706295602
-0.303358045887
-0.303034078833
-0.302459859698
-0.302178628511
-0.302440254931
-0.301193668656
-0.300428760231
-0.299307390454
-0.297832361781
-0.297305122858
-0.296579844622
-0.296041642298
-0.294079668228
-0.294146909402
-0.293596681944
-0.293839541347
-0.294224889208
-0.294406418768
-0.295657164639
-0.295932209924
-0.296854385677
-0.297554659806
-0.299530157692
-0.302819285679
-0.30254081407
-0.300851580184
-0.294186886104
-0.29151931791
-0.290320389462
-0.288228099789
-0.286375464007
-0.286261057403
-0.284616464564
-0.284149033292
-0.284562528654
-0.284478377736
-0.286698337771
-0.289412375039
-0.292125186794
-0.294805617656
-0.298910746713
-0.303949642392
-0.306470417846
-0.309967917463
-0.311646393607
-0.316034600173
-0.319459122074
-0.320580555524
-0.320980976794
-0.320444775978
-0.317996555711
-0.314994281084
-0.312455735517
-0.310432456117
-0.308992439995
-0.305994704615
-0.303034341226
-0.300010660126
-0.296933295219
-0.29429161966
-0.291153469013
-0.290129688562
-0.289273398359
-0.289180415957
-0.28886115281
-0.288523280905
-0.288735623103
-0.289649723751
-0.290673118129
-0.29250221247
-0.292554929791
-0.295275299465
-0.297360873499
-0.301369179166
-0.301325427302
-0.304957313648
-0.305015868149
-0.305497362294
-0.304449196661
-0.304825326453
-0.304610401891
-0.302030561694
-0.300500535604
-0.300055729461
-0.298823558071
-0.297127923364
-0.295393528609
-0.293296208542
-0.292707842593
-0.292021074629
-0.289853539047
-0.291027204796
-0.29079610886
-0.292336202969
-0.292984770007
-0.294420008346
-0.294217708867
-0.295316245463
-0.298005859608
-0.297976021707
-0.301228711681
-0.302491492744
-0.304110104783
-0.304148174368
-0.304222008662
-0.305043374048
-0.30409426632
-0.304370073821
-0.303441070408
-0.303774306584
-0.303562291099
-0.301466833539
-0.299883062453
-0.297958022083
-0.296084944706
-0.293921657837
-0.292242459077
-0.291549911615
-0.291263874271
-0.290478856994
-0.288421917153
-0.288219920826
-0.288328612699
-0.288540341444
-0.289034271428
-0.291639670857
-0.293599581722
-0.294346628295
-0.295532614001
-0.296136224218
-0.297578416518
-0.299098301884
-0.300718151329
-0.300793430641
-0.302995482585
-0.303940725049
-0.303662634328
-0.303752027494
-0.303444581261
-0.303662705355
-0.303981575211
-0.304256036653
-0.303335545683
-0.302877196702
-0.301969700626
-0.300974339095
-0.300794992924
-0.300343969452
-0.299607615283
-0.29853321842
-0.29804366177
-0.297868132002
-0.298349725764
-0.297605715297
-0.297290088362
-0.296817900747
-0.297534918494
-0.297719060835
-0.297397512857
-0.296826355501
-0.297236887022
-0.297927224904
-0.298671644335
-0.300230272609
-0.299930144972
-0.300442046864
-0.30117043246
-0.301036584141
-0.301057611258
-0.300552960056
-0.300450813835
-0.300926835433
-0.300994896208
-0.300067477469
-0.299404919969
-0.29895619329
-0.298086331876
-0.298955355088
-0.297554572367
-0.297128869285
-0.298406979933
-0.298982380022
-0.300923492148
-0.300975967072
