13.4324386236
13.4691290732
13.4297203442
13.3571418579
13.3998638761
13.3909017281
13.4666477555
13.4437625889
13.4670035515
13.4644712688
13.4476712009
13.4356402787
13.4229891265
13.4535720311
13.3777230053
13.3707015969
13.3810060383
13.4115950096
13.5036949562
13.4296297062
13.4705745418
13.4477420653
13.3538191549
13.4070036145
13.4053219906
13.4169430599
13.4482654314
13.4175795962
13.4296137264
13.4289686087
13.4198891512
13.4105048577
13.421664733
13.4106870515
13.4737015555
13.4223964342
13.3470454863
13.4442945022
13.4740696233
13.4730012222
13.3813867589
13.3897013934
13.3792830987
13.3717259464
13.3511940565
13.4345499061
13.381489703
13.3496304524
13.3910565059
13.4837406891
13.423567443
13.3824027922
13.4245650699
13.4356162408
13.461064389
13.4502967553
13.3983607833
13.4275479942
13.4876251779
13.4764015535
13.4347982176
13.4487800745
13.404662376
13.3745489505
13.4146088666
13.433490049
13.4532681575
13.4839310839
13.3796596837
13.3598972664
13.3814579037
13.4123119921
13.3779707396
13.4110482582
13.451744245
13.4529535312
13.4717833177
13.5861849487
13.4533297929
13.4169936819
13.4689818647
13.4700180344
13.5018081387
13.501103333
13.4308809951
13.4874290708
13.5713125046
13.4773777946
13.4567189439
13.4895268729
13.4881348936
13.4638475417
13.4818314849
13.5235366096
13.445772797
13.5014307761
13.4724760603
13.4741718861
13.512888635
13.4707189583
13.5319642313
13.5039760805
13.4814418874
13.526978091
13.5181753161
13.5385621408
13.4925833943
13.4693117464
13.4997095758
13.4250948249
13.5540096863
13.5096169534
13.5582998909
13.5689359073
13.5439716009
13.5659845008
13.5063346208
13.4870179544
13.4180184938
13.5426693538
13.4997563394
13.5289438524
13.5513946185
13.5299957499
13.5417590739
13.5656554857
13.5687598422
13.5275830422
13.4854223788
13.4751265899
13.4814469179
13.4888153105
13.4961784286
13.4147460912
13.4268751215
13.4202765238
13.5350038265
13.5370695115
13.5672943838
13.6594866131
13.6453919425
13.6360574441
13.5932459365
13.5772982781
13.5276549168
13.4795338335
13.5826939128
13.6670429685
13.7259369872
13.6606149538
13.637341233
13.6255068397
13.6070873853
13.6182215475
13.5554146482
13.5674210364
13.5348231687
13.5995187218
13.6059546739
13.6380566077
13.576161676
13.6474277757
13.6257065998
13.5883695312
13.6074235918
13.5785854179
13.5891303442
13.6098623686
13.6096367551
13.61161135
13.5927811386
13.6302519112
13.661384283
13.62918349
13.5361064366
13.534360598
13.5435238254
13.6071168193
13.5996973984
13.5879753151
13.7022474629
13.574531632
13.5420947246
13.5856690024
13.6479157844
13.6678249768
13.665905002
13.6837150544
13.6488855051
13.5026945757
13.5760515235
13.5949483698
13.5220839642
13.5984255576
13.5343003413
13.5788253541
13.5885945281
13.5490980805
13.508338331
13.5173294544
13.5990298149
13.6201156335
13.6059998384
13.6710326591
13.5787247785
13.5466874979
13.5794448098
13.6125325751
13.592238927
13.6114828962
13.5968832659
13.6481957411
13.5855469027
13.5749782956
13.5538831278
13.5470328541
13.5578144285
13.5785075535
13.6100521805
13.6716574676
13.6110677754
13.6520959864
13.6131736377
13.5575641893
13.6358142394
13.6513296626
13.6042903417
13.6661724341
13.5776631466
13.4867416486
13.6007472013
13.5833229987
13.6016632853
13.6896132404
13.604906536
13.7459279032
13.6931364773
13.6547165634
13.6700753239
13.5680436803
13.5912091761
13.5412830182
13.6123607693
13.582861348
13.6442136197
13.7060236191
13.6256596692
13.7210501419
13.6784199951
13.7112160565
13.7336673534
13.6284571032
13.5835145607
13.6129669023
13.6423616495
13.6781777388
13.6959578873
13.6230297053
13.6526207232
13.6090901808
13.6199686505
13.6295552194
13.5579169127
13.5037490417
13.607992275
13.6583420427
13.669765003
13.708537464
13.7413064664
13.7214348411
13.6907979951
13.7770796539
13.6953248663
13.6968671716
13.7371500702
13.6992804385
13.7088064391
13.7469394308
13.6672132132
13.7396912602
13.6983808172
13.6565528301
13.6026243361
13.674855879
13.6973386764
13.6849906502
13.6634689531
13.7128043356
13.690451174
13.7228820327
13.7343029402
13.6927146593
13.682068369
13.659970493
13.6473401495
13.6813341359
13.7397503131
13.7396530819
13.667746568
13.6999370941
13.6165333046
13.6784036952
13.6623481002
13.6722981693
13.7404413105
13.7406847996
13.7315179256
13.7330394223
13.7869192494
13.6894994281
13.8010104892
13.6948384829
13.6719198477
13.6908734388
13.7946525283
13.7418649259
13.7402310649
13.7694501843
13.7964560997
13.7961440799
13.7443075284
13.7812352613
13.8123476259
13.7313712453
13.7206791739
13.7613465418
13.7200181036
13.6912484087
13.7570259334
13.7215586381
13.7207426741
13.721921727
13.7553661923
13.7450377543
13.7500427234
13.7898201968
13.7685023079
13.6963099936
13.7264874976
13.7996816161
13.7467982399
13.7259220034
13.7181357138
13.6963924715
13.7180327833
13.6051371349
13.5534675787
13.5353642151
13.5136846609
13.5204446444
13.5562463961
13.6137484741
13.7086787245
13.6816151875
13.8059795501
13.8407141994
13.7782193944
13.730961859
13.7262225064
13.659285477
13.721176905
13.6928449959
13.6498530517
13.6604634914
13.6358428318
13.6306022068
13.6249555252
13.631065969
13.6480327709
13.696312072
13.6221374753
13.704849571
13.7477840908
13.7373041987
13.6938892288
13.6698862199
13.6263727853
13.5832809486
13.6303276169
13.6829609548
13.6674130891
13.7859035441
13.7961301731
13.8374028448
13.8169101837
13.7631266733
13.7855465746
13.7239358768
13.7291169637
13.6985252092
13.6933618812
13.7265183407
13.7977832916
13.7938438106
13.7256784731
13.6822177422
13.6809173116
13.6101125422
13.5922197436
13.6292101362
13.6525917327
13.7445432562
13.8046057343
13.7413857332
13.7466045073
13.7372488943
13.7308832507
13.6927955953
13.7764865684
13.7765102629
13.7214088436
13.7037232633
13.7041992747
13.7021053956
13.7241387683
13.7550534114
13.7577954059
13.851231763
13.8380421962
13.791241773
13.8202349497
13.7745406071
13.7549885978
13.7483120692
13.7612775292
13.8171761561
13.8898428604
13.8568322648
13.7178665108
13.7457278867
13.7442705299
13.6807592834
13.700399685
13.7003239999
13.7207315859
13.7367959269
13.7067327691
13.6433583134
13.6123406109
13.6046526502
13.6703350376
13.672173917
13.7208575191
13.6932142278
13.6741703933
13.6335267264
13.655829736
13.6984897075
13.7201413937
13.7609113688
13.5902231349
13.657126279
13.4970047765
13.5945754589
13.5461879518
13.5730272659
13.6718812308
13.7090353923
13.7055782001
13.7122410127
13.6867827611
13.6535173227
13.7014767127
13.5889188791
13.654599248
13.6309306095
13.6428599601
13.6942412822
13.6680176204
13.6526425993
13.7117782498
13.7694728358
13.7516603605
13.6790157153
13.7100467296
13.7353297255
13.6830253424
13.7121783438
13.6719873373
13.7126694239
13.6886399302
13.7197743951
13.6044510356
13.6147329247
13.5832390446
13.6669045933
13.6010897906
13.7374980782
13.6413091336
13.6750427332
13.6462134791
13.6467642476
13.5580104695
13.5459011443
13.5299890137
13.518636362
13.4443836302
13.4756892542
13.4542541606
13.4408144975
13.5233483748
13.4906283681
13.4668836077
13.507286623
13.4864590328
13.4239374344
13.493036728
13.4742653645
13.5765326906
13.57147866
13.5909910087
13.5888823969
13.6115566898
13.5772691766
13.5370696741
13.5595177292
13.4960648286
13.6004165826
13.5559233083
13.6149818619
13.6720603507
13.6100048402
13.6551922111
13.6697231988
13.6675774311
13.6424991079
13.6798754569
13.6546447484
13.5997275685
13.5471785819
13.5372545697
13.5032745169
13.4902993204
13.4980334193
13.4549117741
13.5059905142
13.4556067786
13.4391884104
13.4712739059
13.4086279424
13.5326842854
13.4591423879
13.4175373149
13.2933321992
13.391066161
13.4461115732
13.3770402374
13.4410776972
13.3891482983
13.4091775834
13.4388002784
13.4785490919
13.487155896
13.4357020631
13.427210652
13.4573812879
13.424627334
13.4972740315
13.425708867
13.5244382165
13.488006293
13.4583835845
13.5501243636
13.4463498417
13.5071617894
13.4708716822
13.3375406786
13.3688773716
13.3243666531
13.3467697215
13.3880000244
13.3989179706
13.4509952552
13.5117984276
13.5131703796
13.469475074
13.5238627738
13.5145414855
13.4433015206
13.4351556659
13.4880276401
13.3934836803
13.3820443936
13.4213973902
13.4219779395
13.5199511782
13.5009041492
13.4272572819
13.4803180295
13.4201191795
13.3360402269
13.3856256508
13.3407018642
13.358749995
13.3046466137
13.3258530488
13.2567396529
13.1951625191
13.2090924467
13.2089011348
13.2094416495
13.2304309606
13.2602039816
13.2761211639
13.2283137621
13.3884143602
13.3562414348
13.3345186718
13.3110163511
13.3423073923
13.3397898761
13.2473791082
13.3061277868
13.2848176262
13.3470623828
13.343392689
13.2795161786
13.3030963769
13.3025379214
13.2730744935
13.2736097137
13.2531010728
13.2543144575
13.2234180845
13.3182312024
13.2296968365
13.1709366741
13.2345981987
13.2302763757
13.2254776781
13.2037496205
13.1415434612
13.1748585017
13.145095823
13.1135680223
13.1556065744
13.2036431134
13.217537756
13.173083826
13.1707824242
13.1210679866
13.1017218791
13.0964997606
13.2134831089
13.216096694
13.2320802096
13.2500641528
13.2782196283
13.2683353067
13.2389226051
13.1488096247
13.1845244636
13.1349680287
13.165921374
13.2371155713
13.2261064605
13.1809497065
13.1624324597
13.1820009726
13.1532211879
13.1962043747
13.2786548564
13.2344379283
13.2727646858
13.2398121708
13.2529282476
13.2587253457
13.1713610459
13.151655051
13.0888707448
13.0087622167
13.0284786871
13.1415173479
13.157670599
13.2083624768
13.1947560118
13.170261453
13.1272893797
13.1180816697
13.0776872863
13.0545097345
13.0122698079
13.0801095008
13.0192285365
12.9869707942
13.0860192955
13.0105252261
12.9685320237
12.9914237498
13.0048441773
13.0516678631
13.085483275
13.0952527984
13.0936189168
13.1447434309
13.1107776181
13.056685316
13.0330524479
13.0789173856
13.1211504511
13.1104465463
13.0658413732
13.1710284016
13.1059518596
13.1665721824
13.1135346772
13.0512691392
13.1123306791
13.1030436989
13.0613863968
13.103478023
13.0777257241
13.0802158857
13.0304213453
12.9976353943
12.9757707611
12.9841841629
13.0062647882
12.9770983457
12.9258050991
12.9893812671
12.8991101166
12.900865369
12.82999876
12.8592545424
12.9130906069
13.0045568172
12.9945434369
13.0781767608
13.0363388765
12.9922730797
13.0420187602
12.9820142803
13.0639120668
12.9084753089
12.9593502271
12.970032919
12.9483138095
12.9288062902
12.8441077869
12.9340189987
12.9979657226
12.9964752411
13.0076558409
12.9426969715
12.9232261217
12.9578730524
12.9289437134
12.9214033733
12.9418931416
12.9500018471
12.9267248769
12.9143907707
12.8490279074
12.8667268419
12.8581634369
12.9109786593
12.9296041655
12.9430818103
12.9820262597
13.0026896517
12.9698779746
12.9466542019
12.9965113367
12.9637839901
12.9187756457
12.9810817247
13.0096936809
12.9043294175
12.9244196886
12.85114142
12.8894007068
12.8813161713
12.8923493874
12.9539787933
12.9342056636
13.0199034218
12.9689406215
12.9589243222
12.9385423335
12.8367087206
12.8505896454
12.8317180807
12.9058073546
12.9415295137
12.9252006076
12.9582703979
12.9385230356
12.9266869871
12.8851795632
12.8619855577
12.8918162138
12.9210846452
12.8595868089
12.9319581497
12.8984067133
12.8343247329
12.8440292879
12.885504392
12.8746289851
12.9116491133
12.9520620286
12.906957204
12.9254781315
12.8721515061
12.7629324764
12.8169366074
12.8697073332
12.7352883663
12.7668354265
12.8175623938
12.8152355267
12.8458182749
12.8249811927
12.8451445355
12.7952657661
12.8523291515
12.7622683819
12.8992520464
12.8689466122
12.8473737167
12.908508746
12.9072029253
12.9871216172
12.914689029
12.9230984343
12.8185750832
12.7969802237
12.753744634
12.7219925185
12.7287607931
12.7610482211
12.8197420781
12.7872896157
12.7842449945
12.7499740234
12.7484419916
12.7399951011
12.7295155313
12.6871220772
12.7077605848
12.6444711625
12.6951871021
12.6415114327
12.6318285129
12.5924199132
12.6662253135
12.7445464988
12.7882184055
12.8192927677
12.8242996777
12.7610474042
12.6981481161
12.707104575
12.7071180298
12.8260416074
12.7378457958
12.8258070599
12.7621405293
12.7208206279
12.6365266623
12.6552653386
12.5934721384
12.6498418048
12.6996459225
12.7533329868
12.7787135302
12.814226048
12.7712409719
12.7167197997
12.6392320974
12.6195890051
12.7298363921
12.7110740147
12.7433037288
12.68073622
12.7120294933
12.7240108955
12.7225829429
12.6719005874
12.6522019258
12.7260138579
12.7012861654
12.7641572251
12.7544355693
12.7390736415
12.7010586969
12.8420242001
12.9032924477
12.8085449958
12.7627271856
12.7303879755
12.7065892813
12.6100896969
12.5801830128
12.5992910419
12.6298779675
12.6079230119
12.6702967382
12.6208536098
12.5927004887
12.5412741189
12.5730238317
12.5521206449
12.5097261873
12.5442720017
12.5648070724
12.5380528602
12.5834158247
12.5557721633
12.610475261
12.5371511258
12.6003661345
12.5779953657
12.5790465025
12.5370822962
12.5892987907
12.5991120299
12.5792465598
12.5382000993
12.5580901244
12.640202336
12.6280937784
12.5958877316
12.5931042452
12.5487349111
12.4541166806
12.5464577337
12.4807881114
12.5628154212
12.5813000048
12.5557412353
12.4699679887
12.587400021
12.5044342856
12.6017544186
12.5593383404
12.6253038261
12.6874214207
12.6363777025
12.6355596044
12.5908978555
12.5404847126
12.6094045192
12.5760547764
12.636344071
12.6132543142
12.5821673872
12.5603964404
12.4793070555
12.5094094285
12.571328931
12.6224521878
12.6023623687
12.6035503837
12.6347562482
12.6148910878
12.6891291352
12.6781743297
12.7969133347
12.66785777
12.7282790662
12.6202345897
12.5944269718
12.5407183578
12.5506979599
12.4357828113
12.405995965
12.424505952
12.4760227518
12.4542153822
12.538214864
12.5787930752
12.5567892457
12.5783967857
12.5817797276
12.6374491021
12.5562929239
12.5366844047
12.5651724211
12.5310292138
12.4869206912
12.5500899159
12.5517637305
12.5976059631
12.5036401334
12.429314732
12.3859716709
12.3237327051
12.2807120393
12.3200655181
12.3929684994
12.4123690575
12.4155302054
12.432783032
12.368962185
12.4136690754
12.4150072023
12.5959909024
12.4298166358
12.8162448904
12.4827438973
12.4192173649
12.4393413192
12.4274407233
12.4172270599
12.4092637494
12.4346583208
12.4248998188
12.423241006
12.4451222885
12.3866804524
12.3827590476
12.4099247328
12.4494727315
12.4686436802
12.4634176593
12.4442737589
12.4643019465
12.4540548376
12.4334846634
12.4124261586
12.4230127028
12.4561384465
12.4767849986
12.5807682468
12.5377817298
12.4835856788
12.4401438068
12.3816166981
12.4981290999
12.4748068621
12.4611433568
12.3045238724
12.3262860853
12.232756256
12.3589098356
12.4412704264
12.4531794471
12.4764313969
12.5111124211
12.4419208361
12.4671331654
12.4395561009
12.4859061101
12.4176938819
12.4474046589
12.4106316224
12.3787539518
12.4239065322
12.402183283
12.4464952399
12.4453762076
12.4657422437
12.4422899958
12.522949055
12.4895668607
12.484469221
12.4608144497
12.4358738786
12.3608531025
12.3173274168
12.4407477098
12.3873255017
12.440127195
12.3968265852
12.427227565
12.4171226501
12.4145817556
12.3914697558
12.3772751354
12.3870406352
12.3969430128
12.2390639854
12.4166978888
12.2529102209
12.3566994817
12.3913263302
12.3833051291
12.3944559335
12.3955749044
12.4347660236
12.4532655166
12.3839971185
12.4195640074
12.4169553428
12.3184543117
12.3047461364
12.2567906911
12.2470943643
12.2380551114
12.2302440504
12.2125314878
12.1576086901
12.21880389
12.2736715074
12.2657890413
12.2947327899
12.2848484744
12.2258159631
12.2702607003
12.1981255626
12.2321120657
12.2634887557
12.3159201377
12.3023839367
12.2296861254
12.2088690775
12.2308774778
12.2017270661
12.2560436896
12.2371003588
12.3019766347
12.216199922
12.2660222826
12.2214383224
12.3044093322
12.2932752042
12.2926828216
12.2604426276
12.2372907295
12.2242330616
12.2036713835
12.3275860123
12.2541736794
12.3314861349
12.2701402384
12.1990526927
12.1782037765
12.2617668125
12.3226347333
12.3336233441
12.3423636886
12.3204100518
12.2761710235
12.2336708565
12.1909554113
12.2243337998
12.2126330288
12.3056551425
12.3537227506
12.3438016367
12.3208134174
12.2258147346
12.1639221346
12.1654554716
12.1716947129
12.1947224636
12.2591998527
12.3010751946
12.4248924694
12.3624858486
12.2933581894
12.3274061237
12.196328797
12.2061943692
12.2486091085
12.2241484974
12.3094691038
12.3470018754
12.2858399532
12.2461058517
12.2766168443
12.2538482189
12.148976602
12.114759599
12.0204456871
11.9927342118
11.9971025973
12.0721422116
12.1081155881
12.2032416571
12.2451468345
12.2052245916
12.1928022027
12.186062897
12.1987580802
12.2410969212
12.1506590841
12.1475073729
12.1382143195
12.1354487738
12.0273748699
12.0161227493
11.9825958398
11.9843233947
12.0436428007
12.14875462
12.199958418
12.1719220885
12.1571370429
12.1783492696
12.0628408038
12.0525181195
11.9619196895
12.0065632832
12.0714959228
12.0834859232
12.2269353509
12.297680103
12.2968878537
12.3058704539
12.1620885063
12.1727985049
12.049653335
12.0827992011
12.0927704871
12.1742142059
12.1820904505
12.1579966465
12.1693906243
12.0427126385
12.0536724172
11.9917762728
12.097695016
12.1004887491
12.1297052718
12.1379086259
12.179112801
12.144495332
12.1986848381
12.2221931477
12.1932805193
12.1281864951
12.1518209912
12.0993906563
12.0967178353
11.9735386562
12.0342336606
12.0984203286
12.1516055354
12.2153468226
12.1941988215
12.2365743995
12.1957624659
12.1960579793
12.1298289838
12.1314297301
12.1492139841
12.1081081514
12.1094211972
12.0478305408
12.050017597
11.9794190316
12.0227523252
11.9465241453
11.9889747961
12.0058454883
11.9883132536
12.1718046338
12.0909720469
12.1740845368
12.0482228034
12.1595639697
11.9278513544
11.8939190645
11.840832713
11.9041063125
11.8627271551
11.9043341788
11.9473499945
11.9909074329
11.9392031438
11.9882569875
11.9669337085
11.8787298232
11.9313476742
11.9676173085
12.0410100455
11.9678199339
11.9985674312
11.9842685752
11.8886398668
11.9099338203
11.8385455883
11.994045759
12.0050095201
12.0036617076
11.9611251184
11.9787586014
11.9664118293
11.9551130814
11.8831915809
11.9472228425
12.0227487356
12.021890712
11.9912015531
11.9997257566
11.9286764745
11.8413979496
11.8853767647
11.7926404246
11.9379555222
12.0026671637
12.0143328382
12.0857452946
12.0852884911
12.0202797963
11.9604164681
11.9613561511
12.0326942311
11.9987656083
12.0410447163
11.9451377456
11.8925845615
11.9174448196
11.927984478
11.9169889709
11.9603054621
11.991879207
12.011275109
11.9994917098
11.9711298287
11.9829875189
11.9862695287
12.005335012
12.0590391982
11.9664497039
11.9460294178
11.9972364244
11.9897373663
12.0405112845
12.1696315816
11.9714004586
11.9923493923
11.9504841131
11.8933589966
11.9539853991
11.9223485061
11.9550069215
11.935480666
11.9133645194
11.8803012539
11.8634893612
11.8994639629
11.8433927228
11.7606052597
11.6625004378
11.6324148841
11.6883885838
11.7421772735
11.8130816698
11.9034126946
11.9658182988
11.9963304025
11.9582430764
11.9090688176
11.881264302
11.8820978258
11.869214185
11.8761270727
11.8909949552
11.8798298055
11.8663424274
11.8346239097
11.7933408077
11.7864844336
11.8471365768
11.8544378693
11.8665051214
11.8847468413
11.9999525511
11.8830386583
11.8712818665
11.7695979955
11.7201878836
11.6997778301
11.6921345258
11.7501154483
11.7607535511
11.8340526796
11.7913899039
11.7594518595
11.8110200653
11.9012782744
11.8790047434
11.950203906
11.842720791
11.8327879388
11.8207104949
11.737076821
11.7169842252
11.703454281
11.7557717553
11.7620500167
11.7830324325
11.8115786145
11.6981922289
11.6927004937
11.64123495
11.801271135
11.689521523
11.7521622257
11.5982319159
11.7967502361
11.7325174435
11.8580184353
11.8444413978
11.8644743772
11.7610761039
11.7327216224
11.6898313307
11.7018427184
11.7203754793
11.688264512
11.7984275867
11.8063102886
11.7873542069
11.7152775238
11.6274067364
11.5967720861
11.596392582
11.6515459167
11.7532265388
11.7419173938
11.8001069225
11.7907242233
11.767930626
11.741685585
11.7345379769
11.691385749
11.7457126056
11.693422802
11.5959826882
11.5364809593
11.4981261576
11.5330103651
11.5182781915
11.6018207481
11.6722308492
11.7099282341
11.7284592308
11.6447679283
11.690956308
11.5235517319
11.6307159107
11.5338509527
11.5938036088
11.5601508013
11.6206713337
11.6706248733
11.5773083001
11.5893968782
11.5631991989
11.6447394119
11.6422475203
11.7033673311
11.6503605656
11.6088490604
11.5925761317
11.5393990129
11.5822758774
11.5818559005
11.5272393656
11.6009033744
11.6512904272
11.6017622272
11.6236333861
11.5954377669
11.5804843799
11.6722533803
11.5998276598
11.4939796903
11.4935609777
11.4674169231
11.5515083176
11.6039414428
11.5984751907
11.6891634394
11.6538820318
11.6958973213
11.6323232131
11.6364918041
11.501703512
11.6171393012
11.5857837159
11.6248771927
11.6648245434
11.6141828951
11.6575447191
11.6276523667
11.59954552
11.5525226392
11.5307185198
11.5514843829
11.5605867127
11.6011955918
11.568749702
11.5706307769
11.5276096732
11.4773710294
11.4022291844
11.4155548546
11.4092164223
11.3900985919
11.4626099984
11.4544375297
11.4133308814
11.4222739126
11.3489874027
11.3605954692
11.3819824973
11.4680476787
11.4560873944
11.5262445417
11.4688374073
11.2934890829
11.2977039278
11.3028379556
11.5645179624
11.5387907185
11.4730291091
11.4309073311
11.4192291636
11.3187984429
11.3799446672
11.3343406838
11.4365414398
11.4959050196
11.5162079826
11.4316346121
11.4923857133
11.4088103782
11.3491184185
11.3931834273
11.3800947007
11.3571085341
11.345595252
11.3772811276
11.3232618662
11.364459591
11.3892477905
11.3914630337
11.4289437522
11.4798455251
11.4573284057
11.5081636562
11.4666224139
11.4755364556
11.359973685
11.3312600555
11.3330835159
11.2803394784
11.3033362281
11.3740225599
11.4274656114
11.3293152109
11.5693654721
11.3199954761
11.3737769005
11.3421232093
11.3014366569
11.3425235023
11.318446178
11.3496683619
11.3515432006
11.2865819219
11.2475043092
11.2913760891
11.3435718831
11.2908576404
11.3320177706
11.2373740677
11.2668477212
11.2449358278
11.2463630122
11.2356706246
11.2052885104
11.2789590852
11.2375869117
11.2762457641
11.2315481952
11.126534545
11.2314522898
11.1685179465
11.2129428771
11.2581208146
11.2349564506
11.2670684313
11.275559941
11.2544380778
11.1786972977
11.1193289228
11.1899479272
11.1694026168
11.2132604318
11.1899498709
11.1696925973
11.1668097926
11.1871553151
11.1265976129
11.2011269997
11.2452001471
11.2438960222
11.31786523
11.2468683087
11.2423708444
11.329198738
11.2227709942
11.1528842385
11.214116581
11.1431544094
11.1312696945
11.1109453823
11.0668083086
11.0884154681
11.1544164816
11.1737741137
11.1952796343
11.2047582465
11.2335433192
11.189218166
11.2000263201
11.1177058926
11.0960501889
11.1546233141
11.1722780813
11.1171749928
11.1246320727
11.1026220989
11.0746275179
11.0234994523
11.0395613498
11.0195426201
11.0928261561
11.3253236354
11.2583065608
11.6452418007
11.2378545769
11.1131742931
11.1369093446
11.0436822745
10.99013511
10.937155791
10.9447431832
10.9948756742
10.994487106
11.0445293259
10.9839900301
10.9844975588
10.9740870804
10.9614008243
10.9026816581
10.9752703565
10.9455630826
10.9401079826
10.95469933
10.9985760034
11.0007796882
10.9774380343
11.0220891826
11.0118460129
11.0635762905
10.961888974
10.9497162364
10.9110386081
10.9280878682
10.8440898002
10.9343888116
10.9434098253
10.9396032941
10.9029369182
10.9533865205
11.0027730808
11.0033055749
10.7263125958
10.9674496397
10.78922669
10.95494241
10.9560483136
10.8973973389
10.8876167428
10.9325053717
10.8725032265
10.8824381249
10.8314328367
10.8518332895
10.8022551048
10.8812082945
10.8807947613
10.9084841564
10.9257544684
10.9243649627
10.8919526913
10.8067686605
10.8481081573
10.8489201314
10.8273318167
10.7959936724
10.8322436173
10.8303993342
10.9623032757
10.9090312432
10.8279554634
10.7827902868
10.8534359168
10.8500955393
10.8593624379
10.889327756
10.8748101959
10.8064237315
10.7736141952
10.737314513
10.62354915
10.5638345408
10.6810178705
10.7053075377
10.7536352357
10.8309977935
10.8719099419
10.8718604871
10.8747773824
10.8253252993
10.740491339
10.8016595554
10.7666448998
10.7621440714
10.7360369263
10.6825569467
10.6508509422
10.6944019986
10.6651826047
10.6269740577
10.6265936703
10.6243212167
10.6842730534
10.7054744955
10.7409751316
10.8132133286
10.7849536098
10.7755085748
10.8581450668
10.9055856487
10.8306175149
10.8029281399
10.8118180427
10.7703935492
10.7072471055
10.7574678285
10.717709931
10.7580247316
10.7282369582
10.9518180706
10.7420985494
10.982111512
10.8159155967
10.854747178
10.8211617666
10.8394362921
10.8180085774
10.748305657
10.7504311018
10.768111144
10.7326304142
10.8121894996
10.7885669048
10.7353449597
10.7236046508
10.6549558818
10.7421651011
10.6337688627
10.6451375251
10.6433524779
10.6234599006
10.6823935728
10.7358954082
10.6753919635
10.7307111795
10.6857955988
10.6871781133
10.6883068718
10.6249958077
10.6713015904
10.6985823969
10.6038906769
10.5653729411
10.545519801
10.4847439664
10.4529783689
10.4675381803
10.5618774005
10.56749832
10.6306540791
10.6369238308
10.6298929504
10.5306490896
10.5558876763
10.5439948219
10.5638214202
10.5810331418
10.5983036539
10.6803065593
10.6359730302
10.5942191184
10.6812390514
10.7536605869
10.6984378376
10.544860967
10.4810306687
10.4143053074
10.3849655045
10.5106131306
10.5314780923
10.6279195473
10.5714222734
10.645990451
10.5458876212
10.5280127498
10.4708666427
10.5331023901
10.4832742379
10.6198987962
10.6485424638
10.6195295549
10.6167258912
10.6263437769
10.5605740671
10.5823814904
10.5653539269
10.5080491504
10.4674226256
10.4149383151
10.4854722072
10.4111425805
10.4208139485
10.4834402412
10.3522165578
10.3209813716
10.3781285612
10.380320562
10.3893284912
10.4412729249
10.463163069
10.4903904069
10.4784429389
10.4321836749
10.3981574985
10.3879880732
10.3964632941
10.3197015219
10.3390256856
10.25498988
10.3085739801
10.2156778149
10.2520279567
10.2735750197
10.2735765998
10.325998173
10.3767970224
10.3386724927
10.3011669937
10.3670802409
10.3260095654
10.3878555513
10.3760313432
10.3752610584
10.3757423648
10.3124966582
10.2614448891
10.3532294247
10.3826376474
10.4030012437
10.413071124
10.3765300784
10.3090385829
10.3683134927
10.283889687
10.281196631
10.2937812131
10.2818610991
10.2495368892
10.2606881185
10.3241895431
10.3274053191
10.431392329
10.3834958491
10.3844592331
10.3989276095
10.3154457326
10.3001252038
10.2553380254
10.2838753252
10.286121858
10.3401674025
10.4449090207
10.3972153205
10.4472114125
10.352015939
10.3418651871
10.3116939742
10.2996533497
10.3225739919
10.3218114852
10.4204610606
10.4026968869
10.3127913427
10.2666453395
10.2114570346
10.1127065489
10.1113062234
10.1099200559
10.1407255117
10.1871452665
10.2757786676
10.2639853787
10.1916275199
10.1579131607
10.0307098403
10.0029574366
9.97583445568
10.0402982204
10.0459209994
10.0821512991
10.1411177108
10.1488505905
10.2168748316
10.2491285868
10.2691378239
10.2343208894
10.2538623362
10.3038155394
10.2529302223
10.2289240526
10.1852396806
10.1670194957
10.1332034454
10.0770564864
10.0993165892
10.1195348248
10.0327323455
10.082426165
10.1103006871
10.0554778532
10.0720212935
10.0699089742
10.1005538849
10.1140838225
10.1164555465
10.1160478484
10.1070839633
10.1090560061
10.2132942197
10.1644697881
10.1571574164
10.1161933587
10.141398765
10.1422575498
10.1130874467
10.1444902166
10.1666084291
10.1065980598
10.1014629632
10.1554805081
10.1775526031
10.1352044335
10.2009525495
10.1672331728
10.1217570518
10.0848558398
10.0931897409
10.0801506838
10.0077954217
10.0241971679
10.0538208659
10.0896103412
10.0556956383
10.0345439906
10.0466093328
10.1006257224
10.0278200735
10.0206530625
10.0329303215
10.1465543338
10.0876980686
10.0988288392
10.1352593283
10.0976757793
10.1009629343
10.1360811795
10.1275691598
10.0995696206
10.086497679
10.0758019339
10.0543198193
9.96897347267
9.93347895211
9.89202024246
9.90064095285
9.92157650356
10.0417654853
9.97785672301
10.0376697448
10.0430537951
10.0200632615
9.99873313451
9.97823359168
10.0011776719
9.99085372317
9.97108666992
9.99367193917
10.0012040989
9.87713781171
9.84789548406
9.76853571381
9.85438337362
9.86960219399
10.0106040995
9.9150181108
9.98948568558
9.90227518118
9.92200954071
9.90232140075
9.88556312462
9.87798359659
9.85895174534
9.89027992165
9.90625900238
9.83661069052
9.78889121354
9.86982225798
9.79709925043
9.81013242888
9.762417895
9.80170474685
9.86057551654
9.83853557127
9.87868484747
9.84855794046
9.86946930056
9.80236524659
9.85584354446
9.85583941218
9.86101493717
9.88269605129
9.87926736242
9.8283908505
9.80984831554
9.83173866881
9.80100754482
9.86210831725
9.85942567434
9.90862171766
9.81471561297
9.8537155833
9.75310665219
9.8291452056
9.87144276083
9.8105221294
9.88148671731
9.78030604877
9.82166152577
9.78837107373
9.8488054747
9.8687518566
9.86857784317
9.83782138365
9.77371364247
9.8265991052
9.85879008335
9.81691827892
9.79453598542
9.89687119346
9.87620578332
9.82327745897
9.8655002712
9.82381800134
9.7739335266
9.81294982007
9.7862715272
9.75354770446
9.75515372516
9.75368614924
9.74438296429
9.76546517389
9.80315943871
9.74747089005
9.79794171227
9.78619483039
9.71436454175
9.73434983665
9.78866611714
9.80974428617
9.81851154025
9.7723741924
9.92127234966
9.79786214948
9.95261872739
9.72540887195
9.66466522833
9.66597504597
9.72934200202
9.62322296122
9.68665660919
9.67489117801
9.62497686013
9.62425616972
9.67592152471
9.60132874975
9.55359981579
9.61688394307
9.63916237085
9.66904168637
9.66750577653
9.69917050283
9.67757434466
9.68094047437
9.65139576516
9.65288080636
9.70687545979
9.68538137592
9.62978182091
9.65993977022
9.59537844771
9.68932062471
9.62478634054
9.59390410263
9.53990785596
9.52855611445
9.49375038841
9.55520335097
9.55335057833
9.59502672718
9.57235400775
9.58834517889
9.63961510163
9.6008998106
9.51646641778
9.60197173639
9.56192816356
9.5436518813
9.58762367548
9.52586183321
9.50729593358
9.50915642751
9.56014115797
9.58170174748
9.53887963618
9.51682796568
9.55716738125
9.5431296867
9.39727341428
9.43009779857
9.45320198498
9.4924382736
9.47047518885
9.43835812775
9.51235788507
9.56143465171
9.51050292095
9.45919985292
9.51385238876
9.44436096083
9.47547734296
9.47443986851
9.41162918308
9.39829034704
9.43425643052
9.4741859664
9.4351521368
9.45418381471
9.42199490246
9.40782316102
9.25881109607
9.47240418717
9.32232536269
9.47945234871
9.45590003536
9.4783538366
9.4554923574
9.48855439609
9.43525881249
9.47879833769
9.45661465352
9.46834794527
9.46934114142
9.46979330238
9.42059931839
9.42811402691
9.44559343476
9.45564570695
9.44166724832
9.40841811488
9.41092154434
9.33855980429
9.35947821952
9.30538397336
9.36422576011
9.40712304913
9.35538159721
9.40784737853
9.37909448986
9.39042747497
9.43808323704
9.43850030857
9.45967261595
9.41797021011
9.40932016395
9.35972772243
9.28541412718
9.28680291203
9.28561857769
9.28252851508
9.14265594935
9.25564282978
9.00686907711
9.27609227133
9.24357910109
9.24441550314
9.26453877719
9.37854253188
9.32709235247
9.35011634103
9.32088411019
9.41673054681
9.39788110347
9.43883154333
9.35554993399
9.31354975488
9.29323929506
9.33335109317
9.35782275957
9.33433626877
9.2353262604
9.26108729332
9.18619930313
9.21640720341
9.20906057476
9.18503766729
9.20666407889
9.21693087169
9.17303899287
9.21469674231
9.25407019117
9.21622189901
9.25006953563
9.2670133479
9.29888798378
9.27957067838
9.30069114181
9.29330384666
9.26443122177
9.30589154577
9.36855338694
9.27133247006
9.27103383707
9.16978339079
9.12681260909
9.07613201739
9.14619121631
9.18489591723
9.19265366228
9.12827386692
9.14885235682
9.18283253139
9.23322779123
9.19348873811
9.17170994071
9.24565704172
9.25517166802
9.22576253143
9.22679938093
9.2286569966
9.19862766424
9.18925442
9.11761226572
9.07573352563
9.0555412144
9.12843094898
9.22219003123
9.1866157372
9.23627549291
9.16368196186
9.18261068909
9.22349719945
9.15911537898
9.04316291899
9.09544248289
9.07234935509
9.05307463971
9.10731232264
9.15996349922
9.13079340319
9.17213368181
9.11438921673
9.14660185016
9.11627720806
9.14518853833
9.07252826375
9.07453471988
9.13634956889
9.05401468407
9.0943086755
9.05290433857
9.02932960217
9.04004537413
9.05993909972
9.05758004208
9.0796653099
9.05870162282
9.07072723638
9.07925843679
9.1412013246
9.17143645016
9.16909488453
9.0965972828
9.04009899879
9.05370894416
9.03396075641
9.1282006795
9.1374957857
9.1006908085
9.06653060109
9.02376730837
8.93278940855
9.00618800519
8.96587003077
9.0385546829
9.11634756599
9.14427635118
9.10993682872
9.09098699675
9.04884597977
9.08274234101
9.01078910154
9.09251314243
9.04030837971
9.05847339511
9.04903031124
9.0390110621
8.96953001672
8.98178472339
9.0268944454
9.07000408003
9.01481964492
9.06858831384
9.08499854249
9.05675065103
9.00696957853
9.0387054464
9.03923214325
8.98495432373
9.01378927603
8.94032060656
8.95107483341
8.96159975953
8.95193889963
8.96280617398
8.99359481043
8.95074164741
8.98289616645
9.01724319274
8.99636238867
8.99013638601
8.98928167257
8.98691273879
8.93518061594
8.92315261324
8.96489618538
8.98514372951
8.91313810866
8.87876711298
8.86681789432
8.89696894782
8.90541517915
8.95777720076
8.90589245447
9.02090122798
8.977813517
8.94571776169
8.99969481353
8.9781121439
8.97020403862
8.9071866156
8.88814311039
8.90950883318
8.91017359077
8.98594173904
8.98326229762
8.95112077429
9.04139929928
8.98060178218
8.93828628614
8.97983741826
8.92670853448
8.93597473323
9.02040603342
9.04961775388
8.97854189208
9.0287839003
8.99722454759
8.96528157216
9.03881413411
8.90403223094
8.9796484051
8.9470516997
9.01811107154
9.02687913797
8.98571450073
8.92975627436
8.85979029619
8.93456115349
8.92625965754
8.90375523213
8.93138412697
8.91184381525
8.933982205
8.94380811709
8.9438931068
8.94275763943
8.88997439385
8.87845088518
8.96578787123
8.90239963049
8.8822231937
8.90991756769
8.89183053054
8.8606274871
8.85133513691
8.87299255657
8.89395830955
8.93559924675
8.91268498197
8.89076158501
8.85423385289
8.84584202804
8.87623070126
8.9376202651
8.88740355865
8.94912742667
8.83365084227
8.85911855266
8.89787470084
8.88753888446
8.90683892927
8.85102817081
8.83855638147
8.81747136493
8.75198011332
8.70934523655
8.72219956557
8.7008138356
8.70974789158
8.73786047128
8.76791628179
8.75793635642
8.73838828216
8.79305633118
8.76200110237
8.81697591081
8.88086623952
8.85890554391
8.83163691415
8.8103124799
8.7842952911
8.78448403728
8.69922586825
8.66033652253
8.72204358439
8.70172094685
8.71373836647
8.69235836952
8.75314533074
8.823023254
8.72132049031
8.76482015438
8.81635440586
8.8272270703
8.79230974806
8.91509585267
8.7476561128
8.65321879802
8.69601366342
8.65487767932
8.69795062378
8.68397616206
8.8298863038
8.83022574611
8.73830971668
8.76018329145
8.78059337214
8.77113476056
8.7795505956
8.77034206625
8.74024015184
8.68588847275
8.75869033232
8.72591879837
8.68568085497
8.65382913267
8.69669908778
8.70533935332
8.76757140922
8.81613582758
8.74458412443
8.70299011709
8.6510358952
8.64205823966
8.70443984021
8.73500716982
8.76573539445
8.65818566516
8.76235764547
8.82564595332
8.76505711471
8.79856535637
8.68438559066
8.64349633084
8.62092320462
8.68351632436
8.74573724355
8.74708963381
8.73846569473
8.76999191529
8.67692910844
8.70749149952
8.65381096694
8.69435212107
8.68514807776
8.70434147054
8.65648635753
8.62588394506
8.63500310073
8.63604574098
8.63416591639
8.67307974174
8.68206968271
8.65218876597
8.64014185745
8.64974597263
8.66109049558
8.63869525372
8.5639342183
8.57902735531
8.58817389272
8.64920064912
8.71253748054
8.70821227946
8.73081791898
8.63717360111
8.61074997905
8.61486669513
8.6566179956
8.59243335263
8.62934427283
8.63705703217
8.58905892691
8.610711215
8.5407684516
8.53066315907
8.59571252797
8.51379938391
8.55954119374
8.57228836755
8.53934520884
8.65331215769
8.64976975463
8.60709866972
8.61726769827
8.59669580861
8.64436966794
8.57231541489
8.62244660782
8.57706362961
8.5952384261
8.48930831514
8.49020716163
8.57396278291
8.54194466244
8.50115391187
8.51165352215
8.56691798828
8.53768717829
8.59089406093
8.60171597898
8.55787850054
8.58774424656
8.59790719442
8.57162365867
8.5707027391
8.53073238078
8.5528608944
8.57193288271
8.51686935972
8.50434487984
8.46114366933
8.47396600788
8.50718377627
8.54903475043
8.57102264366
8.64299640329
8.56879103315
8.57308131767
8.54348391089
8.50970734405
8.53939791386
8.5355750018
8.50645359283
8.4819922144
8.65076812454
8.50328114189
8.49314479061
8.51458565094
8.51191811794
8.43890282171
8.39478354973
8.43763876552
8.44004854237
8.44250970135
8.56720584974
8.53526604815
8.50340645466
8.4820223456
8.36860788819
8.42366611613
8.40553825606
8.43008465842
8.47814104114
8.48817568873
8.52910403441
8.46632290906
8.43739201004
8.41929088665
8.44872774134
8.61145586825
8.50735850213
8.49507869422
8.3896250777
8.42194355414
8.4611937566
8.38906343429
8.37873706264
8.45314381436
8.41127726372
8.44018952155
8.48368533484
8.35022803551
8.40464068709
8.42650077333
8.42624737394
8.43895564834
8.48085278877
8.51115739696
8.51784753683
8.41516831197
8.43719833376
8.38365600525
8.35104713712
8.36110794665
8.39230161367
8.32880997022
8.4123799428
8.38105257885
8.43296851639
8.43234422472
8.44958107479
8.38720441887
8.42853570812
8.36391644081
8.34487596375
8.30365176782
8.34892779891
8.37055785042
8.40137832042
8.44296210823
8.37858134452
8.41116540371
8.45262862659
8.48949766914
8.64603709159
8.80154108627
8.48912069158
8.39404310252
8.39111442212
8.36236558808
8.35071271248
8.34941427715
8.38245995514
8.32793744349
8.22144107012
8.27126565686
8.19943168704
8.21198076783
8.28521550117
8.3036633327
8.38789803475
8.42783926773
8.42964555504
8.44102148717
8.42492093319
8.4671081702
8.44798542284
8.40575847499
8.41542494005
8.37387815527
8.36279832555
8.32455904305
8.26972963662
8.27820439184
8.24385097664
8.24112546507
8.18792192631
8.13383700219
8.19909671383
8.24046030882
8.22992962858
8.28318967682
8.09909885721
8.30267883639
8.27299689849
8.33811550061
8.38310671703
8.27990645379
8.32440124086
8.19761032461
8.16383713589
8.16473901053
8.18400607594
8.15669051081
8.22650713132
8.18157228949
8.14033304508
8.15166617259
8.18747294774
8.18973280982
8.24086419916
8.22949420439
8.23828016704
8.26168203872
8.22200499161
8.24923616848
8.15742632499
8.1798600853
8.29186539368
8.23604276713
8.2346144265
8.2539410098
8.17427942477
8.16517553224
8.15685737346
8.13448662482
8.2662276115
8.12016826528
8.16788809374
8.1361269513
8.24186304212
8.23285468158
8.17416854262
8.23336323395
8.22365531494
8.18160451822
8.12952280507
8.10675611027
8.16337863563
8.12264582283
8.0828560369
8.05332159088
8.07495864636
8.0910898983
8.11232408462
8.14883100055
8.12942802568
8.21385927116
8.11359749754
8.12493914223
8.12859253715
8.10872013095
8.12449134268
8.07859630138
8.09614554229
8.17252069778
8.07173473868
8.08251138904
8.05007976302
8.03212973339
7.99733826088
8.02516373839
7.9833139241
7.82271546809
8.04961371633
7.83932844564
8.02662315502
8.03742183017
8.06067391588
8.07268029049
8.1459426
8.18923250157
8.12513682198
8.14795539544
8.09138706679
8.07434971651
8.04144785337
8.02982958187
8.00659175948
8.04471003242
7.98377025399
7.93760449136
7.87375258939
7.83378813045
7.84296089015
7.90361106814
7.8852152796
8.00924057336
7.96849266331
8.05273227669
8.06984197978
8.10233446965
8.12485884082
8.05357066107
8.08609867926
8.06327836637
8.03425850833
8.04588691229
8.02633637162
8.06824041488
7.95477602712
8.00252249066
7.98170101113
7.98874822495
7.89946897738
7.86648883293
7.83568131082
7.84489446907
7.824586591
7.85390619698
7.91468139874
7.99582821365
8.0266284825
7.99509289161
8.01875185986
8.0536476394
8.05148283869
8.01991802455
7.93860115844
7.97138730338
7.91844752981
7.87564419601
7.81504442759
7.89596534145
7.84010319059
7.82724937836
7.89790685033
7.81327910007
7.81701218642
7.8255041717
7.80751446787
7.80587286445
7.93819852608
7.92832478008
7.89643124588
7.89763238591
7.85157000384
7.91628810316
7.80234358485
7.99278586275
7.81271766865
7.94940132663
7.8999249678
7.844186893
7.87902581216
7.80397797668
7.82643419759
7.85744039594
7.85331562173
7.86351778853
7.82026260294
7.84065426359
7.83301260076
7.7829487833
7.84470360801
7.82345360056
7.832568243
7.88209141601
7.79093609745
7.84573194737
7.85241562131
7.94622118843
7.89356331001
7.93395857301
7.95232532374
7.91692462534
7.89536486178
7.8576837421
7.81702873467
7.79749352451
7.81769242237
7.76169662897
7.74561113907
7.74416024614
7.75317677342
7.77431913659
7.71609965612
7.85202024832
7.86493323852
7.85409045359
7.85015097258
7.8708175788
7.80667309306
7.87242082285
7.87378543449
7.86555420252
7.86594393967
7.82514704136
7.81592862885
7.83579366096
7.75872508206
7.8438328843
7.84275839644
7.81190636737
7.80211314948
7.78070503069
7.81486809896
7.79268933175
7.87264884606
7.92233924627
7.85744250462
7.86862804902
7.87097374083
7.80973407816
7.81204863264
7.77072468752
7.8195146405
7.84061157906
7.86025594282
7.76656135028
7.8475974324
7.86129363843
7.86237593271
7.83220325112
7.78023835158
7.86242335586
7.78844920291
7.83955808074
7.85930672803
7.83136849764
7.7972610324
7.87173679409
7.89145148004
7.82985151473
7.83132770239
7.90331664681
7.85130063028
7.8779084989
7.91007167048
7.89016291657
7.81582769979
7.83654791097
7.85719777981
7.83819477475
7.8511171379
7.85102313532
7.88328059848
7.91627968298
7.8654100528
7.88530451239
7.84281703507
7.81091983375
7.91487377624
7.86399900089
7.82281401354
7.85262677345
7.83069315697
7.90282671454
7.89177394285
7.84624586524
7.84528823487
7.79214172326
7.79201026275
7.80475045932
7.80580173897
7.86075896692
7.85874959831
7.87928834972
7.89642084186
7.95056210588
7.77309532666
7.88733354036
7.86837806708
7.82520167911
7.80239547361
7.84119085432
7.82659296768
7.82433208615
7.91937578278
7.82633042012
7.80636611757
7.82533026402
7.8447487122
7.83414116488
7.84575446502
7.91866101889
7.88975896605
7.80897019653
7.81231025624
7.90362289867
7.85848130232
7.91751090067
7.92525672432
7.83903184755
7.95166031295
7.92500508964
7.86600657391
7.82758443481
7.86819955761
7.90628518095
7.85924202283
7.89797604307
7.86557097617
7.88998790629
7.8317422981
7.85453636104
7.87506121924
7.9158107019
7.91086620864
7.97424673467
7.9094137084
7.88815099772
7.92241505987
7.90412181922
7.88322059017
7.90155110276
7.87895258583
7.99097390817
7.97713056403
7.92765099012
7.95041492234
7.91388112406
7.90265267725
7.88328846549
7.9348730118
7.9166702575
7.93683555054
7.92599229998
7.91567489661
7.90806876163
8.00251966748
7.89226772834
7.85266382348
7.87156711311
7.88900519532
7.8675168168
7.81532436014
7.85832831479
7.9012608708
7.85957619821
7.84961790796
7.84055079027
7.8795560552
7.82767052098
7.83842457027
7.89860115365
7.86757825778
7.89842051936
7.85854007475
7.90075757176
7.85964852394
7.91648602148
7.85161744016
7.79879784734
7.81757243249
7.83714540084
7.83682747798
7.84134622368
7.7905881428
7.80796220093
7.77910018965
7.80854230517
7.850800159
7.81746405508
7.71319712734
7.74466705167
7.7629019985
7.75387361672
7.78138368977
7.86576844731
7.82369100942
7.84193689585
7.89082937515
7.90278310752
7.8312285397
7.8660626299
7.8626310623
7.81042837956
7.83643649098
7.77109975861
7.7908247044
7.71738660409
7.76055898858
7.69769740737
7.79516267346
7.76194295437
7.79084004148
7.77104767239
7.87648835139
7.78477168452
7.80911736121
7.81222083031
7.87684989841
7.85735160876
7.79957805303
7.81098504057
7.80414162845
7.80308265471
7.82268335106
7.75566207956
7.82577816975
7.76944693752
7.71205044865
7.70015969157
7.7613991337
7.73981275616
7.74559466958
7.77419637254
7.74305055959
7.73121578911
7.71236278026
7.71535887036
7.83308290168
7.81006977114
7.78881789081
7.77839303712
7.85253463796
7.75256346689
7.80629793376
7.7443865844
7.74050972445
7.68858033214
7.69631149791
7.64404106958
7.67963087069
7.63475076514
7.67679951611
7.67340474029
7.64040274283
7.67453695132
7.69035936938
7.68918433691
7.66153094885
7.68485654464
7.6730400269
7.69971688533
7.73670637913
7.67241423494
7.65179827305
7.66476296154
7.59282971565
7.6074167785
7.61505494474
7.60356287245
7.5892317243
7.6369401578
7.59266878901
7.59457550907
7.59838542542
7.55658177781
7.55094814466
7.59332931335
7.56439009815
7.52373824439
7.59919868183
7.57219002355
7.50873677965
7.70179707384
7.61721582513
7.6376156319
7.56637147609
7.58205540201
7.62230727238
7.6434344306
7.6123143377
7.63801553325
7.62852508765
7.57630892997
7.54616526462
7.54789154859
7.53693435349
7.48386338686
7.54482964297
7.46251348688
7.48386042608
7.44426965979
7.40434590152
7.49705373835
7.48695902187
7.47747467666
7.41623587021
7.47801644872
7.46812632186
7.5095895921
7.44574902081
7.48891968936
7.51132069846
7.52227101229
7.47574966078
7.51091812138
7.4557402865
7.44189783677
7.42050365198
7.40854595786
7.38541291824
7.4239595219
7.35958619797
7.40543240753
7.43726128853
7.39610526302
7.42119381888
7.39335645921
7.38751000826
7.47270485251
7.47524076808
7.42383666491
7.47677795121
7.46612396685
7.45687238519
7.45785096759
7.41629164856
7.45920291941
7.43879927547
7.44978753301
7.46009422451
7.43877345035
7.39665479894
7.39950379875
7.39330513809
7.33132477829
7.37631903647
7.33674766605
7.31320635358
7.32039049302
7.3460042792
7.36355643259
7.31881850036
7.42636250642
7.27096580414
7.48159515307
7.41196826115
7.33778004665
7.33597659347
7.33349942099
7.37110454689
7.35049956217
7.39345993131
7.43354963524
7.36095862917
7.38036976375
7.40944087788
7.46725832875
7.38573516254
7.41385801616
7.3413286417
7.30752274746
7.32978904018
7.35280612638
7.41425684918
7.37288293198
7.35083013621
7.45736321287
7.44967229837
7.40524905555
7.42150041934
7.37563700954
7.39258001279
7.4077078245
7.41130480738
7.42446814773
7.41189472539
7.37836460743
7.38682395061
7.31019013537
7.32985837724
7.36561111849
7.42501552116
7.32218579305
7.33464288386
7.30589002572
7.27563981041
7.27733213913
7.31703164028
7.35808468041
7.33644607796
7.3799966613
7.41190375937
7.36952774944
7.38266419477
7.40711860346
7.37716939715
7.38167787596
7.37320619297
7.39605205251
7.36751194037
7.34944472294
7.36214631567
7.35514998736
7.32668789149
7.26928704559
7.33569995077
7.31026992442
7.1535572699
7.32019301744
7.37322952658
7.31952457425
7.30375342703
7.16226789545
7.2415637009
7.21523248066
7.22693981761
7.23555146422
7.22609257067
7.24319147306
7.22056059975
7.19782989734
7.29927841397
7.27372112118
7.28190201965
7.29526283619
7.32551405407
7.24458813135
7.2219522064
7.18193123047
7.19680340403
7.28139022227
7.20012907214
7.1382418834
7.15034448623
7.1314328598
7.10018048881
7.07895379011
7.05312277345
6.99817788056
7.08777119412
7.11829866207
7.10474813252
7.10863078468
7.14844090711
7.13007207641
7.14380922758
7.13852113431
7.13124120199
7.16051424214
7.15534598506
7.15928857404
7.22447983476
7.17867192744
7.14571305455
7.14073724453
7.18291559439
7.18052598822
7.18824700949
7.20696326981
7.17013184915
7.14886222298
7.13879826681
7.16743505966
7.16922863719
7.09601403279
7.12813011149
7.16394998812
7.06857778555
7.09990789193
7.12739790998
7.1551183498
7.15462730351
7.20048348666
7.13452169532
7.18668564215
7.16695671351
7.07745680416
7.08606480429
7.05147681394
7.09342875541
7.08939630206
7.07822954505
7.06701135152
7.09740470849
7.07255229431
7.05794332843
7.0545064864
7.05515575051
7.00454358795
7.04502185312
7.05402082759
7.03127139707
7.03907401311
6.99766923118
6.97745161116
6.96955375212
7.09698647772
7.05810081271
7.06167119568
7.09441037607
7.04350070433
7.05737792119
7.12355627185
7.15886937675
7.11848956263
7.18372490001
7.24966127391
7.09421297818
7.16654132411
7.17909224088
7.07557306206
7.17677129749
7.1127546464
7.14544490558
7.0828031466
7.07197057811
7.04061030677
6.9488487527
6.95577590051
6.9433021464
7.00256562654
6.94919029296
6.9570530757
6.93393303179
6.94892528401
6.98252089426
6.91211316816
6.97461967024
6.99498276668
6.97635600976
6.99623979123
6.97671545925
6.96720131264
6.93945680073
6.92869730649
6.94816977056
6.92450296166
6.85650522149
6.89524746286
6.88006371223
6.85541836876
6.8488705657
6.84563974821
6.85650301298
6.80615233465
6.84828852267
6.88911806354
6.89654038383
6.97808591869
6.93327806539
6.92568746516
6.8949162593
6.87861599937
6.89001884928
6.95351002711
6.91326678209
6.90809155923
6.87120515241
6.91564315304
6.8648495504
6.92375010087
6.87666735322
6.93672581474
6.85606601498
6.83965053254
6.89262303776
6.83958765061
6.83018304131
6.80521949609
6.80669685967
6.75979235061
6.72842543793
6.77757580265
6.76791294437
6.73700167282
6.71304976025
6.66647252375
6.68418651378
6.62762614385
6.70871046101
6.63542206884
6.68855643132
6.62608135202
6.70908580322
6.67821092674
6.72813420585
6.69629255317
6.71833774567
6.73170713775
6.78730294775
6.70597914457
6.76995033025
6.78943698965
6.79937958213
6.7696820452
6.75198311725
6.81499585745
6.79945578457
6.78063864696
6.73953611779
6.75806508231
6.72600647576
6.77548238958
6.80894980177
6.81229606012
6.82376000355
6.80499939699
6.86707669248
6.80373127605
6.77677678178
6.77306049409
6.77854043672
6.76992881027
6.63752435805
6.64974229644
6.60005598818
6.62341952112
6.60455981043
6.65838453441
6.63756861461
6.62704240347
6.66942732728
6.65965780338
6.68369556537
6.70761131112
6.62606820952
6.63409524523
6.68131136482
6.76126649516
6.70577888307
6.72684190858
6.66434919763
6.65397099932
6.64464066786
6.61384869455
6.58489763236
6.61615375695
6.65588331095
6.65469259051
6.695773767
6.64626218902
6.59072568078
6.65151282399
6.66539501971
6.5901025917
6.62037981769
6.62793357082
6.61400233761
6.63780689585
6.69332707715
6.41516842383
6.41667890919
6.47225056614
6.43285371136
6.50571036145
6.55806980647
6.57981493764
6.63794625854
6.62257086679
6.61939231194
6.64545971106
6.66846491557
6.67719494539
6.65610332159
6.69983475274
6.70745322096
6.66567365534
6.68603024719
6.66658647708
6.58159144085
6.62211467907
6.61206581922
6.61178475003
6.55950492478
6.58828198761
6.58596011999
6.55083608357
6.58351527388
6.56907956024
6.53452915709
6.55771179439
6.5682306305
6.57102242655
6.56252398343
6.54304670354
6.58496179087
6.561897282
6.58111382432
6.60116682402
6.64214589595
6.61187349892
6.56852596589
6.53822137176
6.55112021801
6.49695351639
6.55951082677
6.59659463278
6.56232690398
6.60109118468
6.54665084924
6.52370277301
6.49480742248
6.52669038766
6.54748212019
6.61972472882
6.59994788744
6.62684055759
6.64722694382
6.62746114792
6.62909424119
6.57147987818
6.5112923106
6.63902489982
6.55422181079
6.60584954806
6.62473229309
6.6336172306
6.57560031464
6.6003297508
6.58084431822
6.58657410024
6.5465731179
6.58391149874
6.52292713833
6.67666983
6.61288276817
6.5593681301
6.55018782203
6.63065311539
6.58768102851
6.57468596811
6.5541084672
6.53422919896
6.48302513252
6.53505299328
6.57293640206
6.55984364478
6.5257504016
6.55455640565
6.55408040784
6.56156195701
6.60248228584
6.57871751871
6.59989817983
6.52779459419
6.62165623652
6.60170342491
6.59125282399
6.59954201388
6.54666432027
6.52579538382
6.58915267445
6.59899365518
6.60884691478
6.55745275619
6.48655715809
6.5487969831
6.57401789696
6.49261450776
6.59699619942
6.58647845717
6.52730802591
6.56908185852
6.49963882161
6.52306549943
6.51065708208
6.49852451435
6.55745743245
6.58443071229
6.55070110251
6.5168068588
6.59955658247
6.5363966976
6.48580020561
6.45817867877
6.54378457252
6.50002183708
6.58004039661
6.57920194132
6.50645991536
6.55861889693
6.58312562557
6.53610434551
6.58350003716
6.58630402359
6.57289410418
6.60409099285
6.57101299505
6.64183987171
6.63327403343
6.59508664189
6.58583857464
6.52720764749
6.52846782993
6.54612257045
6.5651926007
6.56693429822
6.50819169497
6.54335329353
6.47658955764
6.50776374833
6.42300823844
6.48510525258
6.46506589131
6.46070568619
6.42668191861
6.45275984856
6.46037242684
6.52222936972
6.4592234639
6.48493718125
6.48086426642
6.51492360264
6.4593351857
6.51517200055
6.53444543139
6.5219036394
6.4745328484
6.57783302057
6.54006971109
6.55682171579
6.56855638009
6.58302570511
6.47805430099
6.49036263279
6.52904178748
6.52160836732
6.51359116268
6.51483486876
6.53608483496
6.49760983146
6.45497921904
6.48343619318
6.52683689598
6.51673601508
6.49518724537
6.49483835833
6.50380141038
6.45619798034
6.46529538569
6.57095909498
6.48535684115
6.48834128432
6.52132191456
6.51246594593
6.48563818329
6.47800948241
6.49437766289
6.49703209108
6.5076264656
6.53755518597
6.52396982947
6.46862085285
6.46520048719
6.43048353102
6.42408344908
6.45809431859
6.4818582657
6.44267572
6.44486563643
6.39886370896
6.45653432854
6.42367746471
6.37016206591
6.40239598451
6.39182237133
6.40389118288
6.4582938833
6.3546743766
6.42979936818
6.38245508649
6.40947933129
6.48922144459
6.41227621217
6.5211135694
6.49236813251
6.48174202885
6.53657734164
6.50236643352
6.71523502886
6.51828563238
6.51377388913
6.51583542123
6.40382298557
6.48706360517
6.50537609181
6.44137876434
6.46240462655
6.44865175464
6.41690301724
6.3493813673
6.39675830469
6.34075853548
6.3562967669
6.35029475497
6.27649108775
6.23250214162
6.29352525857
6.26260856973
6.27360993209
6.34950873935
6.26280265619
6.25575041569
6.3095913228
6.29957936616
6.32139394573
6.39021939082
6.3595261224
6.38619413937
6.37785901844
6.35318679751
6.39836227361
6.40759526518
6.34447982908
6.39548492324
6.44702492836
6.39123668537
6.55595832339
6.38048749271
6.40924164947
6.33178533898
6.30921149939
6.28412247135
6.26441597278
6.26551621443
6.24458278125
6.22746084453
6.18803014407
6.16775199608
6.22581383435
6.29756001624
6.23029165398
6.28461801019
6.26604207455
6.27008400639
6.23957717004
6.24163519852
6.27147900026
6.25794697612
6.31573637623
6.2608900241
6.21818570643
6.13594792173
6.13325928769
6.13592104245
6.11751818503
6.11943059946
6.11134708205
6.15077203542
6.08957777017
6.08168647011
6.05775971806
5.90031983479
6.12854423322
5.85560431883
6.2025393465
6.28314500017
6.2449440136
6.22889482769
6.25710883069
6.28663318827
6.22954085242
6.27545410613
6.33054033414
6.30047373293
6.19471910689
6.2777394292
6.2171726261
6.19024600868
6.08959292436
6.15392383869
6.11438989902
6.05325853633
6.07253000942
6.11133227844
6.05985150876
6.00607349014
6.1176933067
6.07959713404
6.01582290162
6.08534666295
6.0830060591
6.04674255182
6.1141719281
6.02775067581
6.00337511258
6.02269486197
5.99158143453
6.06059399342
5.98507912887
5.97205091615
5.95846939964
6.14705714816
5.97494738184
6.15318265116
5.91442017531
5.96667875008
5.91742058556
5.8768095683
5.92889284463
5.92931936746
5.86947243169
5.91261118464
5.91469320268
5.94335219741
5.98709149177
5.9985627413
5.98652608512
6.00014635115
5.99973422471
6.02300762935
6.01443077659
5.97360407641
6.02356945642
6.01846601885
6.0568368415
6.01393470992
6.02288184413
5.97539024749
6.02591381558
5.88711597903
5.90749014481
5.85614132939
5.88912647333
5.8621364969
5.90764728257
5.87910023384
5.88177992957
5.89449295791
5.91858610505
5.93469758899
5.86012124465
5.93387298961
5.82613453216
5.90568523307
5.95070507498
5.90828491841
6.01520523645
5.92769996342
5.95218663966
5.9174046498
5.90347446136
5.94491009603
5.84010655217
5.82548017633
5.85465525825
5.8067142295
5.83447233904
5.82321753469
5.81649252807
5.83649605935
5.84306544538
5.76359503646
5.76266649902
5.78309665273
5.80216792127
5.83565987992
5.81239731877
5.87226421947
5.88090379113
5.87101515591
5.82736744796
5.81932689125
5.76756906451
5.81389478154
5.76954384032
5.77040932484
5.81306428534
5.79346542554
5.7539743154
5.60569809799
5.72966903731
5.645574282
5.67013432707
5.6703260406
5.70414495164
5.6367562574
5.67075592732
5.65656194596
5.67186094021
5.69863733921
5.66968238065
5.70111760844
5.67811308062
5.73041195736
5.7184785207
5.72914427324
5.74123193622
5.73365200004
5.65422244503
5.74859277233
5.72664811465
5.75537985493
5.64943585077
5.6871330426
5.6935965329
5.67003446611
5.62670166536
5.64687441487
5.57607618386
5.58886004081
5.62127358972
5.70235667188
5.64283044955
5.68907257609
5.6989751999
5.82038075225
5.72130608521
5.77025001526
5.68222050417
5.63583402338
5.72198407833
5.6388593437
5.60731355439
5.63685250662
5.62462838318
5.59320853267
5.56487782912
5.58906272906
5.56017437151
5.56354799034
5.54684294035
5.44382022448
5.51276271711
5.45845030692
5.50204625606
5.45271326159
5.48065228692
5.49317969992
5.46537260775
5.46060591908
5.51005316725
5.5742572025
5.47942057444
5.59116748504
5.63488300096
5.61271087499
5.64907967379
5.63827393341
5.59455337831
5.64285353379
5.58745838329
5.60026436162
5.59618032889
5.60266622206
5.59428252531
5.62453495641
5.50653941186
5.65426030658
5.47216095998
5.44195866002
5.45366084737
5.46128509321
5.47384764498
5.51191291118
5.54140926969
5.52005454732
5.5105201822
5.50527256422
5.57960626957
5.5866106088
5.631463242
5.63004135005
5.61562269488
5.62950949835
5.60207863416
5.62271375008
5.60405642401
5.59986865221
5.57549518254
5.58216619557
5.52121182971
5.49619488762
5.46711525188
5.49276525322
5.44633568568
5.46112375509
5.52961791315
5.56837574042
5.49176811085
5.52908733109
5.53697541607
5.55297164588
5.54110418167
5.4913126788
5.44063098901
5.46010347813
5.46731180272
5.45582953658
5.52129080313
5.54683930527
5.61839495704
5.5268198611
5.59764751636
5.45536608241
5.40932179057
5.44535377149
5.41796315267
5.41789618188
5.44678229576
5.53442994416
5.46449346626
5.53054148006
5.48530358719
5.52822432996
5.48732259826
5.51889720374
5.50656437597
5.53706307709
5.53953592714
5.54029296272
5.52152019641
5.46650709293
5.45088148979
5.43290219861
5.45585003209
5.55328142369
5.62387722217
5.68711247483
5.70166642446
5.55256242788
5.48877207437
5.49869100296
5.42859354823
5.41550178528
5.57227706519
5.56040137729
5.64373376873
5.64771780505
5.64727864731
5.53376765053
5.53012066081
5.4962758578
5.49441898711
5.51800557953
5.51933316911
5.56112585106
5.5859741382
5.51358290329
5.56673039122
5.54951563909
5.54578608256
5.52124512468
5.50664354419
5.52552133646
5.55883412507
5.46942987342
5.41779947255
5.40902949668
5.39780545868
5.44899677829
5.41235049109
5.44600897227
5.48461087079
5.3803402715
5.3947894963
5.40569344488
5.34533817556
5.33846679807
5.36229087993
5.36055368726
5.41269700483
5.40541651546
5.3745344671
5.40636732391
5.45796294353
5.40610148535
5.47702002162
5.46350721034
5.43351252455
5.46532690694
5.53899489161
5.50838968466
5.50852493499
5.461019956
5.42634882666
5.4239960173
5.35223714136
5.32693242383
5.32112868018
5.34510167195
5.27641835893
5.30493393753
5.27582293877
5.28151936531
5.30115369368
5.34906905268
5.31177462992
5.34735165801
5.34038844335
5.33929315336
5.2449311054
5.26836594293
5.2412364312
5.19025998315
5.2740387424
5.32051000159
5.30723857431
5.41985511999
5.38061148353
5.27652387084
5.39223341605
5.26343699171
5.33056617962
5.1991773901
5.29113702218
5.28987346819
5.30720859972
5.33780480271
5.32767823908
5.24032024884
5.23610166457
5.27742976639
5.29382241456
5.2703701394
5.31752655364
5.36520809822
5.32135363419
5.27867697225
5.31149611681
5.332643768
5.28027767184
5.24517780207
5.17012136844
5.22810642366
5.16455055183
5.2058642643
5.1888975238
5.23446082058
5.22877613842
5.23182123178
5.21990988885
5.19989112496
5.26266353588
5.27322971585
5.31718997506
5.33319548439
5.31429333645
5.22588482072
5.23754026911
5.32187216913
5.31227057891
5.2256321347
5.36347015931
5.27533637387
5.24640087362
5.27910747333
5.20506558183
5.2642199501
5.22050753668
5.15658536786
5.18484959281
5.14147394404
5.18202617084
5.15989158403
5.18653524847
5.15594535249
5.20763155087
5.15744600893
5.19137130103
5.17246916715
5.16233071574
5.22636613025
5.16455321178
5.13462070206
5.17718054074
5.14687670735
5.0944292168
5.15928096523
5.09844005565
5.1304112186
5.10175023893
5.16638296712
5.14410815113
5.15315814693
5.0912288155
5.12396239167
4.96520486084
5.08244244757
5.0202308776
5.12369495279
5.11462577576
5.1464264561
5.12494306347
5.18077164572
5.16145977455
5.13921044445
5.10802909052
5.12922656436
5.10788343514
5.07893850053
5.0890152626
5.13727384904
5.06481095255
5.11711209995
5.08685529847
5.04076475284
5.04208242055
5.05318143197
5.07485183374
5.10595555236
5.13808395024
5.1293051649
5.07952562516
5.14400933955
5.16323904154
5.13085028371
5.04789435655
5.05632128488
4.97358920969
5.06808382374
5.06554097204
5.08521363165
5.06355956291
4.88599608281
4.60934322902
4.72534338715
4.62275408959
4.79169872467
4.93613738575
5.00082520397
5.02165482629
4.96588601837
4.98758348614
4.99851696661
4.97906657564
4.92792655391
4.91049610806
4.85971592538
4.92362306635
4.88229827465
4.8527245417
4.90704801965
5.00075110828
4.95112034818
4.98222612613
4.92934357589
4.9602924412
4.95633583831
4.97431219599
4.90085858814
4.90117689898
4.81191907745
4.87287367725
4.90625642952
5.01375742652
4.96128337639
4.94576821666
4.95367103439
4.92296329617
4.8614062713
4.8537490742
4.92878953512
4.92542586958
4.88271199089
4.84925162346
4.89855508334
4.9697480907
4.936040554
4.94307590676
4.95211086111
4.86231201417
4.86562721054
4.82925507885
4.85225137651
4.91171223422
4.93585984316
4.93779523701
4.94001051449
4.91011772357
5.00325577706
4.99326685243
4.98385564993
4.88840945853
4.89800656271
4.90733023313
4.85339895587
4.8427869807
4.86452013982
4.88383490989
4.84252535033
4.92452208441
4.85147415922
4.94220742129
4.98324205545
5.0143567951
5.02577604088
5.07757629684
5.03846680278
4.98719398115
5.04182485421
4.96771703808
4.95105958853
4.88107871459
4.87694655727
4.92122770715
4.91407252956
4.82044036035
4.90204303053
4.95222401797
4.89730759886
4.89930012756
4.94503170427
4.95628350919
4.9714310733
4.99251612407
4.99345915798
4.99953358385
5.02572756274
4.92590167249
4.92604631986
4.99576740598
4.90408493667
4.89305056485
4.88068710269
4.94978169447
4.90235249351
4.94132427632
4.9740795012
4.92827704982
4.90873672404
4.85510670861
4.89823729481
4.98544219123
4.97392716504
4.9628999635
5.0387105284
4.96815963343
5.15793393209
5.0638430575
5.04531106482
5.08610462628
5.00237328971
4.96829640066
4.93080554847
4.9291741988
4.80394824757
4.85020056159
4.84578363849
4.94402535178
4.91365994819
4.86382446921
4.93722193114
4.91591912498
4.83274911563
4.80664618604
4.91075745896
4.91040857849
4.95060102225
4.85513207421
4.87499548494
4.90966562383
4.92038839367
4.85822211906
4.89312595229
4.9044586484
4.92658136055
5.01125649926
4.98194953856
4.9618430566
4.99835618704
4.91179935343
4.92308091562
4.93140066812
4.97840912533
4.99277138809
4.96994869263
4.94879461173
4.99363435343
4.970591777
4.89006200754
4.94765911886
4.97175601058
4.99664099445
5.05974349403
5.05747428929
5.04470708814
4.96561022297
4.96853974386
5.01017830551
4.99027245049
4.95271700866
4.95081554239
5.01186056894
4.95210598764
5.02845175907
4.99371430399
4.98858883856
4.97316597693
5.03853775413
5.00721644596
5.0488356122
5.02659345941
5.02439164373
4.98488379422
4.93623729207
5.02141634727
4.97282756876
5.00296026042
5.01864979912
4.91933380613
4.98816240702
4.99175609536
4.96269683479
5.00596485026
5.00812594243
4.94137206005
4.98594535883
4.95949101724
5.03289882989
5.02991776061
5.07872485564
5.06754322958
5.01449241299
5.01682537391
4.99004069504
4.98015512924
5.0436247404
5.04017276831
5.05840677352
5.0142833378
5.08382697751
5.03274504299
5.01327596407
5.05513388233
4.95112653594
4.96175567056
5.00791320012
4.93338505706
4.91256191535
4.96544892444
4.89798620234
4.948744093
4.96027978503
4.92857533994
4.9773505536
5.01136066535
4.98590814859
4.98585946153
4.98113861542
4.94184482745
4.96436222138
4.96261108112
4.95283578617
5.07593562696
5.04431908407
5.0462793136
5.00850382779
5.0099910229
5.03942128439
5.07776145583
5.1358730063
5.133283897
5.17307897798
5.06088321081
5.04205443429
4.93045691907
4.9927469911
5.00006267296
5.00807166302
4.98307449236
5.04430349051
5.09811752231
4.96586261379
5.00144069014
5.03582211296
5.02299770101
5.04118958469
5.08254491836
5.08126002904
5.07133454485
5.05040226742
5.07547406541
5.07507412327
5.03259028587
5.02209712545
5.0420426678
5.01212938391
5.04685876575
5.13083361197
5.10819114598
5.12999361018
5.17999494241
5.19268772286
5.08680819482
5.14177581236
5.13316821335
5.18494981822
5.16374468832
5.15014698496
5.13630398375
5.11032761329
5.10240526807
5.15492295857
5.14858216527
5.09540749379
5.07030257771
5.10099242019
5.05716391002
5.08995950579
5.14576010266
5.20804082547
5.18059080725
5.20991809742
5.19891058686
5.19786748052
5.16731900234
5.20052315903
5.13830914877
5.22353875359
5.24613429628
5.24626208405
5.13346360213
5.17488345317
5.16471507062
5.20075263512
5.17156413265
5.14583735618
5.27208555722
5.24428209137
5.29929482993
5.27240529985
5.23509621722
5.32784186637
5.29939046878
5.34097506238
5.27471000119
5.27343939259
5.244746756
5.16062040786
5.23301931126
5.34688093389
5.29055132257
5.29292006122
5.34654076119
5.27936698165
5.3513395996
5.27966779715
5.34587936201
5.3194721208
5.38580856001
5.38867542884
5.38923260639
5.39910166863
5.4107087457
5.34490778139
5.39849379091
5.40980352656
5.45443194914
5.46790768407
5.39474946083
5.40432945016
5.41131340063
5.40006609535
5.33169339861
5.39226873904
5.39726992784
5.34333613217
5.33362106961
5.38756593092
5.39977469014
5.34890970949
5.35951355594
5.43284916416
5.43871062936
5.50763193468
5.40833098361
5.34758038277
5.35201953541
5.30037095142
5.41215877454
5.39254333887
5.39278797662
5.45048480437
5.42367317307
5.41388075013
5.3735614907
5.41719758101
5.36117831593
5.34649886385
5.41017640899
5.43710497759
5.4866470025
5.47004457667
5.44706467346
5.4349623662
5.4238990255
5.44172587001
5.42988665428
5.47919748919
5.41975199669
5.45992621815
5.46873027806
5.45211416118
5.38315604955
5.38575745131
5.43340022756
5.50553773375
5.52593305449
5.51437141417
5.59062804298
5.57330055438
5.53140182024
5.45404612356
5.46480440109
5.46877030539
5.4575421879
5.48008902994
5.53441248773
5.59669310847
5.48569506717
5.5686162929
5.5170281001
5.41344408864
5.4196822263
5.38988757725
5.46171421238
5.48956049952
5.57923993301
5.59377915592
5.57630722247
5.53634503699
5.53983263244
5.53642417963
5.54121877172
5.5142275619
5.63960062405
5.59681577666
5.64924951311
5.62750701132
5.64581844276
5.61871498039
5.56048162078
5.55365708728
5.51899337809
5.5656414752
5.57648708067
5.62309733232
5.59322779039
5.55693909548
5.60074759191
5.52058760009
5.54213394311
5.53077180592
5.54500264194
5.56383517095
5.61528037151
5.61401295737
5.59565069268
5.54351424325
5.48693633853
5.47990625972
5.54378230448
5.54199548646
5.60681888387
5.57500858171
5.62077352796
5.58457254457
5.61340068802
5.648379975
5.60840828383
5.59908322633
5.61946299919
5.66101781859
5.76540975697
5.65225634582
5.65323082971
5.65288453989
5.60650760146
5.695079616
5.65756918802
5.62915374526
5.57209530444
5.59090018381
5.53844318477
5.52968369324
5.55756714274
5.50568178796
5.58898979006
5.58522828471
5.71100374335
5.64414871372
5.66666951129
5.74551858994
5.63139318746
5.68930881934
5.73790422267
5.77032170707
5.84467516679
5.77866459598
5.8659201942
5.84437597898
5.74160852916
5.67674505644
5.73653603937
5.69173202324
5.63721579609
5.6117449363
5.59736480552
5.541782573
5.64682541655
5.69285597868
5.71252201789
5.69034735576
5.74338966268
5.68238769459
5.70713264439
5.65856977895
5.7238925257
5.69625814835
5.6791381281
5.78449694006
5.75566301686
5.72768763068
5.66950644815
5.6619105463
5.70487529941
5.72869004565
5.75500958238
5.76368496501
5.72623088765
5.80654747638
5.76850715053
5.77969975376
5.65230467677
5.63316172169
5.65559319935
5.65648243526
5.63161772862
5.68896699467
5.73240910995
5.70531438651
5.71469532854
5.68116546535
5.58441495352
5.64181219816
5.61011276355
5.70077211624
5.70643972923
5.72937286841
5.73401689922
5.84890124619
5.85036989201
5.90195549462
5.86188291211
5.88447632748
5.80896784704
5.75970203255
5.7092137727
5.6801292038
5.71694916364
5.80369448256
5.77643148573
5.69619204211
5.78460187005
5.69904275391
5.7091200262
5.67983616226
5.64746600536
5.62693957361
5.73851720435
5.73544187772
5.67943692813
5.78164949128
5.70620620902
5.75936989368
5.672362802
5.5824319947
5.64653157569
5.68958444498
5.79432544984
5.78593424285
5.79590289127
5.71911253887
5.78627718665
5.66595673685
5.67333995522
5.72917881581
5.77603244317
5.74774486012
5.74078763273
5.70736549047
5.69883693725
5.67733932209
5.674456086
5.71222215151
5.69587506171
5.79286173537
5.72806074037
5.73977876903
5.76243127465
5.71369860031
5.65071978769
5.62961761551
5.63675756752
5.71769918145
5.69645061172
5.71797229526
5.65731886748
5.72568181032
5.72661489309
5.80256683588
5.73832799515
5.76430069896
5.81655601082
5.82927645498
5.82817489456
5.7315055238
5.73709541499
5.73666156543
5.69167131829
5.62584433182
5.66521751934
5.68277415877
5.68063000546
5.71939674708
5.64505656504
5.68016545747
5.65728717258
5.67215845876
5.66494045315
5.71093471373
5.67309549237
5.74980239239
5.76667016505
5.7007764008
5.6920855111
5.67133588603
5.71565383519
5.72113593724
5.74057810708
5.7056034926
5.71081087177
5.68786069817
5.71974394533
5.62861189593
5.67442112203
5.60871193267
5.66223726246
5.74809482559
5.80830316108
5.82511251118
5.86612315812
5.77629931208
5.79317197956
5.74564506821
5.78157900685
5.75103007017
5.77885564167
5.7650047753
5.80023851734
5.80651566195
5.79991479667
5.77937732425
5.81996570381
5.80569725616
5.77346004494
5.75378643569
5.82419231116
5.74414034674
5.80404173212
5.82401120917
5.80468863222
5.85902438857
5.92650155551
5.89128569989
5.83031782944
5.83403664867
5.80880224628
5.7939310556
5.81037768589
5.78725238818
5.73041669567
5.75784036286
5.71435887108
5.76225552855
5.71904652568
5.74439169814
5.68400432467
5.67022492037
5.54212712144
5.61126865433
5.65960845573
5.62763584193
5.67312462496
5.64726600592
5.62141259332
5.61963783362
5.63678838927
5.66927607737
5.61686588549
5.58641331323
5.59697621453
5.63817066788
5.64175930035
5.67400117057
5.63476326057
5.63743799808
5.5807019168
5.55663477255
5.63129114087
5.59445610535
5.62613508518
5.63810956435
5.63745003993
5.61819211617
5.61843033734
5.69278278465
5.64050774758
5.64080314579
5.60729335824
5.55244314967
5.49679016309
5.49462969368
5.48995629944
5.51153707322
5.4755154683
5.48454471026
5.57739397937
5.53471074487
5.52185939711
5.51096469334
5.5435503467
5.50116952141
5.44980150461
5.4418831526
5.5066609258
5.50731574584
5.43599889277
5.49679109466
5.46790450811
5.43635040216
5.4100718176
5.47413215626
5.45885083555
5.47160937713
5.45187579193
5.42888428901
5.42505884495
5.39240700871
5.37271024998
5.39585334986
5.44162381285
5.44295498317
5.43064536682
5.46754565325
5.38147932362
5.35187538506
5.39266250322
5.3938061922
5.30121606647
5.3560777183
5.31320856195
5.30894437415
5.30601245756
5.24219800696
5.18896452393
5.30499301755
5.1524792347
5.3657793583
5.27241822669
5.32493101227
5.29218600597
5.32236346213
5.39636001796
5.36703958233
5.36839073263
5.3601823117
5.33394255214
5.34427501807
5.36462167941
5.26946445651
5.24462425991
5.37929458705
5.25170910219
5.23236912231
5.18953359749
5.21017099397
5.2285378871
5.24805692355
5.21387013973
5.25988721239
5.25730589878
5.36060895625
5.33984106761
5.24839332475
5.27062847358
5.24072925294
5.271159351
5.2917604654
5.22993809563
5.20008646398
5.24288646141
5.20413160147
5.13322082562
5.14426018333
5.15999847494
4.90535924802
5.18070879532
5.23298414718
5.28501111963
5.20966787187
5.22160604793
5.22146473085
5.23367303054
5.18424575595
5.260112702
5.28380802776
5.27357719467
5.26255981548
5.32751984435
5.26666587872
5.25815752665
5.19822364151
5.19560336623
5.15226757202
5.15309045239
5.06564847648
5.09661749887
4.98949813197
5.04887604577
5.06592985881
5.01228215485
5.0004290861
4.99126634732
4.97171752499
5.00472566254
5.12970820571
5.15100983596
5.24510264766
5.21364507019
5.17593563465
5.14560160972
5.11692630305
5.58380230586
5.21223774533
5.58873180883
5.11598743198
5.03942706252
4.96330801569
4.88996276972
4.91320068072
4.82947670845
4.89470362107
4.85295967787
4.86353449307
4.89540629556
5.07117539413
5.14505756914
5.17114132193
5.14352828413
5.15859807007
5.12049405436
5.13390015067
5.10141374425
5.05951082667
5.03647395492
5.00257189536
5.02664881965
4.92231458583
4.94366930867
4.88699289731
4.89532961899
4.89883380439
4.86414289008
4.83890611169
4.85884043533
4.8451859793
4.90948421637
4.96929673127
4.9068073567
4.90880112915
4.82379295065
4.91071725222
4.89292358066
4.98845790184
5.04554124023
4.99252290975
4.93305394604
4.94245894
4.90234016558
4.86942148315
4.95477328834
4.93673207405
4.81340869368
4.80212952109
4.72870408383
4.76949553109
4.7905311472
4.76966922832
4.84201285601
4.80316765598
4.9164592501
4.89470296374
4.86680764614
4.92088283283
4.9398858107
4.88806961579
4.87615260125
4.88522149678
4.91615198379
4.89504663121
4.94819723216
4.60129258979
4.76129095787
4.81496771362
4.79585144927
4.78604420449
4.83148639798
4.84779369397
4.74854026709
4.73368618424
4.7909725271
4.79972392367
4.81963345847
4.78015508056
4.78079750264
4.81416512391
4.87334971091
4.92279738282
4.84898625602
4.94359602474
4.88827719292
4.89996083588
4.85711382809
4.89803542881
4.86420849273
4.87430370906
4.89276496269
4.9457267626
4.85718708407
4.94165510818
4.90757615933
4.88192256788
4.86619586834
4.88405779524
4.92561520389
4.85514100314
4.85759497075
4.88735087638
4.94878338677
4.96586361977
4.95504151104
4.98722961703
5.00000821361
4.95716722035
5.00246817666
4.97340936202
4.96524992372
4.96631831167
5.00887189351
4.92480626636
4.97680659216
4.94591567071
4.90724210618
4.94332907459
4.94398818383
4.92385257652
4.94423121427
4.96247372212
5.03656138164
4.95343028529
4.88907002815
4.95463110912
4.97671563946
4.98762179258
4.96655856492
4.99787316423
4.99853970622
4.92798609982
4.88673868913
4.95695474953
4.91122434169
4.88813649535
4.9408824629
4.86133316511
4.88221438745
4.81263232099
4.81526433317
4.781971781
4.84548582733
4.82274396867
4.84434904822
4.81374167049
4.77514002185
4.84688342447
4.77287866109
4.7409058974
4.79145677127
4.76919508073
4.72543251534
4.72728785051
4.74523145699
4.75376016667
4.72127907177
4.77291191059
4.80441076301
4.79483414523
4.76534788307
4.83751697553
4.74340608672
4.76240574086
4.77268923072
4.74476574669
4.7171360259
4.8136697079
4.74305231434
4.83730773091
4.83651952966
4.85852120043
4.87749104614
4.87803157445
4.80889526273
4.82243307151
4.81976347214
4.86058448974
4.89127279242
4.75302752875
4.835161032
4.82122499702
4.85541067626
4.77102561351
4.7687197186
4.81851073522
4.85818733734
4.88707711131
4.82238767217
4.82170741407
4.86012368151
4.85042364024
4.8291347676
4.83513570127
4.85640825399
4.85554412681
4.86693973252
4.87714892439
4.87895398535
4.89021269263
4.91023175162
4.90995919472
4.94173297254
4.94134149882
4.91249836617
4.86866583939
4.97332580737
4.88341377663
4.89268647996
4.87181024351
4.90216507809
4.90308346889
4.86106946441
4.88973008755
4.89004760621
4.84758543065
4.90927621768
4.92805492151
4.96036315826
4.93919645557
4.90659652851
4.95824927901
4.91611390381
4.90279029288
4.93438888137
4.91390775856
4.9448545786
4.95327870309
4.97441310661
4.9410602242
4.90065640692
4.90008727328
4.8906609815
4.88404877955
4.91497603084
4.97370700275
4.84562004778
4.92111777732
4.85123632323
4.89603348482
4.83440903712
4.83338511201
4.87309438389
4.8594585489
4.87985019595
4.81697512621
4.82825434006
4.91450622845
4.84285526189
4.85338020161
4.80025365211
4.78874199091
4.79721748669
4.82341637446
4.79206337514
4.80019210845
4.73796582636
4.80305297589
4.77426422956
4.72499050966
4.77437614195
4.77011388146
4.79230561718
4.81977070405
4.81132254921
4.76694481916
4.75819148548
4.81094942929
4.7882238971
4.81117930709
4.7789130279
4.8185425573
4.82160346691
4.9210281572
4.8482163943
4.86590990496
4.80121008984
4.74757621922
4.79661506887
4.75430003846
4.71308741506
4.72221636542
4.73218778768
4.73141321783
4.80054669542
4.77785396225
4.78973646134
4.82158099275
4.82519188899
4.9206751818
4.91849218791
4.88791981802
4.92145726928
4.8926094599
4.94370722427
4.90727743298
4.94237324812
4.94686459144
4.8864049159
4.82048797446
4.84815494655
4.84970181292
4.88000771269
4.86525178579
4.88114522138
4.90798687019
4.88218218545
4.82300129542
4.84108337388
4.86106033197
4.77513743255
4.89273115208
4.84075455987
4.85079560997
4.8743974303
4.85933070956
4.97325557111
4.84990289206
4.86426370344
4.81560006627
4.81871800678
4.78350079373
4.79875635361
4.7632105966
4.81593093961
4.78612762444
4.80730379249
4.86394610053
4.80388268032
4.88554543299
4.90339003038
4.92233940328
4.86146454596
4.82166499255
4.82482649136
4.75618136224
4.75829042612
4.80898955306
4.80067156715
4.84249997911
4.83098175847
4.81991419307
4.92557102062
4.87560070255
4.89477776887
4.91360836125
4.85192339263
4.83195012181
4.85132778131
4.90237511923
4.87780950464
4.89033644545
4.82595042794
4.8557545897
4.80261062322
4.74946089652
4.77144733233
4.76363366102
4.74328562667
4.82606824721
4.87872759711
4.87016526902
4.93441966909
4.82085472921
4.83303688806
4.78450512263
4.80562734279
4.96016015969
4.90906106295
4.91648004545
4.8849207948
4.8462673566
4.83369433252
4.83419357275
4.82520521893
4.8763252677
4.83179896986
4.84796566212
4.86958722458
4.87850071928
4.88937305439
4.81577118034
4.83444036045
4.88712357486
4.8875693258
4.86548005498
4.84362696661
4.88299021658
4.77798540916
4.73656509952
4.78130350442
4.81504336748
4.79514552275
4.81559363609
4.84468096806
4.88437385908
4.84020417659
4.76365845257
4.89179680327
4.79424360732
4.78140048023
4.78751306937
4.87232304716
4.79043262171
4.8177737993
4.80527008732
4.78446328568
4.80230759454
4.83754657197
4.81904248438
4.84889113571
4.77510338763
4.76426675747
4.73968524504
4.72909087052
4.76191474505
4.79436264329
4.79378458526
4.90694664941
4.8522352623
4.78736217432
4.8479856644
4.84039792226
4.86043666567
4.80983230907
4.76059385568
4.77995554904
4.70982975278
4.80154032583
4.75677339752
4.75489185652
4.762854335
4.80469546773
4.80209210871
4.7523208309
4.81316057816
4.76179913392
4.72969971149
4.74205019154
4.74500945564
4.78740916003
4.73509728289
4.80892667983
4.84683901671
4.77499672461
4.79623213514
4.78963878462
4.74860046318
4.82481562022
4.79523372052
4.81720290564
4.79443943906
4.79029040317
4.82135856673
4.80972773701
4.80904425725
4.86359046993
4.90788798707
4.81147521719
4.85202087799
4.77962015053
4.75765959778
4.79797356919
4.84238634307
4.82212248987
4.80160787136
4.77848611103
4.7702445393
4.77181958617
4.71015636177
4.79692989985
4.84109625158
4.81326914566
4.81446285951
4.83317767789
4.78684665268
4.86910101642
4.8348279724
4.85629749246
4.73401971906
4.73714744723
4.76336620306
4.81468848655
4.78256858475
4.80891163182
4.77495317334
4.77943703119
4.72587742433
4.76911066611
4.75063892552
4.78569891066
4.80990015833
4.81988824342
4.80657440655
4.78442624273
4.78906656776
4.86107549217
4.77973299401
4.75872719994
4.73324662538
4.72607438076
4.74837082484
4.76857001123
4.76563762245
4.77146977647
4.74074551406
4.80157411758
4.74839329087
4.69676792868
4.77886586327
4.74036026998
4.68745936113
4.71089449424
4.65814185205
4.72766097135
4.71671929037
4.73837627863
4.76848315173
4.75902824103
4.76115194217
4.74856417173
4.79760986233
4.70101285949
4.64786519917
4.67943966836
4.59907010102
4.63316910441
4.69668326642
4.72468266935
4.71413391951
4.81934943053
4.71335382682
4.80100495341
4.70096953334
4.65546685757
4.72024911024
4.75129275339
4.70002441399
4.72153424351
4.71214878777
4.68143591376
4.73351196496
4.69161734294
4.68254975305
4.63885942632
4.65867053117
4.71055914183
4.66581754248
4.67631555952
4.54572520937
4.63777967654
4.61851353868
4.60918653047
4.68258204363
4.65285634313
4.62328787054
4.58295383053
4.67025201925
4.69348186838
4.67849021943
4.65988952548
4.73528830077
4.65293033983
4.70737360183
4.71789849419
4.78182935681
4.72104153541
4.82526794284
4.70281632231
4.74162548056
4.74111036589
4.66742703951
4.65679434687
4.64638711779
4.6355594597
4.61347066106
4.62404105259
4.60194317658
4.64375578589
4.57978447751
4.61751766939
4.56653787699
4.59663011942
4.61630405044
4.67472045041
4.57940797657
4.63964545804
4.56902479894
4.54941753659
4.56327107962
4.57517453731
4.57821014515
4.5863241321
4.64184713575
4.68241969906
4.63062540718
4.65205119183
4.6174300487
4.64602355771
4.67567898061
4.56266976743
4.63446596266
4.62482440314
4.61269347695
4.60322388512
4.64096223577
4.62864332839
4.5968144338
4.59160922755
4.56137295327
4.58429862005
4.61701909187
4.50280783507
4.63494176039
4.53163660233
4.60040801304
4.58266343275
4.52322601311
4.55732742257
4.6110957753
4.63278296916
4.66246810104
4.64533463962
4.65351681716
4.62556626056
4.6406388736
4.65145343771
4.63210522633
4.6833644236
4.68377462652
4.67157081943
4.68265967321
4.69213013226
4.64250885815
4.61113667807
4.64066430055
4.64701170112
4.62441457784
4.64197949922
4.59510683027
4.67547378778
4.63068128885
4.60884001982
4.65535406476
4.65596613181
4.65399521713
4.63098370046
4.69305152403
4.65834043296
4.65919106504
4.63644901136
4.68178669515
4.63666109719
4.73310109281
4.71304424604
4.6987353579
4.64700974333
4.64743517626
4.6380510257
4.63198111306
4.68548389008
4.62132345132
4.67227104568
4.66008931777
4.71709013197
4.71537744565
4.70226994857
4.67278205848
4.67527798032
4.68039167821
4.70111028208
4.68731018755
4.58034722402
4.65235200531
4.7051601147
4.72915451235
4.68891849292
4.68881791121
4.67944132261
4.74128762207
4.6381519989
4.66042961874
4.57703530815
4.55771860098
4.56969521129
4.43696477715
4.6240474501
4.63995059785
4.60593131584
4.60417781364
4.51936955882
4.41349551939
4.49349265892
4.53248415334
4.58035404646
4.57068380003
4.50685191551
4.51666516121
4.56036653009
4.5218140249
4.51955022432
4.4728728862
4.47303631702
4.54069573213
4.63505127417
4.65832525588
4.59716201838
4.67310207948
4.66844859478
4.62724890234
4.69133252469
4.65343938311
4.66365915805
4.64237434756
4.7571633227
4.64097289893
4.78226697992
4.64115682532
4.64311056632
4.55773979872
4.57731985643
4.59686681954
4.51636361576
4.52089912085
4.50871547645
4.53515950944
4.55340165327
4.57083688072
4.61367240506
4.55350971441
4.61300371031
4.53756129313
4.55295058251
4.59113795847
4.69614260286
4.6782118187
4.72074907407
4.67569558749
4.67632020192
4.63825989442
4.60038805769
4.51597769974
4.57978986984
4.55656731321
4.58321330644
4.63212375327
4.64657492831
4.57034235428
4.54499603248
4.49315628597
4.51256629903
4.59564776065
4.60701322859
4.59484662465
4.69256345148
4.58659238882
4.70041298748
4.54527526068
4.62769176366
4.6625958995
4.61084946216
4.62537663601
4.59820196147
4.54107368653
4.5448055085
4.51996585374
4.5444224168
4.56725402615
4.60721619756
4.58236364004
4.63019256739
4.57314756071
4.59096257135
4.51725743042
4.53568241777
4.56662173774
4.56329116356
4.6229244079
4.61673179431
4.4966723043
4.55248538604
4.525339857
4.56072104151
4.51118875034
4.54167268718
4.56182495075
4.54929421403
4.59865564591
4.60823723598
4.48672290228
4.56397380422
4.6213293728
4.54241499651
4.58490770699
4.57478433079
4.62008698998
4.66916454835
4.58318607966
4.61777007356
4.5515052938
4.55524749175
4.60821966764
4.60885051172
4.60635492624
4.61284276308
4.61540219863
4.5863949911
4.59899438397
4.57113783697
4.67380924551
4.64035036363
4.64056476154
4.65635262906
4.60501609204
4.6491737978
4.59969580401
4.70862204632
4.60352174469
4.63775510794
4.56215438646
4.57378002643
4.61540223442
4.53023834993
4.51064088883
4.54912116675
4.53826693594
4.54111959584
4.55324574746
4.57487949328
4.5343608713
4.62046311297
4.54431085897
4.55290042593
4.46354407452
4.52688618037
4.43542683826
4.44980696904
4.42782305819
4.41896707597
4.53829846083
4.48872441169
4.45894512686
4.51863626771
4.56742050126
4.49411270618
4.44114068019
4.42799721026
4.52080976858
4.44805982475
4.4684772566
4.4770130115
4.42565358582
4.45430269786
4.48302286561
4.42172437826
4.43023221401
4.46613772921
4.56289086989
4.54190058289
4.4604738084
4.54518405013
4.50635470808
4.52923695519
4.51316002064
4.49655764707
4.54307350294
4.58097362024
4.56075821882
4.71001620606
4.55516599878
4.60265429233
4.57593569688
4.61942588902
4.58032265227
4.47811419952
4.46550166473
4.51782368584
4.51130745979
4.56038456613
4.51289867485
4.46045936418
4.39941957784
4.46909283447
4.54674240103
4.50894721721
4.54301547435
4.53931362665
4.56747272853
4.55684886131
4.53796830769
4.53345301346
4.48873533088
4.52366327376
4.53510431111
4.5839002624
4.58315655485
4.5393878316
4.50891832158
4.47786430011
4.40594981014
4.47942553781
4.41314960594
4.45986846319
4.46336288812
4.43023430695
4.47452202283
4.46576533121
4.54066442783
4.51130727483
4.49132568737
4.49059586842
4.54440122752
4.51492550718
4.56170204529
4.52371808106
4.49268133814
4.48809239097
4.55491009538
4.63046926584
4.60948055239
4.59014560462
4.65231182485
4.58343410504
4.63120031838
4.55188762742
4.63530193159
4.59049660325
4.58138233339
4.57455200759
4.55270217464
4.51227613157
4.46165562939
4.49078058044
4.49918977002
4.54615343554
4.51577463637
4.40987315091
4.40752739991
4.45309773488
4.48966940835
4.39904887805
4.47914274566
4.6203081958
4.4829874233
4.44170395947
4.42143048211
4.45399903421
4.48039322927
4.51361445559
4.50600199089
4.46728707197
4.40683316748
4.42126453748
4.39374564559
4.39832327021
4.43139422981
4.44898350477
4.44327360724
4.45182676554
4.43125688692
4.40435730737
4.48150396002
4.53851467603
4.56135850296
4.6666342944
4.57108113847
4.62972248474
4.66516130219
4.65413906591
4.58512008387
4.52835634591
4.45030370813
4.54680022074
4.57347452877
4.51683151748
4.56896109173
4.5099745777
4.53893866983
4.5051470545
4.47645218149
4.47506241141
4.50872228425
4.49395448973
4.51058126804
4.51698292567
4.47913048582
4.48709212823
4.43386858979
4.49567465419
4.50922099984
4.50612816807
4.51649826855
4.53402672748
4.48964499542
4.50894455398
4.47812306031
4.45291167063
4.43749016153
4.46958678012
4.4526821266
4.48585397051
4.47746372578
4.52087655051
4.52215275583
4.54595384301
4.54849870668
4.54351960457
4.55692979892
4.5474258648
4.56759525636
4.59519310937
4.5823213432
4.53918753535
4.59026424328
4.52591265274
4.52607409221
4.46971114866
4.41686825594
4.48595770302
4.42257557625
4.46079251489
4.48675372366
4.4433869822
4.5256418496
4.41558685581
4.43800948596
4.37734389499
4.42985508733
4.40064654345
4.41154736119
4.38283801676
4.4301514095
4.43246333957
4.46566459736
4.47927130701
4.4644580651
4.45747411464
4.40822279058
4.44402626572
4.4464203584
4.41647406458
4.45587764464
4.4433318796
4.43430347109
4.48541282112
4.43240412558
4.44270762919
4.44177083196
4.39189294994
4.43181881918
4.44129633001
4.4097553631
4.41624572871
4.41433206169
4.38068126313
4.45196828056
4.38886765177
4.43152515967
4.39098490257
4.46360102395
4.46587022869
4.45253559671
4.41018984021
4.42060159612
4.4521175498
4.45196881095
4.41341250502
4.45613863537
4.42550181657
4.41744218217
4.48200340261
4.4372622281
4.45605470243
4.40126212199
4.43390622288
4.40453313093
4.40638400023
4.39810294989
4.43721615842
4.43498907474
4.40332147628
4.43234363545
4.46997006667
4.43550345407
4.39299552457
4.40038232357
4.39043719252
4.39438685882
4.41643739374
4.42892265848
4.40549234778
4.48811895009
4.41025107008
4.44271286809
4.44304365083
4.44613367218
4.40988166042
4.44587311398
4.45814797726
4.39573976273
4.37901007687
4.42207278821
4.36276070901
4.36421353858
4.39715829804
4.42926138056
4.45615867105
4.47481763867
4.4761295532
4.5379804093
4.4744176759
4.51435576928
4.44029707161
4.48603751699
4.43286456849
4.36926019982
4.41347926606
4.34750037346
4.3258920657
4.36646388845
4.39542678451
4.39174876054
4.41016865337
4.39113698155
4.35164989994
4.36607054447
4.49454922747
4.43603307127
4.4789372697
4.38449864271
4.45686820565
4.4239184195
4.42624558874
4.37821720286
4.37388781688
4.37892911309
4.43423776665
4.36071543783
4.41920374286
4.39770157368
4.34953130562
4.37874062382
4.46022249492
4.38690014417
4.44856896722
4.38528453734
4.43601363621
4.42050584827
4.40508547248
4.39143380764
4.31838926759
4.39996430172
4.3508206121
4.40769606419
4.428516752
4.47184463485
4.41664291482
4.3928109315
4.38289023548
4.43548872152
4.36491923366
4.31955390131
4.38452290178
4.4423658364
4.43364339465
4.43283518623
4.46468162051
4.45421671167
4.50375667021
4.52508811592
4.5006957334
4.50296380303
4.46412526512
4.45400698391
4.42384904164
4.4768390422
4.46171487698
4.45915394114
4.43619929891
4.46698806463
4.42457447407
4.45627026661
4.44621111222
4.46758382584
4.48042821731
4.54248498181
4.46749435009
4.49739517851
4.52415834542
4.41954895378
4.44192834136
4.43526681385
4.41593540112
4.41501296406
4.4176449828
4.38726394549
4.39887840795
4.5197396338
4.52960903897
4.53868142405
4.51630028583
4.55371480132
4.48511578267
4.4904693095
4.40172251378
4.4110565058
4.44161157014
4.4998531373
4.47474248773
4.43220719712
4.38808182476
4.43947236406
4.40695955128
4.4447041386
4.45432125653
4.419613982
4.4683908818
4.39471296614
4.43667109265
4.4179679784
4.46344541169
4.4128471625
4.43363873856
4.48451763258
4.48377680619
4.36847742967
4.43106992451
4.41343967017
4.34332204723
4.35914204563
4.3415825519
4.39664526254
4.44952891367
4.50595848375
4.46141170653
4.45171642837
4.41053772551
4.36316198185
4.31658945417
4.32505253245
4.36422371631
4.37146706448
4.39244651508
4.43229745339
4.45657528108
4.44858090763
4.40849136016
4.3722508731
4.48119100159
4.4241800221
4.36211379225
