1.58883681568
1.58928696812
1.5895715899
1.58762717353
1.58692388344
1.58585512889
1.58296626384
1.5818710682
1.58080729681
1.58094354849
1.58272766024
1.5845574271
1.58705503886
1.58974655725
1.59076145261
1.59236059812
1.59158022093
1.59181110155
1.58991262841
1.58896659682
1.5869623871
1.58555208361
1.58498448356
1.58346762611
1.58370636356
1.58310645267
1.58385170182
1.58510897498
1.58528350135
1.58561614393
1.58580392933
1.58594561177
1.58573572576
1.58538389117
1.58416227487
1.58316261663
1.58206435933
1.58185967032
1.58212671513
1.58101690231
1.58151614879
1.58182210368
1.58311684176
1.58552035369
1.58724804098
1.59003515104
1.59135651232
1.59195446869
1.59094251668
1.58955140085
1.58698231071
1.58286230439
1.58132195891
1.57946454809
1.57878703846
1.57968832435
1.58252389382
1.58622341253
1.58799043413
1.58975767324
1.58945253883
1.58877470142
1.58658307023
1.58584396225
1.58443639368
1.58632222695
1.5873093925
1.58897509799
1.58958952208
1.58921391215
1.58903688382
1.58914755916
1.59074009947
1.59158479048
1.59190962571
1.59407710894
1.59448747789
1.59488605055
1.59314183867
1.59173366074
1.59017978494
1.59108489043
1.59028038756
1.59111057009
1.59273248143
1.59178531616
1.59252982003
1.59178175983
1.59062005457
1.58931476945
1.58924324495
1.58809018737
1.58920774196
1.58881584321
1.58942875003
1.59025900459
1.59137125455
1.5910939909
1.59037091744
1.5885658417
1.58712333316
1.58401073811
1.58239306283
1.58318121093
1.58456116337
1.58612831586
1.58821782546
1.59204378481
1.59515869569
1.59792111
1.5974132019
1.59559468004
1.59468803814
1.59180006784
1.58950917487
1.58667293663
1.58397467837
1.58253522368
1.58179449052
1.58154306479
1.58387355343
1.58581631727
1.58810385374
1.5900991143
1.59055343277
1.59011441251
1.59111640866
1.58974539416
1.58784765725
1.58489221898
1.58383143647
1.58182608395
1.58172294533
1.58085952093
1.57978841431
1.57985890585
1.58035158508
1.57973620715
1.58057182521
1.58055741447
1.58088184094
1.5817330645
1.58224352113
1.5831284942
1.58332215385
1.58376968717
1.58347535773
1.58455860395
1.58369213839
1.58314519385
1.58263171061
1.58342290585
1.58372984412
1.58506144275
1.5874770938
1.58926445476
1.5901606898
1.59025600998
1.5901269372
1.58921199512
1.58829892893
1.58589096153
1.58373467005
1.58317578553
1.58261970643
1.58333891498
1.58299252485
1.58412891786
1.58571552367
1.58593720551
1.58618796691
1.58626555225
1.58539826201
1.58464603769
1.58398832534
1.58356016515
1.58241638758
1.58247964916
1.58250245869
1.58345793553
1.58295109904
1.58430874054
1.58437047219
1.58445187857
1.58431138539
1.58410802766
1.58467394766
1.5853513999
1.58517496809
1.58659420665
1.58714999744
1.58884005898
1.58925478832
1.59039507491
1.59042839689
1.59179537462
1.59172043211
1.59103894057
1.59112970505
1.58999385234
1.58919077307
1.58850994902
1.58800662765
1.58698455575
1.58679136532
1.58907516777
1.58970639686
1.59016698509
1.59040690323
1.58883691698
1.58754934183
1.5856416048
1.58298061396
1.57977724331
1.57705077064
1.57615565224
1.57610518028
1.57813287791
1.57869821707
1.58112788193
1.58364672163
1.58534707852
1.58656891623
1.58588058442
1.58557965968
1.5833320187
1.5820403653
1.57873202575
1.5774192434
1.5769217906
1.57655741131
1.57746496739
1.57915046994
1.58006066138
1.58166556116
1.58264114832
1.5817386598
1.58217922117
1.58147957086
1.58020623271
1.57886975115
1.57928161102
1.579287504
1.57982112437
1.58094908189
1.58380235369
1.58501979531
1.58773426137
1.58951757116
1.58878233253
1.58825044551
1.58754211043
1.58597096108
1.58587503309
1.58508644359
1.58507001701
1.58535598259
1.58526473483
1.58700488444
1.58845783481
1.58849110744
1.58912970594
1.58920629158
1.58866457841
1.5876453836
1.586969884
1.58656153067
1.58569330645
1.58330205004
1.58245598447
1.58099424884
1.58190825556
1.58236803098
1.58367795919
1.58540793952
1.587428151
1.58877865742
1.59137719086
1.59205388932
1.59230236261
1.59270753753
1.59056630689
1.58858266537
1.58773482933
1.58604668385
1.58750151613
1.58724674934
1.5879766757
1.59092891651
1.59247414182
1.59466501373
1.59555324635
1.59600959974
1.59587595781
1.59522279503
1.59384169605
1.59310841849
1.59011749811
1.58692564199
1.58460677284
1.58391012709
1.58283558784
1.58414608265
1.58498160924
1.5877233765
1.58925546551
1.59198938212
1.59379479489
1.59570702273
1.59452440808
1.59368620289
1.59138622941
1.58872098377
1.58608965051
1.58354770948
1.5819143802
1.58092857941
1.5817607892
1.57915564045
1.58042735907
1.58033298661
1.58179056448
1.5833838037
1.58466383736
1.58540947023
1.58712396469
1.58595833998
1.58462984001
1.58241860908
1.58036458879
1.5764730249
1.57523004611
1.5740155766
1.5760854691
1.57646246477
1.57966639295
1.58285533637
1.58612693932
1.58545413835
1.58462910138
1.58462248593
1.58335114675
1.5834370787
1.58341338426
1.58425896463
1.58531051105
1.58758542374
1.58847777782
1.59092029121
1.59074573713
1.59153872206
1.58978756887
1.58983744578
1.587982499
1.58682001256
1.58568848721
1.5852417124
1.58551349158
1.58704063589
1.58841608947
1.59054161541
1.5917479325
1.59219631961
1.59173807625
1.59093723813
1.59100814118
1.58892413148
1.58825034098
1.58736366722
1.58703863238
1.5876984982
1.58807923062
1.58847790195
1.58982948497
1.58987001684
1.59071035801
1.59165296327
1.59337590183
1.59371127068
1.59243150234
1.59098953059
1.58987890225
1.5859987316
1.58502657784
1.58384685681
1.58261481216
1.58294992714
1.58273207066
1.58363052833
1.58504358185
1.58779954414
1.58954025943
1.59018055416
1.5919043491
1.5918476797
1.59196515898
1.59180719492
1.59088883799
1.58735926063
1.58541951367
1.58130588529
1.57921811338
1.57563902079
1.57365151123
1.57267262581
1.57244174481
1.57307992278
1.57264360392
1.57402137379
1.57654700998
1.57833956621
1.58136978366
1.58341335319
1.58545433143
1.58716316903
1.58712270739
1.58676548811
1.58576450914
1.58523539332
1.58411369453
1.58266263256
1.58105134143
1.58075696989
1.58131371228
1.58131857619
1.58154054882
1.58326892545
1.58286701206
1.58300833633
1.5837354646
1.58547825868
1.58792464175
1.58855026111
1.58862029166
1.58851468034
1.58635754233
1.58538369734
1.58547091395
1.58549960931
1.58582396961
1.58560837265
1.58713124995
1.5893247846
1.59040572313
1.5906839153
1.59045207948
1.58758261278
1.58575666881
1.58410691678
1.58161853555
1.58126053032
1.58026878219
1.58106726213
1.58170558003
1.58142670565
1.58260966195
1.58275510663
1.58215377645
1.58064416847
1.5817568428
1.5827319238
1.58329237413
1.58391800226
1.58610422304
1.58619031443
1.58476098026
1.58444973568
1.5818102898
1.57995679132
1.57848083229
1.57777180605
1.577320316
1.57863501335
1.5806563073
1.58446528105
1.58655302507
1.5874589127
1.58767084101
1.58397771073
1.58148763613
1.5779642443
1.57686956899
1.57698668389
1.57861333062
1.58179473748
1.58429109309
1.58666788438
1.58815129971
1.58849702733
1.58519321279
1.5809011393
1.57624271274
1.57343965937
1.57077683249
1.57257786151
1.57430162321
1.57923052605
1.58385155927
1.58846664792
1.59172240814
1.59187439508
1.58808406572
1.58462016831
1.57838823372
1.57479014119
1.57118002319
1.57077392351
1.57244169304
1.57490404786
1.57865689292
1.58231187029
1.58576396161
1.58730007133
1.5876847335
1.58540893137
1.58307055493
1.58137413671
1.5792054767
1.57705488475
1.5769004681
1.57745454876
1.5791234053
1.58211050487
1.58275356839
1.58336980443
1.58349583419
1.58107750733
1.57755311921
1.57714068027
1.57494450725
1.57529031836
1.57601632597
1.57950665146
1.58219925297
1.58426006577
1.58553877346
1.58655608556
1.58723582312
1.58766376497
1.58767441859
1.58679250201
1.58650226697
1.58646636092
1.58660409661
1.58603875937
1.58593143756
1.58481731821
1.58364472998
1.58084358207
1.57970521886
1.57845296863
1.579387044
1.59058438415
1.592523917
1.59284345469
1.59277363759
1.59120173866
1.58944686148
1.58576848194
1.58271504572
1.58001291236
1.57634701456
1.57378206252
1.57492907907
1.57558338736
1.57979860936
1.58299330464
1.58791793828
1.58859535185
1.58661764179
1.58431198117
1.58050975
1.57775960245
1.57429559493
1.57332119621
1.57338414562
1.5741696636
1.57615431994
1.57873678564
1.58037652414
1.58246661649
1.58108378245
1.57807197155
1.57728629909
1.57284468458
1.57224720554
1.57288838188
1.5757515353
1.57875697981
1.58260057272
1.58459341265
1.58542973487
1.58542541031
1.58371901102
1.58305097248
1.58008741582
1.57884199209
1.57715151548
1.57671424729
1.57635237879
1.57649349766
1.57552554794
1.57556524583
1.57566065788
1.57660420228
1.57869212488
1.58108002784
1.5836396294
1.58597580404
1.58634418547
1.58645890675
1.58495233503
1.58299856339
1.58147139636
1.57965079431
1.57698367826
1.57614117448
1.57627590906
1.57873059106
1.58000580863
1.58374597451
1.58702063443
1.5896443899
1.59187151644
1.59492418702
1.59591771591
1.59489654846
1.59216828153
1.59015147061
1.58723574511
1.58448284192
1.58172404988
1.5805631919
1.58113100793
1.58328388339
1.58598184361
1.58949386102
1.5903711484
1.59115252471
1.59214452902
1.5922555666
1.59132864274
1.58965399321
1.58816819517
1.58635835595
1.58320976745
1.57980344524
1.57925929483
1.57752649012
1.57658910462
1.57781740165
1.58058606236
1.58392644702
1.58714471308
1.59039331913
1.59183700901
1.59181939072
1.58799552443
1.58345661828
1.57879264475
1.57380076727
1.57204456285
1.57087822186
1.57157311966
1.57382778728
1.57837405943
1.58158117092
1.58441508823
1.58623652042
1.58772307962
1.58819296677
1.588395352
1.5881762323
1.58715388822
1.58572436736
1.58400405552
1.58344660756
1.58061142376
1.58077617569
1.58122117287
1.58516617672
1.59376651974
1.60209955237
1.61499799434
1.62644533755
1.63021172199
1.63251404741
1.6286718347
1.6169886427
1.60546473415
1.58744152829
1.57124721103
1.56287320268
1.55452611543
1.55291206732
1.55860764031
1.56521000356
1.57524095066
1.58619351396
1.59359530486
1.59905549395
1.60005034457
1.59735987043
1.59205281794
1.58350556011
1.57392342539
1.56875184909
1.56368134835
1.56111057457
1.56258388309
1.56452054333
1.56799352136
1.57385521122
1.57668403507
1.57954473732
1.58107903138
1.58098015152
1.57796402003
1.57668772018
1.57736101831
1.58003991052
1.58582857966
1.59163163186
1.59957820576
1.60472820977
1.60606055432
1.60405052243
1.60092223394
1.59279048197
1.58612618682
1.57673369165
1.56958350772
1.566428087
1.56478190612
1.56563381135
1.56841307933
1.57117663324
1.57568190039
1.58044817553
1.58357223276
1.58872107066
1.59230492178
1.59626311328
1.59675298118
1.59396518519
1.59023271224
1.58746808057
1.58174926691
1.57990080933
1.57674934152
1.57456186263
1.57277242145
1.57287114999
1.57182063287
1.57148157205
1.57305803119
1.57477896393
1.57836899162
1.58202786862
1.58743171807
1.59080644996
1.59375952617
1.59591763668
1.59702112587
1.59780404456
1.59703268352
1.59410261547
1.5916406879
1.58891446528
1.58692453141
1.58588586674
1.58490620561
1.58419245428
1.58664339993
1.58760425052
1.58918035354
1.59180018622
1.59424996488
1.59742248647
1.59990381339
1.60182278109
1.60273528835
1.60239566542
1.60126975472
1.60053529382
1.59828819098
1.59682314327
1.59622916836
1.59471944323
1.59151898903
1.58863199948
1.58619556329
1.58392232525
1.58211575018
1.58330645727
1.58680897169
1.59107340299
1.5969464685
1.60167956369
1.60579646973
1.60640734126
1.60466054595
1.60256599406
1.5976175873
1.59297138019
1.58826218467
1.58378871545
1.58563940755
1.58819075556
1.59313384996
1.59641141118
1.60778529351
1.60831777052
1.6072790585
1.60687661517
1.60624441009
1.60618541036
1.60492690739
1.60373867974
1.59996762832
1.59667890939
1.59319602889
1.59080362265
1.58874315304
1.58836227997
1.59032890095
1.59211055989
1.59566816022
1.59971136703
1.60167231352
1.60266584182
1.60177327625
1.60103532946
1.59826167344
1.59592906256
1.59601856724
1.59606160093
1.5969032279
1.59769067164
1.58810543391
1.58816299288
1.59266141527
1.5967487061
1.60171218189
1.603189139
1.6049535977
1.60580823583
1.60484435347
1.60439911904
1.60475502192
1.60396000003
1.60298131513
1.60140058942
1.60123546456
1.59988595225
1.59943456831
1.59777343761
1.59897829454
1.59767356601
1.5972425953
1.59553308734
1.59502185014
1.59313475256
1.59157259551
1.59144379161
1.58946298525
1.58999152411
1.58929731749
1.58862669913
1.59048364498
1.59290845274
1.59436038293
1.59636331677
1.59856315308
1.5990164662
1.5998328813
1.60048787684
1.60124129155
1.60127104771
1.60039304991
1.59908874745
1.59956438115
1.60004373761
1.60211377607
1.60382726456
1.60507289622
1.60651544423
1.60295447605
1.60087150452
1.60118816191
1.60025155623
1.60078329962
1.59978378381
1.59924730257
1.60058219494
1.60127765188
1.60269207467
1.6029585532
1.60328860925
1.60418099575
1.60362860623
1.60181120451
1.60064884612
1.59816937888
1.59729676995
1.59578703639
1.59954792964
1.59706927656
1.59388106776
1.58962322485
1.58533504433
1.58281524953
1.58183643331
1.5820886436
1.58457988374
1.58836609739
1.59251136842
1.59738356479
1.60001619513
1.60150449682
1.60231376286
1.602137955
1.6004999747
1.59998184298
1.59880027498
1.59971211414
1.59981045683
1.59960698524
1.59955833474
1.6005154781
1.60088349006
1.60194865287
1.59901153514
1.59665433199
1.59431773914
1.59102004759
1.58974232033
1.58934976752
1.59090016268
1.59047217466
1.59251698156
1.5926081018
1.59309959593
1.59492867164
1.59662845723
1.59725049981
1.5977757428
1.5973904163
1.59754718956
1.59607865317
1.59568702313
1.59386199341
1.59231304104
1.59132139813
1.59053218674
1.59063522967
1.59147641322
1.59110777886
1.59232308447
1.59336397104
1.59391038647
1.59371265162
1.59363855229
1.59488255416
1.59458199721
1.59573168986
1.59674377784
1.59723461429
1.59901478608
1.60054738487
1.6010755722
1.60221469187
1.6032850965
1.60498476598
1.60534781902
1.60604835427
1.59815373284
1.59963034693
1.60132744066
1.60589300193
1.60831580311
1.61063571838
1.61090775871
1.6123975893
1.61152904786
1.6123018239
1.61078334966
1.60916210846
1.60883908534
1.60869549745
1.60800109053
1.60749819769
1.60757118669
1.60819141375
1.60869173054
1.60858320473
1.60823996907
1.60834972396
1.60567653522
1.60496490253
1.60253147022
1.59999395934
1.59827664013
1.59669264521
1.59663789465
1.5979682681
1.60010452875
1.60168183214
1.60474963673
1.60741420046
1.60166505212
1.59873615352
1.59685446791
1.59678106557
1.59632390408
1.5967368287
1.59815375775
1.59913765244
1.60066900985
1.604290779
1.60594639012
1.60764366228
1.60748509587
1.60820808868
1.60692433605
1.60474965126
1.60151000358
1.60002818815
1.59870481763
1.59800550871
1.59852229082
1.60014346112
1.60102807858
1.6031147603
1.60348788049
1.60369586785
1.60414835175
1.60348178039
1.60289347045
1.60178844225
1.60193155342
1.60149392657
1.60277582212
1.60511486169
1.60679018177
1.61103637485
1.61427238152
1.61499889255
1.61506876422
1.61419320044
1.6124932482
1.6105306351
1.60892448822
1.60816205085
1.60803944392
1.60908748554
1.61068733612
1.61049070487
1.61052737328
1.60959136924
1.60740657886
1.60511425604
1.60570352913
1.60489050427
1.60700221889
1.60905778922
1.61271498311
1.61444026935
1.61530563081
1.61525513649
1.61340034337
1.6102796177
1.60789218849
1.60538993115
1.60498264097
1.60304429198
1.60310139665
1.60507868732
1.60775365468
1.60983968845
1.61217190588
1.61328418863
1.61386699986
1.61205405735
1.60996799855
1.60752438347
1.60579870754
1.60373146776
1.60281093959
1.60421165744
1.60580807661
1.60914559212
1.6108173515
1.61330674137
1.6133332797
1.61391638442
1.61360801304
1.61165857202
1.61092305769
1.60998228371
1.60903572436
1.60964459194
1.60917642553
1.61107366617
1.61296193294
1.61247870938
1.61231412878
1.61123971834
1.60801800861
1.60704141335
1.60554543148
1.60465327894
1.6055476705
1.60610056015
1.60806052438
1.60967652186
1.61142153953
1.61111746803
1.61147709653
1.61103325938
1.61036229661
1.61104132446
1.61273673091
1.61456682809
1.61804580294
1.62052663267
1.62327553091
1.62462653258
1.6257142677
1.6257463326
1.62605674875
1.62719907488
1.62763514033
1.62850063882
1.63049043415
1.63204869785
1.6326205288
1.63319608834
1.63173791365
1.63201481994
1.62959992679
1.62868747367
1.62610402855
1.62451828563
1.62384587016
1.62349487387
1.62327012646
1.62317411638
1.62392114719
1.62386830213
1.62308167071
1.6230538987
1.62145785937
1.6211382675
1.62068520702
1.62015246044
1.61956496563
1.61788217311
1.61644283885
1.61471015296
1.61311084004
1.61186584986
1.61102248505
1.60928137355
1.60900275093
1.60889099394
1.60905526466
1.60979422814
1.61015189134
1.61239594322
1.61369891154
1.61589173143
1.61745656415
1.61868803852
1.61873536395
1.61817290746
1.61608100837
1.61330133864
1.61044865333
1.60858125198
1.60522692735
1.60353672471
1.60329664006
1.60392805934
1.60631762034
1.60982259601
1.6119518961
1.61326460875
1.61451200722
1.61512956146
1.61262540043
1.61266501914
1.61102839818
1.61088370859
1.61200251215
1.61223025724
1.61401525035
1.61336430137
1.6135054838
1.61226947283
1.60708730828
1.60571828935
1.60248850497
1.60170685973
1.6020632525
1.60423028894
1.60680344289
1.6085327696
1.60969325904
1.6112005339
1.61294830764
1.61287609442
1.61292587054
1.61206321533
1.61062019957
1.60895419211
1.6065994804
1.60549748409
1.60442286761
1.60421025111
1.60364178191
1.60436220488
1.6053111328
1.60540051603
1.60566937379
1.60561498297
1.60552926319
1.60603675113
1.60743731644
1.60875378577
1.61122646136
1.61408643152
1.61645504763
1.61820565333
1.61917409629
1.6188042799
1.61838442242
1.61491911559
1.61189732918
1.60794010682
1.60466332703
1.60162955995
1.60107701455
1.60111238346
1.60199822328
1.6040582859
1.60713314692
1.61055855706
1.6135092697
1.61638800847
1.61676991751
1.6192005349
1.61874921697
1.61935825113
1.61828209282
1.61553639007
1.61277867207
1.61086073796
1.6078918034
1.60622463408
1.60620563952
1.60452291643
1.60431353248
1.60512694659
1.60644777696
1.60721234943
1.61054276289
1.61388213237
1.61672802806
1.61926932021
1.62017040369
1.62052158966
1.61928492616
1.61790563028
1.61572672458
1.61392037574
1.61283970765
1.61231051456
1.6134858795
1.6141954831
1.61598101877
1.61785227429
1.6192879394
1.61989334057
1.62140919587
1.62175575906
1.62068972216
1.62056484471
1.62164688821
1.6215946332
1.62380908741
1.62496876498
1.62462486899
1.62385553699
1.62273865395
1.62020648029
1.61706958864
1.61492929284
1.6133465089
1.6131171506
1.61532632812
1.6189928422
1.62315110372
1.62795053951
1.63165370436
1.63333385691
1.63280741418
1.63399682682
1.63053919493
1.62735050165
1.62191627487
1.61610534062
1.61109674446
1.60694901151
1.60382312571
1.60374996226
1.60410873942
1.60875091082
1.61109118832
1.62104505342
1.62571567463
1.63028111076
1.63309482548
1.6346161962
1.6356425962
1.63683288855
1.63653648577
1.63550250972
1.63223138302
1.63029955864
1.62606607375
1.62262189957
1.61912724174
1.61639200997
1.61422894997
1.6136879699
1.61397207781
1.61517624125
1.61743972982
1.61979568733
1.62065265056
1.62391828481
1.62760576411
1.62919191109
1.63178533129
1.63478574675
1.63808747241
1.63933863752
1.63946573731
1.63806590426
1.63528366304
1.62974595593
1.62525433558
1.61887101873
1.61420372444
1.61158383662
1.61469704678
1.61809757835
1.62077508659
1.62468416051
1.62589091674
1.62811563978
1.62889006117
1.62895207453
1.62888317613
1.62925293425
1.62882078308
1.6265293764
1.62405817498
1.62235258683
1.61988170059
1.61796540777
1.61709800102
1.61680447676
1.61802543386
1.61774602897
1.61935470981
1.62065774761
1.62220374936
1.62263774876
1.62324542104
1.6243443481
1.62421414656
1.62468942455
1.62484943743
1.62530588085
1.6243989129
1.62275683337
1.62226331858
1.62159270897
1.62049486073
1.6209793191
1.6203152695
1.62052474189
1.62002737114
1.62082739505
1.62168005885
1.62160475849
1.62316261718
1.62537254054
1.62714989878
1.6292543719
1.6309270928
1.63164862261
1.63096292711
1.63134193012
1.63075973768
1.62951872296
1.62699834586
1.62606395733
1.62222739936
1.61806376062
1.6151324103
1.61214831811
1.61098710589
1.61112308554
1.61262255995
1.61603533119
1.61897916615
1.6211250449
1.62224783954
1.62335911429
1.62296334366
1.62369093561
1.62430128303
1.62671476845
1.62656443296
1.6203575448
1.61047787555
1.60932000546
1.61063429125
1.61489698781
1.61754932353
1.62280727225
1.6253630882
1.62473345846
1.6240358111
1.62070643687
1.61829002203
1.6161450171
1.61586357435
1.61821654719
1.62263445823
1.62568291
1.62832519718
1.62897403526
1.62768433228
1.62386498431
1.61985115239
1.61643433649
1.61157270975
1.61109849415
1.61276965421
1.61441943759
1.61747117575
1.62083945975
1.62211132905
1.62205287653
1.62135338163
1.61795010017
1.61464623727
1.6111358423
1.60922620638
1.60818655469
1.61084654105
1.61164392036
1.61464630898
1.61493064177
1.62025379948
1.62734850265
1.6318314252
1.63555815708
1.63508905843
1.62931126003
1.62343098856
1.61303806095
1.60585384545
1.60164824274
1.60034159499
1.60166249943
1.60654882923
1.61202268473
1.61780045206
1.62330699356
1.62575154933
1.62694535278
1.6276768085
1.62742369218
1.62681163994
1.62552290772
1.62632423882
1.62576290081
1.62559502146
1.62377933925
1.62266415801
1.62227653162
1.6206728695
1.61961584399
1.61682511124
1.61584032402
1.61529504476
1.61403849685
1.61526718862
1.61640529603
1.62042338461
1.62436925151
1.62848555896
1.63166571643
1.63188293731
1.63072666557
1.62769243739
1.62380189792
1.62172805084
1.62014821336
1.61977100022
1.62065693703
1.62259327043
1.62348267314
1.6245593597
1.62385472474
1.6231526637
1.61811331426
1.61525552149
1.61296115958
1.61156536047
1.61247660582
1.61555097758
1.61712096446
1.61930088844
1.62034826578
1.62059419502
1.61967441073
1.61651678965
1.6172864413
1.6187492851
1.62191008526
1.62343382269
1.62315536411
1.62237806821
1.62060343898
1.61781540693
1.61529184912
1.61281033842
1.61236215509
1.61252594232
1.61298908999
1.61491989105
1.61646306973
1.61887329943
1.62079103936
1.62162939317
1.62321804329
1.62491000352
1.62510419315
1.62720253298
1.62712668401
1.62720194818
1.62597926904
1.6247846598
1.62383285847
1.62361659684
1.62304134069
1.62185996356
1.62200078651
1.62099800392
1.6218533566
1.62190455209
1.62254451629
1.62146637141
1.62135383915
1.62232710357
1.62315827579
1.62376658528
1.62410743584
1.62341588486
1.62455658587
1.62506150232
1.62794429439
1.63021371405
1.63225239583
1.63262377806
1.63291964127
1.63290473486
1.63377484305
1.63345155746
1.63155659242
1.62793208069
1.6274733865
1.62848235207
1.6310531211
1.63334279357
1.63650758358
1.63698108571
1.63447701337
1.62903029362
1.62999501256
1.63203952735
1.63475457204
1.63629406604
1.639788222
1.64208167126
1.64320883923
1.64354569184
1.64037220598
1.63844789688
1.63450022229
1.63243085356
1.62994691744
1.62911977642
1.6289250308
1.62706390605
1.6262779572
1.62576028388
1.62578074013
1.62576650473
1.62781398255
1.62908202683
1.63067073511
1.63015693768
1.63101112465
1.63091207048
1.63193851857
1.63256214279
1.63177738701
1.63202183958
1.63143400222
1.63068388388
1.62942833355
1.62851152796
1.62653105421
1.62449706923
1.62322383213
1.6217648038
1.62252058125
1.6229425675
1.6232710293
1.62514043611
1.62507881686
1.62607173197
1.62741259489
1.62982591451
1.63030191122
1.63260969388
1.63321151086
1.6340621857
1.63464808304
1.63383508467
1.63412840091
1.63318003311
1.63399894755
1.63416793298
1.63371058509
1.63352423884
1.63326247248
1.63238382715
1.63100185813
1.62961302963
1.62867328586
1.62600799308
1.62594290901
1.6258099201
1.62832545732
1.62867286267
1.62947110646
1.631172869
1.63101430477
1.63048642581
1.63021901748
1.63038766035
1.63107580175
1.63221908581
1.63232957007
1.63236497469
1.63162364157
1.62969884921
1.62716641778
1.62518809123
1.62364797609
1.62160352916
1.62169116219
1.62255168427
1.62298807146
1.62477417037
1.62746709251
1.62966682594
1.63236210643
1.63324905154
1.63938960638
1.63920973318
1.63790218929
1.63631849467
1.63469959868
1.63390359408
1.63005396791
1.62736478809
1.62559121906
1.6238775904
1.62307765165
1.63997628074
1.64229772645
1.64315535408
1.64473485287
1.6460233768
1.6466024106
1.64678711545
1.64509308775
1.64128837875
1.63756312135
1.6331843714
1.62801291531
1.62383986363
1.62278100196
1.62190158087
1.62320237955
1.62538590061
1.63001702531
1.63340723055
1.64216049511
1.64459308973
1.64632933502
1.64587323442
1.64586858472
1.64449991177
1.64232209006
1.64240133417
1.64150883827
1.64219679245
1.64292765507
1.64306602939
1.6416501982
1.63917741244
1.63474418068
1.63183874665
1.62884815114
1.62779361263
1.62733231252
1.62826498357
1.63071643604
1.63322677945
1.635937662
1.63810507387
1.63964070921
1.64254036488
1.64153373226
1.64174317134
1.63988762613
1.63903562867
1.63762188568
1.63850932223
1.63799959905
1.63864003799
1.63885972985
1.63919653767
1.63891330753
1.63831464607
1.63787928613
1.63805016641
1.63728369148
1.63628041762
1.63508627569
1.63250541239
1.63015208035
1.62866844973
1.62733557526
1.62596500172
1.62664911268
1.62767061551
1.63001482962
1.63174173688
1.63440541225
1.63812092433
1.64008713931
1.64184984488
1.64132421375
1.64173436322
1.63870631495
1.63687616179
1.63470484196
1.63329761693
1.63341077117
1.63559742499
1.63794822497
1.6395321307
1.63965294569
1.63947616229
1.63704803475
1.63514343725
1.63247766025
1.63111353648
1.6310997633
1.63239599375
1.63340904212
1.63554457095
1.63857076507
1.63852624232
1.63738815347
1.63612678648
1.6345933665
1.63371039975
1.63485115059
1.63630290819
1.63819618174
1.63849942839
1.63951132795
1.63894238526
1.63645566452
1.63556944965
1.63257064993
1.6314704536
1.63028501546
1.63144639423
1.63302156384
1.6343000992
1.63553273368
1.63477252684
1.63401709158
1.63269727142
1.63318549553
1.63431114871
1.63580821249
1.63860979581
1.64061343769
1.64178116516
1.64168854751
1.63963241827
1.63668973712
1.63145389162
1.62728791884
1.62362301317
1.62270068768
1.62285369901
1.62540642023
1.62771801711
1.63114483722
1.63351644791
1.63463084357
1.635026821
1.63479245481
1.63339253319
1.63398885576
1.63308067906
1.63129535312
1.62895469711
1.62821836803
1.62602464389
1.62214326509
1.62260971671
1.62090509011
1.62104923851
1.6224668286
1.62253884524
1.6241678707
1.6246317357
1.62680113037
1.63092401893
1.6327756959
1.63367863377
1.63483756167
1.63346727038
1.6290878039
1.62611065972
1.62186874957
1.61968321266
1.61627348897
1.61465974473
1.61117872342
1.61163374531
1.61298371707
1.61837730875
1.62342534051
1.63080611447
1.63626705873
1.64305388596
1.64433088428
1.64432146737
1.6392357084
1.63471722925
1.62800466105
1.6234814442
1.6175328271
1.61419969656
1.61128150004
1.61326820522
1.61594959059
1.61833522561
1.62180160008
1.6238004921
1.62530634983
1.62388521745
1.61988977564
1.61778124964
1.61635732498
1.61984360644
1.62342089477
1.62954063349
1.63575865686
1.63950669578
1.64196518754
1.64043510661
1.63672313373
1.62906380424
1.6225870014
1.61541352662
1.61118826409
1.60865653993
1.60834846368
1.6130085063
1.61890900179
1.62373916958
1.62891820266
1.63168798408
1.63348384792
1.6327298459
1.63168031396
1.62933665924
1.62751597876
1.62717393402
1.62712184191
1.62996776934
1.63256430037
1.63772976663
1.63999088472
1.64121841963
1.64240269679
1.64167258201
1.63786563992
1.63564624465
1.62991889866
1.62454848812
1.62095696593
1.61625656045
1.61408739032
1.6150190673
1.61612231523
1.62147956035
1.62681745328
1.63155399256
1.63583033039
1.63808410227
1.6379089859
1.63410897046
1.63236021272
1.6303956045
1.6298901263
1.6327661107
1.63504616366
1.63893388094
1.640854767
1.64052375471
1.63773397716
1.63318806301
1.62843816151
1.62432255094
1.62111217002
1.62018726669
1.61838105748
1.62072241186
1.62257468047
1.62607189466
1.62902892273
1.62966260777
1.63204891128
1.6328771133
1.63159540227
1.62962802528
1.62609076672
1.62519593493
1.62312079578
1.62320446404
1.62402968629
1.62623074319
1.62787164615
1.63139300372
1.63263435033
1.63331635592
1.63107634132
1.62816063854
1.62479851667
1.61703721739
1.61466870105
1.6111662033
1.61262406745
1.61677922295
1.62316360137
1.63066824256
1.63627078005
1.64000430288
1.64176453743
1.64162230998
1.63754672411
1.6345188096
1.63199007671
1.63163079795
1.63281235393
1.63406845766
1.63449075287
1.632720052
1.63183373424
1.62744913106
1.62546934609
1.62401569944
1.6256448116
1.62786532944
1.63149611522
1.63398582293
1.63762011996
1.64127649574
1.64534176509
1.64939596421
1.6525262928
1.65480113454
1.65517619717
1.65121941356
1.64719900284
1.63686280274
1.6268509425
1.62056087715
1.61543953663
1.61237718312
1.61528613106
1.61981781163
1.62473285623
1.62979243907
1.63310601893
1.63737939184
1.63998745869
1.64299862195
1.64545067732
1.6457569971
1.64645350884
1.64686310925
1.64680211489
1.64720749395
1.64831451121
1.64809992831
1.64566863764
1.64357612127
1.64137761197
1.63826881979
1.63628598334
1.63548294371
1.63566914891
1.63502587454
1.63248226487
1.63050739321
1.62843631188
1.62726827234
1.62738526599
1.62933465468
1.63223983804
1.63720121069
1.64104814753
1.64824637804
1.65156292633
1.65620328808
1.65616996297
1.65479404863
1.65379999605
1.6483814802
1.64554552146
1.64075043159
1.63801300133
1.63582387068
1.63352411773
1.63452889516
1.63592778264
1.64000002494
1.64308397612
1.64367967101
1.64316944992
1.64064637103
1.63723912056
1.63421013808
1.63280987908
1.63572905201
1.64022948084
1.64831425803
1.6543497892
1.66033822008
1.66180223465
1.66060993149
1.65512779178
1.65076443147
1.64446532382
1.64019676479
1.63889198424
1.64048540211
1.6415128169
1.64641808107
1.65066530518
1.6500739214
1.64931040163
1.64841387536
1.64626944478
1.64438947512
1.64414845055
1.64619671183
1.64841446358
1.65043486597
1.65538636315
1.65779779998
1.66251794332
1.6643575648
1.66548350194
1.66479290538
1.66219298835
1.65787143829
1.65546624325
1.65156655112
1.64963090912
1.64835942977
1.64812877508
1.64890131556
1.64903948611
1.64980052883
1.64990477394
1.65025817519
1.65226762821
1.65361847024
1.65498110998
1.6549986792
1.65626056448
1.65804512427
1.6579213969
1.6580841816
1.65712732941
1.65377787523
1.65064291886
1.64795855212
1.64501876634
1.64416309241
1.64159681619
1.63941918939
1.63835663787
1.63928777052
1.64145033432
1.64425274898
1.64855005463
1.65125697891
1.65493192366
1.65547207004
1.65477877388
1.65164498246
1.64864362572
1.64666742233
1.64296368131
1.64093355657
1.64032068148
1.64055807249
1.64142633313
1.64414316517
1.64629959277
1.64669356919
1.64507391799
1.64300358465
1.63901496097
1.63557635266
1.63278043336
1.63259287059
1.63710444763
1.64182113933
1.64617994256
1.6509886355
1.65116373694
1.6506410111
1.64739301178
1.64326255261
1.63789047956
1.63594120833
1.63460348457
1.63546692336
1.63678131681
1.63734582643
1.63800721882
1.63753488211
1.6358065821
1.63473486989
1.63305341373
1.63352241148
1.63391480001
1.6357611756
1.6352655935
1.63428309332
1.63106385296
1.62719175214
1.62217736355
1.61717234409
1.61376356779
1.61034438566
1.60926240724
1.60870788033
1.61019722454
1.61397547965
1.61936339116
1.62351487738
1.62899352262
1.63248946627
1.63412250397
1.63508635664
1.63320640214
1.63164016317
1.62951000059
1.62655647148
1.62607315292
1.62542422953
1.62448585124
1.62472499055
1.62602797237
1.62660819433
1.62667064387
1.62500841497
1.62484211702
1.62368908203
1.62292591632
1.62337522804
1.62277923728
1.62430276277
1.62450413579
1.62542084799
1.6271718307
1.62795545854
1.63063926023
1.63147207618
1.63217078219
1.63126898935
1.62861294329
1.62628496859
1.62444784001
1.62300238594
1.6240621058
1.62624997198
1.62817145806
1.63025016175
1.63129362422
1.62980523212
1.62782507846
1.62591415148
1.6251937845
1.62562761797
1.62673709618
1.63048160024
1.63184938028
1.63581412845
1.63696377725
1.63825279715
1.63770299325
1.63496636752
1.63050496984
1.6281946341
1.62234073205
1.61836523887
1.61375434524
1.61199849046
1.60959723386
1.61079615801
1.61301980693
1.6151004577
1.62038819145
1.62300470044
1.62603518819
1.62918643411
1.63197035648
1.63382084961
1.63810986901
1.64166782082
1.64629288902
1.64930417991
1.64934922355
1.64749022663
1.64258751581
1.63621185485
1.63023145407
1.61577171683
1.61451306635
1.61672200865
1.62074915738
1.62448237309
1.63020422794
1.63469376731
1.63683592641
1.63880919674
1.63743325319
1.63598665238
1.63405820231
1.63311187232
1.63398979764
1.63642448467
1.63980807644
1.6425078303
1.6436585764
1.64243000766
1.63678625876
1.6297749999
1.62325089461
1.61955232168
1.61542058888
1.6151625157
1.61676158064
1.6174348307
1.62033394453
1.62211973169
1.62564016755
1.62973078191
1.63495559953
1.63873699531
1.64236609979
1.64417915514
1.64385044789
1.64156880473
1.63841952099
1.63525545168
1.62972024047
1.62891334165
1.62878301387
1.62881677386
1.63147349345
1.63303363663
1.635005269
1.63467066301
1.63192992232
1.6276655855
1.62509086931
1.62130603375
1.6193091047
1.61975356607
1.62252973455
1.62606398403
1.63317131442
1.637779023
1.64316622612
1.6465624041
1.64709042093
1.64468407708
1.64140296001
1.63838224293
1.63374978535
1.63105271481
1.62871225153
1.6276537152
1.62700865256
1.62513272746
1.62384203747
1.62097634332
1.61855432359
1.61792390135
1.61844226281
1.6207765165
1.623374339
1.6402487247
1.64094922371
1.63979513463
1.63726979051
1.63545832211
1.63505026354
1.63145449422
1.62676009394
1.62414076625
1.62199398683
1.62069842958
1.62022213498
1.62067506784
1.6234499733
1.62508581984
1.62763170911
1.63226548641
1.63748792106
1.64082073413
1.64196977563
1.64257379215
1.64017058925
1.63720347169
1.63487327635
1.63350576008
1.63232011436
1.6339990064
1.63483235034
1.63484166687
1.63301295931
1.63059882731
1.62642489573
1.62228725402
1.62061995284
1.61888638797
1.61973777838
1.6229400955
1.62537162669
1.6298410563
1.63256503624
1.63519530464
1.63534011496
1.63464302329
1.63157173916
1.62870460483
1.62487513315
1.6236254224
1.62322487577
1.62629180824
1.62904302574
1.63276031967
1.63391204369
1.63380125463
1.63077338275
1.62850336405
1.62730894168
1.62764528898
1.62768534908
1.62755966724
1.62611923444
1.62320630532
1.62177262785
1.61718541366
1.61484690334
1.61309834639
1.61303523365
1.61501535904
1.61996108866
1.62096271743
1.62426583681
1.62469708797
1.62630281199
1.6256997716
1.62473624862
1.62501765577
1.62506722347
1.62457011525
1.62590299645
1.62490873741
1.62437227918
1.62291833563
1.6221544398
1.62108259925
1.62215814289
1.62346891566
1.62558705033
1.6286257758
1.63077477906
1.6327136926
1.63283061312
1.63150209552
1.62832627667
1.62612449955
1.62335452369
1.6211198411
1.62039796076
1.61965780003
1.62133293483
1.62181713434
1.6219038218
1.62288146681
1.62286398298
1.62316358017
1.62375209553
1.62541089682
1.62807862705
1.63106356911
1.63247828532
1.6325094556
1.63030850997
1.6277048684
1.6239529107
1.62073772835
1.62058846468
1.62245574662
1.6245913236
1.62616394004
1.62701709153
1.62568627656
1.62340343599
1.62133231751
1.61891521622
1.6174345112
1.61699445812
1.6201892163
1.62345688238
1.62855390119
1.62968239493
1.6323290796
1.63124030344
1.62828139753
1.62679691013
1.62359883816
1.62032820601
1.61813197417
1.61816253946
1.61975622176
1.62298735908
1.62490104481
1.62590840321
1.62617644189
1.62450376508
1.62161408749
1.6195111957
1.61768482303
1.61871988457
1.61991442229
1.62435508904
1.6291811543
1.63450696377
1.63616514648
1.63764808217
1.63638817638
1.63407441952
1.63192399466
1.6304880549
1.62915569579
1.62916353988
1.62990964942
1.62980279689
1.63249841865
1.63090917255
1.63104941711
1.62837693906
1.6269139216
1.6254823126
1.62611549108
1.62816343091
1.63005220707
1.63063028833
1.62971108233
1.62859059466
1.62646840709
1.62496877742
1.62564757086
1.62868383051
1.63012434574
1.63296886707
1.6339928453
1.63445636062
1.63391051212
1.63157398939
1.62750153178
1.62499310778
1.62412150161
1.62440678558
1.62848092952
1.63217147897
1.63731792042
1.6391025124
1.63899743869
1.6367978652
1.63247150823
1.6282433395
1.62571759679
1.62408246018
1.62522471748
1.6262274291
1.62853599075
1.63102271949
1.6314829225
1.63295130397
1.63348102417
1.633737204
1.6337778153
1.63236340272
1.63164853428
1.63245396466
1.63331693276
1.63487485558
1.635250119
1.63503410803
1.63601733398
1.63742093707
1.63682828405
1.63325021787
1.63202899379
1.62767236778
1.62663971295
1.62495508057
1.62576760748
1.62857980666
1.63210282141
1.63625831885
1.63912072678
1.63489137551
1.63379208642
1.63394457572
1.63498571111
1.63686850831
1.63790968231
1.63745867786
1.63575179193
1.63329111051
1.6305277151
1.62945193339
1.62896360763
1.62924573768
1.63068517961
1.63492018737
1.63799480657
1.64132659811
1.64380126386
1.64476693025
1.64471280673
1.64364390694
1.64223633817
1.63966161634
1.63903227493
1.63875495859
1.63903800343
1.63961969952
1.63934086012
1.63831614583
1.63661712564
1.63462577234
1.6316484011
1.62942601439
1.62959236999
1.63192506315
1.63346247527
1.63622592752
1.63868920833
1.64074208936
1.64144663899
1.64078478067
1.63883481663
1.63781443223
1.6377446655
1.63818515736
1.64154604054
1.64451279845
1.64694142605
1.63928869004
1.63402651639
1.63009002572
1.62746307398
1.62574340659
1.62688294752
1.62819732134
1.62921871584
1.63121871484
1.63158820714
1.62973612377
1.62757300711
1.626457099
1.62651359543
1.62743594877
1.63018784571
1.63217805217
1.63473740802
1.6374785019
1.63800518311
1.637506207
1.63511109339
1.63201023555
1.630107288
1.62833188823
1.62885807546
1.62962885438
1.63199798459
1.63278228699
1.63289008819
1.63273435324
1.63171457187
1.62978685966
1.62720264727
1.62543211401
1.62544651107
1.62558498371
1.62737212599
1.62941374007
1.62964439885
1.62959673751
1.62924527263
1.62906016465
1.62708272206
1.62726942593
1.62699082862
1.62760974211
1.62693734366
1.62710701906
1.62679075469
1.6262721244
1.62586323548
1.6253215805
1.62586546839
1.62328785697
1.62237235398
1.6193370999
1.61758435588
1.6159452226
1.61508423151
1.61534642734
1.61667830936
1.61951552837
1.62226974568
1.62487797437
1.62666307549
1.62718981094
1.62530044382
1.62479469275
1.62165677329
1.62002929055
1.6201279644
1.62044493878
1.62177125078
1.62193728758
1.62269624841
1.6214493369
1.62022900191
1.61870659517
1.61797969121
1.61783515564
1.61643244311
1.61788840246
1.61870961018
1.61995453026
1.62045064764
1.62043601659
1.62108813382
1.62169455457
1.62109821675
1.62229635572
1.62296542814
1.62316855075
1.62318377601
1.62325089935
1.62284744255
1.62209249762
1.62174280827
1.62053552844
1.62004411504
1.6189909505
1.6202495231
1.61936094538
1.61971990884
1.61986743866
1.6197328401
1.61943658172
1.62074304572
1.62106488356
1.62314973302
1.6240178278
1.62428168423
1.62440307584
1.62594039448
1.62604836023
1.6262471598
1.62562177663
1.62487619782
1.62460974547
1.62396812227
1.62339668785
1.6222113354
1.62274584368
1.62146227287
1.62135184431
1.62126384251
1.62260027887
1.62362471466
1.62327962193
1.62451119843
1.62488528701
1.62722578112
1.62877184781
1.63092240916
1.6335469634
1.634722803
1.63606769039
1.63640822829
1.63545163193
1.63398508902
1.63019911924
1.62647840365
1.6242182928
1.62362419831
1.62459241553
1.62580360544
1.62720467342
1.62850974082
1.62905932464
1.62819948392
1.62558490514
1.62398499904
1.6222757842
1.62025153167
1.62110762358
1.6232338539
1.62493713574
1.62754501702
1.62885186064
1.62997623068
1.63044929907
1.62952794467
1.62805440055
1.62836727175
1.62841689786
1.6282202356
1.62798428019
1.62900206564
1.62810891151
1.6274932824
1.62710377351
1.62644451715
1.6267098334
1.62634121618
1.62575386264
1.62589657966
1.62478559168
1.62491354461
1.62382396823
1.62341380028
1.62365386043
1.62573972263
1.62492484591
1.6260231274
1.6257654957
1.62825472065
1.629453597
1.62952663385
1.63189260691
1.63229469489
1.63340766045
1.63247384177
1.6306013125
1.62671102846
1.62457448629
1.62193456529
1.62123945307
1.62169709695
1.62369689457
1.62470458452
1.62778878505
1.62865165651
1.62998519514
1.63041678843
1.62997473592
1.62949181169
1.62750193419
1.62712074543
1.62656240782
1.62820099644
1.63004629325
1.63158926971
1.63189161465
1.63174899827
1.629886127
1.62714617962
1.62427972768
1.6226776992
1.62311476111
1.6242986911
1.6249948637
1.62814122376
1.63064614277
1.63272793038
1.63398582553
1.63481636859
1.63503973482
1.63507977167
1.63400179765
1.63299315489
1.63319378139
1.63169856596
1.63150780084
1.63149278221
1.63180456637
1.6305271161
1.62943267665
1.62988757042
1.62866848747
1.62752724086
1.6262736979
1.62646575575
1.62719809089
1.62676929836
1.62897594522
1.63035495261
1.63091820865
1.63121044904
1.6299009015
1.62994973503
1.62782351832
1.62783989244
1.62649377866
1.62628367942
1.62526261488
1.62535713094
1.62506248911
1.62598505702
1.62595203409
1.6264061329
1.62526484171
1.62522802229
1.62470602237
1.62607977153
1.62776564423
1.62868392654
1.63139384397
1.63318577345
1.63202097185
1.62948508026
1.62650156457
1.62166336028
1.61854392929
1.61600899503
1.61524958776
1.61744727768
1.6198950336
1.62179280455
1.62388927438
1.62492653674
1.62517527614
1.62512029346
1.62519027976
1.62737209651
1.62939916923
1.63086955788
1.63074276466
1.63019466546
1.62587728667
1.62465881698
1.62351043252
1.62240575012
1.62444339243
1.62471941239
1.62587952937
1.62545535173
1.62520518805
1.62368983381
1.62400273575
1.62285681256
1.62332548112
1.62331864849
1.62389020718
1.62471699747
1.62602452815
1.625909084
1.62565975437
1.62716002019
1.62776731371
1.6258750257
1.62327851068
1.61888055026
1.61736619994
1.61261388426
1.60700853814
1.60322181721
1.5995510886
1.59687084448
1.59669660317
1.59855875469
1.60313994861
1.60937206229
1.61232738193
1.61585336391
1.61702169032
1.61650098969
1.61484374416
1.61400922948
1.6132408557
1.61314284494
1.61458630064
1.61584809067
1.61657636088
1.61517860038
1.61291344464
1.6114156291
1.60895065764
