11.269013231
11.3113590076
11.2829697519
11.2426043684
11.3158533932
11.2436856129
11.3149366505
11.2702216173
11.2781366048
11.2248430871
11.2737187401
11.2886438993
11.3119294947
11.3140062595
11.3354104231
11.2828534088
11.3222717962
11.3298747095
11.2567401943
11.2451942898
11.1854116845
11.1974103889
11.1940409219
11.2351499763
11.2553528293
11.2610472921
11.2705732449
11.2543607645
11.2359429174
11.2289671403
11.253699108
11.2946997808
11.3153941528
11.3030542488
11.3329792237
11.2818599975
11.4426354066
11.3071932394
11.3084169453
11.2266794567
11.226408212
11.2316650906
11.2486522084
11.3183882746
11.3003462644
11.3030780258
11.217926179
11.2524561842
11.2206736649
11.2634006212
11.2836517536
11.2950873666
11.33611867
11.304546753
11.2914604732
11.3132845932
11.3037464298
11.3464260385
11.3149761823
11.3133145792
11.3244837835
11.3255145768
11.2215892734
11.3376917497
11.2704543841
11.3741746489
11.3530369282
11.3497565055
11.3302858531
11.2956438877
11.3289543806
11.3395234871
11.3173181332
11.2867573494
11.4122146471
11.299438592
11.4154720518
11.3501838892
11.3843685382
11.3560506609
11.3812429488
11.4657088277
11.5229886775
11.443489116
11.5077986197
11.404470987
11.4353295886
11.423716227
11.4141649176
11.3928302432
11.3799565605
11.3923829323
11.3914482422
11.3629842707
11.3984988548
11.419213785
11.3598931439
11.3968532238
11.3725929243
11.3395652415
11.383839044
11.3493192785
11.275632833
11.3366899043
11.3770299724
11.3297590687
11.4047137069
11.3774181404
11.3594545268
11.3514131963
11.382989691
11.33100839
11.3735951443
11.3622775103
11.3933849162
11.4627397619
11.4248689608
11.3969365151
11.3795967069
11.3722524673
11.362115205
11.3746870395
11.3622744378
11.3959362065
11.438267196
11.4097745376
11.3896377815
11.3603141107
11.4470795092
11.3772620862
11.3854442909
11.3547723691
11.3935683677
11.3501431445
11.4001656804
11.3287124218
11.4151632277
11.3131333756
11.3243750907
11.2945951472
11.2744257758
11.2622003538
11.3209073155
11.3497186005
11.326376192
11.3371254194
11.449207242
11.3667220448
11.387338938
11.3795726556
11.2871797923
11.3179551102
11.2883000819
11.4670730046
11.4154263235
11.3951472447
11.4164748222
11.4081196876
11.43089079
11.424224331
11.4684494324
11.3888299211
11.4371292877
11.3966600863
11.4165254407
11.4808880457
11.5428985428
11.5740316617
11.5133676715
11.4946531553
11.5162497589
11.5476170211
11.4131755089
11.4142978306
11.5094452799
11.476173255
11.49630681
11.4622973301
11.4106433289
11.4805718763
11.4472811221
11.463640275
11.4421094869
11.4291973569
11.4200733854
11.3988224608
11.4298281939
11.4383033942
11.4287471331
11.3670302695
11.3790648382
11.3594277674
11.351444072
11.3762293721
11.3387145103
11.4870075128
11.5414475189
11.4175009881
11.4589155441
11.4291567114
11.5151846279
11.3495636778
11.4568756717
11.4491870382
11.3786072016
11.4399530572
11.4186284796
11.420562075
11.4628341786
11.5132391276
11.4752278294
11.489314649
11.4808255218
11.53351607
11.4225104586
11.3900518959
11.4544142124
11.4508878604
11.4607406815
11.3855911489
11.4793273969
11.4262679409
11.4062051737
11.3759582143
11.3677922708
11.370427484
11.4753892864
11.4763444765
11.4979361214
11.4961633531
11.452997684
11.5257481381
11.4828982169
11.4617976248
11.4607381718
11.4739777379
11.4463246318
11.4699076506
11.4935392137
11.539218773
11.6115474624
11.5500616937
11.495073713
11.5749060583
11.5784670613
11.5479777918
11.4769152185
11.4606226527
11.4443930574
11.4982353994
11.5391712147
11.4970779399
11.5362838252
11.5334475119
11.4996632233
11.4487139865
11.4575531832
11.4479423085
11.4899873858
11.6050240067
11.5613149442
11.4874437555
11.5479503952
11.5257839682
11.5247650632
11.4425416458
11.4769168667
11.4813171269
11.4418505659
11.570860371
11.5098199762
11.5495479566
11.6525151097
11.596745146
11.520624437
11.5463780521
11.5188234346
11.5816949529
11.5364177668
11.4952073208
11.5256169591
11.6214102325
11.5806349553
11.5960982199
11.6181290296
11.6345352125
11.6160931677
11.596383284
11.6913945755
11.6392171809
11.7326117191
11.7132038128
11.6415377433
11.5485426821
11.5995384918
11.5158284671
11.5990337158
11.6497362007
11.5953619421
11.6373812411
11.6127895228
11.6019876119
11.6014826588
11.5784255245
11.6050804865
11.5829042649
11.6524343477
11.6307095189
11.5562030653
11.5386596057
11.4972707627
11.4779536307
11.5554789924
11.6895802228
11.6376834866
11.6474917329
11.6625144255
11.6957304366
11.7008533984
11.6827765737
11.6846800515
11.6664463212
11.6767906473
11.6566133775
11.6964537534
11.6442297512
11.6535685722
11.7173168503
11.616587381
11.6837432779
11.7343043849
11.7199037611
11.7219317861
11.6885449629
11.7364586668
11.640262113
11.6291513975
11.6383024415
11.5857619374
11.6677476194
11.7082887806
11.7261252971
11.7148734922
11.7123988653
11.7042525656
11.6638204249
11.7059402321
11.6885204709
11.743846096
11.764298257
11.837325274
11.8260529827
11.7968107871
11.7438443925
11.7563602677
11.7432520964
11.7758050931
11.688903025
11.6794396042
11.7436642268
11.7264646477
11.7396976272
11.7838682879
11.8345506021
11.9156455359
11.8735312847
11.8818834656
11.9269659672
11.8130050877
11.868477063
11.8095151966
11.8599534322
11.8720102309
11.844879764
11.843033867
11.8864384802
11.9159004872
11.9305505803
11.9475981989
11.9247221438
11.9318683532
11.8991680928
11.8652106308
11.8839248585
11.8820836518
11.9005147738
11.8547102244
11.7179349835
11.9230013589
11.932370454
11.8944411972
11.923218178
12.0442283348
11.9854412018
12.0722649624
12.108392332
12.1315408792
12.1150893516
11.9834671563
12.0153577916
11.9849309732
11.9150632624
12.0692828765
12.0607822317
12.0394504571
12.0501981114
12.007285274
12.077436522
12.003538108
12.0510935449
12.0358911194
12.0743715608
12.0773074662
12.0226335075
11.9640127612
11.9301009441
11.9172272544
11.9062954969
11.928464476
11.960578604
12.0119575642
11.9717431039
12.0889016617
12.0270862748
12.0574545637
12.0305549433
12.0737329114
12.0937617308
12.043909871
12.0228485147
12.0119451246
12.0461634736
11.9755216314
12.0171488052
12.0401508293
12.0221664341
12.0875968359
12.0393338955
12.0804628414
12.1075699367
12.0870294281
12.0963453294
12.1544499845
12.1777486778
12.1092689705
12.0917067681
12.0610242974
12.101846593
12.1011650227
12.145707366
12.1204569459
12.0887048234
12.0562962191
12.0993759268
12.1542793361
12.070846269
12.0474390414
12.1020036013
12.1078399146
12.1325808026
12.1272775907
12.0844603773
12.1014378644
12.042465772
11.9990839956
12.0846405708
12.0504643771
12.0719056895
12.1860090369
12.1214840818
12.1186640575
12.1196510881
12.0679950205
12.0722351328
12.108958794
12.1318692216
12.094432811
12.0889132077
12.0690800162
12.1299332384
12.1074243063
12.249639157
12.1504967324
12.1866685834
12.1633103179
12.1648069985
12.0829666946
12.0634114772
12.1034874177
12.0683065791
12.0567823163
12.1349686308
12.1819024743
12.2201432662
12.2729518206
12.2218008358
12.2771630194
12.2468081511
12.2159590284
12.1742927693
12.1522219457
12.1412484035
12.2451536861
12.0804716156
12.1417038626
12.1708203129
12.1046729426
12.1991940273
12.2139403366
12.1520723657
12.2060773871
12.2257512638
12.1830071654
12.1826778537
12.1694906348
12.1685881212
12.2071933891
12.2358862093
12.2482064153
12.246559545
12.2695007465
12.2287177887
12.1060668666
12.1272518535
12.2056330489
12.1820111886
12.2456678023
12.2768230628
12.2895644015
12.3649849548
12.3483635569
12.3241085112
12.1833200908
12.3103349297
12.3148356374
12.326354194
12.3098682757
12.2150076461
12.2236948621
12.2434314377
12.3001642479
12.3329521295
12.3330872847
12.3426373228
12.3073285338
12.3265363398
12.3176041774
12.2767207158
12.2957544812
12.2425872425
12.193436469
12.2053598338
12.2179332435
12.2128847292
12.2666499011
12.280433673
12.2665971015
12.3909112481
12.3092450625
12.3818888405
12.3529993893
12.3557067255
12.3689612481
12.4195340828
12.4075044864
12.3425289465
12.2791665384
12.2754699693
12.2384279963
12.337933614
12.2242915964
12.2733722237
12.2188272956
12.2185586336
12.2493160347
12.2487523179
12.3072357636
12.4379381196
12.360479708
12.3704388378
12.3906368483
12.4123327088
12.3722270795
12.481054806
12.4625493931
12.5065710094
12.466339469
12.4759708301
12.4207569816
12.4589385244
12.418791928
12.3257517946
12.349506304
12.3260014208
12.2645879971
12.3427676352
12.3156744261
12.3412995726
12.2964843391
12.2954238826
12.3090671356
12.3731465328
12.3617957781
12.4211335477
12.4505744581
12.4672177003
12.4019240611
12.3766327983
12.4668724244
12.4307493266
12.4392159221
12.4883830247
12.4798082589
12.4191628729
12.2758909392
12.2612677644
12.3870017164
12.340478448
12.4048811983
12.4283800142
12.4533962792
12.3776009192
12.3547199637
12.3793128871
12.4093520554
12.3038079939
12.3751350801
12.4044184077
12.4345669639
12.4798572926
12.3585402993
12.3495090458
12.287265811
12.2866904543
12.3251172298
12.2950741199
12.3153272542
12.2630853085
12.3271408384
12.3417478291
12.3334447052
12.3458110391
12.2761994767
12.2482664865
12.2315488421
12.2437700934
12.2448632692
12.1526840321
12.3146839187
12.3093272703
12.2808150637
12.2939347441
12.3465839977
12.299841723
12.3147259869
12.3479064109
12.2887709239
12.2744346376
12.2385488547
12.2148610301
12.1595570739
12.2560572079
12.1296078143
12.1296906783
12.1900168607
12.1353544263
12.0316351101
12.0925901497
12.0942114161
12.1333398481
12.2292686946
12.1962616298
12.2845664869
12.2782410165
12.3199754053
12.1837464737
12.2349384112
12.2433494646
12.2135327017
12.2346750991
12.2533446601
12.2593934479
12.1938470992
12.1604263213
12.217916938
12.1728660407
12.1538189845
12.1760786223
12.1772880583
12.1751992104
12.1883406275
12.1681213866
12.2392370037
12.2583016404
12.3283366422
12.3609157361
12.2978314206
12.3100792859
12.2914568698
12.3510255771
12.3363860284
12.3064073626
12.2823438669
12.2046069182
12.1824213307
12.1517438393
12.2248054029
12.279391348
12.2048636842
12.255208191
12.2407760082
12.2676420986
12.2363965365
12.2700092888
12.2294007456
12.2864662044
12.291483847
12.2514362435
12.3643801133
12.3174232637
12.3259146747
12.3324650506
12.3162269325
12.3190137839
12.2549194247
12.2686631625
12.2566329641
12.3265839074
12.330402824
12.3185160493
12.2856942205
12.2641156354
12.3186973351
12.3039494909
12.3321092509
12.4510320026
12.3196244161
12.3078933917
12.2553192902
12.2063866974
12.2252365118
12.190815256
12.1184481812
12.2192558645
12.2063126861
12.2120938143
12.1860696099
12.3448712619
12.2782271325
12.2645077492
12.1484441718
12.2533531587
12.2011296668
12.2012960101
12.1976466932
12.1941890012
12.1408022591
12.100837147
12.1585669044
12.1587074221
12.2846466681
12.2560652881
12.2249401143
12.3009084041
12.2417519596
12.318793918
12.3436107907
12.264470081
12.3058508256
12.2851388149
12.3107172025
12.3272365164
12.2369273423
12.152137056
12.0870791036
12.1064417146
12.2279600959
12.1743405907
12.2412991617
12.199128758
12.2202441236
12.190241466
12.2617863011
12.2302658342
12.2090468045
12.3059011794
12.2705867281
12.4280736297
12.3130553908
12.3325849771
12.3108632063
12.3157815583
12.2654313048
12.340857965
12.3135824123
12.3250825286
12.2937597761
12.1965469712
12.2781210158
12.2854807695
12.3086373377
12.2877847685
12.3127320964
12.3347768776
12.3338453478
12.3632569073
12.2857870872
12.3110891932
12.2566254383
12.29636668
12.2673989616
12.2581004974
12.2075039988
12.2272515246
12.1647907086
12.3020914266
12.2549837928
12.2317758875
12.2875287509
12.2587072398
12.3246238655
12.3816059626
12.3301730681
12.2639325278
12.1951111878
12.2395360825
12.3018474016
12.2817720127
12.2824267006
12.210671995
12.1440624995
12.1594766588
12.2406780882
12.1798558806
12.2571354859
12.2339741822
12.2898007846
12.244868884
12.3175240504
12.2862347393
12.3055482248
12.2955261854
12.2652657717
12.2682066566
12.2580832874
12.3392085567
12.2414336291
12.2464425392
12.2424100516
12.1857850285
12.235998547
12.2435217788
12.1505990991
12.2259298262
12.2566148664
12.3145722233
12.3313394987
12.3396577867
12.2458095444
12.2574886606
12.2083587757
12.2869006096
12.2240859001
12.2977433499
12.2555347874
12.3488925001
12.3568881562
12.3190721566
12.3201810236
12.3291214957
12.3792808822
12.3559511265
12.3728115649
12.3036288091
12.3266047839
12.3224401475
12.2602976011
12.2575099482
12.2728504978
12.2895577455
12.3301760562
12.3529488138
12.3976348786
12.4239993653
12.4048746602
12.3633153346
12.2998353883
12.285688014
12.2422974146
12.2846648975
12.2968345938
12.319789236
12.3494856976
12.31790923
12.3465375197
12.3186110161
12.3124981173
12.3021232081
12.2720005253
12.2711213496
12.332006494
12.2782124961
12.3602667361
12.3875843827
12.36498362
12.3282343549
12.415861694
12.3355014247
12.3668107158
12.3828782649
12.3550863847
12.3581236069
12.3807778791
12.3622671711
12.341636313
12.4737359956
12.4466647439
12.4622525601
12.4496324563
12.4308790336
12.4427591945
12.4571728411
12.4267133665
12.4667817379
12.4863316537
12.4885558586
12.5163578764
12.5095452106
12.4682994006
12.4988409764
12.3937222819
12.4873964223
12.4845184742
12.5049371737
12.4946413984
12.4499431845
12.4552903882
12.5215205817
12.4750325254
12.4230279488
12.403062529
12.3506127108
12.4206275395
12.3431449955
12.4626594255
12.3847275144
12.4124581401
12.5150784996
12.4661828263
12.4373041663
12.4473241126
12.3693666157
12.3283180617
12.43172163
12.4634177453
12.4214371647
12.4229405777
12.420915695
12.4234181626
12.4317981857
12.3382739259
12.3953020198
12.4194748027
12.4706564935
12.4735852287
12.3367082907
12.4553645256
12.4442990712
12.4303414413
12.3018412867
12.3779411212
12.4134972586
12.4079293681
12.3915938166
12.3497036193
12.3741634247
12.3547008644
12.3394591088
12.4133559084
12.4245274878
12.4316129137
12.4838457141
12.442598442
12.4858691417
12.4178527387
12.4133512079
12.4491236276
12.4139591297
12.5139670845
12.442415972
12.5494042307
12.5506445517
12.5611102484
12.4874798439
12.5460332444
12.518314808
12.4865681233
12.5090818392
12.4095004138
12.5370937518
12.4136148068
12.4721439699
12.3338842632
12.2981614862
12.3357644071
12.4277899129
12.4700060933
12.3951441595
12.3445597986
12.2390230858
12.2659625246
12.2670779782
12.3540832057
12.3534951728
12.3284097978
12.2850993793
12.3573124751
12.3686856441
12.3943262666
12.364096874
12.3773036411
12.3244124791
12.3236921049
12.3723038535
12.3328682084
12.3561533313
12.4087727557
12.3510954249
12.3867547087
12.3454107634
12.3652594555
12.3513405625
12.4395985686
12.4659702754
12.5239896007
12.4902180061
12.524815482
12.495334342
12.4225341038
12.4301873523
12.3951671131
12.3414400589
12.3804940109
12.2632878871
12.3352147234
12.3647508213
12.3837662119
12.4007742493
12.4118191766
12.4032212592
12.4468192108
12.4989788851
12.47934982
12.3685770332
12.4653190876
12.4210717628
12.5143511871
12.4965809903
12.5021148809
12.5011143818
12.5012602528
12.4451719914
12.4267321049
12.4384582868
12.4166537628
12.4856702975
12.4277770478
12.4350575246
12.4053171326
12.4178440598
12.400519909
12.3640693498
12.3450949909
12.4176488004
12.5008122029
12.4258929562
12.5505396498
12.4372268449
12.5534237965
12.3815131956
12.2900535715
12.39613738
12.3036488585
12.3690137671
12.4414647618
12.524130545
12.5359947533
12.552552402
12.5339706519
12.524367023
12.5888138842
12.5167878046
12.5581804374
12.5158465213
12.4724344709
12.4507181039
12.3886776621
12.4207578765
12.4209416983
12.4369017694
12.4652946716
12.5203319236
12.5834812394
12.5198138113
12.5581307267
12.5286073087
12.5718895397
12.5321832009
12.5516463087
12.5195938026
12.5713879375
12.5170847754
12.4699559717
12.4803906271
12.4502875368
12.4703242481
12.4607479596
12.5342958722
12.5553846102
12.5006075439
12.5448816823
12.5317549843
12.5623884588
12.5647025068
12.567429755
12.5693646691
12.5696768524
12.5184652507
12.495696133
12.5169396831
12.4993400457
12.5093436177
12.6386206194
12.598061813
12.6394568073
12.5889447167
12.6113440706
12.6334599147
12.6012445388
12.5999971792
12.589047338
12.5759243273
12.6088151933
12.5855733538
12.595671401
12.5951366601
12.6279732353
12.6077302424
12.5520262648
12.5719281234
12.5640028782
12.5831685354
12.5622399111
12.5848656734
12.5212624333
12.6486447419
12.617384937
12.5842363285
12.5639647742
12.5316692174
12.5572337048
12.6287131692
12.5990765811
12.5453794063
12.5974886375
12.5567926507
12.5761318628
12.6179321731
12.6157103502
12.6363877437
12.5335544441
12.5127444616
12.4834084983
12.5475534089
12.5802820474
12.5793614094
12.6327064346
12.57143487
12.5213276328
12.5442569391
12.5247273322
12.5675005146
12.5615256951
12.6236359419
12.6010919002
12.6336427496
12.6202884402
12.5915111165
12.5480311913
12.5589477002
12.6125747435
12.5881031048
12.6034065126
12.6321344363
12.5558405023
12.5764340618
12.5690744581
12.5157694603
12.5471981404
12.5448006626
12.5767708943
12.5752154499
12.6377964065
12.5667377817
12.592538018
12.6278144463
12.6926556323
12.6286834366
12.6322750223
12.588268074
12.6124425985
12.6115669673
12.6470072036
12.5934701631
12.625581878
12.6247696802
12.6775836654
12.6248089159
12.6187642017
12.6591848659
12.5440195748
12.6152473839
12.6361682432
12.4987871203
12.6218875191
12.5995257795
12.5536096133
12.6144860644
12.6018422933
12.6143978596
12.6636560004
12.6540861009
12.7106195748
12.7654697497
12.7457898172
12.7674602396
12.704581438
12.7236587617
12.7137212872
12.639654005
12.7034120984
12.6505904326
12.7335684404
12.7022702018
12.7416371325
12.7193165832
12.6493594948
12.6803048841
12.6795179538
12.7098140997
12.6997491508
12.7186139997
12.7000240622
12.6504807523
12.6700892926
12.6635796778
12.6545549425
12.6773808596
12.710926977
12.7131641369
12.7754033837
12.8094058525
12.811142192
12.7602456865
12.7624993363
12.7319050841
12.7415998443
12.7506057212
12.6866269936
12.7460277226
12.7571442842
12.7639002462
12.7392566327
12.6101962719
12.5952430045
12.6127315582
12.6523988899
12.702687546
12.7021732709
12.7328709667
12.7184883994
12.786062759
12.7611911635
12.6432330157
12.5785451974
12.6617646996
12.5979147282
12.708809013
12.731790242
12.6993893009
12.723752558
12.7107798869
12.6910360555
12.6824181586
12.708577484
12.7157280578
12.7506980227
12.7758342696
12.7682415622
12.8007445873
12.7265493206
12.6854802801
12.6967291791
12.5956429787
12.6488748404
12.659423111
12.7435295812
12.7835776363
12.7397054489
12.754095458
12.7187194228
12.7266759201
12.6939702148
12.7129512896
12.6821156142
12.6614543434
12.7316896498
12.7414484885
12.737821225
12.7392806004
12.6942746517
12.7116274129
12.7245265542
12.7496869884
12.8562197292
12.7436822115
12.8601780579
12.7764804713
12.7429730382
12.7319536807
12.7337105404
12.7459641495
12.7064915458
12.7164102846
12.781546889
12.6718248226
12.721285688
12.7260249405
12.7020811741
12.6698993005
12.7019881605
12.7525207712
12.7515063724
12.7302944016
12.7300745798
12.6744015593
12.6607857587
12.6698917894
12.6294479376
12.6843512041
12.7181972465
12.686594104
12.8009997586
12.798523826
12.7908824588
12.7691641823
12.6990890032
12.7006391731
12.7020679789
12.7438381514
12.6582052189
12.6744311672
12.7467971927
12.7289262901
12.6017252403
12.6780867198
12.5857616835
12.7212071886
12.6891362825
12.7204790487
12.8042954092
12.7622429911
12.7705596512
12.7296055518
12.7805224547
12.8083053802
12.8083369013
12.7566922155
12.7448113377
12.7360391461
12.7279218082
12.7196219266
12.7494848753
12.7312311721
12.7318267562
12.824536221
12.8058486073
12.7524756628
12.7723693546
12.7104907565
12.7806958296
12.7418711305
12.7322422129
12.683101745
12.7380054564
12.8331797876
12.8000327456
12.7871136041
12.7355854258
12.8370299471
12.7337448098
12.7912675715
12.7828634678
12.7408736098
12.7535982787
12.8122242471
12.8121805253
12.8085180427
12.7755131806
12.8254899218
12.7840471923
12.7770040538
12.7545156151
12.7549324112
12.7457349546
12.7764268901
12.7427896348
12.7338291213
12.7871283992
12.7746504547
12.8464370009
12.8354106525
12.7634426531
12.828849367
12.8195031372
12.8099007994
12.7373757883
12.7682703834
12.8818642509
12.8396888477
12.8399147563
12.8102114924
12.8566041259
12.8379288248
12.881660814
12.8196493476
12.8490472893
12.9135620047
12.880718575
12.8588923957
12.8146472327
12.8264898472
12.8547793739
12.8552672258
12.8977870229
12.9297679941
12.8173654584
12.8481081
12.8252445751
12.8998111111
12.8383561702
12.8524773114
12.9467793759
12.966539462
12.9246524456
12.8935147657
12.8906160155
12.8571805048
12.8483818486
12.8286626668
12.961427572
12.8250906629
12.8456102537
12.9033795104
12.9025946399
12.8380093072
12.866439406
12.8853934491
12.9465147013
12.9800985326
12.8929581981
12.8819994023
12.8173809304
12.856729815
12.8770508377
12.8975965729
12.844919829
12.8969047629
12.8879845997
12.8285793575
12.883770314
12.9072168083
12.8879375726
12.9315894792
12.9459004637
12.897319219
12.8695831826
12.8861079323
12.9189035009
12.9105656375
12.9627208091
12.9371717831
13.0373825631
12.942695761
12.9175317009
12.8180745658
12.8655849963
12.8584686084
12.9116065787
12.9520272223
12.8670771924
12.9357943601
12.9884993253
12.9247662386
12.8627760982
12.8960579113
12.8725483509
12.8966791265
13.0022708992
13.0068569927
13.0612057453
12.9630030222
12.8758283092
12.7741582017
12.8658933207
12.8366410485
12.9752903261
13.0053382518
13.1062686572
13.0214165992
13.0407371027
12.7560057532
12.9239401669
12.934147306
12.9782324051
13.0128305557
13.0389780428
13.0237076641
12.9577875761
12.9664646892
12.9593240515
12.9789926231
12.9474075035
12.9481963503
13.0285372649
13.0575830641
13.0609831003
13.0004682027
13.0244896045
12.9773061238
12.9384980734
12.9214569866
12.9746230257
12.9148451608
13.0305798367
13.0742538093
12.9947023833
13.0179892019
13.0608600676
13.0112488693
13.0619648155
13.1245560188
13.0783693182
13.0740512308
13.0605784702
13.08234832
13.0266586507
13.0449393385
12.9814440148
13.0597872692
13.0103840798
13.056832998
13.0552151167
13.0964819575
13.0455940638
13.0013750421
13.0199364557
12.9790550465
12.9490760623
13.0095642335
12.999012248
12.9403154983
13.0167638704
13.1057019387
13.1297568019
13.0916253768
13.0816404998
13.0721737078
13.1145047044
13.0327421955
13.0754727168
13.1002392952
13.0249192734
13.0756824793
13.0451069628
13.0729111697
13.0411116587
13.0423922118
12.9896384073
12.9659005563
13.0578085079
13.1081751221
13.0550490965
13.0729290967
13.1001809343
13.029121569
13.050219772
12.9898198084
12.9486093829
13.0745300224
13.072594629
13.0767713075
13.107991418
13.0668438816
13.0794336977
12.9264520256
13.0111296182
12.9740110118
13.0671846203
13.0281567444
13.0290053374
13.1646950421
13.153649132
13.0586516181
13.026888087
13.0605830291
13.0832374376
12.999254411
13.0423306109
13.0815585698
13.0799210653
13.0992480122
13.065352878
13.0638984341
12.9287958108
13.0042159252
13.0250231718
13.05489633
13.0947706672
13.0612396895
13.1358528397
13.0092523735
13.040416606
13.0190203004
13.0006130359
13.0200768203
13.1453166849
13.0529417107
13.1482275912
13.0948845915
13.1173395349
13.025315205
13.0193416912
12.9760476197
12.9889263019
13.0607954693
13.1328979269
13.0815948448
13.0314007921
13.0533091541
13.0201041884
13.0315116345
13.0711482092
13.1413867372
13.0991170631
13.0869370727
12.9523178734
12.9284030688
12.9493875847
13.0230258468
13.0347981189
13.119196191
13.1400537325
13.0785427571
13.0683519717
13.0481743998
12.952831309
13.0625026284
13.1166152665
13.0968527129
13.1055472355
13.03497735
13.0131916436
12.9827174498
13.0658887306
13.0676262254
13.0358495689
13.0870520482
13.1087687445
13.127557236
13.0422443649
13.010778974
12.9889292436
13.0192135152
13.0303120817
13.0221020394
13.112595085
12.9852132857
13.0167035399
13.0297959271
12.9885991199
13.0014810785
12.995473606
13.0271742209
13.0780612817
13.0887887447
13.0472608414
12.9738684288
13.0142216153
13.045417219
13.0335124627
12.968563031
12.9884378507
12.9480238003
12.9497712463
13.0118170989
13.0120029935
13.0843424393
13.1097965639
13.1502928106
12.9686280673
12.9345463352
12.944531736
12.9546669728
12.921281564
12.9621674865
12.980138886
13.0815878048
13.0198324802
13.0086288968
12.9105824947
12.8817458737
12.9564648087
13.0447070127
13.0761387173
13.1177268482
13.0977309665
13.0458637024
13.0156653963
12.978246165
12.9176447551
12.9569327828
12.9675777745
13.1016581006
13.0657487417
13.0785682151
13.0044168336
12.9849800881
12.9782928204
12.9854990264
13.003859361
13.043506491
13.1040028839
13.0918314304
13.0605675845
13.111147098
12.9987711621
12.9262508075
12.9386768228
12.9783366056
13.0119803997
13.0002471727
13.0334828439
12.9609451908
13.0066815763
12.9971829232
13.0293870469
13.0389583767
13.0274888159
13.0679960157
13.0486604637
13.0383430739
13.0149900898
13.0549046044
13.0132988864
13.0114464163
13.0027735218
13.0328804221
12.9873560454
12.9961977333
12.9335306383
12.9128550157
12.9630883507
12.919504669
12.9735532558
13.0473149348
13.059019845
13.0379155727
12.9854975162
13.0672489595
13.0356197882
12.9543377768
12.9892767271
12.9906768666
12.9926849164
13.0971980756
13.0968523695
13.0313329505
13.0287532925
13.0752104292
12.9356007258
13.0692741934
13.0566907661
13.1078903003
13.0240245188
13.0624138495
12.9363716338
12.9759558205
13.056427506
13.1210815399
13.1125981664
13.0744197094
13.0147575576
13.0278323061
12.9863383369
13.091371627
13.1161774134
13.1053721174
13.1073449617
13.1058030878
13.1051567432
13.1168906599
13.0662169504
12.9847359189
13.0571137914
13.0577699166
13.1877585193
13.1438430175
13.1625232839
13.1544024424
13.0612607087
13.0180138669
13.0807059751
13.058563603
13.0581051922
13.1270714255
13.1536417069
13.140160752
13.1611931535
13.1440207018
13.0087453435
12.9175745582
13.0344296948
13.0903432598
13.1614192874
13.1573094394
13.1450047813
13.1343008695
13.0638351925
13.0682608702
13.06811709
13.0715150734
13.1207416728
13.1538907605
13.1950033457
13.1938172678
13.0988905004
13.0589300384
13.0596658789
13.0827689035
13.1255680914
13.1450760969
13.1320645194
13.1818019038
13.1681236794
13.0535329322
13.0447775527
13.0574990135
13.0993218424
13.1203529387
13.12999858
13.1497749042
13.2021458945
13.1292414206
13.0878116527
13.1017015255
13.1022939016
13.1251374128
13.1168476416
13.0981110317
13.1265945855
13.160177543
13.19039552
13.1810721789
13.203923877
13.1929932236
13.1413195689
13.162138663
13.086891383
13.086025703
13.1244648047
13.2003731045
13.1876031337
13.2704875466
13.1337101881
13.190422582
13.129419513
13.096656618
13.0648823746
13.1575441211
13.151212282
13.1492352397
13.1576981203
13.2012744574
13.180354472
13.1070716629
13.0862983162
13.1212405973
13.1329973755
13.1996737602
13.1383168047
13.1783696348
13.2204547358
13.1660228692
13.1879838468
13.1272598017
13.2092166812
13.2017792993
13.2837158085
13.2409855214
13.2723459159
13.1645343867
13.1136387006
13.1131019822
13.1569889089
13.1099494451
13.1959450418
13.205033461
13.1408002234
13.0991490193
13.1531535752
13.1553537493
13.2826390206
13.2088565057
13.2091669721
13.1640053751
13.196334064
13.1650374529
13.1563931567
13.1774528986
13.2095793529
13.2422896052
13.2206718255
13.1973020221
13.2500390687
13.1659387836
13.2611007956
13.237918987
13.1682981574
13.2733405086
13.2103795922
13.2487785682
13.2082550011
13.1606772252
13.2008162683
13.1711294813
13.1291776186
13.1534229104
13.1208316087
13.1199351683
13.1722947632
13.2765379486
13.2756080397
13.256786885
13.3009172363
13.2082857361
13.2086404789
13.1895561236
13.2096781196
13.207914694
13.2505561574
13.2183509055
13.2426872742
13.2736279873
13.245208081
13.1730295377
13.1723092319
13.2127404314
13.221057153
13.2317863736
13.1985694382
13.2380434833
13.1643918007
13.1652535185
13.1937502181
13.2042498218
13.2219817793
13.1791298802
13.115655487
13.1169960472
13.1405046894
13.0867257602
13.225831137
13.2452842498
13.1944163356
13.256619416
13.2786085741
13.1638473644
13.1507120749
13.1739837298
13.1527451046
13.217318611
13.2406074216
13.3028210851
13.283863396
13.2402478193
13.1577544286
13.2402478334
13.1450394317
13.2583396929
13.2672148493
13.184928638
13.1842736817
13.1846566387
13.1424653921
13.2026624684
13.2009525789
13.2316465466
13.1775047964
13.2007900213
13.1178840005
13.1393044835
13.1735451669
13.1844312927
13.2660858721
13.2581609606
13.1851330361
13.1857238456
13.2383959944
13.2066372721
13.1564508331
13.2605784085
13.1970470843
13.186396308
13.184961803
13.1503722053
13.0795726762
13.1231131289
13.2565733543
13.2468499545
13.2430928373
13.1914200932
13.1786978713
13.1579548052
13.1380064997
13.1478246765
13.1495676158
13.179537597
13.1901691611
13.178257071
13.1487475327
13.1479021957
13.3147372761
13.2510379872
13.2401505834
13.2205417409
13.156909984
13.1972399351
13.1883358304
13.2075255387
13.2152149916
13.2123030958
13.2000001883
13.1697658887
13.083825093
13.0206239841
13.0927220068
13.0934913294
13.2159297978
13.2172359614
13.2772584295
13.2994972177
13.131281541
13.1409775656
13.1026844603
13.112753868
13.1541500312
13.1750948528
13.2180758741
13.1670134676
13.1368828934
13.1386903295
13.076747228
13.1696781153
13.1609901315
13.0877294434
13.0873057725
13.2303789793
13.1787707048
13.2165069891
13.1522255366
13.1528160098
13.143146229
13.165788345
13.1464143456
13.1051823127
13.1665935318
13.2413933444
13.1640449157
13.2352893872
13.1090177601
13.0982408287
13.0688848854
13.0933810515
13.1478042656
13.2621731957
13.1994172359
13.2901749601
13.1337085577
13.1206313281
13.1228613313
13.0861673786
13.0777787754
13.2132291099
13.2019563801
13.2556384656
13.2201602612
13.1541392339
13.0721516626
13.1425186
13.0723740544
13.0429372405
13.1655105479
13.2682554862
13.2847151631
13.2237803228
13.1497755866
13.0871435881
13.1090711107
13.103599362
13.125563877
13.1977026954
13.2699987281
13.2455180418
13.2365684647
13.2586958334
13.1556947326
13.0956726385
13.0894028869
13.1018934598
13.2069194297
13.162406566
13.2450821711
13.1895610431
13.1597119534
13.1294367661
13.1816202953
13.1615277267
13.1429205385
13.131578082
13.1605528048
13.1175304845
13.2316748831
13.2185277395
13.1762379973
13.1626676621
13.1612907786
13.0896900591
13.162186417
13.1514825052
13.1121074148
13.1441680741
13.1042590106
13.1116797165
13.0899143805
13.1236047479
13.1653049548
13.1985617748
13.2488862679
13.2289112465
13.1781981855
13.2167868521
13.1355400527
13.1457091965
13.1132333896
13.2079567161
13.2263701862
13.1870780126
13.2487735638
13.2565550582
13.1844055345
13.1409464998
13.1799241015
13.130674137
13.1494581017
13.1935733979
13.1317788718
13.1756469128
13.1267833752
13.1896225943
13.1585792261
13.1882443578
13.1491172631
13.1909371926
13.2318067408
13.1741910454
13.1746147163
13.1304451429
13.1496993925
13.1892689893
13.1473493373
13.1892416146
13.1165997938
13.1586943193
13.0672554838
13.128597693
13.150812821
13.1288812301
13.1378119624
13.1793376292
13.2117308557
13.2022465175
13.2226557516
13.2139677678
13.2339088415
13.1699698665
13.1814043037
13.1588598573
13.1589726229
13.1790011402
13.1699980264
13.1363910071
13.2102421956
13.2530242758
13.2220896119
13.185628822
13.1754797126
13.1119664613
13.1979854231
13.1648045083
13.1464980743
13.2171791724
13.1645364717
13.1649666677
13.1872868129
13.2076331308
13.1984143754
13.2300696748
13.1776450523
13.1881953893
13.133441229
13.186914986
13.1661416801
13.2055834663
13.1127620756
13.153284344
13.2160356539
13.2150857111
13.2465959655
13.2463581823
13.1845556529
13.1305731974
13.1616345064
13.0488008091
13.1463288762
13.1494495075
13.1818037666
13.1821803712
13.2038712322
13.2650586087
13.224235202
13.2035278202
13.1926569059
13.1891911971
13.1897796039
13.1459847122
13.133734023
13.2032575469
13.0971198388
13.1778102424
13.067308385
13.1593029271
13.1599946144
13.2324185979
13.1910570139
13.2506558383
13.2627296086
13.1695446116
13.2129661677
13.1730530599
13.0903708813
13.181234085
13.1098714705
13.1395007109
13.1845372423
13.14601643
13.2118263017
13.2333860516
13.2619483871
13.2087716427
13.2635745243
13.1587970499
13.1444380751
13.1833241855
13.1798710279
13.1677968631
13.1764991548
13.1557160476
13.1670810363
13.2206030419
13.2715530634
13.2521395327
13.2092708551
13.2075005472
13.1865499584
13.1654298247
13.2620345897
13.1373828966
13.1628595481
13.1933766171
13.1536950426
13.196759834
13.2583822223
13.2813503057
13.2609034056
13.3034011226
13.2193641411
13.2509374409
13.196761407
13.236971272
13.2269533991
13.2251090078
13.2035098895
13.2667420271
13.1935727588
13.2874238186
13.2568258992
13.2060156478
13.2258400139
13.1164492231
13.1669981402
13.2303244091
13.2199877838
13.2819996881
13.2802282587
13.300079836
13.1837644262
13.1183631497
13.0578601469
13.1124452046
13.1276188111
13.264851983
13.285195388
13.2816529709
13.2921068005
13.2094617786
13.1936051901
13.1584468747
13.2580893208
13.2061901688
13.2786332103
13.2951516439
13.3032790922
13.2572415755
13.1517074379
13.142379676
13.1320595438
13.1651249268
13.1757896437
13.3168004892
13.2923750696
13.2258253676
13.2315309302
13.1150840529
13.1036444504
13.1792001243
13.2013580893
13.1897774111
13.3038178626
13.2619415107
13.2296512283
13.2190334821
13.1275488518
13.1933002351
13.2196262538
13.2420011146
13.3417636056
13.2989049911
13.2797715037
13.2004094525
13.2622579129
13.2532356249
13.2823006729
13.2793901029
13.2469294672
13.2031422902
13.2239846197
13.1628438465
13.2040424043
13.2566495635
13.2866045033
13.2856582885
13.2640948649
13.2742235085
13.1801976404
13.1591886312
13.1479997463
13.1183238505
13.2142458355
13.1948076278
13.2876621508
13.2985666694
13.2758968559
13.2140162321
13.2363850643
13.2327292839
13.1993403944
13.2299600782
13.185525265
13.2369570586
13.2062091224
13.2184010351
13.279727771
13.2292382125
13.2709931731
13.112237702
13.1498960599
13.1836048605
13.2766260218
13.2983913236
13.3173701376
13.3494261816
13.2660567349
13.2363387664
13.1984483602
13.1680613149
13.2620545203
13.269596604
13.2368801216
13.3071362709
13.3279291592
13.2548727313
13.2536319377
13.2762732344
13.2432392099
13.2317635933
13.2404418096
13.1640268581
13.2053753101
13.1620640966
13.2056891072
13.1967784023
13.1882460119
13.2073356412
13.2696746823
13.2181203964
13.2610785563
13.2109782488
13.254898192
13.2583460756
13.3207966796
13.2688272598
13.256853487
13.2551623065
13.2655692198
13.2338060181
13.171946866
13.2366753272
13.1950620875
13.2890912999
13.3012190387
13.2777565717
13.2990917183
13.2860369634
13.2858800714
13.2112216231
13.2221266209
13.1900206325
13.2038844424
13.2571775927
13.2700104731
13.2477114904
13.2677861046
13.3383307292
13.3219898328
13.2707374905
13.3034882566
13.2549348767
13.2338379583
13.2235895785
13.2746585037
13.2116125704
13.1942106273
13.2443242805
13.2866684227
13.3368025417
13.3981394628
13.2847482821
13.3244212176
13.2930560283
13.2596981806
13.2805462812
13.2797466981
13.2772823104
13.3187381925
13.3505529291
13.3299631221
13.2878756146
13.2820471589
13.2887205198
13.288256821
13.3830544112
13.3221587588
13.282270161
13.2405818147
13.2640344941
13.2779068001
13.2697803945
13.3631581205
13.3518142496
13.3930412152
13.4769372436
13.3900057893
13.2646233709
13.2953932918
13.2621972742
13.2591824478
13.2565688829
13.2331702671
13.2438239901
13.2515581709
13.3120420403
13.3064082115
13.3754832144
13.3218022504
13.364706626
13.3863363824
13.3048215872
13.3612673225
13.2635892658
13.3232693518
13.3201789359
13.2215831471
13.2765608544
13.1619427189
13.1753966622
13.2548673277
13.2559638685
13.1959952256
13.3200289849
13.3708477188
13.381086956
13.3707911807
13.3524611066
13.3777389014
13.3452028326
13.3235335589
13.2922152996
13.2974522324
13.2623376543
13.2109227072
13.2859599666
13.3077000009
13.3393487545
13.3464196628
13.4169140131
13.4471470929
13.3545523991
13.3417263869
13.344651744
13.3357365667
13.3181120796
13.3904470051
13.3784895995
13.337510062
13.3047998026
13.2425448402
13.2982510135
13.2903249669
13.3225409039
13.342434473
13.3432667052
13.297760585
13.4033299756
13.373007413
13.3420266316
13.3460130082
13.2941985433
13.3997945272
13.3535800911
13.3997633749
13.3681864216
13.383433965
13.2922394651
13.2926391464
13.3995774307
13.3727909625
13.3651034914
13.35706373
13.3179475567
13.3582753666
13.2819340437
13.2716787549
13.3258875781
13.266890931
13.2907852628
13.3349450077
13.3377506015
13.3393063137
13.3915121698
13.3831517401
13.3326176715
13.2991921168
13.3946193954
13.4385229779
13.4262107953
13.3509831482
13.4006425028
13.3916946763
13.4136708794
13.361926621
13.4099787567
13.3963429559
13.4307813156
13.429789004
13.34337183
13.3859395399
13.3320511212
13.3111634762
13.2880381649
13.2770691359
13.3028416573
13.3856446997
13.3678052295
13.4213597071
13.4899016536
13.3544594653
13.3606665367
13.4475868972
13.4228109986
13.413996699
13.463142455
13.4089311779
13.4250234359
13.4319333975
13.3793597204
13.3725634153
13.397249184
13.379833923
13.3687569916
13.4085450274
13.447785156
13.3949924723
13.444289414
13.4660649691
13.4427521624
13.466590589
13.3961567934
13.4283910413
13.4059377123
13.3927386327
13.3506580069
13.3523114569
13.3521059935
13.373057819
13.378316405
13.4305628232
13.4296031063
13.475724845
13.4444003353
13.4670689935
13.3961495853
13.4372589695
13.4021181274
13.4007343214
13.4007087039
13.4237373213
13.425075037
13.4698216358
13.4898166575
13.3822664283
13.3980347853
13.4331044336
13.3783489747
13.3667087584
13.378323398
13.3803454335
13.3914313405
13.3931963876
13.4674621358
13.4104873795
13.4614447625
13.417083085
13.3987407118
13.4105906736
13.3913340353
13.4660353969
13.4465397176
13.4171229038
13.4274014144
13.3858944153
13.3648649333
13.3866804003
13.3257177836
13.3987664761
13.3789585591
13.3895643422
13.4327717894
13.5024391885
13.4120850805
13.4972056544
13.4551903856
13.4223706367
13.3480500506
13.3580639167
13.4182016485
13.4502365677
13.4295360681
13.4411575894
13.4509447313
13.4307319745
13.4088706786
13.3635706167
13.4157394061
13.4236221758
13.4031271256
13.4476648895
13.4279047555
13.4269957986
13.4599964426
13.5005706132
13.458892836
13.3955307093
13.3962330677
13.4263056638
13.395605568
13.4494106658
13.4385719491
13.4513150244
13.4507683821
13.4400992129
13.458474144
13.4585101239
13.4144014415
13.3747243874
13.3865114331
13.3852174392
13.4813719399
13.5446495289
13.5247640174
13.5459140371
13.5285705622
13.453314378
13.4638575808
13.4116295827
13.4331371284
13.3927107583
13.423770001
13.4587466884
13.4559777914
13.424396447
13.3579994939
13.3972888198
13.5055254482
13.4573809998
13.4837412004
13.5156464186
13.4848800487
13.4966824652
13.4237729918
13.4452192492
13.4686514764
13.5304761267
13.4348433847
13.5286257638
13.5344142296
13.4666286416
13.4226209798
13.4572117967
13.3992300471
13.3843349077
13.3105264558
13.3948941395
13.3948096427
13.3677817242
13.4017159431
13.2956052321
13.3300123066
13.3508346018
13.3529704455
13.4066704201
13.4185962329
13.423958215
13.4474717512
13.4639305763
13.4902599257
13.4726009915
13.4245247065
13.4050202384
13.4073440089
13.4260690669
13.4183836415
13.3373851944
13.3910914466
13.4151002336
13.4477124939
13.4466375676
13.4012835442
13.3986728514
13.4361905267
13.3887107766
13.3567372315
13.3867928968
13.3988937467
13.4121551837
13.4337836279
13.4219949749
13.4232418961
13.3729909332
13.4463329847
13.3680052585
13.3691920972
13.4409120873
13.4219511489
13.392037477
13.4265698915
13.3760630481
13.4182772144
13.427837122
13.4410781117
13.4194885669
13.471694937
13.4294260414
13.4688227871
13.4051399746
13.4144195803
13.3723913495
13.4423922714
13.4232941324
13.4188114552
13.3758712497
13.3732744567
13.3827162626
13.3915424162
13.3716091935
13.4053249172
13.4277206518
13.4069938812
13.3863651612
13.4074069422
13.4498375451
13.4418435965
13.4538952937
13.4476312957
13.4296806711
13.4005408149
13.4125806646
13.4456819049
13.4774381597
13.4043966304
13.4032783936
13.5399646689
13.4985880431
13.4572383442
13.433546397
13.4537049174
13.3966283859
13.4262916218
13.4981256559
13.4219735583
13.4537098918
13.4425873086
13.3998113289
13.3852129973
13.4033372038
13.3928314791
13.4440568987
13.4342133859
13.4146061508
13.445640873
13.391675648
13.4028783138
13.3803596077
13.4042657799
13.3959188186
13.3450811788
13.3882338588
13.4525475219
13.3819673152
13.5181767597
13.4344212288
13.3919557361
13.4002993124
13.4440775347
13.4668973515
13.4388398679
13.3941967126
13.4156547762
13.4365800427
13.3213359126
13.4032720308
13.4426536872
13.4011443538
13.4042960786
13.4437332972
13.4031129136
13.3486970268
13.3573776768
13.3882215527
13.3778948273
13.4074599279
13.397515099
13.4184750917
13.4285028304
13.4614018495
13.4327122645
13.4216897261
13.4333544627
13.4427092771
13.4419718152
13.4111058591
13.4508666832
13.4951122982
