31.1345069408
31.1355221272
31.1365110874
31.1375148296
31.1385192871
31.1395149231
31.1405165195
31.141520977
31.1425087452
31.1435358524
31.1445245743
31.1455142498
31.1465182304
31.1475067139
31.1485171318
31.149522543
31.1505231857
31.1515259743
31.1525080204
31.1535191536
31.1545181274
31.1555006504
31.1565015316
31.1575129032
31.1585228443
31.1595606804
31.1605052948
31.1615066528
31.1625094414
31.1634984016
31.1644864082
31.1674950123
31.1684939861
31.1694977283
31.1704859734
31.1714894772
31.172494173
31.1734924316
31.1744859219
31.1754827499
31.1764855385
31.1775081158
31.1784999371
31.1795105934
31.180508852
31.1815009117
31.1825118065
31.1835026741
31.1845228672
31.1855444908
31.1865456104
31.1874966621
31.188491106
31.1894924641
31.1904945374
31.1914970875
31.1925032139
31.1935005188
31.1944749355
31.1954829693
31.196475029
31.1974847317
31.1984863281
31.1994805336
31.2004742622
31.2014844418
31.2024691105
31.2034728527
31.2044801712
31.2054693699
31.2064716816
31.2074656487
31.2084600925
31.2094991207
31.2104990482
31.211468935
31.2124736309
31.2134716511
31.2144675255
31.2154710293
31.21646595
31.2174701691
31.218467474
31.2194724083
31.220467329
31.2214727402
31.2224569321
31.2234675884
31.2244679928
31.2254676819
31.2264568806
31.2274682522
31.2284636497
31.2294769287
31.2305040359
31.2315208912
31.232521534
31.2335000038
31.2345004082
31.2355182171
31.2365028858
31.2374725342
31.238458395
31.2394747734
31.2404954433
31.2414677143
31.2434720993
31.2444560528
31.2454869747
31.2464556694
31.2474524975
31.2484633923
31.2494909763
31.2504677773
31.251488924
31.2524573803
31.2534482479
31.2544462681
31.2554485798
31.2564532757
31.2574672699
31.2584483624
31.2594473362
31.2604491711
31.2614581585
31.262447834
31.2634420395
31.2644474506
31.2654366493
31.2664372921
31.2674422264
31.2684383392
31.2694387436
31.2704424858
31.2714321613
31.2724709511
31.2734434605
31.2744429111
31.2754411697
31.2764446735
31.2774431705
31.2784380913
31.2794437408
31.280436039
31.2814486027
31.2824697495
31.2834579945
31.2844421864
31.2854363918
31.2864356041
31.2874393463
31.2884538174
31.2904453278
31.2914390564
31.2924301624
31.2934353352
31.2944190502
31.2954144478
31.2964289188
31.2974178791
31.2984247208
31.2994194031
31.3004832268
31.301422596
31.3024146557
31.303416729
31.3044521809
31.3054141998
31.3064489365
31.3074173927
31.3084244728
31.309422493
31.3104434013
31.3114249706
31.312425375
31.3134176731
31.3144035339
31.3154423237
31.3164079189
31.3174059391
31.3184192181
31.3194227219
31.3204138279
31.3214232922
31.3224110603
31.3233947754
31.3243982792
31.3254132271
31.3264043331
31.3274049759
31.328441143
31.3294477463
31.3304467201
31.3313889503
31.3324048519
31.3334047794
31.3344049454
31.335403204
31.3364055157
31.3374087811
31.3383963108
31.339404583
31.3404042721
31.3413982391
31.3424041271
31.3433828354
31.3443982601
31.3454036713
31.3464057446
31.3474106789
31.3484528065
31.3494455814
31.3503882885
31.3514409065
31.3524134159
31.3533806801
31.3543851376
31.3553807735
31.3563745022
31.3574202061
31.3584120274
31.3594071865
31.3604202271
31.361423254
31.3624224663
31.3633830547
31.3644218445
31.3653981686
31.3663673401
31.3673682213
31.368367672
31.3693854809
31.3703608513
31.3713576794
31.3723678589
31.3733735085
31.3743674755
31.3753609657
31.3763566017
31.3773589134
31.3783764839
31.3793716431
31.3803672791
31.3813643456
31.3823657036
31.3833584785
31.3843801022
31.3853988647
31.3863751888
31.387370348
31.3883740902
31.3893749714
31.3903596401
31.3913626671
31.3923768997
31.3933734894
31.3943779469
31.3953723907
31.3964014053
31.3973591328
31.3983514309
31.3993666172
31.4003510475
31.4013562202
31.4024233818
31.4037227631
31.4047415257
31.4054934978
31.4083855152
31.4094035625
31.4106273651
31.4114353657
31.4123461246
31.413339138
31.4143996239
31.4153428078
31.4163427353
31.4173364639
31.418384552
31.4193441868
31.4203462601
31.4213433266
31.4223442078
31.4233424664
31.424341917
31.4253454208
31.42634058
31.4273600578
31.4283623695
31.4293487072
31.4303650856
31.4313490391
31.4323415756
31.4333438873
31.4343438148
31.4353351593
31.4363408089
31.4373314381
31.4383332729
31.439332962
31.4403347969
31.4413628578
31.4423367977
31.4433300495
31.4443261623
31.4453244209
31.4463207722
31.4473865032
31.4483177662
31.4493179321
31.4503247738
31.4513192177
31.4523248672
31.4533188343
31.454376936
31.4553184509
31.4563264847
31.4575889111
31.4585909843
31.4603452682
31.4615738392
31.4625577927
31.4633045197
31.4645698071
31.4653100967
31.4663095474
31.4677164555
31.4683477879
31.4693410397
31.4703371525
31.4715459347
31.4725375175
31.4735403061
31.4745378494
31.4755375385
31.4762947559
31.4775731564
31.4785606861
31.4793813229
31.4805755615
31.4813258648
31.4825408459
31.4835398197
31.484290123
31.4855382442
31.4875380993
31.4885337353
31.4895324707
31.4905331135
31.4915356636
31.4925293922
31.4935324192
31.4945333004
31.495531559
31.4965264797
31.4975290298
31.4985439777
31.4995448589
31.5005347729
31.5015366077
31.5025429726
31.5035305023
31.5045337677
31.5055363178
31.5065300465
31.5085229874
31.5095140934
31.5105159283
31.51151824
31.5125210285
31.5135207176
31.5145120621
31.5155162811
31.5165634155
31.5175144672
31.5185620785
31.5195207596
31.5205087662
31.521510601
31.5225114822
31.5235085487
31.5245087147
31.5255734921
31.5265061855
31.5275688171
31.5285067558
31.5295112133
31.5305039883
31.531509161
31.5325038433
31.5335741043
31.534506321
31.5355017185
31.5364992619
31.5375006199
31.5385000706
31.539498806
31.5404970646
31.5414936543
31.5425448418
31.5435068607
31.5445072651
31.5455293655
31.5465123653
31.5475046635
31.5485122204
31.5495233536
31.5505459309
31.5515153408
31.5525069237
31.5535008907
31.5545010567
31.5555064678
31.5564978123
31.5574934483
31.5584974289
31.5595009327
31.5605165958
31.5615103245
31.5625128746
31.5635051727
31.5644993782
31.565518856
31.5665121078
31.5675067902
31.5684890747
31.56954813
31.5705788136
31.5715384483
31.5725052357
31.573499918
31.5744884014
31.575483799
31.5764863491
31.577491045
31.5785167217
31.5794794559
31.5804800987
31.5814888477
31.5825016499
31.5834949017
31.5844860077
31.5854816437
31.5864863396
31.5874752998
31.5884737968
31.5894799232
31.590480566
31.5914766788
31.5924875736
31.593477726
31.5944707394
31.595471859
31.5964756012
31.5974683762
31.5984683037
31.5994668007
31.6004679203
31.601473093
31.6024694443
31.6034648418
31.6044707298
31.6054680347
31.6065077782
31.6074817181
31.6084914207
31.6154711246
31.6164579391
31.6174590588
31.6184601784
31.6194574833
31.6205365658
31.621461153
31.6224622726
31.6234679222
31.6244688034
31.6254603863
31.6264588833
31.6274616718
31.6284990311
31.6295423508
31.6304621696
31.6314594746
31.6324589252
31.6334700584
31.6344599724
31.6354670525
31.6364803314
31.6374804974
31.6384758949
31.6394758224
31.640458107
31.6414704323
31.6434829235
31.6444804668
31.6454541683
31.6464474201
31.6474812031
31.648440361
31.649456501
31.6504442692
31.6514496803
31.6524438858
31.6534516811
31.6544418335
31.6554536819
31.6564378738
31.6574332714
31.658437252
31.659437418
31.6604380608
31.6614308357
31.6624395847
31.663490057
31.6644957066
31.6654472351
31.6664543152
31.6674842834
31.6684515476
31.6694533825
31.6704564095
31.6714475155
31.6724443436
31.6734418869
31.6764428616
31.6774735451
31.678432703
31.6794354916
31.6804347038
31.6854321957
31.6864302158
31.6874685287
31.6884274483
31.6894853115
31.6904673576
31.691501379
31.6924157143
31.6934671402
31.6944143772
31.6954226494
31.696457386
31.6975030899
31.6984572411
31.6994233131
31.7004208565
31.7014687061
31.7074203491
31.7084081173
31.709410429
31.7104139328
31.7114107609
31.7124176025
31.7136464119
31.7214140892
31.7224085331
31.7234075069
31.7244005203
31.7253859043
31.7264032364
31.727458477
31.7284488678
31.7294306755
31.7303857803
31.7314331532
31.7323877811
31.7333853245
31.7343857288
31.7353875637
31.7363855839
31.7373878956
31.7383849621
31.739470005
31.7405617237
31.7414631844
31.7424879074
31.743434906
31.7444374561
31.7453815937
31.7463872433
31.7474327087
31.7483775616
31.7494525909
31.7504327297
31.7514109612
31.7524166107
31.7613761425
31.7623972893
31.7633755207
31.7673840523
31.7683756351
31.7694280148
31.7704105377
31.7715578079
31.7725849152
31.773424387
31.7744700909
31.7754120827
31.7764117718
31.7774088383
31.7784075737
31.779415369
31.7803542614
31.7814118862
31.782365799
31.7853629589
31.7864861488
31.7876110077
31.7883636951
31.7893877029
31.7904441357
31.7913858891
31.7923812866
31.7933745384
31.7943868637
31.7954068184
31.796380043
31.7973692417
31.7984113693
31.7993643284
31.8003492355
31.8013849258
31.8024058342
31.8033976555
31.804438591
31.8054499626
31.809473753
31.8103392124
31.8113400936
31.8123409748
31.8133442402
31.8143386841
31.8153495789
31.8163397312
31.8173353672
31.818351984
31.8193564415
31.8203523159
31.8213553429
31.8223400116
31.8233549595
31.8243432045
31.8253366947
31.8263776302
31.8273413181
31.8283414841
31.8293554783
31.8303396702
31.8313360214
31.8323330879
31.8333318233
31.8343281746
31.8353252411
31.8363289833
31.837325573
31.8383207321
31.8393261433
31.8403632641
31.8413214684
31.8423318863
31.8433263302
31.8443293571
31.8453257084
31.8463382721
31.8473436832
31.8483490944
31.8603179455
31.8613190651
31.8623158932
31.8633179665
31.8643100262
31.8653130531
31.8663089275
31.8673074245
31.8683030605
31.8693079948
31.8705465794
31.8713042736
31.8726024628
31.8733048439
31.8745439053
31.8753056526
31.8763074875
31.8775529861
31.8785524368
31.8795526028
31.8805544376
31.8815555573
31.8825471401
31.8835542202
31.8843166828
31.8855667114
31.8865499496
31.8875534534
31.8885531425
31.8895568848
31.8905537128
31.8915569782
31.8923041821
31.8935439587
31.8945424557
31.8955414295
31.8965406418
31.8975429535
31.898532629
31.899532795
31.9005305767
31.9015333652
31.9025399685
31.9035909176
31.904551506
31.9055316448
31.9065358639
31.9075214863
31.9085218906
31.9095215797
31.9105188847
31.9115626812
31.9125182629
31.913520813
31.914552927
31.9155318737
31.9165258408
31.91751647
31.9185163975
31.9195139408
31.9205214977
31.9215152264
31.922526598
31.9235198498
31.9245197773
31.925526619
31.9265265465
31.9275228977
31.9285256863
31.9295156002
31.9305202961
31.9315216541
31.9325108528
31.9335157871
31.9345145226
31.9355165958
31.9365224838
31.937533617
31.9385180473
31.9395153522
31.9405152798
31.9415206909
31.9425103664
31.9435532093
31.9445047379
31.9455256462
31.9465079308
31.9475133419
31.9485173225
31.9495079517
31.9505062103
31.9515011311
31.9524972439
31.9535033703
31.954501152
31.9555079937
31.9565067291
31.9575068951
31.958511591
31.9595165253
31.9605205059
31.9615306854
31.9625203609
31.9635078907
31.9645106792
31.9655065536
31.9664957523
31.9674973488
31.9684956074
31.969489336
31.9705071449
31.9714853764
31.9724895954
31.9734888077
31.9744868279
31.9754931927
31.9764866829
31.9774849415
31.9784843922
31.9794902802
31.980481863
31.9814836979
31.9824910164
31.9834871292
31.9844918251
31.985503912
31.9865016937
31.987496376
31.9885137081
31.9895017147
31.9905061722
31.9915411472
31.99249053
31.9934782982
31.9944903851
31.9954907894
31.9964785576
31.9974861145
31.9984805584
31.9994902611
32.0004689693
32.0014710426
32.002477169
32.0034720898
32.0045714378
32.0055408478
32.0064659119
32.0074915886
32.0084626675
32.0094671249
32.0134677887
32.0144965649
32.0155005455
32.0164644718
32.0174889565
32.0184836388
32.01948452
32.0204696655
32.021463871
32.0224759579
32.023481369
32.0244793892
32.0254728794
32.0264670849
32.0274691582
32.0284786224
32.029466629
32.0304672718
32.0315215588
32.0324604511
32.0334713459
32.0344753265
32.0354743004
32.0364756584
32.0374734402
32.0384693146
32.0394718647
32.0404624939
32.0414538383
32.0424525738
32.0434560776
32.0444529057
32.0454585552
32.0464448929
32.0474791527
32.0484473705
32.0494840145
32.050442934
32.0514879227
32.0524508953
32.0564444065
32.0574584007
32.0584418774
32.0594673157
32.0604550838
32.0614714622
32.0624582767
32.0634632111
32.0644543171
32.0654671192
32.0664551258
32.0674645901
32.0684728622
32.0694656372
32.0704562664
32.0714707375
32.0724596977
32.073445797
32.0744543076
32.0754435062
32.0764479637
32.0774457455
32.078448534
32.0794525146
32.080452919
32.0814530849
32.082444191
32.083450079
32.0844347477
32.0854320526
32.0864322186
32.0874536037
32.088449955
32.0894377232
32.0904347897
32.0914714336
32.092427969
32.0934290886
32.0944347382
32.09542799
32.0964281559
32.097432375
32.0984399319
32.0994217396
32.1004331112
32.1014573574
32.1024382114
32.1034314632
32.1044456959
32.1054461002
32.1084640026
32.1094329357
32.110445261
32.1115090847
32.1124327183
32.1134288311
32.1145195961
32.115429163
32.1164348125
32.1174356937
32.118439436
32.1194283962
32.1204359531
32.1214799881
32.1224377155
32.1234643459
32.1244187355
32.1254205704
32.1264181137
32.1274268627
32.1284244061
32.129421711
32.1304190159
32.131428957
32.1334161758
32.1344184875
32.1354298592
32.1364247799
32.1374201775
32.138417244
32.1394109726
32.1404101849
32.1414058208
32.1424095631
32.1434087753
32.1444652081
32.1454081535
32.1465044022
32.1475253105
32.1484277248
32.149428606
32.1504209042
32.1514241695
32.1524300575
32.1543989182
32.1554031372
32.1564016342
32.1574065685
32.1584060192
32.1594009399
32.1604292393
32.1614179611
32.1624236107
32.1634085178
32.1643967628
32.1653869152
32.1663870811
32.1673996449
32.1683979034
32.169400692
32.1703839302
32.1714372635
32.17248559
32.1734485626
32.1743834019
32.1753833294
32.176384449
32.1773803234
32.1783845425
32.1793847084
32.180378437
32.1813716888
32.1823716164
32.1833748817
32.1843752861
32.1853854656
32.1863665581
32.1873836517
32.1883671284
32.1893868446
32.1903688908
32.1913721561
32.1923689842
32.1933662891
32.1943671703
32.1953685284
32.1963865757
32.1973888874
32.1984109879
32.1994152069
32.2004127502
32.2013731003
32.2024123669
32.2034118176
32.2064051628
32.2073705196
32.2083823681
32.2093698978
32.2103619576
32.2113566399
32.2123634815
32.2133595943
32.2143659592
32.2153692245
32.2164101601
32.2174568176
32.2183735371
32.2193620205
32.2203614712
32.2213568687
32.2223551273
32.2233512402
32.2243511677
32.2253518105
32.226354599
32.227350235
32.2284815311
32.2293550968
32.2304081917
32.2314081192
32.2324092388
32.2333540916
32.2343621254
32.2353696823
32.2363767624
32.2373697758
32.2383599281
32.2393562794
32.2403542995
32.2413520813
32.2423636913
32.2433481216
32.2443504333
32.2453594208
32.246366024
32.2473609447
32.2483565807
32.2583515644
32.2593455315
32.2603402138
32.2613358498
32.2623386383
32.2633447647
32.2643415928
32.2653539181
32.2663328648
32.2673382759
32.2683260441
32.2693250179
32.2703261375
32.2713253498
32.27231884
32.2733261585
32.2743196487
32.2753167152
32.2763156891
32.2773149014
32.2783191204
32.2793123722
32.2803177834
32.2815651894
32.2823138237
32.2835643291
32.2845616341
32.2905700207
32.2915511131
32.2923488617
32.2935497761
32.2945461273
32.2955472469
32.2965443134
32.2975447178
32.2985420227
32.2995414734
32.3005430698
32.3015413284
32.3023414612
32.3032906055
32.3045880795
32.3055446148
32.3063328266
32.3075728416
32.3085768223
32.3093340397
32.3106043339
32.3113355637
32.3126540184
32.3135371208
32.3145399094
32.3155357838
32.3165419102
32.3175532818
32.3185575008
32.3195576668
32.320602417
32.3213546276
32.3225605488
32.3235361576
32.3245410919
32.3255360126
32.3265390396
32.3275330067
32.3285355568
32.3295350075
32.3305301666
32.3315312862
32.3325266838
32.3335273266
32.3355259895
32.3365643024
32.337518692
32.3385174274
32.3395180702
32.3405182362
32.34151721
32.3425221443
32.343527317
32.3445258141
32.3455169201
32.346518755
32.3475148678
32.3485121727
32.3495090008
32.3505642414
32.3515694141
32.3525202274
32.3535177708
32.3545088768
32.3555088043
32.3565084934
32.3575539589
32.3585062027
32.3595044613
32.3605084419
32.3615145683
32.36951828
32.3705339432
32.3715398312
32.37251544
32.3735084534
32.3765089512
32.3775134087
32.3784985542
32.379506588
32.3805167675
32.3864946365
32.3874905109
32.388515234
32.3894941807
32.3904855251
32.3914904594
32.3924918175
32.3934850693
32.39448452
32.3954882622
32.3964829445
32.3974909782
32.3984885216
32.3994810581
32.400482893
32.4014828205
32.4025309086
32.4034824371
32.4044911861
32.4054777622
32.4064810276
32.4074831009
32.4084837437
32.409484148
32.4105029106
32.4114871025
32.4125154018
32.4134941101
32.4144911766
32.4154815674
32.4164814949
32.4174869061
32.4184827805
32.4194881916
32.420473814
32.4214727879
32.4224839211
32.4234764576
32.4245123863
32.4254755974
32.4264681339
32.4274682999
32.4284672737
32.4295511246
32.4304676056
32.4314801693
32.4324939251
32.4334776402
32.4344735146
32.4355082512
32.4365012646
32.4374783039
32.4384596348
32.4394752979
32.4405047894
32.4415011406
32.4424712658
32.4434564114
32.4444637299
32.4454700947
32.4464547634
32.4474570751
32.4484684467
32.4494559765
32.4504556656
32.4514734745
32.4524774551
32.4534585476
32.4544539452
32.4554691315
32.4614920616
32.4624667168
32.4644742012
32.4654662609
32.4664494991
32.4674592018
32.4684536457
32.4694628716
32.470448494
32.4714534283
32.4724392891
32.4734535217
32.4744410515
32.4754567146
32.4764482975
32.4774565697
32.482437849
32.4834570885
32.4844384193
32.4854357243
32.4864370823
32.4874465466
32.4884445667
32.4894285202
32.4904243946
32.4914228916
32.4924247265
32.4934341908
32.4944303036
32.4954249859
32.4964234829
32.4974269867
32.4984304905
32.499427557
32.500443697
32.501449585
32.5024302006
32.5034456253
32.5044341087
32.5054268837
32.5064198971
32.5074186325
32.5084199905
32.5094146729
32.5104146004
32.5114219189
32.5124123096
32.5134165287
32.5144107342
32.5154111385
32.5164113045
32.5174133778
32.5184178352
32.5194649696
32.5204126835
32.5214145184
32.5224225521
32.5234057903
32.5244145393
32.5254049301
32.526458025
32.5274095535
32.5284104347
32.5294091702
32.5304048061
32.5314171314
32.5324053764
32.5334067345
32.5344026089
32.5354037285
32.5364012718
32.5374219418
32.5384068489
32.5394029617
32.5403983593
32.5414054394
32.5423994064
32.5433969498
32.5443990231
32.5453994274
32.546400547
32.5473868847
32.548388958
32.5494139194
32.5504083633
32.5515036583
32.5524337292
32.5534365177
32.5543801785
32.555380106
32.5563845634
32.5574007034
32.5584592819
32.5593998432
32.5603888035
32.5614058971
32.5624055862
32.5634541512
32.5645320415
32.5654323101
32.56645751
32.5673964024
32.56838274
32.5694258213
32.5704286098
32.5713820457
32.5723793507
32.5733683109
32.574368
32.5753715038
32.5763673782
32.5773673058
32.5783674717
32.5793645382
32.5804481506
32.5814483166
32.5824389458
32.5835494995
32.5844268799
32.5854701996
32.5864603519
32.5874438286
32.5884714127
32.5893871784
32.5904376507
32.5914344788
32.5924806595
32.5933721066
32.5944452286
32.5953779221
32.5963776112
32.5974128246
32.5984122753
32.5993831158
32.6004292965
32.6013746262
32.60247612
32.6034843922
32.6044368744
32.6054112911
32.6063892841
32.6073834896
32.6083786488
32.6093645096
32.610376358
32.6113672256
32.6123564243
32.6133654118
32.6143629551
32.6154301167
32.6163666248
32.6173696518
32.618367672
32.6193637848
32.620364666
32.621360302
32.6223657131
32.623357296
32.6243538857
32.6253545284
32.6263546944
32.6273548603
32.6283793449
32.6293621063
32.6303498745
32.6313512325
32.6323564053
32.6333606243
32.634345293
32.6353476048
32.63635993
32.6373460293
32.6383495331
32.6393485069
32.6403505802
32.6413536072
32.6423466206
32.6434001923
32.6443455219
32.6453461647
32.646345377
32.647339344
32.6483402252
32.6493389606
32.6503376961
32.6513414383
32.6523394585
32.6533415318
32.6543440819
32.6553394794
32.6563384533
32.6573357582
32.6593334675
32.6603369713
32.661334753
32.6623272896
32.6633722782
32.6643331051
32.6654088497
32.666336298
32.6673810482
32.6683366299
32.6693305969
32.6703701019
32.6713271141
32.6724321842
32.6735892296
32.6743283272
32.675334692
32.6765756607
32.6773307323
32.6785726547
32.6793365479
32.6803305149
32.6814227104
32.6823704243
32.6833212376
32.6843183041
32.6855530739
32.6863157749
32.6873791218
32.6884131432
32.6893610954
32.6903138161
32.6913201809
32.6923222542
32.693549633
32.6945478916
32.6955471039
32.6965479851
32.6975491047
32.6983101368
32.6995449066
32.70054245
32.7015500069
32.7025487423
32.7035415173
32.7045428753
32.705571413
32.7063059807
32.7075617313
32.708534956
32.7093570232
32.7105696201
32.7115325928
32.7125639915
32.7135703564
32.7143051624
32.7155389786
32.7165732384
32.7175319195
32.718534708
32.7195305824
32.7205765247
32.7215301991
32.7226011753
32.7235341072
32.7245233059
32.7255237103
32.726524353
32.7275209427
32.7283191681
32.7305223942
32.7315182686
32.732521534
32.7335271835
32.734603405
32.7355201244
32.736515522
32.7375435829
32.7385156155
32.7395224571
32.740516901
32.7415220737
32.742518425
32.7435138226
32.7445170879
32.7455117702
32.7465133667
32.7475099564
32.7485079765
32.7495145798
32.7504739761
32.7515108585
32.7525103092
32.7535128593
32.7545077801
32.7555127144
32.7565159798
32.757515192
32.7585251331
32.7605092525
32.7615058422
32.7625076771
32.7635018826
32.7645037174
32.7655408382
32.7665081024
32.7674977779
32.7685046196
32.7695057392
32.770503521
32.7715010643
32.7724990845
32.7734978199
32.7744984627
32.7754957676
32.7764959335
32.7775022984
32.7784974575
32.7794947624
32.7804942131
32.7814965248
32.7825410366
32.7834911346
32.7844877243
32.7855021954
32.786516428
32.7874922752
32.788492918
32.7894995213
32.7904896736
32.7915153503
32.793504715
32.7945268154
32.7954833508
32.796489954
32.7974863052
32.7984879017
32.7995016575
32.8004860878
32.8014853001
32.8024947643
32.8034861088
32.8044788837
32.8054795265
32.8064804077
32.8074800968
32.8084816933
32.8094792366
32.8104774952
32.811478138
32.812482357
32.8134794235
32.8144762516
32.8153882027
32.8165490627
32.8174762726
32.8184800148
32.8194732666
32.8204755783
32.8214719296
32.8224811554
32.8234891891
32.8244636059
32.8254709244
32.8264732361
32.8274722099
32.8285079002
32.8294651508
32.8304646015
32.8314640522
32.8324730396
32.8334646225
32.8344669342
32.8354628086
32.836461544
32.8374609947
32.8384585381
32.8394582272
32.8404529095
32.8414607048
32.8424987793
32.8434576988
32.8445050716
32.8454959393
32.8464624882
32.8474612236
32.848459959
32.849455595
32.8504543304
32.8514595032
32.8524665833
32.8534636497
32.8544611931
32.855465889
32.8564827442
32.857460022
32.8584542274
32.8594517708
32.8604507446
32.8614554405
32.8624546528
32.8634548187
32.8644547462
32.8654904366
32.8664469719
32.8674733639
32.8684475422
32.8694739342
32.8704690933
32.8714535236
32.8724455833
32.8734562397
32.8744499683
32.8764462471
32.8774549961
32.8784534931
32.8795125484
32.8804495335
32.8814544678
32.882445097
32.8834528923
32.8844351768
32.8854439259
32.8864502907
32.887458086
32.8884367943
32.8924379349
32.8935017586
32.8944289684
32.8954646587
32.896469593
32.8974301815
32.8984310627
32.8994252682
32.900427103
32.9014897346
32.9024832249
32.9034698009
32.9044544697
32.9054262638
32.9064619541
32.9074275494
32.9084281921
32.9094247818
32.9104540348
32.9134597778
32.9144246578
32.9154176712
32.9164271355
32.9174141884
32.9184188843
32.9194200039
32.9204297066
32.9214277267
32.9224264622
32.9234175682
32.9244205952
32.9254152775
32.9264593124
32.9274935722
32.9284155369
32.9294095039
32.9304432869
32.9314517975
32.9324100018
32.9334075451
32.9344105721
32.935407877
32.9364061356
32.9374094009
32.9384093285
32.9394128323
32.9404137135
32.9414110184
32.9424066544
32.9464008808
32.9474031925
32.9484450817
32.949450016
32.9504363537
32.9514191151
32.952388525
32.9533896446
32.9544012547
32.9554448128
32.9564054012
32.9574012756
32.9583992958
32.959400177
32.9603872299
32.9613859653
32.9623866081
32.9634437561
32.9643788338
32.9654390812
32.9664041996
32.9673814774
32.9684023857
32.9703879356
32.9713969231
32.9723777771
32.9733743668
32.9743800163
32.9753792286
32.9763817787
32.9773824215
32.9783782959
32.9793729782
32.9803733826
32.9813725948
32.9823822975
32.9834897518
32.984390974
32.9854269028
32.9864413738
32.987421751
32.9884176254
32.9894418716
32.9903681278
32.9913725853
32.9923653603
32.993363142
32.9943614006
32.9954168797
32.9963655472
32.9974224567
32.9984164238
32.9993693829
33.0003561974
33.0014200211
33.0024340153
33.0034124851
33.0044145584
33.0053739548
33.0064082146
33.0074062347
33.0084087849
33.0093603134
33.0103545189
33.0113487244
33.012357235
33.015348196
33.0163524151
33.0173499584
33.0183484554
33.0193469524
33.0203475952
33.0213422775
33.0223412514
33.0233409405
33.0243389606
33.0253527164
33.0263545513
33.0273578167
33.0283465385
33.0293598175
33.0303590298
33.0315873623
33.0325911045
33.0333411694
33.0343401432
33.0355858803
33.0363481045
33.0374233723
33.0383615494
33.0393462181
33.0403394699
33.0413842201
33.0433821678
33.0443377495
33.0453374386
33.0463397503
33.04733634
33.0483410358
33.0533330441
33.0543296337
33.0563502312
33.0573284626
33.0584123135
33.0593957901
33.0603277683
33.0613541603
33.0623283386
33.0633306503
33.0643217564
33.0653281212
33.0663328171
33.0673294067
33.0683405399
33.0693395138
33.070330143
33.0713284016
33.072368145
33.0734071732
33.0744097233
33.0753266811
33.0763237476
33.0773231983
33.0783207417
33.0793242455
33.0803592205
33.0813801289
33.0823159218
33.0833547115
33.0843765736
33.0853204727
33.0863308907
33.0873250961
33.0883624554
33.089318037
33.0903191566
33.091594696
33.0923202038
33.0933227539
33.0943143368
33.0953271389
33.096313715
33.0975744724
33.0983142853
33.0993127823
33.1005578041
33.1013047695
33.1025512218
33.1035552025
33.1043043137
33.1055452824
33.1063475609
33.1075499058
33.1085562706
33.109566927
33.1105630398
33.1115465164
33.1125485897
33.1135525703
33.1145465374
33.1156508923
33.1165416241
33.1175403595
33.1185436249
33.1193311214
33.1205525398
33.1215405464
33.1225469112
33.1235494614
33.1245319843
33.1255333424
33.1265320778
33.127532959
33.1285326481
33.1295354366
33.1305341721
33.1315305233
33.1325316429
33.1335291862
33.1345276833
33.1355252266
33.1365261078
33.1375296116
33.1385233402
33.139526844
33.1405227184
33.1415224075
33.1425213814
33.1435232162
33.1445236206
33.1455278397
33.1465227604
33.1475224495
33.1485164165
33.1495258808
33.1505215168
33.1515247822
33.1525201797
33.1535203457
33.1545441151
33.1555151939
33.1565175056
33.1575129032
33.1585166454
33.1595215797
33.160513401
33.1615111828
33.1625154018
33.1635584831
33.1645634174
33.1655235291
33.1665172577
33.1675217152
33.1685168743
33.169522047
33.1705162525
33.171510458
33.1725101471
33.1735117435
33.1744010448
33.1755127907
33.1765120029
33.1775114536
33.178507328
33.1795041561
33.1805024147
33.1815068722
33.1825194359
33.1835160255
33.1845154762
33.1855115891
33.1865179539
33.1875164509
33.1885180473
33.1895074844
33.1904997826
33.1915044785
33.1925647259
33.193502903
33.1945078373
33.1955015659
33.1965019703
33.197504282
33.1984937191
33.1994936466
33.2005007267
33.2014937401
33.2025022507
33.2034893036
33.2044892311
33.2054932117
33.2064883709
33.2074899673
33.2084960938
33.2094974518
33.2104895115
33.211486578
33.2124974728
33.2134861946
33.2144868374
33.2154955864
33.2164871693
33.2174913883
33.2184922695
33.2194917202
33.2204835415
33.2214882374
33.2224838734
33.2234859467
33.2244813442
33.2254812717
33.2264785767
33.2274873257
33.2284736633
33.2294795513
33.2304751873
33.2314720154
33.2324824333
33.2334697247
33.2354738712
33.2364749908
33.2374727726
33.2384700775
33.2394695282
33.2404704094
33.2414677143
33.2424860001
33.2434818745
33.2444748878
33.2454776764
33.246468544
33.2474603653
33.2484588623
33.2494566441
33.2504615784
33.2514925003
33.2524893284
33.253483057
33.2544739246
33.2554821968
33.256467104
33.2574710846
33.258466959
33.2594664097
33.2605028152
33.2614996433
33.2625000477
33.2634580135
33.2644753456
33.2654607296
33.2664613724
33.2674689293
33.268475771
33.2694604397
33.2705330849
33.2714939117
33.2724869251
33.2734589577
33.2744531631
33.2754592896
33.2764878273
33.2774624825
33.2784631252
33.2794566154
33.2804853916
33.2814819813
33.2824833393
33.2834603786
33.2844593525
33.2854676247
33.2864525318
33.2874643803
33.2884571552
33.2894024849
33.2904515266
33.2914757729
33.2924525738
33.2934608459
33.2944443226
33.2954580784
33.2964525223
33.2974462509
33.2984380722
33.2994759083
33.3004395962
33.3054692745
33.3064408302
33.3074538708
33.3084714413
33.3094291687
33.3104319572
33.3114261627
33.3124263287
33.3134255409
33.3144726753
33.3154284954
33.3164255619
33.3174829483
33.3184244633
33.3194196224
33.3204202652
33.3214194775
33.3224563599
33.3234193325
33.3244206905
33.3254218102
33.3264224529
33.3274555206
33.3284432888
33.3294346333
33.3304378986
33.3314745426
33.3324348927
33.3335044384
33.33441782
33.3354268074
33.3434233665
33.3444542885
33.345413208
33.3464281559
33.3474252224
33.3484144211
33.3494141102
33.3504054546
33.3514068127
33.352414608
33.3534123898
33.3544099331
33.3554546833
33.3564031124
33.3574018478
33.3584153652
33.3594007492
33.3603992462
33.3614020348
33.3623991013
33.3633887768
33.3643887043
33.3654105663
33.366443634
33.3674609661
33.368398428
33.3694107533
33.3703985214
33.3713829517
33.3723835945
33.3733975887
33.3743889332
33.375389576
33.3764002323
33.3774192333
33.3784046173
33.3794090748
33.3804080486
33.3814017773
33.3824102879
33.3834028244
33.3843996525
33.3853986263
33.3864076138
33.387403965
33.3884103298
33.3893954754
33.3903987408
33.3913960457
33.3923885822
33.3933749199
33.3943779469
33.395373106
33.3963706493
33.3973689079
33.3983666897
33.3993656635
33.4003689289
33.4013724327
33.4023704529
33.4033727646
33.4043769836
33.4053845406
33.4064006805
33.4074280262
33.4083740711
33.4093725681
33.4103755951
33.4115817547
33.4174015522
33.4184048176
33.4193873405
33.4203827381
33.4213826656
33.4223706722
33.4233653545
33.4243679047
33.4253852367
33.4263761044
33.4273695946
33.4283688068
33.4293644428
33.4303638935
33.4313583374
33.4323604107
33.4333562851
33.4343597889
33.4353480339
33.4363458157
33.4373502731
33.4383451939
33.4393467903
33.4403452873
33.4413414001
33.4423437119
33.4433405399
33.444334507
33.4453377724
33.4463350773
33.4473357201
33.4483342171
33.4493355751
33.450335741
33.4513349533
33.4523375034
33.4533448219
33.454344511
33.4553449154
33.4563448429
33.4573383331
33.458335638
33.4593310356
33.4603312016
33.4613513947
33.4623544216
33.4633631706
33.4643704891
33.4653379917
33.4663636684
33.4673547745
33.4683306217
33.4693241119
33.4703409672
33.4713275433
33.4723320007
33.4733521938
33.4743301868
33.475320816
33.476323843
33.4773247242
33.4783301353
33.479316473
33.4803135395
33.4813146591
33.482357502
33.4833209515
33.4843161106
33.485319376
33.4863128662
33.4873485565
33.4883098602
33.4893088341
33.4903073311
33.4913063049
33.4923074245
33.4933116436
33.4945509434
33.4953048229
33.4963035583
33.4973466396
33.4983050823
33.4993109703
33.5003073215
33.5013074875
33.5025620461
33.503569603
33.5043108463
33.5055687428
33.5065536499
33.5075592995
33.5123045444
33.5138859749
33.5155489445
33.5165467262
33.5175430775
33.518550396
33.519538641
33.5205440521
33.5212960243
33.522541523
33.5235366821
33.5245368481
33.5255446434
33.5265405178
33.5273478031
33.528537035
33.5295286179
33.5305271149
33.5315248966
33.5325584412
33.5335276127
33.5343394279
33.5355279446
33.5365588665
33.5375235081
33.5385231972
33.5395190716
33.540520668
33.5415716171
33.5425202847
33.5435328484
33.5445299149
33.5455267429
33.5465347767
33.5475444794
33.5485446453
33.5495307446
33.5505335331
33.5515372753
33.5524809361
33.5535209179
33.5545172691
33.555523634
33.5565180779
33.5575313568
33.5635156631
33.5645077229
33.5655069351
33.56650424
33.5675084591
33.5685079098
33.5695064068
33.5705127716
33.5715043545
33.5725030899
33.5735070705
33.5745031834
33.5755028725
33.5765008926
33.5775175095
33.5785090923
33.5794999599
33.5804977417
33.5815200806
33.5825157166
33.5835063457
33.5845057964
33.5855083466
33.5865147114
33.5875151157
33.5885212421
33.5895097256
33.5905103683
33.5915107727
33.5925309658
33.5932981968
33.5945081711
33.5955035686
33.5964925289
33.5974993706
33.598498106
33.5994939804
33.6004943848
33.6015000343
33.6025056839
33.6035017967
33.6045041084
33.6055021286
33.6064865589
33.6075069904
33.6085040569
33.6095049381
33.6104948521
33.6115012169
33.6124942303
33.6134929657
33.6144964695
33.6154820919
33.616489172
33.6174938679
33.6185007095
33.6194906235
33.6204929352
33.6214885712
33.6224899292
33.6234688759
33.6244809628
33.6254792213
33.6264731884
33.6275215149
33.6284828186
33.6294882298
33.6304936409
33.6314942837
33.6324839592
33.6334819794
33.6344795227
33.6354756355
33.6364691257
33.6374881268
33.6385099888
33.639508009
33.6405138969
33.6415054798
33.6424734592
33.6434662342
33.6445724964
33.6454949379
33.6465473175
33.6474995613
33.6485042572
33.6495029926
33.6505041122
33.6514606476
33.6524708271
33.6534621716
33.6664655209
33.6674628258
33.6684589386
33.6694631577
33.6704614162
33.6714725494
33.6724696159
33.6734549999
33.6744623184
33.6754827499
33.6764981747
33.6774644852
33.6784551144
33.6794552803
33.6804580688
33.6814558506
33.6824626923
33.6834588051
33.6844594479
33.6854505539
33.6864569187
33.6874492168
33.688454628
33.6894555092
33.6904518604
33.6914503574
33.6924493313
33.6934473515
33.6944420338
33.6954433918
33.6964707375
33.6974463463
33.698476553
33.699444294
33.7004420757
33.7014501095
33.7034499645
33.7054488659
33.7064297199
33.7074508667
33.7084350586
33.7094433308
33.7104468346
33.7114617825
33.712441206
33.713452816
33.7144544125
33.7154574394
33.7164416313
33.7174491882
33.7184381485
33.719440937
33.7204318047
33.7214317322
33.7224805355
33.7234666348
33.7244572639
33.7254416943
33.7264750004
33.727489233
33.7284305096
33.7294685841
33.7304570675
33.7314660549
33.7324187756
33.7334153652
33.7344150543
33.7354137897
33.7364163399
33.7374613285
33.738455534
33.7394566536
33.7404477596
33.7414083481
33.7424123287
33.7434132099
33.7444064617
33.7454075813
33.7464151382
33.7474133968
33.7484154701
33.7494204044
33.7504069805
33.7514014244
33.7524151802
33.753412962
33.7544112206
33.7554264069
33.7564151287
33.7574076653
33.758409977
33.7594006062
33.7604043484
33.7613985538
33.7624075413
33.7634060383
33.7644057274
33.7654044628
33.7663965225
33.7673976421
33.7684109211
33.7694580555
33.7704517841
33.7714042664
33.7723970413
33.7733809948
33.7743983269
33.7753880024
33.7763879299
33.7774655819
33.7784006596
33.7794036865
33.780380249
33.7813887596
33.7823996544
33.7833812237
33.7843773365
33.7853722572
33.7863843441
33.7873821259
33.788444519
33.7893867493
33.790389061
33.7913832664
33.7923777103
33.7933802605
33.7943863869
33.7953855991
33.7963764668
33.7974352837
33.7984316349
33.7993736267
33.8003816605
33.8033709526
33.8043653965
33.8053832054
33.8063802719
33.8073709011
33.8083641529
33.8093662262
33.8103642464
33.8113720417
33.8143670559
33.8153669834
33.8163640499
33.8173673153
33.818362236
33.8193576336
33.8203554153
33.8213562965
33.822353363
33.8234088421
33.8243629932
33.8253531456
33.8263509274
33.8273515701
33.8283517361
33.8293504715
33.8303480148
33.8313474655
33.832347393
33.8333604336
33.8343594074
33.8353590965
33.8363678455
33.837372303
33.8383550644
33.8393540382
33.840357542
33.8423569202
33.843351841
33.8443512917
33.8453576565
33.8463468552
33.8473451138
33.8483424187
33.8493442535
33.8503477573
33.8513453007
33.8523488045
33.8533418179
33.8543429375
33.8553438187
33.8573451042
33.8583440781
33.8593418598
33.8603446484
33.861345768
33.8623466492
33.863353014
33.8643519878
33.8653459549
33.8663504124
33.86733675
33.8683428764
33.8693399429
33.8703446388
33.8713328838
33.8723361492
33.873339653
33.8743321896
33.875328064
33.8763263226
33.8773348331
33.8783311844
33.8793344498
33.8803291321
33.8813443184
33.8823263645
33.883326292
33.884319067
33.8853197098
33.8863201141
33.8873231411
33.888324976
33.8893270493
33.890327692
33.8913376331
33.892326355
33.8933300972
33.8963220119
33.8973164558
33.8983163834
33.8993313313
33.9003264904
33.9013309479
33.9023153782
33.9033133984
33.9043104649
33.9053053856
33.906308651
33.90731287
33.9103045464
33.9115567207
33.9133036137
33.9145460129
33.9155497551
33.9165489674
33.9175424576
33.9185414314
33.919552803
33.9205403328
33.9212994576
33.9225492477
33.9235420227
33.9245455265
33.9275379181
33.9285449982
33.929297924
33.9305455685
33.9315369129
33.9325387478
33.9335339069
33.9345347881
33.9355385303
33.9365377426
33.9375412464
33.9385311604
33.9395396709
33.9405477047
33.9415407181
33.9425346851
33.9435303211
33.9445307255
33.9455325603
33.9465265274
33.9475343227
33.9485290051
33.949529171
33.9505224228
33.951529026
33.9525301456
33.9535181522
33.9545185566
33.9555168152
33.9565217495
33.9575288296
33.9585251808
33.9595193863
33.9605596066
33.9613163471
33.9635138512
33.9645302296
33.9655086994
33.9665632248
33.9675126076
33.9685106277
33.9695115089
33.9705197811
33.9715173244
33.9723463058
33.973508358
33.9745399952
33.9755072594
33.9765458107
33.9775087833
33.9785182476
33.9795086384
33.9805114269
33.9815142155
33.9825055599
33.9835033417
33.984505415
33.9855082035
33.9865105152
33.9875049591
33.9885020256
33.9895009995
33.9904980659
33.991499424
33.9925034046
33.9934999943
33.9944963455
33.9955101013
33.9965324402
33.9974956512
33.9984955788
33.9995000362
34.0005362034
34.0015788078
34.0025048256
34.0034945011
34.0045659542
34.0054905415
34.0065197945
34.007491827
34.0084886551
34.0094954967
34.0105290413
34.0114917755
34.0124886036
34.0134882927
34.0144891739
34.0154929161
34.0164926052
34.0175020695
34.0185058117
34.0194993019
34.0204970837
34.0214877129
34.0224847794
34.0234854221
34.0244886875
34.0254797935
34.0264787674
34.0274786949
34.0284893513
34.0295011997
34.0304949284
34.0314927101
34.0324850082
34.033485651
34.0344741344
34.0354685783
34.0365390778
34.0374736786
34.0384690762
34.0394744873
34.0404992104
34.0414955616
34.0424768925
34.043466568
34.0444936752
34.0454683304
34.0464639664
34.047467947
34.048469305
34.0494654179
34.0504899025
34.0514569283
34.052491188
34.0534617901
34.0544583797
34.059476614
34.0604774952
34.0614676476
34.0644884109
34.0654761791
34.0664718151
34.0674614906
34.0684688091
34.069466114
34.070458889
34.0714578629
34.0724642277
34.0734653473
34.074457407
34.0754573345
34.0764598846
34.077480793
34.0784614086
34.0794596672
34.0804715157
34.0814604759
34.0824799538
34.0835082531
34.0845417976
34.0855021477
34.0864491463
34.0874538422
34.0884566307
34.0894563198
34.090460062
34.0914533138
34.0924601555
34.0934631824
34.0944569111
34.0954678059
34.0964589119
34.0974588394
34.0984590054
34.0994689465
34.1004626751
34.1014621258
34.1024773121
34.1034731865
34.1044666767
34.1054792404
34.1064629555
34.1074769497
34.108458519
34.1094815731
34.1104798317
34.1124653816
34.1134665012
34.1174724102
34.1184747219
34.1194598675
34.1204404831
34.1214540005
34.1224615574
34.1234416962
34.124430418
34.1254396439
34.1264307499
34.1274311543
34.1284217834
34.1294310093
34.1304235458
34.1314435005
34.132422924
34.1334350109
34.1344220638
34.1354367733
34.1364223957
34.1374382973
34.1384203434
34.1394209862
34.1404798031
34.1414232254
34.142428875
34.143458128
34.1444323063
34.145430088
34.1464755535
34.1474392414
34.1484205723
34.1494226456
34.1504209042
34.1514265537
34.1524202824
34.153416872
34.154419899
34.1554217339
34.1564130783
34.1574127674
34.1584188938
34.1594004631
34.160410881
34.1614186764
34.1634194851
34.1644082069
34.1654067039
34.1664390564
34.1674022675
34.1683969498
34.1693892479
34.1704010963
34.1713850498
34.1723997593
34.1733968258
34.174403429
34.1754012108
34.1764051914
34.1774060726
34.1803889275
34.1813950539
34.1823883057
34.1833958626
34.1843984127
34.185382843
34.1863787174
34.1874387264
34.1883807182
34.1893875599
34.1903879642
34.1913845539
34.1923840046
34.1933782101
34.1943743229
34.1953723431
34.1963729858
34.197445631
34.1984198093
34.1994383335
34.2004013062
34.2013754845
34.2024469376
34.2033736706
34.2044401169
34.2054748535
34.2064538002
34.2074716091
34.2083668709
34.2093656063
34.2104146481
34.211363554
34.2123813629
34.2133724689
34.2143671513
34.2153680325
34.2163636684
34.2173762321
34.2183654308
34.219367981
34.2203638554
34.2213697433
34.2223622799
34.2234108448
34.2243690491
34.2273757458
34.2283675671
34.2293696404
34.2303740978
