69.1464774609
69.1474938393
69.1484775543
69.1494810581
69.1504769325
69.1514749527
69.1524736881
69.1534752846
69.1544713974
69.1554749012
69.156475544
69.1574771404
69.1584713459
69.1594743729
69.1604874134
69.1614735126
69.1624801159
69.1634840965
69.1644740105
69.1654708385
69.1664705276
69.1674845219
69.1684749126
69.1694881916
69.1704757214
69.1714873314
69.1724736691
69.1764674187
69.1774668694
69.1784791946
69.1794650555
69.180464983
69.181466341
69.1825056076
69.1834642887
69.1844844818
69.1854586601
69.1864931583
69.1874608994
69.1884577274
69.1894643307
69.1904602051
69.191470623
69.1924607754
69.1934564114
69.1944572926
69.1954920292
69.1964581013
69.1974568367
69.1984565258
69.1994550228
69.2004570961
69.2014603615
69.2024538517
69.203451395
69.204501152
69.2054989338
69.2064571381
69.2074513435
69.2084515095
69.2094855309
69.2104539871
69.2114481926
69.2124464512
69.2174386978
69.2184450626
69.2194430828
69.220458746
69.2214450836
69.2224855423
69.223498106
69.2244427204
69.2254493237
69.2264578342
69.2274844646
69.2284810543
69.2294766903
69.2304902077
69.2315385342
69.2324404716
69.2334620953
69.2344377041
69.2354383469
69.2364397049
69.2374379635
69.2384729385
69.2394664288
69.2404344082
69.2414400578
69.2424561977
69.2434663773
69.2445676327
69.2454779148
69.2464296818
69.2474377155
69.2485220432
69.2494261265
69.2504968643
69.2514953613
69.2524363995
69.2534258366
69.255427599
69.2564206123
69.2574155331
69.2584283352
69.2594227791
69.2604234219
69.2614200115
69.2624650002
69.2634589672
69.2644934654
69.2654669285
69.2664985657
69.2674782276
69.2684650421
69.2694263458
69.2705130577
69.2714495659
69.272569418
69.2734348774
69.2754507065
69.2764217854
69.2774214745
69.2785110474
69.2794616222
69.2804167271
69.2814583778
69.2824251652
69.2834589481
69.2844150066
69.2854161263
69.2864804268
69.2874677181
69.2884161472
69.2894258499
69.2904894352
69.2914688587
69.2924647331
69.2934088707
69.2944629192
69.2954068184
69.2964024544
69.297542572
69.298404932
69.2994043827
69.3004422188
69.3014440536
69.3024427891
69.3033931255
69.3044369221
69.3054511547
69.3066754341
69.3074564934
69.3083946705
69.3094601631
69.3104112148
69.3115522861
69.3123869896
69.3133871555
69.3143861294
69.3153994083
69.3163971901
69.3174037933
69.3184747696
69.3193981647
69.3204095364
69.3214585781
69.3225064278
69.323646307
69.3244893551
69.3254418373
69.3264062405
69.327454567
69.3283765316
69.3293795586
69.3304531574
69.3314452171
69.3325383663
69.3333745003
69.334376812
69.3353776932
69.3363697529
69.3373680115
69.3383758068
69.3393771648
69.3403744698
69.3413910866
69.3424675465
69.3434672356
69.3443882465
69.3454062939
69.346663475
69.3474068642
69.3483719826
69.3493721485
69.3503665924
69.3513612747
69.3523683548
69.3533701897
69.3543658257
69.3553731441
69.3563742638
69.3574304581
69.3584294319
69.3593637943
69.3603665829
69.3613607883
69.3624141216
69.3634557724
69.3644132614
69.3654735088
69.3663709164
69.3674623966
69.3683567047
69.3693702221
69.3706393242
69.3714616299
69.3723599911
69.3734018803
69.3744072914
69.3753483295
69.3763618469
69.3773467541
69.3783481121
69.3793411255
69.3803436756
69.3813865185
69.3823411465
69.3833830357
69.3843450546
69.3853349686
69.3863339424
69.387332201
69.3883316517
69.3893296719
69.3903336525
69.3913288116
69.3923399448
69.3933446407
69.3943383694
69.3953351974
69.3963327408
69.3973295689
69.3983273506
69.3993282318
69.4003298283
69.4013288021
69.4023365974
69.4033377171
69.4043316841
69.4053354263
69.4063270092
69.4073255062
69.4083285332
69.4093277454
69.4103219509
69.4113202095
69.4123251438
69.4133601189
69.4143161774
69.415320158
69.416323185
69.417320013
69.4183180332
69.4193229675
69.4203252792
69.4213235378
69.4223284721
69.4233179092
69.4243199825
69.4253261089
69.4263176918
69.4273159504
69.4283225536
69.4293196201
69.4303104877
69.4315531254
69.4323103428
69.4343039989
69.4355559349
69.4365530014
69.4375524521
69.4385514259
69.4395463467
69.4405388832
69.4412951469
69.442540884
69.4435367584
69.4445438385
69.4455423355
69.4463341236
69.4475369453
69.4485366344
69.4492940903
69.4505383968
69.4515521526
69.4525363445
69.4535360336
69.4545345306
69.4555351734
69.4565322399
69.4572930336
69.458537817
69.4595372677
69.460529089
69.4615261555
69.4625258446
69.4635391235
69.4645655155
69.4655263424
69.46652174
69.4675371647
69.4685287476
69.4695286751
69.4705805779
69.4715178013
69.4725220203
69.4733223915
69.4745278358
69.4755170345
69.4765183926
69.4775123596
69.4785137177
69.4795219898
69.4805641174
69.4813194275
69.4825174809
69.4835560322
69.4845154285
69.4855120182
69.4865543842
69.4875292778
69.4885177612
69.4895124435
69.4905180931
69.4915668964
69.4925129414
69.4985079765
69.4995121956
69.5005047321
69.5015041828
69.5025031567
69.5035541058
69.504556179
69.5055105686
69.5065054893
69.5075070858
69.5085208416
69.5095100403
69.5105171204
69.5115253925
69.5125162601
69.5135099888
69.5145075321
69.5155076981
69.5165076256
69.5175094604
69.5185072422
69.5195035934
69.5204963684
69.5215084553
69.5224986076
69.5234987736
69.5243830681
69.5255050659
69.5265409946
69.5274891853
69.5284981728
69.5294961929
69.5305225849
69.5315155983
69.5324883461
69.5334849358
69.5344867706
69.5354938507
69.5365080833
69.5375115871
69.5395026207
69.5404951572
69.5414953232
69.5425169468
69.5435152054
69.5445411205
69.5454921722
69.5464913845
69.5474965572
69.5484888554
69.5494844913
69.5504775047
69.5514917374
69.552475214
69.5534746647
69.5544726849
69.5554757118
69.5565261841
69.5574719906
69.5584659576
69.5595314503
69.5604658127
69.5614674091
69.5624973774
69.5634748936
69.5644686222
69.5654687881
69.5664684772
69.5674688816
69.5684645176
69.5694642067
69.5704963207
69.5714671612
69.5724976063
69.5734639168
69.5744621754
69.575466156
69.5764660835
69.577473402
69.5784692764
69.5794706345
69.5804653168
69.581479311
69.5824785233
69.583480835
69.5844647884
69.5854656696
69.5864713192
69.5874738693
69.5884737968
69.5894737244
69.5904653072
69.5914754868
69.5924625397
69.5934734344
69.5944519043
69.5954670906
69.5964682102
69.5974671841
69.5984592438
69.5994691849
69.6004574299
69.6014626026
69.6024599075
69.6034631729
69.6044569016
69.6054575443
69.6064424515
69.607480526
69.6084444523
69.6094412804
69.6104464531
69.6114394665
69.612443924
69.613442421
69.614443779
69.6154682636
69.6164450645
69.6174430847
69.6184413433
69.6194410324
69.6204411983
69.6214408875
69.6224386692
69.6234483719
69.6244428158
69.6254441738
69.6264472008
69.6274466515
69.6284615993
69.6294591427
69.6304571629
69.6314520836
69.6324436665
69.6334321499
69.6344404221
69.6354384422
69.636436224
69.6374669075
69.6384305954
69.6394238472
69.6404223442
69.6414268017
69.6424667835
69.6434736252
69.6444303989
69.6454308033
69.6464321613
69.6474459171
69.6484291553
69.6494240761
69.6504268646
69.6514256001
69.6524302959
69.6534233093
69.6544134617
69.6554193497
69.6564273834
69.657484293
69.6584279537
69.6594207287
69.6604208946
69.6614205837
69.6624176502
69.6634097099
69.6644082069
69.6654076576
69.6664550304
69.6674523354
69.6684539318
69.6694493294
69.6704502106
69.6714117527
69.6724512577
69.6734685898
69.6744863987
69.6754021645
69.6764066219
69.6774241924
69.6784160137
69.6794128418
69.6804215908
69.6814267635
69.6824183464
69.6834015846
69.6844446659
69.6854143143
69.6864492893
69.6874856949
69.6884477139
69.689438343
69.6904404163
69.6914145947
69.6924014091
69.6933989525
69.6944046021
69.6953954697
69.6963868141
69.6973862648
69.6983962059
69.6993999481
69.7004671097
69.7014110088
69.7025134563
69.7034778595
69.704501152
69.7054841518
69.7064304352
69.7074275017
69.7083799839
69.7093784809
69.7104709148
69.7115085125
69.7123880386
69.7133765221
69.7163741589
69.7173740864
69.7183787823
69.7193784714
69.7203710079
69.7213764191
69.7223722935
69.7233691216
69.7243676186
69.7253673077
69.7263665199
69.7273685932
69.7283747196
69.729380846
69.7303805351
69.7313697338
69.7323772907
69.7344081402
69.7353971004
69.7363708019
69.7373304367
69.7383670807
69.7393667698
69.74036026
69.7413599491
69.7423567772
69.7433538437
69.7444043159
69.7453622818
69.7463593483
69.7473545074
69.7483627796
69.7493577003
69.7503578663
69.7513568401
69.7523574829
69.7533545494
69.7543566227
69.7553613186
69.7564394474
69.7574191093
69.7583565712
69.7593560219
69.7603652477
69.7613632679
69.7623627186
69.7633602619
69.7643661499
69.7653543949
69.7663807869
69.7673537731
69.7683498859
69.7693486214
69.7703454494
69.771345377
69.7723603249
69.7733545303
69.7743494511
69.7753493786
69.7763383389
69.777336359
69.7783405781
69.7793385983
69.7803528309
69.7813353539
69.7823336124
69.7833321095
69.7843520641
69.7853512764
69.7863378525
69.7873365879
69.7883400917
69.7893366814
69.7903425694
69.7913789749
69.7923297882
69.7933273315
69.7943382263
69.7955844402
69.7963356972
69.7973337173
69.7983300686
69.7993295193
69.8003287315
69.8015673161
69.8023879528
69.8033285141
69.8045663834
69.8053247929
69.8063240051
69.8073275089
69.8083240986
69.8093223572
69.8103246689
69.811321497
69.8123419285
69.8133239746
69.8143231869
69.8153221607
69.8163225651
69.8173334599
69.8183283806
69.8193230629
69.8203215599
69.82132411
69.8223156929
69.8233144283
69.8243095875
69.8253362179
69.8263111115
69.8273084164
69.8283121586
69.8295693398
69.8303096294
69.8313150406
69.8323106766
69.8333044052
69.8343083858
69.8353066444
69.836299181
69.8372981548
69.8385424614
69.8395469189
69.8405461311
69.841299057
69.8425498009
69.8435459137
69.8445394039
69.8455379009
69.8465359211
69.8475532532
69.8485360146
69.8493003845
69.8505377769
69.8515329361
69.8525333405
69.8535375595
69.8545348644
69.8555326462
69.8565325737
69.8572859764
69.8585293293
69.8595290184
69.860527277
69.8615269661
69.8625257015
69.8635253906
69.8645238876
69.8652904034
69.8665304184
69.8675243855
69.8685269356
69.8695297241
69.8705263138
69.8715379238
69.8725380898
69.8735301495
69.8745217323
69.8755302429
69.8765304089
69.8775231838
69.878521204
69.8795228004
69.8805158138
69.881518364
69.8825173378
69.8835177422
69.8845152855
69.8855121136
69.8865115643
69.8875334263
69.8885109425
69.8895118237
69.8905076981
69.8915519714
69.8925688267
69.8935518265
69.894510746
69.8955118656
69.8965075016
69.8975095749
69.8985078335
69.8995037079
69.9005019665
69.9015078545
69.9025404453
69.9035022259
69.9045522213
69.9053487778
69.906512022
69.9075653553
69.9105026722
69.9115378857
69.9125080109
69.9135322571
69.9144966602
69.915510416
69.9164993763
69.917504549
69.9185025692
69.9195065498
69.9205014706
69.921339035
69.9225039482
69.9233744144
69.9244551659
69.9256427288
69.926533699
69.9275388718
69.9284918308
69.9294915199
69.9304900169
69.9314982891
69.9325084686
69.9335024357
69.9345042706
69.9355020523
69.9365003109
69.9374978542
69.9384975433
69.939496994
69.9404950142
69.9414927959
69.9425001144
69.9435484409
69.9445135593
69.945505619
69.9465503693
69.9475018978
69.9485001564
69.9494974613
69.9505019188
69.9514980316
69.952491045
69.9534857273
69.9544870853
69.9554867744
69.9564871788
69.9574816227
69.95849967
69.9594764709
69.96048069
69.9614799023
69.9624838829
69.9634776115
69.9644818306
69.9654841423
69.966483593
69.9674828053
69.9684827328
69.969486475
69.9704811573
69.9714789391
69.9724833965
69.9734814167
69.9764809608
69.9774706364
69.9784824848
69.9794952869
69.9854664803
69.9864580631
69.9874687195
69.9884767532
69.9894735813
69.9904680252
69.9914724827
69.992472887
69.9934732914
69.9944655895
69.9954538345
69.9964609146
69.9974505901
69.998455286
69.9994490147
70.0004441738
70.0014438629
70.0024518967
70.0034813881
70.0044457912
70.0054504871
70.006449461
70.0074493885
70.0084559917
70.0094556808
70.0104501247
70.0114536285
70.0124597549
70.0204539299
70.0214481354
70.0224483013
70.0234601498
70.0254454613
70.026446104
70.0274450779
70.0284423828
70.029443264
70.0304439068
70.0314390659
70.0324344635
70.0354845524
70.0364346504
70.0374388695
70.0384697914
70.0394678116
70.0404474735
70.0415132046
70.0424878597
70.0434703827
70.0445222855
70.0454275608
70.0464251041
70.0474214554
70.0484249592
70.0494241714
70.051422596
70.0524256229
70.0534591675
70.0544297695
70.0554261208
70.0564241409
70.0574190617
70.0584218502
70.0594160557
70.0604200363
70.0614197254
70.0624220371
70.0634298325
70.0644197464
70.0654165745
70.0664503574
70.0674519539
70.068428278
70.0694189072
70.0704300404
70.0714292526
70.0754232407
70.0764203072
70.0774180889
70.0784554482
70.0794146061
70.0804152489
70.0814213753
70.0824215412
70.0834195614
70.0844140053
70.0854167938
70.0864145756
70.0874626637
70.0884082317
70.0894610882
70.0904057026
70.0914030075
70.0924055576
70.0934512615
70.098410368
70.0994403362
70.1004037857
70.1014032364
70.1023991108
70.1033973694
70.1043975353
70.105386734
70.106402874
70.1073892117
70.1084017754
70.1093847752
70.110388279
70.1114490032
70.1124494076
70.1134002209
70.1153860092
70.1163890362
70.1174013615
70.1183774471
70.1193828583
70.120377779
70.1213741302
70.1223769188
70.1234171391
70.1243736744
70.1303780079
70.1313779354
70.1323759556
70.1333756447
70.1343762875
70.1353747845
70.1363725662
70.1373698711
70.1383657455
70.1393723488
70.1403708458
70.1413753033
70.1423625946
70.1433639526
70.1443660259
70.1453626156
70.1463639736
70.1473629475
70.1483607292
70.1493661404
70.1503691673
70.1513600349
70.1523625851
70.1533665657
70.1544764042
70.1553647518
70.1563611031
70.1573796272
70.1583695412
70.1593604088
70.1603727341
70.1614127159
70.162405014
70.1634056568
70.1644313335
70.1653614044
70.1663854122
70.1673536301
70.168364048
70.1693797112
70.1703529358
70.1713590622
70.1723713875
70.1733715534
70.1793513298
70.1803519726
70.1813533306
70.1833429337
70.1843988895
70.1853506565
70.1863446236
70.1873617172
70.1883480549
70.189344883
70.1903579235
70.1913881302
70.1923427582
70.1933403015
70.1943347454
70.1953332424
70.1963479519
70.1973440647
70.198338747
70.1993539333
70.20033741
70.2013456821
70.2026050091
70.2033865452
70.2043318748
70.2053368092
70.2063279152
70.207337141
70.2083392143
70.2093408108
70.2103827
70.2113397121
70.2123396397
70.213334322
70.2213244438
70.2223412991
70.2233383656
70.2243359089
70.2253308296
70.2263374329
70.227319479
70.2283315659
70.2293250561
70.2303259373
70.2313313484
70.2325797081
70.2333288193
70.2343554497
70.235581398
70.2363362312
70.2375721931
70.2383294106
70.2395768166
70.2405688763
70.2416119576
70.242316246
70.2435574532
70.2443108559
70.2456023693
70.2465567589
70.2475471497
70.2485690117
70.2495541573
70.2505471706
70.2515466213
70.2525484562
70.2535543442
70.2545509338
70.2555499077
70.2565448284
70.2575595379
70.2583007812
70.2595498562
70.2605471611
70.2615437508
70.2625472546
70.263548851
70.2645499706
70.2655544281
70.2665321827
70.2675433159
70.268532753
70.2692916393
70.270534277
70.2715351582
70.2725400925
70.2735397816
70.2745320797
70.2755365372
70.276538372
70.2775363922
70.2785298824
70.279531002
70.280534029
70.2815415859
70.2825391293
70.2835335732
70.2845320702
70.285531044
70.2865362167
70.2875401974
70.2885360718
70.2895400524
70.2905335426
70.2915306091
70.2925448418
70.2945232391
70.2955226898
70.2965221405
70.2975158691
70.2985153198
70.2995154858
70.3005189896
70.3015198708
70.3025205135
70.3035476208
70.3045556545
70.3055553436
70.3065519333
70.3075518608
70.3085634708
70.3096299171
70.3105134964
70.3115158081
70.3125526905
70.3135077953
70.3145561218
70.3155090809
70.3165302277
70.3175060749
70.3185088634
70.3195142746
70.320515871
70.3215107918
70.3225104809
70.3235135078
70.3245272636
70.3255717754
70.3265118599
70.3275163174
70.3285150528
70.3295145035
70.3305051327
70.3315041065
70.3325123787
70.3335030079
70.3344995975
70.3355009556
70.3365001678
70.3375029564
70.3385148048
70.3395044804
70.3404977322
70.3415186405
70.3425018787
70.3435041904
70.3444957733
70.3455030918
70.3464980125
70.3474917412
70.3484866619
70.3494904041
70.3504834175
70.3514904976
70.3524968624
70.3534874916
70.3544821739
70.3554897308
70.3564991951
70.3575556278
70.3585357666
70.3595323563
70.3604798317
70.3614037037
70.3625540733
70.3634881973
70.3645222187
70.3654918671
70.3664877415
70.3675525188
70.3684871197
70.3694853783
70.3704843521
70.3714780807
70.3724794388
70.3734779358
70.3744778633
70.3754754066
70.3764760494
70.377471447
70.3784725666
70.3794744015
70.3804762363
70.381475687
70.382475853
70.383471489
70.3844735622
70.3854708672
70.3864765167
70.3874697685
70.3884749413
70.3894777298
70.3904819489
70.3914842606
70.392462492
70.3935391903
70.3944714069
70.3954606056
70.3964664936
70.3974633217
70.3984577656
70.3994646072
70.4004666805
70.4014999866
70.4024610519
70.4035024643
70.4046008587
70.4056050777
70.4065539837
70.4074561596
70.4085035324
70.4095036983
70.4104635715
70.4114685059
70.4134628773
70.4144654274
70.4154601097
70.4164602757
70.4174554348
70.4184575081
70.4194533825
70.4204540253
70.4214572906
70.4224889278
70.423486948
70.4244987965
70.4254465103
70.4264514446
70.4275443554
70.4285447598
70.4295039177
70.4304833412
70.4315841198
70.4324922562
70.4344754219
70.4354481697
70.4364743233
70.4374845028
70.4384896755
70.4394946098
70.4404819012
70.4414410591
70.4424586296
70.4434518814
70.4444859028
70.4454820156
70.4464864731
70.4474411011
70.4484395981
70.4494643211
70.4504215717
70.451458931
70.4524555206
70.453430891
70.4544277191
70.4554271698
70.4564244747
70.4574255943
70.4584236145
70.4594399929
70.4604208469
70.4615190029
70.4624300003
70.4634532928
70.4644494057
70.4654335976
70.4664256573
70.4674358368
70.4684147835
70.4694547653
70.4704604149
70.4714314938
70.472424984
70.4734144211
70.4744138718
70.4754354954
70.4764187336
70.4774181843
70.478415966
70.4794211388
70.4804112911
70.4814221859
70.4824244976
70.483417511
70.4844231606
70.4854133129
70.4864125252
70.4874081612
70.4884152412
70.489418745
70.4904193878
70.4914181232
70.4924173355
70.4934098721
70.4944040775
70.4954092503
70.4964842796
70.4974300861
70.4984195232
70.4996194839
70.5004096031
70.5014081001
70.5024008751
70.5034046173
70.5044193268
70.5054147243
70.5063893795
70.5074124336
70.5083971024
70.5094013214
70.5103890896
70.5113790035
70.5123770237
70.5133776665
70.514374733
70.5153875351
70.5163748264
70.5173788071
70.5183773041
70.5193765163
70.5203783512
70.5213868618
70.522480011
70.5234582424
70.5243778229
70.5253779888
70.5263850689
70.5274419785
70.5284457207
70.5293819904
70.5303852558
70.5313830376
70.5323727131
70.5343720913
70.5353760719
70.5363793373
70.5373833179
70.5383975506
70.5393855572
70.5403778553
70.5413780212
70.5423855782
70.5434019566
70.5443999767
70.5453736782
70.5463852882
70.5473692417
70.5483691692
70.5493671894
70.5503642559
70.5513739586
70.5523686409
70.5533659458
70.5543680191
70.5553622246
70.5563704967
70.5573608875
70.5583674908
70.5593695641
70.5603721142
70.5613679886
70.562366724
70.5633602142
70.5643630028
70.5653700829
70.566347599
70.5673525333
70.5683555603
70.5693628788
70.5743560791
70.5753498077
70.5763494968
70.5773532391
70.5783483982
70.579400301
70.5803477764
70.5813508034
70.5823497772
70.5833559036
70.5843482018
70.5853514671
70.5863494873
70.5873439312
70.5883533955
70.5893502235
70.5903439522
70.5913500786
70.592341423
70.593338728
70.5943405628
70.5953338146
70.5963349342
70.5973300934
70.5983335972
70.5993337631
70.6003351212
70.6013429165
70.6023871899
70.603325367
70.6045806408
70.6053376198
70.606323719
70.6073241234
70.6083312035
70.6093280315
70.6103613377
70.611338377
70.6123280525
70.6133255959
70.6143260002
70.6153309345
70.6163249016
70.6173243523
70.6183316708
70.6193466187
70.6203491688
70.6213333607
70.622335434
70.6233246326
70.6243224144
70.6253187656
70.6263184547
70.6273195744
70.6283204556
70.6293156147
70.6303203106
70.631313324
70.6323103905
70.6333158016
70.6343119144
70.6353111267
70.6363115311
70.6373269558
70.6385996342
70.6393578053
70.640311718
70.6415915489
70.6423044205
70.6433210373
70.644551754
70.6505455971
70.6515424252
70.6535446644
70.6545450687
70.6553010941
70.6565413475
70.6575422287
70.6585519314
70.6595430374
70.6605446339
70.6615405083
70.6625366211
70.6632919312
70.6645359993
70.6655342579
70.6665377617
70.6675753593
70.6685688496
70.6695744991
70.6705343723
70.6715304852
70.6725680828
70.6735289097
70.6745285988
70.6755721569
70.6765303612
70.6775298119
70.6785259247
70.6795282364
70.6805782318
70.6815242767
70.6825714111
70.6835250854
70.6845228672
70.6855216026
70.6865205765
70.6875188351
70.6885230541
70.6895196438
70.690520525
70.6915168762
70.7015166283
70.7025313377
70.7035136223
70.7045099735
70.7055113316
70.7065107822
70.7075090408
70.7085065842
70.7095067501
70.7105102539
70.711504221
70.7125072479
70.7135519981
70.714507103
70.7155475616
70.7165014744
70.7175199986
70.7185370922
70.7195358276
70.7205228806
70.7215144634
70.7225427628
70.7235388756
70.7245409489
70.7255439758
70.7265226841
70.7275476456
70.7285001278
70.7295043468
70.7305138111
70.7315163612
70.7344987392
70.7355031967
70.7364974022
70.7374956608
70.7384951115
70.739495039
70.7404916286
70.7414939404
70.7424898148
70.7435348034
70.7445375919
70.7454938889
70.7464902401
70.7474887371
70.7484920025
70.7494909763
70.7504947186
70.7514839172
70.752494812
70.7535321712
70.7544829845
70.7555205822
70.7564835548
70.7575290203
70.7585282326
70.7595450878
70.7604804039
70.7615246773
70.7625205517
70.7635200024
70.764526844
70.7654871941
70.7664797306
70.7674770355
70.7704720497
70.771476984
70.7724730968
70.7734706402
70.7744731903
70.7754721642
70.7764744759
70.7774710655
70.7784690857
70.7794678211
70.7804670334
70.7814660072
70.7824645042
70.7834644318
70.7845106125
70.7854647636
70.7864692211
70.7874672413
70.7884626389
70.7894659042
70.7904613018
70.791462183
70.7924625874
70.7934646606
70.7944657803
70.7954623699
70.7964606285
70.7974638939
70.7984669209
70.7994732857
70.8004593849
70.8014538288
70.8024530411
70.8034703732
70.8044915199
70.8054554462
70.80645895
70.807454586
70.8084573746
70.8095111847
70.8105142117
70.8114495277
70.8124639988
70.8134710789
70.8144581318
70.8154563904
70.8164582253
70.8174521923
70.8184514046
70.8194506168
70.8204500675
70.8214554787
70.8224508762
70.8234500885
70.8254477978
70.8264510632
70.8275237083
70.8284537792
70.8294968605
70.8305306435
70.8314497471
70.8324465752
70.8354377747
70.8364405632
70.8374452591
70.8384373188
70.8394372463
70.8404393196
70.8414313793
70.8424351215
70.8434329033
70.8444356918
70.8454694748
70.846432209
70.8474678993
70.8484380245
70.8494372368
70.8504462242
70.8514332771
70.8524339199
70.8564295769
70.8574287891
70.8584389687
70.8594310284
70.860429287
70.8614273071
70.8624298573
70.8634192944
70.8644199371
70.8654174805
70.8664190769
70.8674426079
70.8684644699
70.8694250584
70.8704302311
70.8714346886
70.8724172115
70.8734767437
70.8744139671
70.8754706383
70.8764162064
70.8774142265
70.8784179688
70.8794119358
70.8804085255
70.8814451694
70.8824105263
70.8834066391
70.8844130039
70.8854060173
70.886405468
70.8874065876
70.8884079456
70.8894481659
70.8904073238
70.8914039135
70.8924026489
70.8934030533
70.8944139481
70.8954055309
70.8964033127
70.8974034786
70.8984062672
70.8994014263
70.9003973007
70.901468277
70.9024074078
70.9034180641
70.9044568539
70.9054203033
70.9064028263
70.9074008465
70.908403635
70.9094064236
70.9103999138
70.9113988876
70.9124002457
70.9153981209
70.9163880348
70.9173874855
70.918387413
70.9193992615
70.9204096794
70.921387434
70.9223878384
70.9234011173
70.9243791103
70.9253776073
70.9263777733
70.9273774624
70.9283745289
70.9294230938
70.9303781986
70.9313783646
70.9323785305
70.9393801689
70.9404191971
70.9413776398
70.9423677921
70.9433732033
70.9443645477
70.9453649521
70.9463694096
70.9473650455
70.9483692646
70.949369669
70.9563615322
70.9573624134
70.9583666325
70.9593656063
70.9603664875
70.9613642693
70.9623653889
70.9633584023
70.9643602371
70.9653580189
70.9663686752
70.9673666954
70.9683556557
70.9693527222
70.9703476429
70.9713516235
70.9723517895
70.9733512402
70.974347353
70.9763731956
70.9773669243
70.9783453941
70.9793491364
70.9803476334
70.9813554287
70.9823460579
70.9833436012
70.9843399525
70.9853568077
70.9863877296
70.9873819351
70.9883482456
70.9893443584
70.9903435707
70.991339922
70.9923424721
70.9933385849
70.9943397045
70.9953384399
70.9963421822
70.9973373413
70.9983406067
70.9993391037
71.0003378391
71.0013377666
71.0023548603
71.0033361912
71.0043582916
71.0053400993
71.006336689
71.0073430538
71.0083446503
71.0093390942
71.01035285
71.0113544464
71.012339592
71.0133314133
71.0143415928
71.0153324604
71.0163290501
71.0173244476
71.0183703899
71.0193269253
71.0203235149
71.0213215351
71.0223238468
71.0233213902
71.0243163109
71.0253200531
71.0263154507
71.0273165703
71.0283186436
71.0293428898
71.0303151608
71.0313112736
71.0325539112
71.0333154202
71.0343093872
71.0353097916
71.0363073349
71.0373477936
71.0383107662
71.0393102169
71.0403120518
71.0413069725
71.0423116684
71.0433084965
71.0443053246
71.0453209877
71.0463039875
71.0473480225
71.0483121872
71.0493099689
71.0503065586
71.0515463352
71.0523161888
71.0543019772
71.055305481
71.0565457344
71.0575532913
71.0585472584
71.0595448017
71.0605814457
71.0615432262
71.0625452995
71.0633001328
71.0645880699
71.0655791759
71.0665848255
71.0675783157
71.0685896873
71.0695440769
71.0703086853
71.071546793
71.0725901127
71.0735387802
71.0745389462
71.0755822659
71.0765814781
71.0775399208
71.0785703659
71.0793714523
71.0805356503
71.0815372467
71.0825409889
71.0835316181
71.0845332146
71.0855340958
71.0865297318
71.0875346661
71.0885374546
71.0895316601
71.0905275345
71.0915286541
71.0925316811
71.093528986
71.0945301056
71.0955300331
71.0965270996
71.0975267887
71.0985274315
71.0995235443
71.1005616188
71.1015665531
71.1025660038
71.103562355
71.1045193672
71.1055588722
71.1065576077
71.1075630188
71.1085186005
71.1095166206
71.1105613708
71.1115152836
71.1125259399
71.1135129929
71.1145141125
71.115527153
71.1165146828
71.1175196171
71.1185173988
71.1205189228
71.1215145588
71.1225163937
71.1235132217
71.1245088577
71.1255106926
71.1265096664
71.1275067329
71.1285066605
71.1295042038
71.1305100918
71.1315073967
71.1325044632
71.1335074902
71.1345059872
71.1355087757
71.1364367008
71.1375026703
71.138502121
71.1395039558
71.1405062675
71.1415503025
71.1425480843
71.1435065269
71.1445026398
71.1454980373
71.1465027332
71.1475002766
71.1484963894
71.149503231
71.150500536
71.1515016556
71.15249753
71.1544983387
71.1554992199
71.1565027237
71.1574947834
71.1584992409
71.1594955921
71.1604948044
71.1614966393
71.1624922752
71.1634867191
71.1644899845
71.1654868126
71.166488409
71.1675314903
71.1685266495
71.1694853306
71.1704845428
71.1714816093
71.1724822521
71.1734786034
71.1744799614
71.1754815578
71.1764929295
71.1774816513
71.1785018444
71.179479599
71.1804802418
71.181481123
71.1824812889
71.1834721565
71.1844785213
71.1854820251
71.1864786148
71.187379837
71.188475132
71.1894724369
71.1905035973
71.1915333271
71.192470789
71.1934704781
71.1945393085
71.1954674721
71.1964745522
71.1974675655
71.198469162
71.1994719505
71.2004723549
71.2014710903
71.2024719715
71.2034759521
71.2044658661
71.2054681778
71.2064743042
71.2074685097
71.2084653378
71.2094709873
71.2104616165
71.2114560604
71.2124629021
71.213463068
71.2144658566
71.215464592
71.2164633274
71.2174634933
71.2184574604
71.2194657326
71.2204637527
71.2214591503
71.2224638462
71.2234609127
71.2244586945
71.2254576683
71.2264511585
71.2274541855
71.2284510136
71.2294886112
71.2304577827
71.2314577103
71.232448101
71.2334563732
71.2344458103
71.2354707718
71.2364542484
71.237457037
71.2384641171
71.2394566536
71.2404611111
71.2414507866
71.2424561977
71.243465662
71.2444491386
71.2454533577
71.2464771271
71.247451067
71.2484502792
71.2494475842
71.2504444122
71.2514457703
71.2524428368
71.253443718
71.2544598579
71.255474329
71.2564351559
71.2574334145
71.258433342
71.2594361305
71.2604346275
71.2614684105
71.2624783516
71.2635045052
71.2644793987
71.2654812336
71.2664401531
71.2674229145
71.2684803009
71.2694356441
71.2704377174
71.2714343071
71.2724249363
71.2734260559
71.2744464874
71.2754745483
71.2764854431
71.2774744034
71.2784211636
71.2794210911
71.2804214954
71.2814204693
71.2824230194
71.2834205627
71.2844181061
71.2854135036
71.2864146233
71.2874109745
71.2884361744
71.2894127369
71.2904076576
71.2914361954
71.292412281
71.2934114933
71.2944111824
71.2954080105
71.2964067459
71.2974085808
71.2984113693
71.2994086742
71.300406456
71.3014070988
71.3024506569
71.3034129143
71.3044099808
71.3054764271
71.306447506
71.3074069023
71.3084175587
71.3094887733
71.3104243279
71.3114302158
71.3124580383
71.3134069443
71.3143978119
71.315400362
71.3163967133
71.3174059391
71.3184001446
71.3193998337
71.3204014301
71.3214142323
71.3225250244
71.3235282898
71.3244104385
71.3253877163
71.326382637
71.3273968697
71.328384161
71.3293836117
71.330429554
71.3314464092
71.3323888779
71.3333795071
71.334382534
71.3353850842
71.3363819122
71.3373830318
71.3383789062
71.3394012451
71.340429306
71.3414256573
71.3424317837
71.3434593678
71.3444104195
71.3454561234
71.3463766575
71.3473763466
71.3483729362
71.3493840694
71.3503756523
71.3523755074
71.3533735275
71.3543689251
71.3553733826
71.3563737869
71.3573725224
71.3583762646
71.3593630791
71.3604259491
71.3613705635
71.3623690605
71.3633618355
71.3644111156
71.3653805256
71.3663666248
71.3673655987
71.3684077263
71.3693742752
71.3704140186
71.3713648319
71.3723635674
71.3733594418
71.3743605614
71.3753669262
71.3763580322
71.377358675
71.3783576488
71.3793532848
71.3803536892
71.3813667297
71.3823547363
71.3833510876
71.3843579292
71.3853600025
71.386361599
71.3873507977
71.3883485794
71.3893480301
71.3903608322
71.3913469315
71.3923485279
71.3933496475
71.394364357
71.395365715
71.3963425159
71.3973476887
71.3983492851
71.3993403912
71.400339365
71.4013414383
71.4023430347
71.4033381939
71.4043359756
71.4053385258
71.4063372612
71.4073343277
71.4083375931
71.4093332291
71.4103758335
71.4113328457
71.4123318195
71.4133367538
71.4143359661
71.4153754711
71.4163367748
71.417337656
71.4183366299
71.4193341732
71.4203329086
71.4213414192
71.4223332405
71.4233293533
71.4243285656
71.4253358841
71.4265713692
71.4273304939
71.4283230305
71.4293420315
71.4305756092
71.4313216209
71.4323303699
71.4333295822
71.4343259335
71.435324192
71.4363248348
71.4373233318
71.4383218288
71.4393239021
71.4403195381
71.4413177967
71.4423184395
71.4433195591
71.4443099499
71.4453072548
71.4463174343
71.4475545883
71.4485659599
71.4493117332
71.4503076077
71.4513061047
71.4523050785
71.453309536
71.4543092251
71.4553067684
71.4563074112
71.4573047161
71.4583058357
71.459559679
71.4605414867
71.4613044262
71.4625427723
71.4635410309
71.4645473957
71.4655432701
71.466552496
71.4675986767
71.4685482979
71.4693000317
71.4705426693
71.4715394974
71.472536087
71.4735364914
71.4745337963
71.4755377769
71.4765348434
71.4775402546
71.4785377979
71.4795424938
71.4803533554
71.4815368652
71.4825615883
71.4835448265
71.4845271111
71.4855296612
71.4865274429
71.487524271
71.4885237217
71.4895277023
71.4905376434
71.491528511
71.4925272465
71.4935276508
71.4945278168
71.4955248833
71.4965233803
71.4975233078
71.4985327721
71.4995195866
71.5005681515
71.5015206337
71.5025215149
71.5035738945
71.5045673847
71.5055551529
71.5065736771
71.5075306892
71.5085589886
71.5093290806
71.5105369091
71.5115330219
71.5125136375
71.5135138035
71.5145223141
71.5155138969
71.5165622234
71.517506361
71.5185036659
71.5195047855
71.5205044746
71.52150774
71.5225110054
71.5235049725
71.5245223045
71.5252993107
71.5263893604
71.5275268555
71.5285794735
71.5295057297
71.5305063725
71.5315067768
71.5325055122
71.5335030556
71.5345039368
71.537501812
71.5385041237
71.5395066738
71.5405004025
71.5415072441
71.5424981117
71.5434992313
71.5445156097
71.5455088615
71.5465090275
71.5475008488
71.5484950542
71.5494976044
71.550491333
71.5514917374
71.5524990559
71.553539753
71.5544934273
71.5554933548
71.5564918518
71.5574910641
71.5584893227
71.5594899654
71.5604982376
71.5614831448
71.5624866486
71.5634880066
71.5644829273
71.5654838085
71.5664863586
71.5674872398
71.5684816837
71.5694782734
71.5704796314
71.5714817047
71.5724816322
71.5734806061
71.5744767189
71.5754761696
71.5764770508
71.5774741173
71.5784733295
71.5794742107
71.5804760456
71.5814790726
71.5824737549
71.5834779739
71.5844812393
71.5854797363
71.5864746571
71.5874707699
71.5884709358
71.589468956
71.590473175
71.5914678574
71.5924665928
71.5934658051
71.5944666862
71.5954623222
71.596460104
71.5974626541
71.5984914303
71.5994644165
71.6004750729
71.6014618874
71.6024625301
71.6034576893
71.6044645309
71.6054625511
71.6064610481
71.6074635983
71.608502388
71.6094708443
71.6104576588
71.61145401
71.6124527454
71.6164557934
71.6174588203
71.6184587479
71.6194617748
71.6204588413
71.6295251846
71.630464077
71.6314544678
71.6324555874
71.633452177
71.6344525814
71.6354506016
71.6364502907
71.6374499798
71.6384468079
71.6394560337
71.6404592991
71.6414453983
71.6424455643
71.643440485
71.6444821358
71.6454424858
71.6464457512
71.6474397182
71.6484510899
71.6494395733
71.6504368782
71.6514341831
71.6524415016
71.6534385681
71.6544353962
71.6554393768
71.6564280987
71.6574287415
71.6584277153
71.6594288349
71.6604464054
71.6614267826
71.6624274254
71.6634261608
71.664429903
71.6654384136
71.6664292812
71.6674253941
71.6684424877
71.6694281101
71.6704266071
71.6714298725
71.6724278927
71.6734330654
71.6744503975
71.6754331589
71.6764242649
71.6774315834
71.678429842
71.6794388294
71.680444479
71.681427002
71.6824214458
71.6834251881
71.6844320297
71.6854195595
71.6864190102
71.6875081062
71.6884438992
71.689450264
71.6904373169
71.6914372444
71.692435503
71.6934299469
71.6944270134
71.6954364777
71.6964626312
71.6974215508
71.6984214783
71.6994197369
71.7004301548
71.7014234066
71.702419281
71.7034239769
71.7044198513
71.7054214478
71.7064242363
71.7074196339
71.7084207535
71.70941329
71.7104036808
71.711407423
71.7124061584
71.7134070396
71.7144172192
71.7154057026
71.7163960934
71.7174036503
71.7183983326
71.7193996906
71.720400095
71.7214024067
71.7224030495
71.7234077454
71.7244083881
71.7254185677
71.7264151573
71.7274181843
71.7284274101
71.7294123173
71.7304162979
71.7313961983
71.7323887348
71.7333960533
71.7343964577
71.7353980541
71.7363848686
71.7373857498
71.7383828163
71.7394111156
71.7404067516
71.7414002419
71.7423956394
71.7433874607
71.7443971634
71.7453970909
71.7463922501
71.7474122047
71.7483997345
71.7493786812
71.7503836155
71.7513763905
71.7523787022
71.7563793659
71.7573773861
71.7583911419
71.7593727112
71.7603800297
71.7613787651
71.7623848915
71.7634029388
71.7643873692
71.7653813362
71.766395092
71.7674384117
71.7683701515
71.7693884373
71.7703819275
71.7713773251
71.7723758221
71.7733752728
71.7743697166
71.7753736973
71.7763712406
71.777368784
71.7783777714
71.7793831825
71.7803838253
71.781370163
71.7823698521
71.7833874226
71.7846033573
71.7853610516
71.7863593102
71.7873570919
71.7883656025
71.7893726826
71.7903723717
71.7913703918
71.792372942
71.793377161
71.7943687439
71.7953679562
71.796369791
71.7973718643
71.7983620167
71.7993652821
71.8003611565
71.8013575077
71.8023579121
71.8033642769
71.8043580055
71.8053491116
71.8064146042
71.8074276447
71.8083586693
71.8093602657
71.8103699684
71.8113660812
71.812353611
71.8133604527
71.8143556118
71.8153665066
71.8163547516
71.8173503876
71.8183534145
71.8193740845
71.8203487396
71.8213508129
71.8223428726
71.8233623505
71.8245835304
71.8253386021
71.8263511658
71.8273386955
71.8283345699
71.8293368816
71.8303349018
71.8313338757
71.8323330879
71.8333323002
71.8343384266
71.8353319168
71.8363339901
71.8373317719
71.8383805752
71.8393969536
71.8403971195
71.8413338661
71.8423483372
71.84334445
71.8445637226
71.8453407288
71.84633255
71.8475570679
71.8485610485
71.8493208885
71.8503291607
71.8513307571
71.8553256989
71.856323719
71.8573329449
71.8583385944
71.859331131
71.8603305817
71.8613421917
71.8625516891
71.863322258
71.8645479679
71.8655500412
71.8665480614
71.8675563335
71.8685498238
71.8693137169
71.8705513477
71.871544838
71.872541666
71.8735427856
71.8745422363
71.8755435944
71.8765435219
71.8773198128
71.8785443306
71.8795464039
71.8805391788
71.8815429211
71.8825387955
71.8835442066
71.8845396042
71.8853037357
71.8865318298
71.8875355721
71.8885397911
71.8893549442
71.8905317783
71.8915302753
71.8925328255
71.8932986259
71.8945324421
71.8955328465
71.8963387012
71.8973536491
71.8985249996
71.8995320797
71.9003741741
71.9015295506
71.9025371075
71.9065206051
71.9074699879
71.9085204601
71.9095239639
71.9105231762
71.9115233421
71.9125180244
71.9135184288
71.914516449
71.9155230522
71.9165198803
71.9175167084
71.9185142517
71.9195127487
71.9205286503
71.9215524197
71.9225406647
71.9235258102
71.9245252609
71.9255185127
71.9265272617
71.9275650978
71.9285330772
71.9295413494
71.9305272102
71.9315207005
71.9325089455
71.9335091114
71.9345088005
71.935505867
71.9365031719
71.9375190735
71.9385709763
71.9395256042
71.9405264854
71.9415175915
71.9425337315
71.9435386658
71.9445266724
71.9455182552
71.9465310574
71.9475128651
71.9485085011
71.9495089054
71.9505090714
71.9515118599
71.9525105953
71.9535081387
71.9545035362
71.955508709
71.9565029144
71.9575059414
71.9585149288
71.9595091343
71.9605095387
71.9615113735
71.9625008106
71.963506937
71.9645035267
71.9655020237
71.9665091038
71.9675092697
71.9685087204
71.9695034027
71.9705040455
71.9714980125
71.9724953175
71.9734921455
71.9744915962
71.9754927158
71.9764916897
71.9775056839
71.9785063267
71.9795081615
71.9804942608
71.9814944267
71.9824819565
71.9834909439
71.9844889641
71.9854717255
71.9864721298
71.9874711037
71.9884872437
71.9894840717
71.9904828072
71.9914679527
71.9924674034
71.9933338165
71.9944667816
71.9954686165
71.9964733124
71.9974658489
71.9984633923
71.9994688034
72.0004658699
72.0014877319
72.0024695396
72.0034720898
72.0044579506
72.0054597855
72.0064592361
72.0074849129
72.0085048676
72.0095040798
72.0104649067
72.0114674568
72.0124773979
72.0134706497
72.0144774914
72.0154747963
72.0164895058
72.0174677372
72.0204632282
72.0214657784
72.0224626064
72.0234658718
72.0244600773
72.0254607201
72.0264527798
72.0274617672
72.0284621716
72.0294997692
72.0304546356
72.0314507484
72.0324542522
72.033454895
72.0344531536
72.0354492664
72.0364480019
72.0374429226
72.0384824276
72.0394859314
72.0404849052
72.0414540768
72.0424492359
72.0434479713
72.0444731712
72.0454480648
72.0464775562
72.0474793911
72.0484695435
72.0494446754
72.0504398346
72.0514409542
72.052441597
72.0534415245
72.0544419289
72.0554435253
72.0564422607
72.0574402809
72.0584352016
72.0594472885
72.0604391098
72.0614349842
72.0624377728
72.0634336472
72.0644278526
72.0654301643
72.0664298534
72.0674278736
72.0684435368
72.0694425106
72.070469141
72.0714445114
72.0724425316
72.0734453201
72.0744376183
72.0754406452
72.0764369965
72.0774488449
72.0784444809
72.0794270039
72.080442667
72.0814323425
72.0824346542
72.0834281445
72.0844290257
72.0854263306
72.0864257812
72.0874240398
72.0884239674
72.0894253254
72.0904357433
72.0914230347
72.0924158096
72.0974161625
72.0984184742
72.0994198322
72.1004137993
72.10141325
72.1024172306
72.1034133434
72.1044266224
72.1054315567
72.1064174175
72.1074223518
72.1084218025
72.1094176769
72.1104137897
72.1114082336
72.1124212742
72.1134126186
72.1144106388
72.1154222488
72.1164155006
72.1174044609
72.1184074879
72.1194014549
72.1204030514
72.1214025021
72.1224064827
72.1233992577
72.1244244576
72.1254010201
72.1264035702
72.1274094582
72.1284003258
72.1294062138
72.1304140091
72.1314053535
72.1323983669
72.1333875656
72.1343874931
72.1353852749
72.136431694
72.1373829842
72.138446331
72.1393897533
72.1404361725
72.141433239
72.1423826218
72.1434004307
72.1443910599
72.1453850269
72.1463813782
72.1473870277
72.148403883
72.1493782997
72.1503765583
72.1513764858
72.1523785591
72.1533813477
72.1543753147
72.1553776264
72.156375885
72.1573746204
72.1583731174
72.1593677998
72.160378933
72.161375761
72.1624302864
72.1633687019
72.1643731594
72.1653707027
72.1663842201
72.1673746109
72.1683824062
72.1693716049
72.1703748703
72.1713662148
72.1723687649
72.1733613014
72.174366951
72.1753706932
72.1763682365
72.1773686409
72.1783692837
72.1793649197
72.1823637486
72.1833639145
72.1843554974
72.1853640079
72.1863667965
72.1873557568
72.1883611679
72.1893525124
72.1903533936
72.1913504601
72.1923515797
72.1933546066
72.1943490505
72.1953475475
72.1963419914
72.1973547935
72.1983523369
72.1993532181
72.200353384
72.2013521194
72.202354908
72.2033519745
72.2043514252
72.2053494453
72.2063381672
72.2073419094
72.2083470821
72.2093474865
72.2103483677
72.2113478184
72.2123463154
72.2133471966
72.2143464088
72.2153468132
72.216344595
72.2173454762
72.2183384895
72.2203376293
72.2213487625
72.2223477364
72.2243282795
72.2253406048
72.2263376713
72.2273302078
72.2283260822
72.2293329239
72.2303349972
72.2313308716
72.232326746
72.2333347797
72.2343308926
72.2353298664
72.2363317013
72.2373359203
72.2383310795
72.2393314838
72.2403359413
72.241328001
72.242328167
72.2433214188
72.2443213463
72.2453227043
72.2463233471
72.2473230362
72.2483189106
72.2493243217
72.2503182888
72.2513155937
72.2533280849
