0.0193547940158
0.0180863008243
0.0159837005026
0.0141707878437
0.0121621201069
0.0112071080303
0.0113247307387
0.0123877688454
0.015129666928
0.0176982962676
0.0195749851496
0.0195680978964
0.0205082922288
0.0210446706161
0.0213685708246
0.0215773008433
0.0209549870639
0.0193684734257
0.0182232329884
0.017473031296
0.0153666808797
0.0146267845241
0.0137581678882
0.0138769483624
0.0142977590463
0.0152387917637
0.016293392069
0.0177702200719
0.0182903848612
0.0195644050459
0.0197632409576
0.0204013142557
0.0209519420124
0.0203094863397
0.0181972497237
0.0154699348949
0.0144122992625
0.0133560803506
0.0119658277309
0.0129321998881
0.0136777525657
0.0146153159864
0.0154528043589
0.0163063657576
0.0171273735114
0.0186141182214
0.020312143878
0.0209391578853
0.0211708596977
0.0199921229002
0.0170468512286
0.0157815379844
0.0154547844044
0.0143951586217
0.0141637463513
0.0145919411869
0.0149184994193
0.0154523459296
0.0162781733274
0.0170343814449
0.0178728940487
0.0186250069969
0.0195650700706
0.0196779562791
0.0198891258009
0.0197923714118
0.0195743930806
0.0192438236803
0.018409517754
0.0173530734678
0.0169198141999
0.0168038094198
0.0161846477925
0.0164823503424
0.0152252369515
0.0162867622173
0.0160816163205
0.0165837996638
0.0171178261166
0.017755332252
0.0185890606436
0.0188129113187
0.0187087468081
0.0194618872435
0.0195546539663
0.0190286792675
0.0168054260172
0.016605402182
0.0163861819696
0.0167123432881
0.0170331182945
0.0174533217974
0.0182024813895
0.0179867551177
0.0184896116608
0.0181868984436
0.0182782279376
0.0183916311504
0.0181828056898
0.0171320214978
0.0171327430882
0.0182898644918
0.0184024715304
0.0178709217237
0.0175424246329
0.0178839841192
0.0172396606095
0.0180915930207
0.0185006942299
0.0181899997895
0.0180778779118
0.017537764612
0.0175349772592
0.0177681730587
0.0180763271406
0.0180779388236
0.0179685386823
0.0173159944261
0.017644521535
0.0173266091387
0.0179651190978
0.0186047319153
0.01892175028
0.0186152255926
0.0183867370367
0.0194734548948
0.0180977907981
0.0191424732542
0.0186077654219
0.0189356618788
0.0185890434179
0.0196591359234
0.0193354239158
0.0198707478658
0.0193236620856
0.018465579338
0.0176482936651
0.0165720769024
0.0161463888448
0.0161583851701
0.017425628498
0.0191395828231
0.0189028440141
0.019550318048
0.0189039225002
0.0189024834509
0.0188119403973
0.019227331867
0.0190139585931
0.0171227356354
0.0178477540093
0.0178549483016
0.0171098063152
0.0177622597163
0.0185077036653
0.0180770979093
0.0180680391497
0.0181640933056
0.0182742077286
0.018798030917
0.0192032937846
0.0197548030517
0.0183548563774
0.0186835750875
0.0183633832134
0.0183926552678
0.0179584092094
0.0181815997836
0.0183966852106
0.0190254706283
0.0187055578935
0.0182863428091
0.0179674427514
0.0174348308135
0.0181768712614
0.0181866293833
0.0174266638625
0.0177604061156
0.0175387440938
0.0175538564918
0.0170101831494
0.0177512932938
0.0185958907316
0.0181785667627
0.0178638972691
0.0182846955325
0.0183734825543
0.0185981398849
0.0180661693868
0.0177523497443
0.0179564720928
0.0178752271296
0.0172250168251
0.0173338653181
0.0173473001282
0.0171551234913
0.0171518422029
0.0179827581122
0.0168161665797
0.0172341326362
0.0171147238998
0.0175301236279
0.0177518767808
0.0175392674526
0.0181676281354
0.0184741863246
0.0179793070657
0.0181674454227
0.0178602687002
0.0174277970415
0.0181624468998
0.0169114168769
0.016488092977
0.0167987232192
0.0170000843775
0.0168996798783
0.0177419016874
0.0179531379851
0.0179652417962
0.0180694210337
0.0182731818693
0.0174253764707
0.0181759096884
0.0173152668577
0.0166736489222
0.0169102912257
0.0171071464402
0.0174395465346
0.0177479896727
0.0178417277809
0.0181711524838
0.0181550212593
0.0180453584168
0.018351540445
0.0183628372154
0.0184724684906
0.0184840207368
0.0175330817938
0.0176372764365
0.0173281044824
0.0180865467598
0.0175527512483
0.0180805881033
0.0179582283172
0.0174403419423
0.0180785885219
0.0179633113101
0.0183657523736
0.0177403179041
0.0177583741264
0.0187227393145
0.0177450187098
0.0177357277662
0.0176388391338
0.0176292754887
0.0170131133018
0.0165792312551
0.0176454745524
0.0185057459533
0.0180855932567
0.0184907005237
0.0184659277826
0.0175310392351
0.016363552043
0.0180786680199
0.0175431780666
0.0173336848112
0.0172296381585
0.0178687952382
0.0185068520677
0.0187175861713
0.0178550595339
0.016580755562
0.0163672904001
0.0170091866345
0.017959435747
0.018594788744
0.0185831939806
0.0184932831282
0.0178620247055
0.0180646121776
0.0180709605531
0.0176475272464
0.0184939107121
0.017955107242
0.0178544303172
0.0173278967448
0.0173359852612
0.0173387487578
0.0179607226747
0.0169135458612
0.0171258595026
0.0166986080694
0.0161744976453
0.0167055545799
0.0176343910336
0.0181907824843
0.0179483169058
0.018286401222
0.0190163210184
0.0208180174598
0.020608156223
0.020395677659
0.0178334731779
0.0157221103784
0.0120226601624
0.0113761732122
0.0108654486126
0.0115108083841
0.0134383652964
0.0157659598484
0.0181917191469
0.0187181505332
0.0199790134192
0.0217666593179
0.0223978680767
0.0231402792762
0.0226838292781
0.0212419307107
0.0206807133708
0.0197327472114
0.0180562122504
0.0174258305548
0.0165869317943
0.0162618034513
0.0153066039308
0.0151967522091
0.0156227854247
0.0160588977711
0.016677905535
0.0180511710965
0.0196292355762
0.019977303953
0.0195302382525
0.0193255638533
0.0193262549571
0.018576669947
0.0193396020059
0.0183861124156
0.0176623430695
0.0173488113411
0.0170203608204
0.0169160742897
0.0162710596762
0.0177374518454
0.0177412176165
0.0174090966614
0.0179429735751
0.0176285632989
0.0185662662585
0.018994032197
0.0182408274014
0.0189019657379
0.0183903539469
0.0180674648708
0.0174439283704
0.0171583713918
0.0169287335211
0.0177791542338
0.0171372475967
0.016702747883
0.0175693920801
0.0183076824335
0.0174468516732
0.0184967961149
0.0186138839984
0.0175540764526
0.0176524650461
0.017021100201
0.0170096200396
0.0176421929926
0.0173476882941
0.0172262408287
0.0173272631042
0.0181827240998
0.0177540614077
0.01786151501
0.0177466482968
0.0177465255985
0.0177526834363
0.0172175392361
0.0178594525036
0.0182764656566
0.0180633442174
0.0186240672669
0.0184052920045
0.0177764183398
0.017446752293
0.0175626628483
0.0172250974662
0.0175411038276
0.0179557477064
0.0180661682188
0.0179511027094
0.017855392355
0.0173112860932
0.0179329566122
0.0185859761125
0.0176138126329
0.0178494118515
0.0176391872813
0.0176432237406
0.0177369044121
0.0175251430139
0.0173117865805
0.0176331721378
0.0170878306254
0.0176404572547
0.0177561814296
0.0173116250061
0.0179466498781
0.0176273041133
0.017630123226
0.0174158532292
0.018377202329
0.0168929502348
0.0177347678212
0.0180703781827
0.0179639042548
0.0180633466072
0.017313743693
0.0173123947113
0.0176219635005
0.0172023767937
0.0174208009458
0.0179456665409
0.0177287941314
0.0179472487702
0.0177273968423
0.0178681679257
0.0179633766506
0.0175470314064
0.0180802273475
0.0173233222833
0.017978672746
0.0173398091473
0.0168102248425
0.0171097877281
0.017746527419
0.017338879986
0.0179510540209
0.0176458259598
0.0177402255303
0.0180685252603
0.0174325963565
0.0177475678125
0.0178626441097
0.0181718750496
0.0179613869072
0.0177501097203
0.0180705574726
0.017653571353
0.0181667212281
0.0177580647763
0.0168053720033
0.0175352760398
0.0179879259775
0.0176611551718
0.0178647022919
0.0178771512611
0.01734183125
0.0179842811631
0.017460768874
0.0178712698711
0.017865766349
0.0178660191333
0.0173273229564
0.0181650116791
0.0169126024636
0.0177464779742
0.0168970200033
0.017216218649
0.0177459926206
0.0175455452185
0.0176419640645
0.0179731735697
0.0180740993398
0.0172445555901
0.017867648042
0.0173381119352
0.0174485963527
0.0180696172522
0.0179599027325
0.0178488426009
0.0177478997978
0.0181805103171
0.0177519360645
0.0180616185849
0.0179520709394
0.0175361508901
0.0173145714345
0.0180518409311
0.0176192808328
0.0176263432974
0.0176453632944
0.0178411402154
0.0171063956722
0.0177297519588
0.0177275963215
0.0179424449167
0.017515747162
0.0176379826218
0.0177329190304
0.0182590788619
0.0181432398924
0.01815970185
0.0177486486097
0.0175235201619
0.0178306869674
0.0174302591183
0.0179421841453
0.0176250832144
0.0178344436925
0.0175140440549
0.0174196165014
0.0180497419642
0.0179571068765
0.0174184180084
0.0177191791944
0.0186845608146
0.0177339352698
0.0178362066518
0.0181499952127
0.0181541389653
0.0170153831599
0.0175318548274
0.0172394864267
0.0177484523381
0.01765909123
0.0180781838086
0.0176546588064
0.0181828883393
0.018077533432
0.0177616889165
0.0173338468497
0.0175545059187
0.0177484086481
0.0174381159621
0.0175467177063
0.0171358141144
0.0177527321505
0.017971802745
0.0175349092273
0.0175404272837
0.0173266262856
0.017558697029
0.0178651520517
0.017559727886
0.0168218432212
0.0174628443606
0.0175647787642
0.0167042113835
0.0176510646888
0.0172468383544
0.0168045741225
0.017450485459
0.0177545026113
0.0182856313242
0.017644892886
0.018082155418
0.0180726154364
0.0177363236954
0.0172214390671
0.0172124749924
0.017428604454
0.0178653108038
0.0180548800304
0.0176458688888
0.0179606986002
0.0178661836706
0.0181711975304
0.0171134049407
0.0175315714519
0.0171162022104
0.0169081149882
0.0176435356153
0.0179660950217
0.017639595854
0.0184942906982
0.0181536223423
0.0177341018468
0.0183702270479
0.0179584349914
0.0175277493607
0.0177517873963
0.0176301108103
0.01773168283
0.0172979462744
0.0178404898388
0.0173161886844
0.0167800426738
0.018283403012
0.0182621310344
0.0180586669662
0.0177361218842
0.0165700759643
0.015401716693
0.0146410121634
0.0151942132642
0.0163518186864
0.0178420321285
0.0187048845847
0.019556802269
0.019970453112
0.0193342050199
0.0189031970238
0.0196378935615
0.0195275155664
0.0187904745122
0.0177330116755
0.0174218638341
0.0167815606216
0.0171099412898
0.0168704946837
0.0173230938152
0.0173224350663
0.0178439246094
0.0175313294297
0.0184959616385
0.0178534660263
0.0189092843565
0.0184888461659
0.0183947819459
0.0180628488371
0.0175288213208
0.0174398717748
0.0172323764423
0.0172370069051
0.0172277713849
0.0174536278868
0.0170309552392
0.0172336392168
0.0179699391486
0.0183102255888
0.0182784862102
0.0182718344367
0.0187977937304
0.0179641887943
0.0178504633299
0.0166760854361
0.017409030288
0.0170103554812
0.0174387481633
0.0183853889258
0.0179737048408
0.0178864734002
0.0179610186851
0.0181814228562
0.0178702088034
0.0178877387523
0.0174325585656
0.0178586237338
0.0180820996093
0.0177454538567
0.0175523387366
0.0188116772369
0.0184864027245
0.0179540213426
0.0181568192439
0.0177343561803
0.0175219122603
0.0176251038364
0.0180676716588
0.0182834634638
0.0183675887486
0.0188083585077
0.0180494694598
0.01849222782
0.017737040476
0.0176364943155
0.0176416908774
0.0183941383884
0.0181705708174
0.0181756519897
0.0177368483103
0.0173144668327
0.0174129563602
0.0175091999904
0.018244587794
0.018584947947
0.0186718860992
0.0190867508098
0.0185845946925
0.0190084894966
0.018884404489
0.0188830219267
0.0181468872106
0.0182591892233
0.0179294586237
0.0177173025039
0.0176263060493
0.0177230701627
0.0179513344078
0.0180442247786
0.017725259573
0.0186847041872
0.0184669874937
0.0185879491198
0.0184869123101
0.0184833118335
0.0185959843264
0.0185902120503
0.0173194895088
0.0175276081057
0.018052902296
0.0178280992817
0.0176258741934
0.0180536172559
0.0184648398436
0.0180502295452
0.0180735811411
0.0179623147119
0.0183633031461
0.018401347512
0.0181860033485
0.0176679625458
0.0180856649514
0.0179730916859
0.0174433713173
0.017886481466
0.0171287647439
0.0173545844881
0.0176700174415
0.0177639909157
0.0175412511649
0.0178563608033
0.0174268171785
0.0186051383704
0.0180725942717
0.0184919396346
0.0177424739531
0.0181693630025
0.0174248143411
0.0175580840626
0.017430504051
0.0172306325557
0.0173406187133
0.0166022939085
0.0167025389773
0.0171161392068
0.0175602357609
0.0177675495229
0.0179708579072
0.0186031521061
0.0187208731405
0.0181833190529
0.0179690492486
0.0177222622862
0.0178634256622
0.0174364801258
0.0172227108876
0.0169873325008
0.0178411718966
0.0179506393915
0.018690868682
0.0180582228871
0.0176200702626
0.0172984810993
0.0161455314619
0.0160476171629
0.0162608040564
0.0177413305905
0.0180486798374
0.0185918403905
0.0182751771008
0.01743473795
0.0178623830412
0.0186970144011
0.019115854388
0.0190998927034
0.018886461122
0.018670020761
0.018131725551
0.017937795679
0.0173875973884
0.0182587131084
0.0175040528781
0.0176096128573
0.0171832261946
0.0177232468187
0.0180391564821
0.0182618381179
0.018375729778
0.0179336881984
0.0179547967809
0.0176109154616
0.0183687199402
0.0182703129788
0.0175224435752
0.0180472551033
0.0179676693428
0.0177476758629
0.0174403592468
0.0177474714997
0.0171059353428
0.0172112425377
0.0171996714379
0.0175266394118
0.0169019265328
0.017758240754
0.0177472233327
0.0182760198357
0.0175301923381
0.0175265150854
0.018270042133
0.0172139527292
0.0178586058298
0.0179695103608
0.0174369368133
0.0176435470814
0.017757050086
0.017764261604
0.0178721502394
0.0176575348918
0.0178799129371
0.0176607263052
0.0178433249554
0.0171325222565
0.0171284924276
0.0176579301778
0.0175430110304
0.0177491408337
0.0175461505742
0.0177622873446
0.0180919648317
0.018287045082
0.0179690710916
0.017966752545
0.017961894025
0.0178655635881
0.0175416576987
0.0176326884122
0.0168986586363
0.0169045128836
0.0170078038797
0.0170286136816
0.0173380041563
0.0169174225931
0.0166934498979
0.0170291094378
0.0166110443464
0.0172227566913
0.0182935716581
0.0181812204671
0.0185903947107
0.018053482063
0.0177253884379
0.0173096155382
0.0174344235716
0.0174190876504
0.0176260145774
0.0177282859595
0.0171956232153
0.0180557709681
0.0175064168525
0.0185672908709
0.017518675879
0.0180518637238
0.0176094365825
0.0174066307774
0.0171939307034
0.0172097501576
0.0174177815711
0.0177440426814
0.0176238369046
0.0182571921712
0.0179409714159
0.0177325639553
0.0183682795288
0.0182790736361
0.0176371605612
0.0176383335395
0.0174002875089
0.0182610339613
0.0179265168126
0.0179326680199
0.0176123347863
0.0187920416343
0.0184747101473
0.018574334941
0.0180298993115
0.0177305188673
0.017499605535
0.0176152159788
0.0172048801972
0.0170932039478
0.0173145391007
0.0179498169497
0.0174305505113
0.0179660087046
0.0173405248643
0.0181810125151
0.0182980684461
0.018077557367
0.0172156678452
0.0185979183748
0.0174327723599
0.0178776010997
0.0173327437986
0.0176554769022
0.0177563335768
0.0176507807138
0.0170155520431
0.0179612462261
0.0178607417425
0.0181797988361
0.01744199595
0.0185007905427
0.0177785921524
0.0181943069372
0.0175417878104
0.0172247859143
0.0178750128495
0.0174494825062
0.0167151394155
0.0168268163432
0.017025464054
0.0177605974454
0.0173700766882
0.0169343251765
0.0174633179767
0.0176526900352
0.0176402315342
0.0172370161397
0.0170158046348
0.0176427607198
0.0176460077494
0.017988433472
0.0183872253796
0.0174412995771
0.0174470056418
0.0174380083717
0.0171161813436
0.0169155359857
0.0175463764085
0.0180806915323
0.0179594748157
0.0176344073884
0.0175418720926
0.0181623579746
0.0182866000182
0.0182707461125
0.0184809961974
0.0181654943412
0.0177343585654
0.0175172572326
0.0173180826006
0.0160306008484
0.0159192927424
0.0160340620793
0.0174239529934
0.0175279323713
0.0189910958001
0.0198300869345
0.0189962783923
0.0192058673128
0.0177204994843
0.0166660736333
0.0163533624162
0.0162603803499
0.0162414456938
0.0164569166825
0.0160273728651
0.0167783753747
0.0168830317073
0.0175318364337
0.0179600231729
0.019113304607
0.019749559894
0.0195104778947
0.0187914519503
0.0184453349264
0.0182363171076
0.0178376751243
0.0180631740523
0.0175304892725
0.0163524012237
0.0165698369572
0.0163685166882
0.0170140899828
0.0174199680186
0.018497002032
0.0179513571217
0.0183826597411
0.0181633274256
0.0181618011928
0.0177485707653
0.0177371772969
0.0177525033012
0.0168860898528
0.0169059981218
0.0166964050745
0.0168204008855
0.0168038992947
0.0179686703174
0.0178726499346
0.0181902024459
0.0181828666015
0.0177580424436
0.018165203359
0.0180723808275
0.0172186134027
0.0173184911734
0.0177502051622
0.0171106502976
0.016494515144
0.0169184091911
0.0173578761533
0.0173434821944
0.0179937406969
0.0183148160331
0.0182908632084
0.0178733157163
0.0179788703999
0.0174407167419
0.0173471186366
0.0168265128315
0.0166960451896
0.0165859928206
0.0173496341587
0.0171060159791
0.0177480508816
0.0178504198325
0.0180605633025
0.0176581506292
0.0182739259811
0.0178594048794
0.0177555726206
0.0176255760911
0.0173194267725
0.0175251780298
0.0173095935025
0.0175303081877
0.0176229360499
0.0171042193559
0.0172216034119
0.017212947085
0.0173121418482
0.0178538075432
0.0173182275224
0.0175507564767
0.017862208587
0.0179506509364
0.0176240921877
0.0179469474907
0.0180397135352
0.0178352597752
0.0180392366327
0.0176234637329
0.0179370870781
0.0173941473568
0.0171893084203
0.0179333032105
0.0179415847635
0.0187972904471
0.0176359959466
0.0184834143176
0.0170960804972
0.017730477978
0.017314797452
0.0178523098627
0.0166776691055
0.0167823808617
0.0162393031506
0.0164683478888
0.0166830929371
0.0166894004233
0.0178618469602
0.0188906398117
0.018888206068
0.0184841924996
0.0177320083376
0.017310653892
0.017531312961
0.0170032905966
0.0171238077584
0.0171273181675
0.0175572007051
0.0175337272817
0.0173260347811
0.0180928969559
0.0176346013747
0.0180771110821
0.0180861714697
0.0178712356911
0.0169055137179
0.0172112398462
0.0168061587416
0.0170154612973
0.0173441526722
0.0173380186906
0.0167958202843
0.0159550179925
0.0153460434674
0.015313894833
0.016374506728
0.017227245602
0.0184035486559
0.0183098617391
0.0185996415832
0.0187062883374
0.0191444090093
0.018804785852
0.0169091877147
0.0168033559049
0.0167109908273
0.0164920501567
0.0168230210094
0.0172367846339
0.0171220225225
0.0162736642024
0.0170203147103
0.0171113791968
0.0173146238686
0.0178265379152
0.0184511783376
0.0175173970428
0.0174179619992
0.0162506237772
0.0166907983907
0.0161621746047
0.0169052492009
0.0176463014229
0.0186101269763
0.018064895256
0.0188254196505
0.0174392783452
0.0173098479148
0.0165622337943
0.016354705831
0.0153055163677
0.0147718904965
0.0143575740644
0.0146935213256
0.0156282203155
0.0175451485454
0.0191380594658
0.0197594804612
0.0196485364763
0.019003507136
0.0182440128369
0.0170799451155
0.0172950775765
0.0172983924454
0.0179330288545
0.0178435177434
0.016971432266
0.0168939253667
0.0168751952968
0.0168821776941
0.0170016666904
0.018185986968
0.0182844843993
0.0182867302967
0.0184861837921
0.0184896204885
0.0184658255706
0.018492927261
0.0176360782149
0.0174141353952
0.0177519313334
0.0171021462543
0.0172096968477
0.0173353018428
0.0173158248605
0.0175377216838
0.0177301617003
0.0172091258647
0.0172230544966
0.0173360348994
0.0172094798762
0.0176336301818
0.0177679012282
0.017330769653
0.0171337009156
0.0177806542736
0.017660054353
0.0168161203907
0.0168065486492
0.0172185714545
0.0168968016704
0.0172287322804
0.0173195486
0.0171061826349
0.0179519654667
0.018156464926
0.0173210777168
0.0176443362929
0.0173312880974
0.0178780951234
0.0176554452476
0.0173290212279
0.0179759529355
0.0183865601623
0.0175461645922
0.0169190278865
0.0173176811433
0.0168084421585
0.0173209093192
0.0175370945896
0.0172149050684
0.0180709638138
0.0177652981116
0.017529343818
0.0173250479648
0.017313206855
0.0174083086718
0.0181590307687
0.0172135664635
0.0176243367924
0.0169734040265
0.0179408634444
0.0175235158119
0.0175389982877
0.017518327539
0.0183775121648
0.0178599472844
0.018262679146
0.0180486805945
0.0177436814616
0.0179570229755
0.0171138230194
0.0179618426193
0.0168853953793
0.0172112522363
0.0177377310636
0.017095076481
0.0172224257439
0.0178496367268
0.0180501582268
0.0177464106993
0.0180518205234
0.0176308101725
0.0177328599352
0.0178460177817
0.0173939053603
0.0178537634463
0.0173181032749
0.017525410599
0.017424298256
0.0174278686007
0.0172176676941
0.0171261445109
0.0184948767146
0.0173374790557
0.0182872252958
0.0176479510059
0.0182923235012
0.0174371660961
0.0173245350874
0.0178424260797
0.0174393183636
0.0176412614113
0.0172158227635
0.017519388528
0.0171126374327
0.017522487375
0.0178454678752
0.0174378447841
0.0173253972803
0.0177381969069
0.017310332997
0.0176390199472
0.0179651673264
0.0171195726955
0.0173292127153
0.0174361292869
0.0175481689836
0.0183842491171
0.0179489672824
0.0179649839048
0.0166799865099
0.0173159475589
0.0174285938588
0.0178620268239
0.017312278372
0.0179416601042
0.0180493490725
0.0180489143325
0.0179486825504
0.0180636679091
0.0178388804621
0.0173039655752
0.017304814748
0.0176322326744
0.0178620458702
0.0176310590178
0.0175342703699
0.0179563163044
0.0175242323211
0.0175257534509
0.0173073631724
0.0171014641178
0.0181593605216
0.017735202933
0.0175220504909
0.018464185117
0.0180572198205
0.0178284377836
0.0179490206711
0.0173089569514
0.0172121539618
0.0170827586612
0.0182494311015
0.0174131537998
0.0178218703969
0.0177197789574
0.0179486222031
0.0182732212094
0.0178513676331
0.0180609522294
0.0168970154648
0.0174215374509
0.0176578098693
0.0171064832361
0.0174183630706
0.0178305143338
0.0171099755486
0.0175436702347
0.0175336960911
0.0169977127972
0.0178614962351
0.0170057480038
0.0172282397802
0.0172188178797
0.01710680291
0.0178464187742
0.017118579467
0.0174507954874
0.0171176999697
0.0175561265384
0.017652402992
0.0172342462052
0.0179679650818
0.0180908833563
0.0182013914374
0.0179808484057
0.0176549569047
0.0172282560562
0.0175420175837
0.0166915215303
0.0174221153974
0.0176553443922
0.0174318342579
0.0176393690443
0.0175387016513
0.0176307536067
0.0176356639964
0.0168944366418
0.017753040551
0.017330543036
0.0166899371826
0.0170081554756
0.0173315976658
0.0171134040698
0.0174322474479
0.0176600592417
0.0174404274673
0.0181663016749
0.0181579313105
0.0176318704832
0.0178285439346
0.0178238890207
0.0172074715506
0.0169834262062
0.0169889571384
0.0176334780088
0.0170901030619
0.0177278474474
0.0177289494349
0.0173944173668
0.0177276002606
0.0176172052324
0.0180417494634
0.0182504271266
0.0178359085238
0.0173014811042
0.0179436660097
0.0175247558725
0.016571998354
0.0180407173589
0.0178447922553
0.0178401545671
0.0174275174647
0.0178418970143
0.0174018882115
0.0174077571856
0.0176155487211
0.01739486433
0.0177266908239
0.0178369631537
0.0170844330765
0.0168852094589
0.0176283010882
0.0173240531872
0.018168907536
0.0176462869675
0.018175587323
0.0178664047737
0.0179621586256
0.0178454476602
0.0176504927998
0.0173371010742
0.0175330261777
0.0181599675358
0.0176665774541
0.0174494620728
0.0176497205957
0.0178567110427
0.0176312833286
0.0179740124492
0.0176594853481
0.0172281169197
0.0171080995364
0.0175355630572
0.0175365430247
0.0176377280169
0.0176495519011
0.0178665936835
0.0174373394081
0.0179756003593
0.017660218212
0.0176610672227
0.0183980333214
0.0174516412116
0.0175501724993
0.0176682208183
0.0175539308828
0.0177569257597
0.0172174231199
0.0172415395018
0.0172281769691
0.0166958192508
0.0176465689293
0.0169165658885
0.0173224692463
0.0173301879609
0.0169969631144
0.0179571677094
0.017524445087
0.0179606307609
0.0176298226249
0.017225917785
0.0174334696045
0.0177640407465
0.0179698768762
0.0176218096417
0.0179492055325
0.0180663759822
0.0176515751461
0.0180788224525
0.0176498561699
0.0176307554273
0.0184838626373
0.0176255000721
0.0180621628411
0.0174032509704
0.0175217282393
0.0174161269856
0.0173032791675
0.0181430918768
0.0181444744391
0.0180493319256
0.0180319590959
0.0175084000442
0.0175174774648
0.0176206119894
0.0173037335487
0.0169986071834
0.0174297043762
0.0176309903863
0.0179443600764
0.0172902344617
0.0172058235691
0.0171016507695
0.0172898162692
0.0173013751458
0.0175075205468
0.017936094992
0.0182743597363
0.0181569829891
0.0180424452718
0.0180417940244
0.0176308265273
0.0177211261186
0.017839622079
0.0179373799066
0.0176258061615
0.0179486729306
0.0176440790839
0.0172103996102
0.0171156875125
0.0173352749185
0.0177510135595
0.017327111254
0.0172344419075
0.0185954800404
0.017862733035
0.0181904053736
0.0184918252252
0.0178694307002
0.0175420692608
0.0177397465359
0.0172263729278
0.0171211506053
0.0175278507017
0.0179672935147
0.0179502901018
0.0181765232286
0.0186024647487
0.0178591355477
0.018068523361
0.0177643565602
0.0171249179256
0.0174379332189
0.0170167022287
0.0168110916526
0.0175517987165
0.0170296345383
0.0173434705356
0.0175433528188
0.0177717650538
0.0180546322486
0.0178582937625
0.0179385693535
0.0183803303279
0.0180497384063
0.0173115379279
0.0170961250542
0.017213647485
0.0168798368148
0.0176371536336
0.0176264406737
0.0179352878725
0.0175277222181
0.0181683207627
0.0187861847001
0.0179536010059
0.0186848926072
0.0177253023094
0.0175265828203
0.0175149071186
0.0173203938385
0.0170884785031
0.0176165017385
0.0178385348183
0.0178217350114
0.0177090434722
0.017830647409
0.0181425002935
0.0181550660876
0.0184795088151
0.0183671380921
0.0178327099942
0.0179240295713
0.0181361699008
0.0177196544384
0.017698579629
0.0179217128453
0.0175032526605
0.0182668956266
0.0178175917228
0.0174109995979
0.0171991798921
0.017949080414
0.0186898947712
0.0182683790442
0.0181475074857
0.0183771690199
0.0182631972092
0.0184845323621
0.0176324515758
0.0179457598643
0.0174194037355
0.0175172927124
0.0172026107983
0.0173123637084
0.0173103560611
0.0171871661485
0.0172975292242
0.0175467945659
0.0174176456117
0.0178647513306
0.0182784248875
0.0180559422404
0.0179609093264
0.0177661588597
0.0173384820085
0.018092379164
0.0171157619823
0.0172201537931
0.0178616972588
0.0171356904663
0.0172406402799
0.0174373718463
0.0174438079831
0.0180504866754
0.0175395974246
0.0179545873325
0.0178557117576
0.0177411887671
0.0175350332565
0.0177540891241
0.0176571483547
0.0173356067112
0.0171216230791
0.0173296878805
0.0172211508818
0.0174192243137
0.0178606065495
0.0178699049945
0.017760628987
0.0179681399172
0.0182840946015
0.0177495505495
0.0178440318986
0.0177251606786
0.0171970882649
0.0174241064716
0.0176219254913
0.0179534823604
0.0176144995794
0.0178353872835
0.0183716592484
0.0171842492531
0.0180446522058
0.0171857054448
0.0178244463452
0.0177317014654
0.0178063664593
0.0177276356616
0.0180566432354
0.0180543101546
0.0172983981262
0.0176286129372
0.0176339501802
0.0184628609411
0.0181443627211
0.0180294377003
0.0181340595815
0.0183547358763
0.0178281583207
0.0180374772311
0.0179151599928
0.0176058437953
0.0177198010718
0.0180438819011
0.017822739299
0.0182501706747
0.0179478231278
0.0179451841501
0.0169853973624
0.0177409715414
0.0171142103184
0.0178565313716
0.0185961536737
0.0179596764913
0.017868334091
0.0173291920145
0.0178482449299
0.0175501146557
0.0177496655274
0.0176504201506
0.0172136484604
0.0174377788698
0.017635394936
0.0170075740806
0.017318811797
0.0175322604115
0.0176449976499
0.0180725099638
0.0175346279438
0.0173363096312
0.0176517829095
0.0175366443657
0.018400170105
0.0181789781321
0.0178629138483
0.0175501472078
0.0173552668172
0.0167039036356
0.0172355225377
0.0176426184059
0.0176630585152
0.0178631188898
0.0175430147769
0.0179680769923
0.0176384590603
0.0174384773705
0.0178341536077
0.0172169793082
0.0174225651573
0.0175321626593
0.0176088286443
0.0173253340583
0.018050425274
0.0176391707338
0.0175189987301
0.016997099752
0.0179645419442
0.0179506402624
0.0180535776187
0.0179588547331
0.017539317012
0.0181668834551
0.0181631333606
0.0178507755601
0.0172057134269
0.0170034129978
0.0175282300929
0.0176270213904
0.017618313579
0.0184631334765
0.0175152093485
0.0177260523734
0.0177027007775
0.0178337411491
0.0176233276691
0.018236726552
0.0182380746629
0.0179232341636
0.0176045149193
0.0176908124193
0.0178267132147
0.0182370635304
0.0176232968588
0.0176160614846
0.0179178455405
0.0181477557274
0.0182511554521
0.0181648417066
0.0179462890965
0.0174891936363
0.0178141875434
0.0182581363002
0.0183559436912
0.0182471429277
0.0181347558499
0.0176887537466
0.0178063832781
0.0172957418091
0.0181436124388
0.0176118799982
0.018024486614
0.0184559210611
0.0174052428057
0.0172903498208
0.0178190186534
0.0170920096652
0.0182632151919
0.0170092113266
0.0181623934544
0.0174221570478
0.0178507533359
0.017964792986
0.0180859908489
0.0179612407379
0.0182825727974
0.0181832855511
0.0182800160841
0.0177364595667
0.0175390112197
0.0174354145195
0.0175458012587
0.0177463320979
0.0173355102845
0.0178569653762
0.0177477964693
0.0180728157818
0.0175547666901
0.0175565755413
0.0182010142479
0.0175561901722
0.0175571939958
0.0173562867243
0.0178790807974
0.0174607702306
0.0176587857402
0.0179832944863
0.0178758086384
0.0171600129836
0.0172497194424
0.0176644106789
0.0170258515416
0.0177515524372
0.0176562362265
0.0171097672424
0.0175232093724
0.0176438649091
0.0176501298475
0.0177519006635
0.0176226919358
0.0175231188192
0.0175315302655
0.0174067369284
0.0180661392556
0.0174124683152
0.017536932254
0.0174179774044
0.0174219977015
0.0175178970445
0.0176307946886
0.0183631129062
0.0182595643208
0.0176236788051
0.0175176728124
0.0178330140704
0.017815985528
0.017809364451
0.0181372031781
0.0179100229073
0.0183620135011
0.0181307786743
0.0181239060691
0.0179147662302
0.0184584395726
0.0187622188601
0.0182352884524
0.0178069210923
0.0175052706847
0.0178180136617
0.0176070348702
0.0179158650359
0.0187658717709
0.0182471249449
0.0182197541154
0.0181282952925
0.0177058869741
0.017946554104
0.0188950821265
0.0178366434797
0.018345501227
0.0180512662454
0.0176111418603
0.0180238625924
0.0179341202469
0.0178152324795
0.0181506357559
0.0177092190687
0.0180347077824
0.018038096364
0.0183718628585
0.0177150266671
0.018069843244
0.017527391213
0.0177395390438
0.0180596914641
0.0189087157585
0.0178449954014
0.0188039456948
0.0177324487841
0.0176383337578
0.0180692583169
0.0178640076257
0.0177594905389
0.017422229233
0.0181852840691
0.0179533008944
0.0179653472688
0.0176492919218
0.0173351514631
0.0183832397265
0.0176344735998
0.0176532438018
0.0179620395161
0.0172238923427
0.0171360885491
0.0178617838778
0.017866537796
0.0177609678998
0.0179766310542
0.017771833007
0.0180854143994
0.0180922317736
0.0179714427813
0.0177710360758
0.0182902626884
0.0180885051501
0.0181820035729
0.0174216752831
0.0173228298096
0.017437574017
0.017203041547
0.0178550018001
0.0180511599585
0.0182651404134
0.0177373444477
0.0177316717708
0.0182675479641
0.017933409554
0.017420952796
0.0178483671385
0.0175030797554
0.0181496714079
0.018026055399
0.0182631010849
0.0175330930416
0.0185728450068
0.0183772643831
0.0179546823675
0.0183645152767
0.0182403304772
0.018239863299
0.0180165150106
0.0174882674644
0.0183640432628
0.0178012405117
0.0176096625743
0.0175886787033
0.0175889993269
0.0174966267479
0.0180336308985
0.0180121122027
0.0179187119438
0.0180243229218
0.0177209887769
0.0174782606898
0.0182315376747
0.0177170956902
0.0178208396232
0.0184484396469
0.0183607628711
0.0178301069033
0.0182582024328
0.0181410394012
0.0179582462743
0.0183577520784
0.0174304264523
0.0177460165556
0.0176221287161
0.0176315522751
0.0174214503727
0.0178496288535
0.0173436178473
0.0177578255508
0.0171216856229
0.0175376210468
0.0176434220768
0.0179663878502
0.0173445432621
0.0176503470374
0.0173360415556
0.018189339496
0.0172181297909
0.0173374289278
0.0176336376832
0.0174473544716
0.0176448593055
0.0179564085995
0.0175258391154
0.0176482927155
0.0170151443413
0.0179456432842
0.0174277832643
0.0172112847884
0.0176509507394
0.0171094510475
0.01721881693
0.01786818969
0.0179794150372
0.0176646258299
0.017863273055
0.0175446528149
0.0175425723258
0.0177591928218
0.0176609093158
0.0179528973194
0.0173186207953
0.0177465188635
0.0177374812686
0.0175293608511
0.0172075956843
0.0166741691871
0.0179401210704
0.0176136046769
0.0182611251976
0.0182515706818
0.0182559116026
0.0176154300755
0.017613704854
0.0176264981104
0.0177363979469
0.0178304893096
0.0176125372501
0.0179372115971
0.0181444277902
0.0178196474061
0.0183467078997
0.0186774342571
0.0186673603216
0.017833014263
0.0186719481532
0.0184404998034
0.0181333730163
0.0180412801716
0.0182312038783
0.0181132011751
0.0181296218582
0.0179048835895
0.0180085769877
0.0180221189772
0.0179185836784
0.0178103163045
0.0176051745345
0.0176944703021
0.0181261288674
0.0178193065417
0.0176074138014
0.0177042516275
0.018245441291
0.0181429969993
0.0179280958648
0.0178222148767
0.0183601550117
0.0176289289435
0.0179363110138
0.0176168186945
0.0177324748375
0.0181558502218
0.0174178485395
0.0181523724435
0.0179409560108
0.0177384426538
0.0182633989947
0.0179495235434
0.0176340590226
0.0182720700741
0.0176321929274
0.0177256764307
0.018163418364
0.0186964007822
0.0172115900069
0.0170097969927
0.0178628060694
0.0180744946258
0.0185015128115
0.0177572291576
0.0174379097479
0.0170230995899
0.0173143014502
0.0176702183561
0.0175480557382
0.0178565482471
0.0180652109909
0.0175407961054
0.0180546092633
0.0181753302238
0.0177438376617
0.0174258808971
0.0176372655699
0.01754810163
0.0171084763757
0.0178560686532
0.0171182977195
0.0176443797115
0.0176363617307
0.017529948224
0.0178518858318
0.0178524683691
0.0182888202388
0.0178716911318
0.0181732612795
0.0181635417407
0.0181281960168
0.0180380904999
0.0179340757998
0.0179259673661
0.0184593452629
0.0178203582087
0.0179423309672
0.0179307376391
0.0179201794923
0.0181402800728
0.0175171959099
0.0179354747168
0.0177204659038
0.0172029412344
0.0176167556651
0.017613328693
0.0179401484844
0.0179412766344
0.0177234937296
0.0178301305669
0.0180363504377
0.0178225403103
0.0178194624353
0.0174085189871
0.0179208227527
0.0179317816738
0.0178071936012
0.0175980056476
0.0178110657158
0.018144332887
0.0177243780368
0.0180275984506
0.0172899904263
0.017712323404
0.0174072860732
0.0177232123673
0.0176307432829
0.0179462661112
0.0176368216483
0.0181615333013
0.0175534447114
0.0171186080193
0.0175313522224
0.0173271887919
0.0173132429343
0.0178587977771
0.0178532217983
0.0176350056022
0.0175297733628
0.017520160732
0.0175363423775
0.017538399203
0.017620966793
0.0175398039935
0.0176294455142
0.0172168247666
0.0174276989564
0.0171045636431
0.0174279453028
0.0168961053763
0.0173182175222
0.0170139957837
0.0167048041051
0.0172165909498
0.0173412371373
0.0175504423167
0.0177483381173
0.0181760158394
0.0174445107151
0.0169060673225
0.017545095266
0.0176424809854
0.0172183545617
0.0169064526916
0.0176295601162
0.0170035323217
0.0180708668187
0.0178389353211
0.0173310155885
0.0173217655342
0.0177225787524
0.0176306922053
0.0176307028005
0.0165811927135
0.01753988561
0.0175386192777
0.0174373752996
0.0177497262465
0.0170022833244
0.018171096675
0.0176338225144
0.017943604634
0.0177404632907
0.0178378244756
0.0175105348146
0.017725578079
0.018035311213
0.0170841499724
0.0178211868998
0.0177189482274
0.0179287637649
0.017395402223
0.0181208404174
0.0176118691316
0.0179271693076
0.0183565331825
0.0176281269053
0.0178274569452
0.0178258797137
0.0173174986763
0.017406607
0.0173138402772
0.0178224674684
0.0171801171547
0.0177272079374
0.0170943312012
0.0175115232331
0.0178205432582
0.0175052846497
0.0176051646433
0.0174105305991
0.0176273498913
0.0176265602689
0.0176366759647
0.0178478044046
0.0173332167364
0.0180644763852
0.0181708579393
0.0173412349099
0.0173283244433
0.0177423692375
0.01743059439
0.0174373877154
0.0179469759899
0.0177513790114
0.0175379206726
0.0173173128954
0.0172173589965
0.017407422544
0.0170051440047
0.0176416228454
0.0173431218985
0.0172237165319
0.0175634279362
0.0177643611776
0.0181613857183
0.0182916628225
0.0181756109078
0.0179651620267
0.0176266999216
0.0181743255292
0.0179529685333
0.0179406096317
0.0176285733257
0.0173256156132
0.0175162026027
0.0170997900837
0.0174037762636
0.0172870652982
0.0175171377162
0.0181713125091
0.0176159584626
0.0174111512555
0.0174186769592
0.0182621209249
0.0180540513136
0.0180389468193
0.0173050480003
0.0177420920068
0.0178237582564
0.0178296614894
0.0173037587615
0.0176072737985
0.0173962844118
0.0177071760203
0.0183422417817
0.018148896298
0.017603679112
0.0186659776455
0.0178125578776
0.0177192258433
0.0173872649135
0.01792697396
0.0177184872197
0.0183640843704
0.0184656005815
0.0179259423412
0.0178333900123
0.0179495427823
0.0176300724986
0.0176301281147
0.0177308057178
0.0180422072144
0.0177405812579
0.0178142874491
0.0174436198304
0.017114441474
0.0169016677705
0.017967632992
0.0173221541897
0.0177537129632
0.0172144210457
0.0172202082412
0.016681288817
0.0171117463905
0.0175254190766
0.0177376260026
0.0176323873253
0.0174162921225
0.0174140972239
0.0170047333135
0.0166863906941
0.0174328208559
0.0168938867048
0.0174111946741
0.0169084815037
0.0175494318368
0.0182648950167
0.018273642877
0.0173113627953
0.017629398647
0.0178494157905
0.0175136802317
0.0169931638159
0.0173045750368
0.017087648644
0.018053396587
0.0171786303718
0.0169595671954
0.0174006069646
0.0176085692826
0.0177360502899
0.0175159930975
0.0176139974641
0.0178380035472
0.0180544121482
0.017420203656
0.0175141387397
0.0173953663314
0.0181350672654
0.0180334051781
0.0182308773812
0.0180367374653
0.0181542213131
0.0175073013431
0.0175450350856
0.0177402558244
0.0180540435143
0.0183761438389
0.0182743893778
0.0174209778989
0.0175316445651
0.0176389807646
0.0176322945398
0.0178556911356
0.0173267628882
0.0177368433866
0.0172023228056
0.0177420709208
0.0182610665921
0.0172197201697
0.0174195835992
0.017642913791
0.0177450469907
0.0182742132956
0.0181584171497
0.0172077562827
0.0172209882438
0.0177511245991
0.0171198939974
0.0178633857226
0.0176548006258
0.0177561418969
0.0173239271493
0.0175302624097
0.0175527755902
0.01763865892
0.0174419269684
0.0177594043316
0.0177543534533
0.0175429876342
0.0177378916884
0.0176397468332
0.017749335963
0.0181674975598
0.0179593789628
0.0175188399524
0.0181644814715
0.0174089907295
0.0178543930699
0.0175304430048
0.0168964169539
0.0169929870811
0.0172067737375
0.0168928148493
0.0169093494561
0.0180617748638
0.0174383519807
0.0180644301962
0.0181809547813
0.0174201088923
0.0183624298988
0.0179574786875
0.0180476636768
0.0178296435854
0.0179304342412
0.0183554449722
0.0176093761307
0.0177195804286
0.0176164877735
0.018037881673
0.0175017740528
0.0168665706736
0.0180128276483
0.0172959320497
0.0180177543928
0.0179227899707
0.0181399323854
0.017823250242
0.0177107110427
0.0176163333152
0.017813475958
0.0179251636735
0.018038841618
0.0175028238727
0.0173968530098
0.0176074652859
0.0179226649918
0.0176093615131
0.0180358791327
0.0171955497739
0.0178189234788
0.0172840961301
0.0169546468928
0.0176022735339
0.0181357569033
0.017485629165
0.0180293753492
0.0179349330689
0.0172896082344
0.0177311558784
0.0173027059522
0.0177349723769
0.0176164527529
0.0176352262414
0.0175256640616
0.0178750795996
0.0173203407212
0.0180636632918
0.0179540349007
0.0177594388618
0.0182914612296
0.0179620503827
0.0180832751957
0.0176545627609
0.0172242286429
0.0170146953385
0.0172113590656
0.0171216920607
0.0175356536104
0.017641442903
0.0171221027519
0.0173216125417
0.0174382646046
0.0172137316003
0.0180728208631
0.0173289812883
0.0178657721085
0.0182810182798
0.0178683876152
0.0178632402315
0.017850183403
0.017548475073
0.0176430497761
0.0179682070782
0.0182729584294
0.0175489411877
0.0181639343353
0.0179511172437
0.0174204687773
0.0175229051823
0.0171992080942
0.0174142264389
0.017405427965
0.0177177922034
0.0174102694519
0.0175051747788
0.0177162384428
0.0183785426414
0.0181502860903
0.0174975116804
0.0181546948504
0.0181684508486
0.0174106098001
0.0176392847363
0.0182661270902
0.0176122828378
0.0173932122434
0.0173922403723
0.0177165930321
0.0179264306053
0.0179309184525
0.0181536729301
0.0178212703368
0.0184472659863
0.0183409157064
0.0185708987351
0.0187614956416
0.0182272612328
0.0177219645083
0.0180393543028
0.0184470681398
0.0183448278394
0.0180129202147
0.0178110174085
0.0180380740313
0.0175078314461
0.018452812135
0.0179314496098
0.018463993901
0.0177241426708
0.0178145582162
0.0179349856956
0.0181467302534
0.0181257968034
0.0176138628396
0.0184701770609
0.0177217342493
0.0175159894299
0.0181605182041
0.0182392319687
0.0179406729067
0.0179353217244
0.0176240177967
0.0176090205957
0.0177335669081
0.0178172651469
0.0180574342144
0.0181667716234
0.0177261944151
0.0181656613774
0.0175285829662
0.0177414320104
0.0180705195422
0.017241594247
0.0180715798528
0.0176401970828
0.0171231072538
0.0175230140248
0.0176448657434
0.0176396503278
0.0176271351473
0.0174324110356
0.0178455078148
0.0175371464553
0.0177516136203
0.0176234575094
0.0175213678904
0.0180617583164
0.0179377297958
0.0172239183174
0.0173095644606
0.0175453944278
0.0174562231792
0.0176571738388
0.0172190867474
0.0176627319137
0.017338043225
0.0173259371077
0.0180738980143
0.0176203025605
0.0175215577498
0.0175393914818
0.0181609857892
0.018365660381
0.0183568610362
0.018036642212
0.017302290749
0.0174054835811
0.017940100475
0.0182494469666
0.0177057106993
0.018036625065
0.0173995592623
0.0175125100236
0.0177086994564
0.0176168299423
0.0173037426781
0.0173831491744
0.017504389069
0.0176252654374
0.0179299829321
0.0180098639942
0.0177004071155
0.0180281065968
0.0179273329741
0.0183551407821
0.0175983573528
0.0178093149797
0.0176172617982
0.0177089202881
0.0181461761896
0.0184658189144
0.0176217955629
0.0177485641091
0.01740246344
0.0179459271984
0.0173972997015
0.0176273333439
0.0175178267803
0.0180451124556
0.0177132102358
0.0176272443399
0.0174130723143
0.0179587238551
0.0180429892566
0.0180341897192
0.0179429519206
0.0179380352857
0.0178300910342
0.0176348711663
0.0177352592274
0.0174162751681
0.0177243566007
0.0177450690263
0.017632174752
0.0169963554477
0.0177399002854
0.0185025273972
0.0186050204819
0.0187019325853
0.0186982895914
0.0178610590796
0.0181712938432
0.0179564413091
0.0172051009502
0.0168825824331
0.0158351240646
0.0169006850328
0.0178489536406
0.0178455314784
0.0178495853561
0.0178551098504
0.0179310588623
0.017637928367
0.0177368954449
0.0174166693119
0.0169814766739
0.0168833571408
0.0147526203021
0.0137924311122
0.0126533414798
0.0123457548537
0.0148767877971
0.0190282106242
0.0212642785139
0.0230561734453
0.0224055614957
0.021451138013
0.0198462230733
0.0166350342952
0.0144304897622
0.0133853605357
0.0125305163666
0.0123256502874
0.0143490489967
0.0161604317816
0.018378580196
0.0197523129357
0.0208064126749
0.0199455998974
0.0200389257653
0.0202355026807
0.0208770381594
0.0199254734531
0.0203560628543
0.0188589347449
0.0168509937056
0.0164360101568
0.016453063912
0.0171098175372
0.0183902922484
0.0187002038895
0.0196447748369
0.0186683126607
0.0176161714693
0.0183474638277
0.0176914827918
0.0167317274709
0.0171490520876
0.0168472781412
0.0172736893384
0.0172836790799
0.0183344071918
0.0188851316464
0.0196283813752
0.0186740686608
0.0186781786403
0.0180615738097
0.0177227435611
0.0184637951049
0.017938453557
0.0175076285972
0.0166460934721
0.0172755841255
0.0166553698815
0.0172960421389
0.0181419086004
0.017943606726
0.0184672884761
0.0187087760386
0.01901831144
0.0183939518154
0.0183809857327
0.0184930326549
0.0170099243872
0.0165744447061
0.0164603747314
0.0174157861469
0.017503890647
0.0180448854533
0.0179565327862
0.0181851592531
0.0182872910175
0.0186000346727
0.017967732408
0.0174321041891
0.0176524426346
0.01711385288
0.0171074897777
0.0172180681969
0.0170024174583
0.0175374796873
0.0172193429802
0.0175149740083
0.0178503026223
0.0177385912432
0.018591655936
0.0180638197593
0.0183853016293
0.017313373432
0.0169866605486
0.0165584142285
0.0172062155164
0.0171943252283
0.0171835215226
0.0173979878168
0.0177189375534
0.017195888197
0.0175133196685
0.0177282236871
0.0187823050584
0.0180495925043
0.0173152985919
0.0177316604973
0.0178373848212
0.0171972249813
0.0174156941543
0.0169750114734
0.0176040150314
0.018138707266
0.0173959847603
0.0175878725335
0.0178165808577
0.0175896487538
0.0175898523599
0.0181255405448
0.0177034944177
0.0177980037803
0.0180177108954
0.0180130640778
0.0180155959548
0.018870663485
0.017704583499
0.0173817713082
0.0173745691122
0.0178214930679
0.0182332295083
0.0183542403127
0.0183605476063
0.0180513239751
0.0179369416658
0.017723741704
0.0179406345163
0.0177216441817
0.0184611674795
0.018145487987
0.018236856935
0.0181429071244
0.0178221221177
0.0180464735515
0.0183700873952
0.0176198751864
0.0180388106457
0.0176224716468
0.0169737928747
0.0169968792704
0.017618903801
0.0182609586206
0.0179253916471
0.01783708748
0.0172086351017
0.0166817055649
0.0176362638381
0.0178382646157
0.0175461057989
0.018482278097
0.017315112316
0.0176320472437
0.0175239724206
0.0169984196608
0.0175382684388
0.0177378610707
0.0178553530149
0.0176364596714
0.0178635148589
0.0175275103535
0.0181546723508
0.0176332668226
0.0183916345997
0.0191047410351
0.0197522287323
0.0198543594331
0.0192040027667
0.0168760898141
0.0154020590808
0.0131841126446
0.0137041293652
0.0160576139417
0.0192393505302
0.0204217448558
0.021453898468
0.0191140808856
0.0156442872801
0.0120201630042
0.0106493084419
0.0116006979323
0.0155160365724
0.0173241034249
0.0190132335244
0.0188111254536
0.0178273835349
0.0175009671259
0.018039088153
0.019001924417
0.0208818848631
0.0205787692437
0.0192960692306
0.0179179284879
0.0164434790764
0.0164303158256
0.0170895213698
0.0176017522936
0.0180320519602
0.0175983882464
0.0166378605289
0.017069508499
0.0185585701276
0.018775998907
0.0199274032654
0.019615877635
0.0192779250327
0.0185425365508
0.0187393917653
0.0175855273082
0.0181230659907
0.0183356006565
0.018330592326
0.0184420049245
0.0183256730829
0.0188583856836
0.0197038134404
0.0196042392603
0.0194022146266
0.0158113096936
0.016559129919
0.0176229139886
0.0179419646444
0.0193257768078
0.0195425069034
0.0192212933015
0.0186766626175
0.0177154592013
0.0185675308278
0.0181432006054
0.0179327298813
0.0170976860097
0.016885642864
0.0173974851322
0.017409565958
0.0177260574016
0.0175264745773
0.0180697928447
0.0180809583652
0.0178514227853
0.0177450159091
0.0176428590458
0.017658318615
0.0170054618315
0.0173253646494
0.0171185367267
0.0175283358627
0.0175438425971
0.0181772853231
0.0175376326798
0.0181711513415
0.0181694709483
0.0177408321429
0.0174312870172
0.017731284065
0.017727674459
0.0179402428979
0.0178229408131
0.0166624515327
0.0163427040135
0.0171803281833
0.0172093040654
0.0178422723044
0.018062816207
0.0186959826777
0.0179516153942
0.0181725396633
0.0177342783102
0.0176225343003
0.0179570825306
0.0184656943167
