8.79424038338
8.7766343904
9.00819001972
8.73668576277
8.90457024481
8.97261932022
9.04859890296
9.10097337526
9.01789308584
8.99194658831
9.07013905706
9.04585768472
9.02932061894
8.86964174926
9.00050704977
9.18674824955
8.79416617053
8.92375235446
8.89239528068
9.04715626005
8.86578707304
8.95186522781
8.97276479335
8.94566608906
8.95335056009
8.85694903153
8.95026115667
8.7987661831
8.92806630445
9.0004345377
9.22743612064
8.9496777868
9.18319547425
8.82328373641
8.93693442864
8.99666310439
8.88762343154
8.74997251208
8.86615513358
8.76353701136
9.02469348833
8.9166553918
8.85540146739
9.0063785891
9.03148877035
8.97261932022
8.90676876393
8.70675392207
8.85635951517
9.0079002153
8.9409956658
9.17893032873
8.96723515515
8.91217115132
8.79743094337
9.16341692324
8.92887036969
8.89305579644
8.97327393075
8.87593994141
8.91892410726
9.17765039855
8.84869222851
8.88717364444
8.8925420662
9.04549693626
8.93413155518
8.73982265921
8.97720059156
8.87446923092
8.75516416037
9.1330971368
8.72577253962
9.11457044124
8.92294782802
9.00094210996
9.0170245802
8.97807294963
8.97914510697
8.7766343904
8.86659678606
8.73489274473
8.94639562246
8.80499462459
8.81677212797
8.95565552656
8.91057824542
8.70375507662
8.84900568533
8.98105286702
8.73339828183
8.8503884505
8.97407394545
9.00224716437
9.06740435074
8.76033410702
8.84160883172
8.76413277139
8.96985488238
8.88916538599
8.97567376093
9.00094210996
8.77410573853
8.89334934326
8.99419631217
8.79023199329
9.03495673038
8.94243718945
8.80395685701
9.01079784007
8.93792937423
8.77410573853
9.03481225862
8.93836748028
8.87799852678
9.12523325123
8.99165626036
8.8143290346
8.71346946316
8.90112480642
8.93938964424
9.01745884348
9.03697909248
8.78830137564
9.05660139419
9.18653512178
9.04333214333
9.11206394461
9.06249060218
8.82380149894
9.13502632851
8.92097277371
9.0393620098
8.87667520527
8.88637498674
8.84183027376
8.75116583847
8.83178598826
8.84676514708
9.06005974175
9.0382067344
8.86173739817
8.80662515514
8.84972475018
9.07337645909
8.87483693139
8.99027707455
9.00920426177
8.91131065131
8.84643316722
9.02266837251
8.84824968234
9.10855369058
8.94770863267
8.94770863267
8.98330531905
8.98432237035
9.1232304526
8.94894852097
8.93849525717
8.88688907349
8.79424038338
8.8699084787
9.00224716437
8.83917260307
8.75295552301
8.80351206202
9.0094215845
9.0295374575
8.6862098705
8.74176398338
8.77194837121
8.80884811951
8.84183027376
8.64522065666
8.8965043598
9.17722371549
8.71020131795
8.85134704088
8.71574426753
8.76279225435
8.80351206202
9.02932061894
8.8143290346
8.84869222851
8.66595602081
8.83156429436
8.80884811951
8.85665427826
8.82807188115
9.00819001972
8.90207793343
8.84160883172
8.78585036538
8.95514538748
8.74482442663
8.88688907349
8.9347159401
8.94829213092
8.81877051912
8.81210745287
8.98323266812
8.80818128911
8.80625460653
8.86313658596
8.83156429436
8.81225557574
8.93693442864
8.8824081746
8.89305579644
8.87748392519
8.96366818503
9.10697721804
8.98192485094
8.97567376093
9.19534028536
9.30217638133
9.10226408751
8.91921680271
9.12358812746
9.0004345377
8.874395689
9.09213065907
9.00202966844
8.8657134591
8.82195220751
9.135240658
9.0531687593
8.86659678606
9.03199459745
8.94924023443
9.12401731878
8.90757475165
9.03697909248
9.00202966844
8.69430195258
8.900217408
9.0924177788
9.31682832991
9.06553276058
9.18603780441
9.05429509529
9.20385339089
8.97501932543
8.99107557633
8.98512140132
8.95417057663
9.10152912103
9.07085857958
9.1279506322
9.04852677628
8.95995411614
8.70338014828
8.7480330095
8.65676318874
8.80580992761
8.73616283719
8.91315970835
8.8824081746
8.98809898186
8.83156429436
9.02534432191
8.88196730833
8.93530028681
8.88754999847
8.88475909188
8.98004453007
9.0004345377
9.0170245802
8.96628895444
8.94960486289
8.73616283719
9.28729050223
8.98708235796
8.60640625736
9.05746610487
8.77710843153
8.8304557414
8.9997093848
8.78146655119
8.94770863267
8.88196730833
8.8582752999
8.88879827824
8.92250896484
8.77484953531
8.82520670126
8.78037025566
8.89459680914
8.94705215165
9.14958929647
8.94566608906
8.92404489154
9.14445207367
8.83318992039
8.82187822779
8.80492050239
8.98282399571
8.72248094552
8.92375235446
8.99419631217
9.17900143073
8.86946699113
8.78064898784
8.92404489154
8.79431459559
8.93018595665
8.85406555467
8.90838066645
8.77871626269
9.08300988906
9.01919568749
8.85024096584
8.89899823215
9.04434244451
8.93530028681
8.85414847925
8.91453252237
8.83480601333
8.98606561904
9.05126718617
9.0994493821
9.44691347925
9.11879411882
8.89459680914
9.14181098901
9.02107689115
8.99630038325
8.7659756476
8.80580992761
9.05047399496
9.04311563553
8.90229787133
9.19228783714
8.95995411614
8.97922687643
8.72958624341
8.73556516962
9.010290823
8.98759068429
9.1147136488
9.0707866299
8.98243346914
9.06812409026
8.94624972054
8.8961375549
8.89732961553
8.95164650776
8.96847234393
9.065316783
8.84559394037
8.88182034805
8.82380149894
8.83671723884
8.90845392781
8.87167420931
8.91065148871
9.02353633494
8.9769097867
9.0266458483
9.01224630308
8.81751232565
9.0382067344
8.92098191848
9.05256498552
8.82446714899
9.065316783
8.92506869583
8.98809898186
9.04434244451
8.89129431203
8.94077667984
8.93756426945
8.93836748028
8.93792024679
9.14252487092
9.0129704473
8.84758582158
8.91116417494
9.01420135896
8.8699084787
9.02353633494
8.9258730311
9.05595280699
8.90227954338
8.84861847236
8.85046219191
8.99630038325
8.97203740409
8.99064003869
9.11857940276
8.90801435058
9.03914540691
8.96861788433
8.83636641682
8.71799040526
8.9349350746
8.99666310439
9.23773904931
8.85024096584
8.99426887454
9.08236318773
8.90757475165
8.9349350746
8.83784346802
8.85790691194
8.91044091261
8.89239528068
8.88916538599
8.68551483921
8.91196976515
9.01897860028
8.92821250352
8.90801435058
9.10776548842
8.9769097867
8.91843016192
8.77001372864
8.93836748028
8.88248165018
8.73593871664
9.13395460564
9.0503297709
8.94325820665
9.02939289904
8.97000040035
9.03222040398
8.83082527451
8.90237118275
9.03582351242
9.0665405879
9.30533305602
8.90207793343
8.93836748028
8.99328016191
8.95230265187
9.12466106791
8.88271125746
8.95164650776
9.07948840233
8.79000925135
8.80981122987
8.91258306341
8.87417505957
8.94931316131
8.7744776448
9.10790880298
9.15778860551
9.02679045076
8.84242075877
8.97647356174
9.15415329648
9.07228846119
8.91702135269
8.99905669724
8.99927426502
8.97567376093
8.97959937232
8.79854365722
8.87071781553
9.13152490146
9.08602721996
8.84404438927
8.93151048383
8.93296267063
8.89437668081
8.98301471181
9.05847482968
9.0929202165
8.97000040035
9.0503297709
9.11392597937
8.84485609275
8.87717147395
8.98918809418
8.94829213092
9.02563356622
8.90574285588
8.92813940429
9.08300988906
9.07920087373
9.06848393859
8.93296267063
9.10419981279
9.03914540691
9.02679045076
9.09449912573
8.86586068637
8.9349350746
8.71050102702
8.90999227735
8.93931663641
8.8534850608
8.8778515008
9.00420439133
8.89437668081
8.93530028681
8.85842265079
8.82557645416
8.86558463323
8.93318184813
8.97959937232
9.09134103306
9.01905096327
8.9584243461
9.05458341478
8.70120524536
8.77135314202
8.84758582158
8.82890353341
8.92038748845
8.85414847925
8.94632267179
8.96519706029
9.15579292826
8.68168177569
9.09966454954
9.12387425725
9.08782277462
8.90862792114
9.02924833826
8.76547308342
8.72726830836
9.03690687305
8.92506869583
8.84647927628
8.69302574404
8.71477076139
8.89122090927
8.71102549309
9.01079784007
9.06236457359
8.84788087696
8.86159010239
8.80662515514
8.67273137268
8.82498484209
8.89804477526
8.82535460428
8.87299827666
8.8146252032
8.90031823462
8.74146534619
9.135240658
8.79720838371
9.01586644254
8.91848504609
8.84160883172
8.97763678119
9.03661798958
8.89547726797
9.16348814561
8.90632910352
8.85842265079
8.81951054908
8.93496246603
8.79854365722
9.07028296613
9.05595280699
8.97225562706
9.02151095936
8.86306295
9.04304346512
8.96665288961
9.10281975448
8.99310780639
8.89864986551
9.2884147971
9.04932013817
8.77581637688
8.83710497328
8.98526667204
8.91855822445
8.78993500279
8.96519706029
8.77782409217
8.77008814586
8.9258730311
9.07438341527
8.82748967795
9.16711975283
8.92024116113
9.09636475602
9.04614627312
8.87468985303
9.11865097534
8.76964163306
9.0730168048
9.0063061243
8.77008814586
8.78078835061
8.87299827666
8.86306295
8.91599662435
8.83385486299
8.73974798428
8.78131790897
8.58417767141
8.86821599031
8.89151451667
8.87814555033
8.87071781553
8.90229787133
9.04311563553
9.11149093429
9.07380802542
8.87476339252
8.96519706029
8.95826953339
8.95536402207
9.08078216839
9.15743226647
9.08387208587
8.91196976515
8.97087345859
8.92205179275
8.88182034805
8.90237118275
9.33383493215
8.92170432628
8.85967503445
9.11779206729
8.94778157203
9.135240658
8.88637498674
9.08514726863
8.80781080596
8.85289531378
8.85377991958
8.86217927081
8.96301287294
8.76718540616
9.03813452479
9.08078216839
8.88446526124
8.88439180206
8.92600098685
9.0503297709
8.9125556032
9.06373279019
8.71102549309
8.90713513103
8.88879827824
8.79409195706
8.95441656695
9.05818663405
8.76664568835
8.85650689794
8.99833143331
8.98127087094
9.07891333602
8.9304052023
8.92338666961
8.93018595665
8.89151451667
8.83747422836
9.04751694234
9.13382956312
8.93296267063
8.8169941938
9.03466778455
8.85967503445
8.66625726004
8.79409195706
8.98526667204
8.74482442663
9.01586644254
8.88552116982
8.99151109286
8.7547448417
8.99310780639
8.85422218935
8.70165526987
8.85186316194
8.81743830868
9.0238256372
8.95645711498
8.96711688552
8.88387757081
8.68168177569
8.86843676798
8.91196976515
9.0598436337
9.25180527832
9.12251506082
9.00884204558
8.79409195706
8.9600997949
8.84278056624
8.80373446232
8.57076715933
8.84647927628
8.70772832448
8.86028274507
8.62155935986
8.83385486299
8.94697920634
8.75720455794
8.80373446232
8.91123741343
8.84242075877
8.92623861409
8.90522985754
8.89848484498
8.77844676241
8.79431459559
8.64793793257
8.68521426791
8.86873112966
8.7388518354
8.87483693139
8.9349350746
8.93383934838
8.84336176277
8.82956879882
8.97567376093
9.03018794197
8.72906289252
8.89547726797
8.72584733415
8.82668561992
8.96192057964
8.89804477526
8.71349755079
8.75794979011
8.89709121618
8.70712870513
8.85775955246
8.83474137528
8.87814555033
8.88035061144
8.98395915096
8.99905669724
8.99066726041
8.98708235796
8.98388650532
8.96905449136
8.97807294963
8.86328385603
8.72853951026
9.05177190803
9.01369453334
8.85208434746
8.73690986415
9.0356068247
8.79474130368
9.04304346512
8.87696929377
8.74251053174
9.05638520361
8.85289531378
8.93917061895
8.94697920634
9.02136627228
8.91153036134
8.76577090271
8.92575421341
8.82476297733
9.05177190803
8.98381385909
8.74385415816
8.93245123554
8.9496777868
8.89151451667
8.81869651271
8.73773152005
8.90697942685
8.79535350087
8.77202277202
9.02765801688
8.99905669724
8.93486203036
9.0055814442
8.9557284012
8.86659678606
8.76577090271
9.07479695419
8.94011968981
8.9600997949
9.03488449479
8.6700218673
9.00884204558
8.70495473877
8.86770082103
8.86762722297
8.95252135589
8.90332417633
9.13672296596
8.96177493047
8.82513274882
8.89709121618
9.04968073422
8.8813794526
9.00833491843
8.85989602495
9.12237197573
8.67348386284
8.80667147263
9.02136627228
8.8813794526
9.03676243247
9.03914540691
9.065316783
9.10683388883
9.04239390544
8.94748981101
8.93486203036
8.99310780639
8.87477258491
8.96621616563
9.0063785891
8.85650689794
9.12723561038
8.9877359151
8.87535168646
9.18419038987
9.13802648386
8.91453252237
9.14419335246
8.88989955601
8.91153036134
8.70772832448
8.80291896708
8.84869222851
8.85989602495
8.79023199329
8.67920065605
9.17622804453
9.02136627228
8.81084830791
9.07770917294
8.97763678119
8.93953565813
9.00268214047
8.98780852963
8.71349755079
9.12587691458
8.85532776711
8.97087345859
8.73997200715
9.10750572504
8.99354322451
8.79535350087
9.08638635927
9.16925532047
8.98700973757
8.9504069932
9.07431149354
9.05256498552
9.02151095936
8.87682225074
8.93274348775
9.04968073422
8.99354322451
8.96286724152
9.02751342832
8.95434368163
8.94697920634
9.13252544618
9.00608872639
9.24686600491
8.8570503507
9.0030446045
8.75265726767
9.06186044172
8.96192057964
8.96206622644
8.87674872831
9.10855369058
8.78317575593
8.94230946889
8.88023118466
8.99259979193
8.8959908287
8.93486203036
9.07747551085
8.84064918542
9.09069492441
8.94048469023
9.15172895487
9.16519731649
9.05919527863
9.10395786964
9.01608360468
8.99912922042
8.58856719949
9.10647555591
8.92550743315
9.04773334482
9.0144909608
8.85967503445
8.94506417923
8.96898172499
8.97196466192
8.97843640714
8.9504069932
8.89709121618
8.97058244862
9.26935364701
8.92170432628
9.0932073113
9.1404544598
8.76698068952
8.82069446788
8.83850806053
9.03676243247
8.98395915096
8.96890895804
9.04650699568
9.02071515169
9.08732005508
9.05919527863
8.93299006811
9.09564725119
9.02433189383
8.9986215459
8.99934678645
9.01166694581
8.9622846922
9.14502301872
9.1404544598
9.06474081764
9.08910637873
8.99506702197
9.05451133576
9.0665405879
9.00065207217
8.97887253674
8.92748148425
9.10081202336
9.08186016598
8.95761382635
8.8032896561
9.1240888487
8.83326380537
9.04239390544
8.87549875385
8.97058244862
8.86917265387
8.89474355833
8.93756426945
9.08797538041
8.78377018397
8.7987661831
8.87549875385
8.98744545113
8.84994598915
8.96898172499
8.71679253716
9.01188420915
8.83141649534
9.04432440441
8.76852525158
9.05451133576
8.99354322451
8.89921824616
8.86438830361
8.9608281532
8.88417142088
8.95601989382
9.24552488967
8.93486203036
8.93750950244
8.91694816172
9.17921473342
8.98105286702
9.19924310332
9.08186016598
8.94697920634
9.00804511867
8.99593764748
9.00065207217
9.00951213409
8.72008627849
8.81232963625
8.94172558024
9.10238956367
8.87034994431
8.83326380537
8.9575500745
8.84869222851
8.87674872831
9.06977927439
8.73974798428
8.79490827078
8.99593764748
9.01905096327
8.89672443548
8.73997200715
9.0418886601
9.12280122426
9.06977927439
8.63978354103
8.78295283504
8.98744545113
8.8965043598
8.93873255226
8.806699263
8.67483818066
8.97129176889
9.04239390544
8.86254748118
8.75519211424
8.81610589692
8.86880471856
8.91035851191
8.87674872831
8.83016010377
8.83937564777
9.06186044172
8.97356485344
8.66166222343
8.83296826173
8.91811914526
8.91035851191
8.58712327342
8.78807858477
8.94734392694
8.70075519757
8.82249778879
8.98432237035
9.03770125498
8.81788240119
8.85488555257
8.87160064421
8.62390570743
8.57769378639
8.914825362
8.60238621125
8.65691396961
8.806699263
8.90728167365
8.92228952516
8.75347744542
9.04239390544
8.97887253674
8.8302340141
8.81751232565
8.81558768241
8.86003414122
8.87299827666
8.85201061957
8.88387757081
8.96556103978
8.91240914729
8.90515656965
8.94697920634
8.93069752147
8.9366149272
8.8772541827
8.92623861409
8.75921653928
8.83658799024
8.96556103978
8.89672443548
8.86880471856
9.0211492373
8.83296826173
9.00833491843
9.06848393859
9.18441245453
8.92126540194
9.08624270525
8.92316725152
8.806699263
8.82668561992
8.96337694112
8.93741822336
8.99071262976
9.08186016598
8.98396823162
9.05429509529
8.80558757972
8.79052897375
8.75787526975
9.14773452104
9.10289145098
9.15401070592
8.90625582468
8.88461217778
8.8539826293
8.80655104667
8.88461217778
8.98105286702
9.10948511429
9.2891876709
9.13988322937
9.20753995888
9.07445533644
9.21887399836
9.05146547312
9.07891333602
8.94384199525
8.90149140581
8.87939515219
9.07042687292
8.83865574097
8.98243346914
8.79757931335
8.87807203886
8.87821906119
8.94777245464
8.90149140581
9.03141650702
9.12122721421
8.92316725152
8.9918740072
9.17224427984
8.81121866334
8.97312846587
8.7826555984
8.85166040368
8.87535168646
8.90786782001
8.67077459261
8.87476339252
9.1561493311
8.87248338506
8.72090951945
8.85849632532
8.88086504692
8.81517123795
8.91811914526
9.04499186425
9.10475536162
8.96556103978
9.0933508553
9.09019236371
9.01999162923
9.05616900788
8.72165785289
8.99898417348
8.77175306609
8.9349350746
9.02201734588
9.14509438434
8.85680165612
9.09693871914
9.09831070297
8.97312846587
8.93537332746
9.09586250859
8.99289008942
9.00065207217
8.89709121618
9.18951846076
9.10532879583
9.01876150785
8.85849632532
9.10774757394
8.91438609895
8.92316725152
9.192713821
8.98388650532
9.31626791392
8.85083088973
8.98105286702
8.7600361029
8.75452119687
8.95630226826
8.83555393341
9.06186044172
8.83496298946
8.8756458188
9.18767174609
8.87343958854
8.87549875385
9.01876150785
8.95441656695
9.02034435368
8.93668795711
9.25406235383
8.97000040035
8.7995820632
9.15122974599
8.91240914729
8.86357838884
9.03524566696
9.00507413343
8.93537332746
8.8377142359
8.9166553918
9.10640388764
8.70143026053
8.85680165612
8.92689662573
8.80558757972
8.84138738412
9.06301270194
9.11908039903
9.02351825324
8.76547308342
9.0129704473
8.95492674754
8.80655104667
8.82099042275
8.74348094931
8.90735494405
8.98388650532
8.98388650532
8.96556103978
8.88419896883
8.90515656965
8.87998313928
8.88769686401
8.75414844278
8.8821877442
8.92236267232
8.89078048001
8.87821906119
8.95623850707
8.73476198943
8.9622846922
8.80454988203
9.21731639434
8.94325820665
8.94325820665
9.06941947745
9.18568256124
8.85333762773
9.0568986478
9.19399165414
9.18212937361
8.88791715778
8.98388650532
9.01246355246
8.98722759699
9.03329516566
8.83119479217
8.99390605685
9.01586644254
9.03368349348
8.97800025636
8.93208590684
8.89474355833
8.84544637577
8.806699263
8.96628895444
9.02628433202
9.05508795179
9.01391174781
9.15093555658
8.99746103942
8.953541904
8.99746103942
9.00181216726
9.11829310682
9.09507320658
9.07725981743
9.06949143798
8.98388650532
8.95949885474
8.8959174647
8.92704284395
8.86254748118
8.91438609895
8.88226122161
8.73974798428
8.97959937232
8.97174643187
9.07287293909
9.08976157527
9.00168528914
8.87012921425
9.0645248212
9.00804511867
8.95907999382
8.81084830791
8.7322772668
8.84935600627
8.85414847925
8.91709454307
9.08976157527
8.83865574097
8.84344478772
8.88982614173
8.81521751053
8.96337694112
9.02331935216
9.12280122426
8.90786782001
8.94369605167
8.88086504692
9.15508008096
9.19120503932
9.02613972145
8.8507571514
8.95951706564
8.80358619608
8.79757931335
9.0129704473
8.79438880718
8.78170808944
9.02360866137
8.82387546254
8.98345061914
9.27202879029
9.05616900788
9.09322525442
8.85001973425
8.96417783909
8.99876659868
9.11378275944
8.90947952369
9.07546217292
8.80899629719
8.94734392694
8.78102061698
8.92303925513
8.83865574097
9.03286166373
8.82468902118
8.96956383937
9.13238251793
9.03842335979
8.78570179732
8.92106422106
8.9894059008
8.96628895444
9.03625687226
9.05227660174
8.98962370215
8.73145509765
9.08207575014
8.99876659868
9.00608872639
8.93274348775
8.90994649698
8.88446526124
8.83865574097
8.88791715778
8.7041299888
9.04463108126
8.83082527451
8.85001973425
8.89261545805
9.1062605494
9.11411395213
8.92579991271
8.93142827751
8.83621869812
9.03119971356
8.79312712497
8.83584939057
9.10712054501
8.93068838664
9.16925532047
8.99905669724
9.15508008096
8.85731745933
8.97836371682
8.94821919572
9.06877180698
9.11893726004
8.90735494405
9.00891448998
9.10145741381
8.90405717891
8.88446526124
8.82831214429
8.76763204405
8.7270439594
8.75608659076
8.98526667204
8.86394654109
8.94274736036
8.8534850608
8.95011531777
9.02960973587
9.0609961504
9.02960973587
9.30245701801
8.99122075085
9.08595539039
8.93142827751
9.06956339794
9.00225622659
9.03625687226
9.02122158288
9.20732731239
8.97472844989
8.87682225074
9.04463108126
9.18028117254
8.84869222851
9.13474054804
9.0602218194
9.07546217292
9.23528364844
9.04383730803
9.06553276058
9.0645248212
9.03286166373
8.97283752903
9.1794991293
8.96330412867
9.06159936241
8.95988127587
9.37604246768
9.03119971356
9.13166784314
9.18347974686
9.00579885435
9.11378275944
9.08167152564
9.04008398194
9.13474054804
8.99049485479
9.04051713756
9.20732731239
8.93179363312
9.24686600491
9.08358469603
8.66505224028
9.03173265481
9.12280122426
8.85001973425
8.89217509785
9.10747885254
9.24884203081
8.97959937232
8.94821919572
8.94734392694
9.00804511867
9.05641222772
8.94274736036
9.15073050988
8.74348094931
9.05285336011
8.96723515515
9.01101512436
8.87218914787
8.97291026413
8.98802636969
9.07114637261
8.86527176261
8.9806895154
8.83946793927
8.87981777185
8.95973559356
9.02360866137
8.94814625992
8.97181917581
9.15222813652
8.95973559356
8.7995820632
8.78183814574
8.83178598826
8.7825069763
9.01977456118
8.93719914975
8.76241985211
8.65977830731
8.7611535661
8.92930892022
8.92141171245
9.03697909248
8.87204202562
8.81780838732
9.07795181566
9.02570587585
8.94004668793
8.9297474492
8.78585036538
8.87858660636
8.96890895804
8.95864290067
8.9622846922
8.80795900109
9.01789308584
8.9957290678
8.95565552656
9.05552038971
9.0257781849
8.97349212365
8.88424488188
8.87343958854
9.03712352959
9.00820813218
9.14537984127
8.97996276805
8.90735494405
8.93274348775
9.09062313172
8.93953565813
9.0709305287
8.79104866543
8.83178598826
9.09823000376
9.13474054804
9.09830173642
9.02194500669
8.8460366194
9.05494380123
8.8959908287
9.26054838159
8.85373384855
9.00659598001
8.91248237555
9.22630439506
8.98846203396
9.03863997998
8.92499557085
8.953541904
9.08207575014
8.74736154303
8.8822152983
8.84950350568
8.76666429986
8.86181104514
8.88086504692
8.81780838732
8.90764801964
9.16063881883
8.74646617422
8.95230265187
8.88358371101
8.92081731105
8.9511361402
9.06164437662
8.95565552656
8.82010252835
8.9295281874
8.91365394576
8.91804596329
8.97109170987
8.94624972054
8.9399006824
8.93496246603
8.85753850866
8.88762343154
8.90691531258
8.93851351086
9.07675651285
8.90203211235
9.08990517369
9.03712352959
8.92499557085
8.65178594588
9.13223958745
8.94114165345
9.06121223096
9.01398415147
8.91196976515
8.94219086959
8.80106528779
8.91519139802
8.98003544543
8.70607927191
8.81477328376
8.61057601889
8.94114165345
8.83075136913
8.92404489154
9.14466618224
9.12747693651
8.91380038121
8.74743615296
8.85687534413
9.17551678483
8.92733527321
9.02288537094
8.99521213207
8.95565552656
8.84869222851
8.80417924607
9.12244351855
8.95441656695
8.97292844781
8.9519381333
8.8987782127
8.987518068
8.92682351572
8.87527815185
9.02035339771
8.95135487272
9.04383730803
8.86195833724
8.97202831135
8.89261545805
9.09313553845
9.22969915551
8.89951158971
9.00768285586
9.03676243247
8.64182286027
9.01115997765
8.99760611092
8.97160094222
9.0149705934
8.92016799657
9.09313553845
8.76219640317
9.05429509529
8.87049709462
9.11879411882
8.96643453028
8.65450116047
8.93785635447
8.94678772207
9.04845464902
8.91050500151
8.81995453726
8.94041169134
9.04679556338
8.81484732311
8.95704004332
9.07869767676
8.98526667204
8.89855818782
9.17209307612
8.79045472958
9.08968977522
8.94004668793
8.9376372916
9.05299754396
9.10181594428
8.84308500728
9.1423107122
8.97901790856
8.98208833851
8.8460366194
8.85709640449
8.74669002502
8.91094445589
8.91694816172
8.96912725713
8.87667520527
8.92441054941
8.9608281532
8.75726045255
9.10790880298
9.04318780538
8.99767864579
8.93405850437
8.86313658596
9.02187266692
9.15750353539
9.03423434849
9.11693307832
8.93208590684
9.0503297709
8.90603598453
8.99760611092
8.88512636652
9.01144967724
9.03466778455
9.05343008173
9.21469619383
8.89047767223
8.93953565813
9.17395181939
9.22460654634
8.95864290067
9.00695828653
8.88512636652
9.00876960059
9.05299754396
8.95179232172
8.97276479335
8.96716237403
9.08839727719
8.95499962811
8.95835149339
9.01420135896
9.08336914768
8.88564052551
9.07553408553
9.05552038971
9.16656798365
9.1879558802
9.07409572491
8.96861788433
8.86195833724
9.00659598001
8.84861847236
8.7646540282
8.94041169134
8.9649786655
9.00086960139
8.86434228771
9.03466778455
9.0676922534
8.99499446604
8.88512636652
8.80936673048
8.92441054941
8.91541101241
8.85871734523
9.01499774165
8.96277622069
8.93858652526
8.83038183292
8.88439180206
8.88424488188
8.84190408655
9.02722424424
8.96716237403
8.80106528779
9.06142830636
8.91966497399
8.9376372916
9.02028104518
8.96650731731
9.09227422007
8.81943654888
8.79824694728
8.78882119903
8.92623861409
8.90119812751
8.98526667204
9.02685371361
9.07999155548
9.07553408553
9.00876960059
8.96650731731
8.67867426676
9.03676243247
9.25561377396
8.92777389914
8.93456984746
8.94112340512
9.15351162148
8.73287515939
8.93851351086
9.03423434849
8.85731745933
8.96650731731
8.91145712526
9.01398415147
9.03416210712
8.95179232172
9.02514546108
9.03343966168
8.9815615346
9.00876960059
8.92777389914
8.85665427826
8.99499446604
8.8908538864
8.96318580717
8.87152707851
9.05249289044
8.92499557085
8.78822711264
9.06315672417
8.70945200014
8.857243775
8.91541101241
9.04838252119
8.79587290749
8.91085290468
8.95332322491
9.03676243247
8.91175006595
8.84404438927
8.953541904
8.95230265187
9.03799010383
9.13123901141
9.065316783
9.07503967478
8.87366023625
8.95252135589
8.91775322942
8.953541904
8.97996276805
8.84965100263
9.01383934357
9.11678990562
9.0480218734
9.16063881883
8.96416873837
9.12873709151
8.92565367413
8.81580977807
8.97109170987
9.0609961504
8.92499557085
8.86144280416
8.84227314122
9.06315672417
8.86922784285
8.92404489154
8.82919921311
8.89782473223
8.95230265187
8.85385363275
8.98177952617
8.78911822717
8.75571390332
8.82919921311
8.8435278119
8.85908569949
8.76621761267
8.98032614908
8.89679779283
9.06762027859
9.02932061894
8.84448714586
8.80299310613
8.71978689887
8.98315093513
8.99412374922
9.07517451675
8.84692191101
8.93018595665
8.95179232172
8.88997296967
9.04715626005
8.93310878956
8.95252135589
8.85562256454
8.97186464047
8.92558055394
9.10260466162
9.03343966168
8.8987782127
8.96890895804
9.04679556338
8.94092267108
8.91380038121
9.09169996248
8.99434143633
8.98722759699
8.95725863166
8.74736154303
8.85952770438
9.03517343368
8.95171941504
9.06710744155
8.9107979735
9.14345283406
8.8987782127
8.81655005655
9.1462361586
8.92770079631
9.02903149274
8.81477328376
9.11650355349
8.98315093513
9.10411020497
9.13624079579
9.01941276948
9.10475536162
9.19711449883
8.95332322491
8.89819146758
9.12923753034
8.91145712526
8.9936883592
9.09580869471
9.03408986518
9.07718791849
9.12966645608
9.02288537094
8.80321551955
9.02035339771
8.93851351086
8.76241985211
9.25737643578
9.05381754594
9.06164437662
8.92733527321
8.91065148871
8.94311225354
9.1981079089
8.69805442181
8.95135487272
8.9692727869
8.95725863166
8.84227314122
9.06516379577
9.10790880298
8.76055760346
8.87027636823
8.81617992508
8.87005563635
9.02397028485
8.99521213207
8.85753850866
8.97879984994
9.02880560646
8.83555393341
9.08897174345
8.85377991958
9.03669021132
8.8450774535
8.9656338339
8.88608120953
9.18411932804
8.97109170987
9.1423107122
8.9286328125
8.9821428337
9.00724812126
9.04708412186
8.90068486723
9.10403851807
8.81543961552
8.93142827751
9.00876960059
8.88843115533
9.00633329867
9.03343966168
8.94311225354
9.02035339771
8.95274005456
8.98003544543
8.82823821787
8.90471682964
8.92441054941
9.00753794666
8.99651801769
8.99605553821
8.87557228663
8.81543961552
8.81766035773
9.11106115289
8.7698648923
8.84861847236
8.69212477815
8.82919921311
8.90178467445
8.91101769617
8.87667520527
8.88997296967
8.8987782127
8.96745349499
9.06265263636
8.82343167166
8.99289008942
8.85599104752
8.79349822677
8.8699084787
9.05365535364
8.88754999847
8.77380820216
8.89716457051
8.99434143633
8.80788490383
8.91094445589
9.08631453255
8.69745413553
8.73451915297
8.92369750269
9.02288537094
8.89679779283
9.0330784173
9.10676222337
8.99753357546
9.06517279509
8.88637498674
8.97996276805
8.92558055394
8.77046022249
8.94604910151
8.77537015555
8.91541101241
9.0747430154
8.81877051912
8.95179232172
8.95725863166
8.83016010377
8.79290445638
8.76279225435
8.88989955601
8.90207793343
8.90332417633
8.87660168163
8.85599104752
8.9656338339
8.7995820632
8.83991092508
8.66595602081
8.97581918456
9.09787133197
8.99605553821
8.97901790856
8.81477328376
9.01941276948
8.84448714586
9.03618464706
8.96643453028
9.11886568971
8.92550743315
8.84743829021
8.94186243256
8.95179232172
9.01991927379
9.0709305287
8.94157960211
9.17089225222
9.02288537094
9.1300238788
9.13123901141
9.05343008173
9.08099777814
9.01391174781
8.88292249092
9.10876864297
9.11736258292
8.96519706029
9.05162770466
8.9692727869
8.99303523465
9.10647555591
9.00616119294
8.9637591968
8.77373381649
8.76279225435
8.93917061895
9.13766937416
9.01962984624
9.04051713756
9.03618464706
9.2801199204
9.12902305992
8.62836957389
8.826075596
8.90332417633
8.94157960211
9.11027316767
8.88512636652
9.01050811952
8.97938132782
9.15122974599
8.87152707851
8.98177952617
8.93077059976
8.93464289408
9.07718791849
9.06142830636
8.91065148871
8.99499446604
9.03524566696
8.9376372916
8.95419790922
8.78889545701
8.92558055394
9.03352093968
8.85753850866
8.97843640714
8.91292173242
8.95390635728
8.89503704945
9.0747430154
8.91175006595
9.09098208948
9.06142830636
8.89336768961
8.91365394576
9.05069032673
9.11521485754
8.89782473223
8.95179232172
9.12873709151
8.98272409518
8.87366023625
8.90104231948
8.91650900324
8.80173265731
8.73668576277
8.96650731731
8.83038183292
9.02006398409
9.08990517369
8.9649786655
8.81877051912
8.79587290749
8.98526667204
8.95769579236
8.95244845514
8.85083088973
8.88328984149
8.88512636652
8.91775322942
9.05414192183
8.93354713202
9.0227407059
9.01962984624
8.9656338339
9.11571603872
8.82993836905
8.83163819294
8.76577090271
8.96277622069
8.99223690688
8.81640200582
8.7784188826
8.73743274502
8.89775138335
8.89224849273
8.80136190271
8.85562256454
9.06380479587
8.81099645195
8.96908177859
8.85952770438
8.66844093138
8.84692191101
8.74168932504
8.87226270808
9.00195716863
8.83555393341
8.82291388743
8.92089961515
8.8534850608
8.82298785847
8.91841186712
8.78228403844
8.90391058322
8.87226270808
8.94573904508
8.94479057046
8.87042351977
8.9390245991
8.97358303579
8.85753850866
8.79164256115
8.88402449706
8.82343167166
8.96745349499
8.69602828953
8.69805442181
8.61231913871
8.86394654109
8.93414068649
8.94092267108
8.80351206202
8.88777029587
8.83983709565
8.83163819294
8.77656002869
8.74810761371
8.97458300858
8.87204202562
8.953541904
8.89625676815
8.7185144208
8.88086504692
8.97349212365
9.0712902657
8.88527327212
8.93318184813
9.08322544593
8.98395915096
8.85156823931
8.87253855345
8.99303523465
8.81766035773
9.06668455409
8.95514538748
8.80454988203
8.81832647134
8.99049485479
9.00717566345
8.75370111692
9.05438519611
9.12551932944
8.96890895804
8.82993836905
9.02809176867
9.03517343368
8.79475985574
8.87012921425
8.88799058782
9.07409572491
8.91703050152
8.94114165345
8.95769579236
9.02129392787
8.94092267108
8.9806895154
8.99753357546
8.84072300807
8.88035061144
9.15835871914
8.87557228663
9.00231966185
8.74930119446
9.00905937704
8.84249456663
8.98969630143
8.94114165345
9.06516379577
8.96519706029
9.02397028485
9.06517279509
8.97843640714
9.17053642235
8.93785635447
9.1984626722
9.19718546025
8.99441399753
8.99262700771
9.17010940828
8.78362158073
8.7270439594
8.9692727869
8.93960866417
8.91409324489
9.03365640138
8.89775138335
8.84293740081
9.00665938471
9.07625318037
8.79424038338
8.96148362504
9.0242595732
9.07539025973
9.07589364007
8.85960136972
8.85127330685
9.05061821671
8.92542517154
8.87336603809
9.00594379154
8.95813293171
8.94004668793
8.85753850866
9.01007352124
8.94092267108
8.91621621891
8.99455911816
8.99499446604
8.93318184813
8.96490586605
8.90053821599
8.90471682964
8.91650900324
9.05126718617
8.8435278119
8.91804596329
8.99434143633
8.96015442383
8.95682144964
8.76614316259
8.81418094658
8.92784700136
9.17181734528
9.0763969925
8.80454988203
8.88527327212
9.03734018094
8.9806895154
9.00804511867
8.92857799071
8.79045472958
8.70203027253
9.10396683061
9.03863997998
9.09528847755
9.07438341527
9.00195716863
9.02809176867
8.99760611092
9.04253825607
9.11958136777
9.18859514982
9.05141139529
9.04477539619
9.19988158863
9.02722424424
8.85289531378
9.05494380123
8.99752450849
8.94552017525
9.14223932484
8.83318992039
8.71372224853
9.08207575014
8.95026115667
8.91035851191
8.9107979735
8.82010252835
8.86011700994
8.72278023267
8.80729210337
8.91650900324
9.01919568749
8.95332322491
8.95164650776
9.21349206808
8.96541544976
8.88777029587
8.68228315246
8.82108290661
8.81099645195
8.94975071011
9.00246465505
9.15757480375
8.94157960211
8.89217509785
8.88997296967
8.90024490628
8.80069450508
9.02880560646
9.03343966168
8.87557228663
8.86394654109
8.9326704256
8.75452119687
8.81877051912
8.80165850764
8.83178598826
8.80175119463
8.83289437427
8.83488911868
8.98417708435
8.90471682964
8.89224849273
9.00717566345
8.80069450508
8.93098983106
8.80655104667
8.83991092508
8.98576602224
8.82010252835
8.91614302132
9.04867102907
8.97392849354
8.99499446604
8.97145545022
8.88035061144
8.99833143331
8.79483406357
8.99673564686
8.93318184813
9.03517343368
9.06315672417
9.01398415147
9.19931404832
8.94114165345
8.78872837568
8.81151493648
8.83511072915
9.05227660174
8.93318184813
9.04275477769
9.09177174666
8.953541904
9.03799010383
9.03596796801
8.91292173242
8.92879727585
9.22481879452
9.10396683061
8.9622846922
8.90537643151
8.88035061144
8.93318184813
8.9894059008
8.98715497777
9.02331935216
8.93907023056
9.12938050783
9.1644852007
9.19718546025
9.03185007831
8.81943654888
8.91218945893
8.83991092508
9.16968237432
8.9313552046
8.81975104545
8.91211622827
8.8756458188
8.98526667204
8.86394654109
8.89217509785
8.9382944641
9.10023830454
8.98526667204
8.92887036969
8.89679779283
8.97546471033
8.77611384517
9.10640388764
8.83511072915
8.93318184813
8.88799058782
8.85952770438
8.76599426053
8.90735494405
8.9600997949
8.8844468965
8.80595815641
9.09722568712
9.05090665333
9.19995252871
8.92930892022
8.88681563434
8.83621869812
8.9166553918
9.03474002188
8.87617890884
8.78362158073
8.89298240822
8.79141985496
8.89320257106
8.94573904508
8.90427706792
8.77611384517
8.95674858389
8.86203198237
8.86512452556
8.96146541814
8.80002705683
8.7906032173
8.86394654109
8.75884398501
8.73750743974
8.65578304907
8.83991092508
8.9817068629
8.88402449706
8.70824358937
8.88879827824
8.86240019887
8.61072760854
8.90471682964
8.69602828953
8.96898172499
8.99245463967
8.76577090271
8.97407394545
8.84734608185
8.95682144964
8.89503704945
9.0195574879
8.9326704256
8.99027707455
8.89833815749
8.91775322942
8.94610381624
8.83998475388
9.07316066822
8.96056413016
8.90068486723
8.85709640449
8.85849632532
9.03596796801
8.77782409217
9.12966645608
8.90017157734
9.01470815608
8.97327393075
8.89501870654
8.97392849354
8.82446714899
8.79424038338
9.03849556709
9.01391174781
8.96483306602
9.03697909248
8.93960866417
8.97654626737
8.99964593115
8.89224849273
8.95704004332
8.89224849273
9.04383730803
8.81099645195
8.67859906568
8.96650731731
8.89006473591
8.63199949111
8.89224849273
9.16555335364
8.85377991958
8.77998001574
9.00594379154
8.75467029406
8.83555393341
8.9382944641
9.08199490668
8.90405717891
8.97458300858
8.83998475388
9.02613972145
8.87557228663
8.80588404232
8.84743829021
8.86534538022
8.86534538022
8.74430198776
8.9297017701
8.84743829021
8.80321551955
9.05306963502
8.87638110703
9.04932013817
8.82993836905
8.98272409518
8.98192485094
8.85156823931
9.10396683061
8.99252721609
8.90933301722
8.87027636823
9.09629300809
9.03185007831
8.94552017525
8.92857799071
8.91182329962
9.00608872639
8.89819146758
8.77343626751
8.89503704945
8.94975071011
9.00782776274
8.85746482616
8.7995820632
8.94114165345
9.04932013817
8.88666875424
8.89973159102
8.93851351086
8.9295281874
8.96187506453
9.0482382638
9.10905523826
8.89709121618
8.85996968723
9.0801353084
9.08322544593
8.7995820632
9.01514253094
9.04780547782
8.89237693232
8.83252492772
8.92711595216
8.7825069763
8.78562751235
8.92623861409
9.08918715893
8.95026115667
8.93442375242
8.83163819294
8.66623843289
8.84810216204
9.08394393191
8.90625582468
8.70128025106
8.98177952617
8.73825435175
8.95747721468
8.9166553918
8.87012921425
9.18440357205
8.95556443242
8.97458300858
8.74430198776
9.05494380123
8.90427706792
8.7785675739
8.78540465368
8.8582752999
8.88777029587
9.07157804504
8.72744591387
8.76569644883
8.77708054747
8.91101769617
8.84670059641
8.94654152199
8.82542855486
8.87270405655
8.76547308342
8.78741017828
9.04789564327
8.82298785847
8.81151493648
9.04275477769
8.92994843446
8.77849322856
8.70592934255
8.73705926188
8.87821906119
8.77708054747
9.04838252119
8.69647858195
8.84670059641
8.83252492772
8.89848484498
8.7715763577
8.89422992557
8.97959937232
8.71761608916
8.89833815749
9.1666925796
8.98744545113
8.8302340141
8.82882961194
9.09564725119
8.69355126436
8.97101896004
8.8517894322
8.93551940698
8.7480330095
8.95164650776
8.89298240822
8.77432888419
8.82882961194
8.74363023477
8.84078760237
8.83570166323
8.90933301722
9.10848203866
8.81292209786
9.1459507284
9.20576775469
8.90310426379
8.81381071562
8.84810216204
8.91563062139
8.85746482616
8.92704284395
9.14252487092
9.13602648976
8.9382944641
8.99376092567
8.82446714899
8.91182329962
8.95951706564
8.94157960211
8.99964593115
9.03163329527
8.99999945297
8.9915836769
8.98722759699
8.78562751235
8.87807203886
8.87638110703
9.1010271586
8.87196846357
9.01374883745
9.00253715077
8.96912725713
9.22290838506
8.85761219054
9.00782776274
9.04578553618
8.88989955601
9.02006398409
9.19079673817
9.07467109652
9.09580869471
8.86762722297
9.06711643894
9.06697247961
9.09844520005
9.00920426177
9.00840736691
9.13081015954
9.02006398409
8.94719804048
8.96121962131
8.83296826173
8.99760611092
9.09586250859
8.9295281874
8.84810216204
9.05299754396
8.83621869812
8.89298240822
8.94172558024
8.87320054733
9.09356616705
9.05328590477
8.89224849273
8.61769784964
8.8616913685
8.8503884505
9.08135711636
8.93997368546
8.84242075877
8.65970294214
8.9166553918
8.90493670236
8.81832647134
8.848987247
8.92994843446
8.69497751655
8.86254748118
8.91394681425
9.0712902657
8.84242075877
8.91782641379
8.86394654109
8.81099645195
8.7413906853
9.0157035675
9.03842335979
8.95704004332
8.82320976786
8.79654067094
9.0927766657
9.09887557735
8.89973159102
8.80899629719
8.81808593612
8.74877902291
8.93172056319
9.06574873301
8.95543689908
8.96395941947
8.98127087094
8.94814625992
8.90200461959
8.95390635728
9.0439996764
8.72016112179
8.86806880214
8.91109093586
9.2131378835
8.8660079112
8.84271598649
8.85355877642
8.99999945297
8.92345980778
9.12940731586
8.95274005456
8.67521434253
8.85635951517
8.80936673048
8.98127087094
8.73661106103
8.82698137392
8.89534887315
8.87498400731
8.83296826173
8.86652317884
8.99564744834
8.72375284501
8.72936195402
8.86151645358
9.01021838966
8.83621869812
8.93822144732
8.93318184813
8.99666310439
8.79305290273
8.85746482616
9.02642894027
8.95376057775
9.07495876864
9.18013898782
8.93456984746
9.11378275944
8.71671766494
8.89092729219
8.89364288038
8.93997368546
9.00355202962
8.97865447459
9.07869767676
8.86657838431
8.96658010375
8.6880692754
9.14202515944
8.82624197034
8.83513843007
8.95638424627
8.83732652818
8.81418094658
8.91592342496
8.96665288961
8.857243775
8.90515656965
9.1873165661
8.92506869583
8.87799852678
8.97800025636
8.84242075877
8.74363023477
8.96650731731
8.8503884505
8.83355933912
8.9575500745
8.93208590684
8.94457167741
9.06186044172
8.83447358407
8.97458300858
8.8582752999
8.8063287175
8.77551889851
9.14066866201
8.98911549079
9.05775432342
8.88064457822
8.85488555257
8.90273773082
9.0330784173
8.78874694043
8.99281751592
8.78079764138
8.9712099271
9.05717787715
9.16113751499
8.91013877298
9.00137714912
8.90515656965
8.85996968723
8.92704284395
8.83754807753
8.76309016475
8.95826953339
8.75750265842
8.98083485782
9.0110875513
8.98127087094
8.97603731559
8.92704284395
8.9356654841
8.79297867987
9.01391174781
9.00274557273
8.80618049493
8.96192057964
8.75414844278
8.75414844278
8.92996670562
8.96269430114
8.87196846357
8.94457167741
8.81099645195
8.8503884505
9.06632463434
8.67784701907
9.04520832714
8.97887253674
9.11571603872
8.89609170322
8.81558768241
9.05076243617
8.75713003124
8.74594383342
9.01354972078
8.72547335511
