-9.58652965264
-9.62076801594
-9.60886343162
-9.58839729073
-9.60951018002
-9.62712415923
-9.62701836923
-9.60163693738
-9.59235749636
-9.63895127174
-9.63346322046
-9.60704253064
-9.61832400232
-9.59206155756
-9.59087676941
-9.568570058
-9.60551226438
-9.57554287028
-9.57078346655
-9.58810646672
-9.64043993526
-9.60848495026
-9.62621530404
-9.61945405306
-9.62869627642
-9.65921122797
-9.61425632958
-9.65814410799
-9.63428533932
-9.63107340168
-9.66197484165
-9.61111202651
-9.61024850396
-9.60418747858
-9.57278990969
-9.57035137572
-9.58577636877
-9.52406345685
-9.55794907943
-9.55209609919
-9.54775752892
-9.51877062413
-9.56522651738
-9.54443471314
-9.57537020869
-9.6062621841
-9.62473366693
-9.57961107063
-9.62610851658
-9.61014994922
-9.57628787825
-9.55523090909
-9.56646816715
-9.57511553722
-9.59920264735
-9.58575426595
-9.56860961681
-9.57648643432
-9.56257816384
-9.57047109468
-9.5567784351
-9.57364787023
-9.54939285935
-9.55827951036
-9.59290454168
-9.56816350474
-9.58156183099
-9.58995921071
-9.64148772392
-9.61651821513
-9.6257825521
-9.66460138847
-9.66112922822
-9.639261018
-9.65113533934
-9.60816478614
-9.59486534412
-9.55135258588
-9.50873104645
-9.4746017097
-9.49685482145
-9.4715916639
-9.45913071694
-9.45526923477
-9.42459281724
-9.41755209094
-9.40561177281
-9.37761301647
-9.39608924817
-9.41821535864
-9.43105063235
-9.44795856705
-9.46422145987
-9.47685250749
-9.48470030282
-9.48448004095
-9.480312311
-9.50468416632
-9.53355953577
-9.55809121716
-9.54911056307
-9.5988225732
-9.53979194776
-9.56511378932
-9.5646982227
-9.56584958189
-9.55754503497
-9.55372202389
-9.55455996478
-9.54645432221
-9.53813941732
-9.51265288306
-9.53341832483
-9.5073255209
-9.52826569864
-9.50733272081
-9.49243895197
-9.48505119384
-9.48577893907
-9.47816940488
-9.49523604559
-9.44952086455
-9.47157681391
-9.50186245491
-9.49418115405
-9.46866352601
-9.46029717722
-9.42224874716
-9.44315281054
-9.42239384676
-9.45997631578
-9.43902158818
-9.43415268616
-9.42955186298
-9.4369495485
-9.44092197277
-9.44998191987
-9.47622471758
-9.47323113515
-9.44884731819
-9.48385969116
-9.50533456023
-9.49306387007
-9.5186625312
-9.56127540249
-9.55704785658
-9.52295479099
-9.53636280048
-9.57428970008
-9.53620672101
-9.54813360137
-9.55194111615
-9.55162681215
-9.54210621763
-9.54168587761
-9.50772865215
-9.50201091087
-9.488747747
-9.44204393203
-9.45979584919
-9.46096495459
-9.44674311183
-9.47207499943
-9.43580153652
-9.44900545143
-9.41488939636
-9.43188023647
-9.40254139912
-9.41195106531
-9.40840537099
-9.42548154099
-9.45966632916
-9.44375877815
-9.42287155475
-9.46038178522
-9.46713853148
-9.4658411438
-9.46848651666
-9.48478698126
-9.48785309436
-9.51743820582
-9.49530958655
-9.49075577311
-9.49036844317
-9.53299686081
-9.50737011112
-9.49916481336
-9.50801524227
-9.52956168968
-9.53046179738
-9.50114904283
-9.50604983695
-9.51505543909
-9.52032892005
-9.50427246495
-9.51288071935
-9.47977688207
-9.49274842649
-9.47974642396
-9.48040416602
-9.46363811983
-9.49034794484
-9.47401136587
-9.44948234139
-9.4619997666
-9.43198916301
-9.43991904673
-9.3927131769
-9.41296854897
-9.386793537
-9.4034908912
-9.39524109248
-9.3566029159
-9.37756763376
-9.35278157509
-9.34440424942
-9.33591556483
-9.36085608179
-9.36452991216
-9.39074054529
-9.38701486778
-9.39645606023
-9.41000406834
-9.44083300407
-9.39980984614
-9.38763185542
-9.41279483302
-9.40850924745
-9.44263652166
-9.41788419896
-9.43537598861
-9.41014843333
-9.45674914182
-9.44452114896
-9.42306177431
-9.45326148714
-9.42339872156
-9.40147586619
-9.37857938771
-9.36761000338
-9.33397289505
-9.33033899226
-9.26120294655
-9.28063988556
-9.28925699052
-9.27793055695
-9.29672634173
-9.25681391408
-9.32277072147
-9.30321285618
-9.34359980123
-9.31974900533
-9.35037147297
-9.36410305287
-9.3743971912
-9.36827179907
-9.44486578268
-9.4390587402
-9.42692174217
-9.43976269065
-9.45666384035
-9.46846054667
-9.45352492588
-9.44804971008
-9.45458820024
-9.45765259306
-9.4345154211
-9.43365450245
-9.42799361212
-9.40040141584
-9.37383316366
-9.3893324863
-9.34622476006
-9.3686011767
-9.36013134575
-9.36744102576
-9.34012899346
-9.3760917127
-9.32975553351
-9.34046597205
-9.41790186975
-9.3938054441
-9.35182882204
-9.31833914262
-9.34688994424
-9.32890569959
-9.31556255214
-9.31861227151
-9.29654601812
-9.29191918457
-9.26555479355
-9.30349069276
-9.27923112414
-9.28415309424
-9.27653587461
-9.30311245167
-9.34151221505
-9.33791630178
-9.29964565524
-9.36310260736
-9.37657551905
-9.36062160453
-9.38723445671
-9.38768003727
-9.42161363868
-9.42148664724
-9.44447434323
-9.43919827592
-9.44667089898
-9.47640721447
-9.43913020191
-9.45220069529
-9.44406383535
-9.43064824347
-9.44239532521
-9.4158534855
-9.39742318763
-9.35881497196
-9.38446475528
-9.36025850872
-9.34478704425
-9.32499248129
-9.34652234271
-9.32973597678
-9.33003415574
-9.36431323133
-9.35629662898
-9.35375232459
-9.35162435969
-9.38418056412
-9.39724537782
-9.40033765523
-9.43300289226
-9.44903352345
-9.41497525993
-9.49483001327
-9.50700557747
-9.50328517172
-9.52134658116
-9.54701580551
-9.55902753819
-9.55369576641
-9.55690468712
-9.55910907153
-9.57450693719
-9.56373746649
-9.49910305955
-9.48250750162
-9.50326884472
-9.49925401053
-9.44902686992
-9.45703785145
-9.3825684422
-9.38784458314
-9.377395405
-9.36586922157
-9.38576188414
-9.38605803676
-9.42267763688
-9.39157738272
-9.38913985497
-9.42037064013
-9.38333198072
-9.39246949395
-9.37372141042
-9.41758959684
-9.38996469459
-9.33893415227
-9.37767062568
-9.38149950569
-9.37745536969
-9.3947607295
-9.36189285043
-9.36584863568
-9.33131387256
-9.32252884422
-9.30661916785
-9.36175221641
-9.33477095547
-9.35120112545
-9.34173807434
-9.37930277054
-9.3666890248
-9.39586208961
-9.41744321739
-9.45242852279
-9.50443959396
-9.48930135957
-9.56360505021
-9.55941905116
-9.60026562148
-9.55534524363
-9.60685273761
-9.55783967715
-9.5494049964
-9.49724030264
-9.47381115912
-9.49360274347
-9.40806089432
-9.415633356
-9.38558142234
-9.36454914537
-9.39585659235
-9.36411818342
-9.31527374267
-9.31740249214
-9.32525143789
-9.33362974437
-9.36491233836
-9.39600545424
-9.42611767653
-9.44728271201
-9.44062407713
-9.46534714521
-9.49775883765
-9.51040087498
-9.53721703718
-9.54780345006
-9.60875182178
-9.54987155294
-9.54956753635
-9.50802477942
-9.52110383691
-9.5446165087
-9.5258474335
-9.51094867633
-9.50722460248
-9.4814270253
-9.4638403952
-9.47152160096
-9.41836641562
-9.46395991997
-9.4603993384
-9.43894397904
-9.44330157354
-9.44380868916
-9.44814724078
-9.4228228776
-9.3965171755
-9.39563108028
-9.39952668483
-9.39053652221
-9.37205312888
-9.35609764903
-9.35326382793
-9.38904914054
-9.38633388998
-9.37976439343
-9.40549821692
-9.38311861878
-9.42065207231
-9.4422261375
-9.40941139126
-9.4441469143
-9.44528908744
-9.44626187787
-9.47650969311
-9.52230281389
-9.53491226776
-9.52145844991
-9.53684877637
-9.5483145642
-9.57696165694
-9.58510747519
-9.62701625567
-9.59364164042
-9.58926755315
-9.60999607053
-9.59717860777
-9.59248170821
-9.59159019031
-9.55401865609
-9.5751217072
-9.56341177648
-9.5562501452
-9.51446755784
-9.41785748725
-9.41493640506
-9.40713816374
-9.42030660773
-9.39948697192
-9.38673102857
-9.41615251548
-9.42060508683
-9.426258181
-9.44894994207
-9.50294834193
-9.51724323913
-9.54362035767
-9.5218317231
-9.55161746501
-9.5630829636
-9.54507067758
-9.58611916223
-9.59349284314
-9.54524816954
-9.57765704601
-9.56313964687
-9.56180037496
-9.52341014276
-9.51875328945
-9.5184279782
-9.56022116769
-9.54752812895
-9.56363406051
-9.57226212481
-9.55901013896
-9.55513829767
-9.57425569714
-9.57184982111
-9.6158156442
-9.59133805378
-9.59580691397
-9.62593997392
-9.60519187626
-9.64363981074
-9.6021790392
-9.61465173099
-9.63220141217
-9.61489653486
-9.60925851625
-9.60418474779
-9.58547808851
-9.58259532064
-9.55937536493
-9.52393867291
-9.52638449798
-9.54182236782
-9.52243059285
-9.50876596299
-9.4837609361
-9.50071808744
-9.54209661071
-9.52778463501
-9.57903523513
-9.60995210668
-9.5716453586
-9.63182110257
-9.63145667285
-9.56712500161
-9.53447204005
-9.49873541729
-9.48265319903
-9.50642640538
-9.45403113496
-9.48227675583
-9.48256225522
-9.4823871819
-9.4895738907
-9.52623154209
-9.54615585945
-9.53297577365
-9.58002032374
-9.60300190359
-9.64414671462
-9.65071176812
-9.75770891766
-9.75378242139
-9.70052988187
-9.69132136993
-9.68152693956
-9.67402920845
-9.63397753265
-9.51544643287
-9.54448745129
-9.58907009828
-9.59753336293
-9.6146386857
-9.65030890753
-9.66296426092
-9.72881120909
-9.78238127346
-9.78505982807
-9.83604277603
-9.83845335674
-9.90899004284
-9.85116182818
-9.89453815982
-9.92966369931
-9.95148142378
-9.91826051074
-9.89703438437
-9.92136531756
-9.89884261166
-9.85079095175
-9.83935409595
-9.79471707062
-9.79572205228
-9.77592906943
-9.75588450054
-9.77363791555
-9.77040513159
-9.8131840589
-9.81945432118
-9.82339288196
-10.0558327428
-10.0361684814
-10.0628879689
-9.95556772339
-9.94793193672
-9.86351534921
-9.86676399839
-9.78633029807
-9.78520836712
-9.77113224872
-9.7366650702
-9.7294658526
-9.68912741018
-9.6652311571
-9.63261741022
-9.63891756868
-9.64461250883
-9.65215212214
-9.68594491379
-9.75801656191
-9.80534254309
-9.83510647632
-9.89093806545
-9.93405036111
-9.99856901233
-10.0245897368
-10.0479363956
-10.0700836232
-10.0743216047
-10.0960873007
-10.1254733226
-10.1117190464
-10.148950691
-10.1377957116
-10.1836184185
-10.1085387615
-10.1502531709
-10.0654129146
-10.1268622073
-10.0997267049
-10.0979678932
-10.0767231732
-10.0313054335
-10.0545275704
-10.0994839988
-10.0849426049
-10.0788120361
-10.0430275561
-10.0314392472
-9.99925739681
-10.046261372
-10.0052496117
-9.95062666437
-9.92537387651
-9.89882859911
-9.88960437896
-9.89938166335
-9.84651773556
-9.90825457666
-9.88070169016
-9.896160532
-9.9465524125
-9.95095176672
-9.97642415228
-10.0434346361
-10.0686947708
-10.1053035196
-10.1129329186
-10.1633465773
-10.1807274936
-10.2293110506
-10.2178521723
-10.2364113386
-10.2584618789
-10.2175763333
-10.1537765914
-10.1570549779
-10.1418438059
-10.0949292525
-10.06507378
-9.96389035764
-9.95499128496
-10.0176774934
-9.99609110466
-10.0220293012
-10.0048478973
-10.0349594988
-10.0533902861
-10.0711522367
-10.0586132236
-10.0839737717
-10.0673386647
-10.1181947261
-10.0808024992
-10.0828827941
-10.0875512451
-10.0539280619
-10.0351316885
-10.0424338843
-10.0192308805
-10.035931589
-9.98851624491
-10.0477112257
-10.0441681598
-10.0302347362
-10.0252179805
-10.0738723018
-10.089215135
-10.1255404999
-10.1497353792
-10.132767504
-10.1661079556
-10.1704530097
-10.1586211612
-10.1498081118
-10.1745398558
-10.153567946
-10.1617507113
-10.1495136011
-10.1620960638
-10.1417403078
-10.163384386
-10.1476467298
-10.1477840734
-10.1772435057
-10.1721114062
-10.1891034439
-10.1734178926
-10.1519670683
-10.153564155
-10.1364835322
-10.1647630488
-10.167400651
-10.1446527109
-10.1486704344
-10.1274163431
-10.1249257886
-10.08309259
-10.0662947087
-10.0563645793
-10.0546479039
-10.0657024563
-10.0480436936
-10.0366236023
-10.0133474539
-10.0195965705
-10.0299166485
-10.0587265919
-10.0814075418
-10.0425412366
-10.1250650654
-10.0983676522
-10.1441765861
-10.1697279324
-10.1671167976
-10.212150645
-10.2783245413
-10.29722632
-10.2739380872
-10.3295207453
-10.3183778854
-10.302811447
-10.3430908818
-10.3282464677
-10.2994538243
-10.2983631911
-10.2761290143
-10.2738495218
-10.2261835578
-10.2032357286
-10.1811895165
-10.1816028988
-10.2118698374
-10.1746436498
-10.1961741301
-10.1999571293
-10.2501980352
-10.2543912636
-10.2256189046
-10.2604857876
-10.2695444637
-10.3073474121
-10.3202428549
-10.3363762689
-10.3788251085
-10.4161933974
-10.369718019
-10.3643461519
-10.3765507493
-10.3847555232
-10.4009369837
-10.3890259097
-10.3551244504
-10.4011576988
-10.3580497284
-10.343651757
-10.3392791388
-10.3137155524
-10.3142455094
-10.3068652082
-10.2902419294
-10.3115877464
-10.2942324001
-10.297144207
-10.3002234165
-10.2998390278
-10.2998240473
-10.3052188607
-10.3354439953
-10.3110325204
-10.3672243189
-10.3637162739
-10.3808523764
-10.3559579542
-10.3658044455
-10.3881138423
-10.4137265982
-10.3967747833
-10.4171920784
-10.4569660599
-10.4265568552
-10.4019196359
-10.409789078
-10.4056028005
-10.3921940936
-10.3927481582
-10.3887808046
-10.4139512783
-10.4056565511
-10.4141888432
-10.4711213459
-10.5057335633
-10.5115633784
-10.5468055444
-10.5480541166
-10.4890669389
-10.506127485
-10.4667072437
-10.4276987823
-10.4252507846
-10.37354981
-10.3681273375
-10.3593896415
-10.3412750894
-10.3117962535
-10.3238655305
-10.2940562998
-10.2938527172
-10.3277783516
-10.3103137473
-10.3485328509
-10.3534152299
-10.379332785
-10.3800626154
-10.3973336058
-10.4145754493
-10.4401736798
-10.4537884546
-10.4735304603
-10.470046716
-10.5341839788
-10.5435013133
-10.5260031693
-10.5750860457
-10.5177294298
-10.5283623454
-10.4631702292
-10.4965058309
-10.4954755265
-10.499074392
-10.4000060276
-10.4299494212
-10.3883402231
-10.3811616264
-10.3782935113
-10.3792398442
-10.3846781258
-10.4030190902
-10.435040471
-10.4789472353
-10.4599076509
-10.4862343406
-10.4394780568
-10.4597810703
-10.4965496433
-10.4450602201
-10.4479351731
-10.4468144113
-10.4580938223
-10.4279047607
-10.3927608974
-10.4090938102
-10.3789221457
-10.3743202083
-10.4036013759
-10.369388812
-10.3780039436
-10.3528907386
-10.3947643796
-10.3692446449
-10.3522666021
-10.4043986476
-10.4018670738
-10.4548836796
-10.4259429314
-10.5065016351
-10.5023814161
-10.5235197272
-10.5189828616
-10.5447678868
-10.556675181
-10.5766907355
-10.5802462465
-10.5418487996
-10.5581010686
-10.5582778828
-10.5325910024
-10.5195415065
-10.4778111055
-10.4689701295
-10.4917960672
-10.4925259133
-10.4388171654
-10.443099231
-10.4443550718
-10.4078096845
-10.4425916553
-10.4055803392
-10.4048694526
-10.3661355578
-10.3655203875
-10.4014854508
-10.4102143266
-10.4058553551
-10.3762952996
-10.3723233737
-10.3840721531
-10.3916967609
-10.390966955
-10.3992237271
-10.3913815252
-10.4507842403
-10.4641117807
-10.5039243893
-10.5837102544
-10.5545824163
-10.5961102516
-10.6040981808
-10.6244244065
-10.6455997294
-10.6159343402
-10.6573447878
-10.6558609429
-10.6341460278
-10.6191606735
-10.5754726095
-10.6340036331
-10.6120688749
-10.5944188344
-10.5717535563
-10.5575639882
-10.5348116658
-10.5130484629
-10.5088990607
-10.481529892
-10.4872231198
-10.5001096374
-10.4922286123
-10.4927210143
-10.5624248301
-10.5937941595
-10.6297222786
-10.5753254198
-10.637483457
-10.6805978035
-10.6703972592
-10.7187029698
-10.725925174
-10.7205950304
-10.7834610356
-10.8013310378
-10.7168341979
-10.7547045456
-10.7241812878
-10.7275982959
-10.6834445965
-10.643659996
-10.6264076062
-10.6385488922
-10.6309570238
-10.5981831261
-10.5613193076
-10.5376501661
-10.4957351978
-10.4793092463
-10.4751379864
-10.4546406145
-10.4938272956
-10.5002068757
-10.4760561012
-10.4838509725
-10.5178894194
-10.5824104893
-10.5942514239
-10.6644193413
-10.7024778137
-10.7582788406
-10.8317661558
-10.8362611881
-10.8780642433
-10.8684627294
-10.9076508269
-10.8982619974
-10.9726098047
-10.9588397458
-10.9938114752
-10.9856018061
-11.0065284019
-10.9931420294
-10.971336807
-10.9882223554
-10.9711534255
-10.954841068
-10.981067008
-10.9857836644
-10.9902383542
-10.9863618229
-10.9406035728
-10.9615957713
-10.9279369533
-10.9404631957
-10.8937063028
-10.919562514
-10.9275704599
-10.9144595946
-10.9009481432
-10.9300431556
-10.9065107035
-10.8967106483
-10.9463172991
-10.9250338069
-10.9420123351
-10.9764096977
-10.9552263864
-11.0066286663
-11.0363869385
-11.0284951424
-11.0632575575
-11.0300534375
-11.0902313725
-11.0646835894
-11.0538521068
-11.0461238156
-11.054984631
-11.0008108685
-11.0183819376
-10.9429995204
-10.8725032933
-10.8723919375
-10.8386633418
-10.8718096175
-10.8467877457
-10.8425872077
-10.8551139886
-10.8896147814
-10.8431668325
-10.8660900627
-10.9009292749
-10.8761249011
-10.9096370903
-10.9168911033
-10.9371782733
-10.9106834964
-10.9141402437
-10.8840551801
-10.8542970962
-10.8881822637
-10.888171327
-10.848842665
-10.8231941205
-10.8353856685
-10.8305676965
-10.827277527
-10.8532764741
-10.8832199197
-10.9012273636
-10.8975717521
-10.8863039428
-10.91681176
-10.8925933332
-10.8936162042
-10.8824237599
-10.8901038437
-10.8813280405
-10.8791702481
-10.8603755549
-10.8552792843
-10.841461022
-10.8418129929
-10.8798911701
-10.8583797327
-10.862269023
-10.8107170328
-10.8096483524
-10.8184537016
-10.8052185156
-10.8269309493
-10.8018821738
-10.8276441692
-10.7899329679
-10.8118648974
-10.8338857838
-10.8308492029
-10.8489900724
-10.8321201419
-10.8749671246
-10.8708593526
-10.921996911
-10.9087237284
-10.8804873642
-10.8757282693
-10.8840526388
-10.8663971127
-10.874795028
-10.8910379384
-10.9375282746
-10.8908826474
-10.8986147714
-10.8476619598
-10.8608015325
-10.8524445854
-10.8276011864
-10.9123079076
-10.8535329276
-10.8287630096
-10.8498048805
-10.7985152247
-10.8149864589
-10.7928814274
-10.7793934647
-10.8088514022
-10.7627077121
-10.7627767287
-10.7549095356
-10.78048123
-10.8017969625
-10.7803496691
-10.8265883331
-10.8389875742
-10.8048102145
-10.8431270607
-10.855962712
-10.8348977906
-10.8773997955
-10.8351337715
-10.8914002005
-10.9091866609
-10.89205991
-10.8792252268
-10.8567484019
-10.8664062075
-10.8368698595
-10.8536823594
-10.8749265537
-10.8455718747
-10.8978670074
-10.889910422
-10.9371362683
-10.9336792768
-10.9422328223
-10.9466095548
-10.9251791848
-10.9328692381
-10.9366131875
-10.9458440779
-10.9170896574
-10.9514523642
-10.9303964749
-10.955015483
-10.9336872083
-10.9325263581
-10.886050761
-10.9291277191
-10.8964710336
-10.8814059782
-10.921715469
-10.9289757069
-10.9179799827
-10.9429633804
-10.8618691164
-10.8761741636
-10.877624663
-10.881054939
-10.8974324577
-10.881408026
-10.9404933712
-10.9215917709
-10.9060005904
-10.9032465088
-10.9139630969
-10.8960860154
-10.897811558
-10.9371725748
-10.9513542214
-10.9347985949
-10.9014248898
-10.9226569627
-10.9483861981
-10.9331942101
-10.918377349
-10.924204978
-10.9090747634
-10.8806466331
-10.9150065955
-10.8818194332
-10.9110964696
-10.8885684145
-10.8968846533
-10.8874973058
-10.8703810405
-10.8572465629
-10.8910655139
-10.8771557615
-10.8834184297
-10.9066846272
-10.8957061432
-10.8727145388
-10.8966244561
-10.913753608
-10.892177385
-10.9729704984
-10.9516384213
-10.9429515346
-10.9899115492
-10.9616179456
-10.9938701835
-10.9600015128
-10.9776887013
-10.9236886067
-10.9366184521
-10.9232646023
-10.8977851591
-10.8874906129
-10.8949149982
-10.9275714052
-10.9224773561
-10.9255612586
-10.9073376898
-10.8813581062
-10.8839828287
-10.916204131
-10.9034087192
-10.9594644393
-10.9308544534
-10.9948926456
-10.9367552506
-10.9536997018
-10.9634936751
-11.0077239295
-11.0002394684
-10.9604431181
-10.9619707598
-10.9500720287
-10.9635187497
-10.9168809873
-10.9199715092
-10.9112180501
-10.8815879669
-10.9320012509
-10.8781919848
-10.8735896914
-10.8644104028
-10.8837048538
-10.878684123
-10.8859997888
-10.9024637731
-10.9020958881
-10.9020739343
-10.9578186675
-10.9698690801
-11.0168581641
-10.9962547315
-11.0219154779
-11.0526317837
-11.1211852251
-11.0799894468
-11.1221856735
-11.1399521534
-11.1494185882
-11.1844846825
-11.1681711519
-11.1387715012
-11.1944570745
-11.1817044756
-11.1736590266
-11.1484590627
-11.1264296376
-11.1172297879
-11.0861911633
-11.0772285105
-11.0460677138
-11.0328154964
-10.9896584026
-10.9598982179
-10.9427077879
-10.9251797114
-10.9080470141
-10.900307243
-10.9263657432
-10.9359443194
-10.9073148582
-10.9467176456
-11.0031531965
-10.9913341647
-11.0217005505
-11.0266660045
-11.0707050262
-11.1097862293
-11.1107723661
-11.1544465011
-11.1722070443
-11.1547447447
-11.187601133
-11.1565240332
-11.1217374801
-11.1370648699
-11.1262256578
-11.1083165871
-11.1023351344
-11.0541960898
-11.0059578825
-10.9792075257
-10.944378551
-10.9606213663
-10.9274370403
-10.957323889
-10.9416837302
-10.985995608
-10.9706393313
-10.98024396
-11.0058654556
-11.0314576161
-11.0187185286
-11.0189187815
-11.0581046643
-11.0594410487
-11.0895000431
-11.1277718244
-11.1784419004
-11.1441018212
-11.1642028576
-11.1503696032
-11.1372561457
-11.141442238
-11.1237987705
-11.1489724809
-11.0807773874
-11.0828156932
-11.107691668
-11.0936782019
-11.0677932146
-11.0933060466
-11.0811937122
-11.0821848148
-11.0740696488
-11.099180496
-11.1031046041
-11.0820530272
-11.0959578483
-11.1221906137
-11.1084639504
-11.1057342735
-11.1203951609
-11.1510643294
-11.1261612223
-11.1512872755
-11.1773465986
-11.1438284227
-11.136207481
-11.1740651129
-11.1438288149
-11.1810630195
-11.1624997739
-11.1609577403
-11.1337287635
-11.1448685663
-11.1455878679
-11.0953138127
-11.1294146441
-11.1038918905
-11.1024455889
-11.0854635297
-11.0976785665
-11.0767807987
-11.0564088217
-11.0854540231
-11.0353948813
-11.0906552627
-11.0999498077
-11.0922439785
-11.1135193645
-11.0932153124
-11.1314610413
-11.0852929994
-11.1059417371
-11.0723987543
-11.1028546784
-11.1281671241
-11.089967595
-11.1025824872
-11.0930496104
-11.0889467453
-11.0878695146
-11.0743706986
-11.0517078489
-11.0756545093
-11.0998352466
-11.0602326615
-11.088643436
-11.0632199433
-11.0806173808
-11.0477474843
-11.0653552983
-11.0699175268
-11.0782063489
-11.0436718281
-11.0519190404
-11.0738716528
-11.1180896738
-11.0561317608
-11.1040053001
-11.1174917789
-11.1101999638
-11.0894635825
-11.098625422
-11.0996204634
-11.1221920367
-11.08621418
-11.0997792047
-11.0698707267
-11.0862813223
-11.0898564822
-11.0899639679
-11.1065852391
-11.1108553185
-11.0768862875
-11.0895883172
-11.0962988235
-11.1085343684
-11.1162920191
-11.1198216933
-11.1110966877
-11.0604051954
-11.0684147597
-11.0558672255
-11.0652093571
-11.0658064465
-11.0958016342
-11.0708005384
-11.0957906554
-11.0710198744
-11.0755151774
-11.1184749361
-11.1286008509
-11.1048421297
-11.1177956393
-11.118507752
-11.1262559382
-11.1712506426
-11.1070778137
-11.1023229392
-11.1473582744
-11.1597745036
-11.1508384133
-11.1931974702
-11.1799691633
-11.171225412
-11.2084471881
-11.207668704
-11.2249040106
-11.1755314518
-11.2131084657
-11.1966758615
-11.2011195725
-11.176051504
-11.1836885177
-11.1284571184
-11.119789408
-11.1152924995
-11.1067908058
-11.1200770318
-11.0997609386
-11.0633501997
-11.0214709799
-11.0217037957
-11.0159048653
-11.0358191071
-11.0899150329
-11.0869247145
-11.1208444172
-11.17165239
-11.1793715657
-11.1866127215
-11.2314169054
-11.2518846233
-11.3068899379
-11.3233968804
-11.3112324244
-11.3152959269
-11.3362378985
-11.2933726713
-11.3050475558
-11.2966629909
-11.2877301657
-11.2586216529
-11.2208677356
-11.1402355262
-11.131695129
-11.1487429722
-11.0681554362
-11.0554218784
-11.0298312253
-10.9957532923
-11.0194846928
-11.061657781
-11.0658542558
-11.1005832253
-11.1328973632
-11.150148732
-11.1932926892
-11.1958197828
-11.2989224471
-11.2711284327
-11.3200967383
-11.2584271337
-11.2941953267
-11.2789891125
-11.2372141223
-11.2562167696
-11.2608988712
-11.200560554
-11.1917936896
-11.1672176229
-11.1637919565
-11.1703505664
-11.1302274229
-11.1338012843
-11.1448383924
-11.1361603093
-11.1563604575
-11.1714654492
-11.1539574639
-11.1313734269
-11.1514288089
-11.1571790366
-11.1706347532
-11.186972514
-11.1686290309
-11.2065449037
-11.2116488018
-11.1675958873
-11.1777609254
-11.1861587926
-11.1503062691
-11.1769379317
-11.2187951202
-11.1958766193
-11.2078724152
-11.2116298767
-11.2506125427
-11.230079288
-11.2484619042
-11.2714460213
-11.2577940955
-11.2512418784
-11.2658554146
-11.2938979275
-11.253416187
-11.2847693108
-11.2780586161
-11.2460321215
-11.2549155644
-11.2295270513
-11.207864862
-11.1862630603
-11.1795156658
-11.1488954784
-11.1464790043
-11.1396900227
-11.1430196206
-11.1454281134
-11.1404994592
-11.1400685865
-11.1480737795
-11.1556248435
-11.1555711163
-11.1719569264
-11.181767015
-11.2167073183
-11.2304083527
-11.2448869855
-11.2679670877
-11.2668836651
-11.2803925832
-11.2733763312
-11.2522177924
-11.2758554293
-11.2587655725
-11.2774675172
-11.2525754802
-11.2621125126
-11.2364824988
-11.1865214068
-11.1896504948
-11.1936387911
-11.1968366819
-11.1657457187
-11.1735069709
-11.1758150748
-11.1587555556
-11.1666423937
-11.1416182818
-11.1458299843
-11.1752731551
-11.1667754896
-11.1251487415
-11.1542696484
-11.1964255317
-11.1806022445
-11.15206772
-11.2039668535
-11.2174176732
-11.2087308169
-11.238057933
-11.2682247133
-11.2475315264
-11.2815285383
-11.2653537411
-11.2232580189
-11.2454787659
-11.206627807
-11.2180510849
-11.2425573082
-11.2085378571
-11.1998727635
-11.1784413842
-11.2081061802
-11.1744388656
-11.1653672697
-11.185818996
-11.1645666936
-11.1807252118
-11.1597775105
-11.1878807288
-11.2177154863
-11.2059275599
-11.2265755052
-11.2510775023
-11.2460774188
-11.3100491867
-11.2725548645
-11.2607281718
-11.2566703618
-11.2896614211
-11.2847424756
-11.2503903781
-11.2873234023
-11.2870666467
-11.2617588293
-11.2493105727
-11.2413722091
-11.2206784291
-11.212807759
-11.2337883792
-11.2334360063
-11.1995714038
-11.2423056133
-11.2046576057
-11.2096234658
-11.1882340354
-11.1758687548
-11.197228596
-11.1840709347
-11.2302931059
-11.2389737891
-11.2435003515
-11.2313239262
-11.218757714
-11.231426204
-11.210287676
-11.2391208552
-11.234305037
-11.2245228017
-11.2616241848
-11.2069905165
-11.2283749281
-11.1486380461
-11.1951535698
-11.1734613263
-11.15590548
-11.1679691764
-11.1679016074
-11.1854712406
-11.160617202
-11.1768718573
-11.1600664368
-11.1638616163
-11.1470065731
-11.1562680394
-11.1741195431
-11.1491358982
-11.1740248879
-11.1603601531
-11.1587348503
-11.2003575889
-11.2548325159
-11.2507913567
-11.2433099849
-11.281384035
-11.2739508687
-11.2687191542
-11.2638965265
-11.3170707624
-11.2879688984
-11.2962537188
-11.3211866003
-11.2719077521
-11.2679563882
-11.2846773802
-11.2254181299
-11.2207389216
-11.2418493993
-11.2339611213
-11.2182830818
-11.2366037253
-11.2292941639
-11.1989422191
-11.2025284492
-11.2175360161
-11.1741558672
-11.2285937893
-11.2367526981
-11.2501926762
-11.2340550319
-11.2420335251
-11.220027065
-11.2570498416
-11.2515056955
-11.267691955
-11.2638995786
-11.2601855499
-11.2916133269
-11.296896704
-11.2555351688
-11.2553833557
-11.2508649641
-11.249983404
-11.2587602037
-11.216988865
-11.2136456508
-11.2187446067
-11.223543224
-11.2322699588
-11.2410773589
-11.2240601544
-11.2371301221
-11.2664828886
-11.2490353557
-11.2760526437
-11.2593045066
-11.2425801839
-11.2721281599
-11.2968088739
-11.304918118
-11.3391075286
-11.3272421177
-11.3528168997
-11.2805983402
-11.3343051206
-11.3468088001
-11.3072044633
-11.3449861857
-11.2935789705
-11.3103564242
-11.3348147432
-11.3089672992
-11.2967439993
-11.3093317995
-11.2749727059
-11.2624173108
-11.2616952059
-11.2366870495
-11.2752402081
-11.2925526619
-11.2610084956
-11.2512265505
-11.2512607591
-11.2339597559
-11.3097903116
-11.3272831182
-11.3625837143
-11.4182527133
-11.382964991
-11.4005598893
-11.374828346
-11.3565859168
-11.3563261727
-11.3728824484
-11.3389157378
-11.3343183699
-11.2917232429
-11.2921946631
-11.2421944123
-11.2764182542
-11.2691686048
-11.2956628159
-11.3010730608
-11.2944858181
-11.295792889
-11.2925522782
-11.2886716198
-11.3048364767
-11.3129847441
-11.3131288718
-11.3681940855
-11.3513568965
-11.3516805179
-11.3932756387
-11.3584991611
-11.3715210392
-11.3617223709
-11.3731954519
-11.4108500151
-11.3934459838
-11.4522927951
-11.3800277682
-11.4098202393
-11.3963756848
-11.4121838505
-11.4244205841
-11.3859690894
-11.4282080763
-11.4329806715
-11.4343423689
-11.4228106941
-11.3888030173
-11.4016181075
-11.3924406265
-11.4051436125
-11.3880156867
-11.4055588555
-11.4145206206
-11.4158366971
-11.4207074067
-11.3880096411
-11.3759391263
-11.418246143
-11.4010182531
-11.4218292453
-11.4602802271
-11.4568188947
-11.4611100364
-11.4780420806
-11.4565496389
-11.4170760529
-11.4416676217
-11.4362427337
-11.4316541829
-11.4182846475
-11.4269689724
-11.4134660694
-11.3922604679
-11.3878081937
-11.3911106367
-11.3791454509
-11.369798843
-11.3832466154
-11.3538772629
-11.3377856929
-11.3595047871
-11.3847091607
-11.3843848664
-11.3709055071
-11.3569997886
-11.3646885179
-11.3848794674
-11.3505322157
-11.3541516422
-11.3784873185
-11.3655048287
-11.3856396432
-11.4193481848
-11.4065146362
-11.3861104738
-11.3781918642
-11.4210099756
-11.4217062417
-11.4139904752
-11.4526575387
-11.457658906
-11.4458805678
-11.4083221015
-11.3878387655
-11.4055566173
-11.3936547457
-11.406944019
-11.3772047209
-11.4364046615
-11.4145815065
-11.3807008839
-11.3840030524
-11.3862966966
-11.3724620121
-11.3200434766
-11.36907318
-11.3711943775
-11.3790685656
-11.3912756619
-11.3413221179
-11.3587035981
-11.3608999235
-11.3479043401
-11.3890165766
-11.3670768184
-11.3421804002
-11.3734101056
-11.3711843029
-11.3854361967
-11.3575922361
-11.4098017819
-11.4152531943
-11.4166121112
-11.4513937045
-11.4323950362
-11.4254731667
-11.4139193498
-11.4569095422
-11.4401067482
-11.4051199854
-11.4327121462
-11.4068633763
-11.3668314219
-11.4162500549
-11.4069453559
-11.3746917369
-11.3990042972
-11.3794107717
-11.3748454959
-11.3306460931
-11.4017000675
-11.3555796239
-11.3346459487
-11.3733751259
-11.4037866454
-11.392110174
-11.4104085518
-11.4078395838
-11.4134290292
-11.411769852
-11.4382333999
-11.4611650218
-11.4371405737
-11.4385285542
-11.438533975
-11.4124766782
-11.3982828897
-11.4097782059
-11.3700528299
-11.3420308821
-11.3555137516
-11.3223951007
-11.315792546
-11.3040398984
-11.3236583063
-11.309007162
-11.3081622536
-11.2739453145
-11.3121507343
-11.3216704097
-11.321444066
-11.322542212
-11.375814884
-11.3788863473
-11.4376516912
-11.4069711004
-11.4313444935
-11.4574974566
-11.4738376104
-11.4819801126
-11.4978276409
-11.5071239347
-11.4483177658
-11.4945292073
-11.5068538227
-11.4715681787
-11.4149679997
-11.4047103877
-11.3976938189
-11.4083284833
-11.3763108795
-11.3961861362
-11.3526625208
-11.3682243593
-11.3634533882
-11.3583847953
-11.3753082891
-11.3556080802
-11.3935329093
-11.4089019077
-11.3978833382
-11.412133961
-11.4771120747
-11.470129078
-11.4933429136
-11.4743166924
-11.5018372671
-11.4858777435
-11.4779061531
-11.5035844702
-11.4770414575
-11.4896628503
-11.4466597137
-11.4625706641
-11.4863333358
-11.4474179603
-11.4551032401
-11.4412923112
-11.4147721731
-11.4356829785
-11.481413601
-11.4686941869
-11.4488778055
-11.4373630139
-11.4160069595
-11.4681359332
-11.4775800494
-11.4999295111
-11.5098696081
-11.5069020016
-11.5004462795
-11.5013227445
-11.5321821021
-11.5241584734
-11.5750120663
-11.5581480823
-11.5287693987
-11.5576115717
-11.4517813629
-11.4632896823
-11.4491005466
-11.4654330102
-11.4571518863
-11.4233929218
-11.4275068589
-11.4944435763
-11.4807664131
-11.4761414519
-11.5056464865
-11.4853199441
-11.5163412433
-11.4963426897
-11.5309543833
-11.5353385442
-11.5393415355
-11.5649252563
-11.576933313
-11.5435617088
-11.5573108055
-11.5198629673
-11.5336818602
-11.5424541856
-11.5630103935
-11.5493752479
-11.5403980698
-11.5148254494
-11.5020624279
-11.5065952193
-11.4817895518
-11.4971446251
-11.4936209395
-11.5238208289
-11.4773273521
-11.552055003
-11.5145191624
-11.5473769924
-11.551121591
-11.5563026962
-11.530892702
-11.5228611309
-11.5227084949
-11.543332519
-11.5298875223
-11.5379714405
-11.5549186948
-11.5586424567
-11.5637511794
-11.513207982
-11.5600283756
-11.5483839433
-11.5312996122
-11.5185637711
-11.5359373158
-11.5392896198
-11.5183536281
-11.5101875018
-11.5018546643
-11.4817649814
-11.4857677343
-11.4813712449
-11.5102048448
-11.4805901745
-11.488566818
-11.4926999158
-11.5101967662
-11.5177791798
-11.4935967054
-11.5144009283
-11.5391314806
-11.5509873034
-11.5714996137
-11.5759665083
-11.5723258401
-11.5592145442
-11.5593792065
-11.5509558165
-11.5374687757
-11.5241128593
-11.5282575136
-11.5157937735
-11.5285387977
-11.507727158
-11.5385853152
-11.5231745777
-11.5029786076
-11.5331682351
-11.5072939127
-11.5201401497
-11.5493735326
-11.5149965173
-11.5111614798
-11.4858176011
-11.4934566126
-11.5019292467
-11.50102572
-11.5003460625
-11.4533844954
-11.5117256917
-11.5255096854
-11.5340042232
-11.5344158089
-11.5259323559
-11.571994855
-11.5475215251
-11.5602053633
-11.5649779586
-11.5697406037
-11.5484629099
-11.5954305167
-11.5657704668
-11.5828346389
-11.5198324905
-11.5704722918
-11.5454169793
-11.5401612201
-11.553066956
-11.5413436102
-11.5710452012
-11.5428029208
-11.5427884357
-11.5544738665
-11.5495338705
-11.5436656206
-11.5221022253
-11.5334501096
-11.5758507664
-11.5718811511
-11.5430561428
-11.5555739015
-11.5985813291
-11.5727302415
-11.5856999753
-11.5562667603
-11.5609115971
-11.5110436194
-11.553575281
-11.5243326758
-11.5412110096
-11.5246279311
-11.5293648955
-11.5165315893
-11.4834169693
-11.529910446
-11.5003170676
-11.5128138042
-11.5215095307
-11.5423387448
-11.4914495212
-11.5413887987
-11.520191677
-11.5245490577
-11.5196782245
-11.5150036808
-11.507024254
-11.5318806906
-11.4844064693
-11.5097769243
-11.5132991701
-11.5426283223
-11.5391046366
-11.5139493316
-11.5442207592
-11.5031005079
-11.507147855
-11.5669955493
-11.5500459745
-11.5164967333
-11.5463311112
-11.5548710631
-11.5508886888
-11.559698125
-11.539101865
-11.5383575396
-11.5935404893
-11.5467149593
-11.5840772901
-11.5168983002
-11.5879077051
-11.5754215678
-11.5677473884
-11.5759265522
-11.5665039417
-11.5701078091
-11.5478705163
-11.5684775219
-11.5350454742
-11.5354825768
-11.540281099
-11.5530607369
-11.6204919894
-11.5714240336
-11.5846800113
-11.6062698249
-11.5678769358
-11.5846416608
-11.5770180622
-11.5905372236
-11.5984872663
-11.5982149113
-11.5521140019
-11.5383025246
-11.5773256027
-11.5096198639
-11.5683022436
-11.5137891172
-11.5392876376
-11.545220062
-11.5697298494
-11.593110355
-11.6081405034
-11.618124195
-11.6260602783
-11.6182695106
-11.63110587
-11.6344646413
-11.627040513
-11.5785952167
-11.5606344147
-11.5682439891
-11.5582541342
-11.5658102267
-11.5648835427
-11.5359021391
-11.5416790912
-11.5686212052
-11.5768621533
-11.610180356
-11.5746518549
-11.6412348909
-11.6219122581
-11.6323277257
-11.6215283137
-11.6387419911
-11.6390377416
-11.55719835
-11.5288357103
-11.5657884728
-11.6026310368
-11.5838685093
-11.5831642528
-11.5478311301
-11.577416735
-11.593344599
-11.5807122047
-11.5689887353
-11.6124218933
-11.6055043951
-11.6250508195
-11.660921157
-11.6755031915
-11.6519632218
-11.6867888934
-11.7250754138
-11.6966063858
-11.6540184509
-11.6578029075
-11.6406872267
-11.6314968131
-11.6134844093
-11.5916115463
-11.5697272739
-11.5858448012
-11.6121244812
-11.6696472415
-11.6251405177
-11.5929958086
-11.6179003976
-11.5833985054
-11.5948976575
-11.5610944166
-11.5543298546
-11.5581096602
-11.5758486576
-11.5976250217
-11.5773700517
-11.6443495096
-11.5981132554
-11.6294144988
-11.6185214084
-11.6260293396
-11.6876655643
-11.6758864836
-11.6675218237
-11.6805093294
-11.7101014446
-11.6687558461
-11.6616873273
-11.6790293427
-11.6790567703
-11.6735668046
-11.647402895
-11.5991712246
-11.5607979559
-11.5764982081
-11.5710737094
-11.5153730192
-11.5520066779
-11.5425760427
-11.5340193812
-11.542570109
-11.568614179
-11.5430140074
-11.5894200437
-11.5770213301
-11.6026776405
-11.6537591942
-11.6720572878
-11.6783637144
-11.7255999962
-11.7137747434
-11.7184813811
-11.7138978304
-11.7356084163
-11.7481277786
-11.7440981777
-11.7360757221
-11.6976013046
-11.7220688116
-11.6963656571
-11.6703552848
-11.6656136126
-11.6695938027
-11.6569580894
-11.6143132074
-11.5879515322
-11.6118072977
-11.6163740554
-11.5957155412
-11.637143594
-11.6573866671
-11.6230516713
-11.6136627487
-11.6090883153
-11.6678765496
-11.6337581858
-11.6375525698
-11.6328144951
-11.6699580441
-11.6612433277
-11.6695881936
-11.6408613605
-11.6579941814
-11.6215033459
-11.6433746721
-11.6230127412
-11.6235593009
-11.6446314947
-11.6367516014
-11.6207726858
-11.6555413995
-11.6815325808
-11.6646511821
-11.6854843998
-11.6514541602
-11.663269262
-11.6879514579
-11.7002230641
-11.6456760076
-11.6956736033
-11.712728414
-11.7002955703
-11.6957231074
-11.7030588398
-11.7015777303
-11.7044945773
-11.6678525575
-11.6969499434
-11.6894723106
-11.6610226265
-11.652868454
-11.612965997
-11.6210047013
-11.6120118953
-11.5860277766
-11.6023381265
-11.6383432361
-11.6288480379
-11.6168199704
-11.638562113
-11.6687367296
-11.6815326603
-11.6787923155
-11.7212229616
-11.7080815695
-11.7081845809
-11.6876232778
-11.7273229907
-11.7156886321
-11.6996645966
-11.7338980228
-11.7168676875
-11.721582862
-11.7002980771
-11.708100421
-11.7122592348
-11.711970951
-11.6564251467
-11.6683274262
-11.6293359127
-11.6239460365
-11.6147757819
-11.6224269963
-11.617314075
-11.5926742703
-11.6299364889
-11.642371554
-11.6081015409
-11.6411462586
-11.6625165225
-11.6453863183
-11.66657737
-11.6250533567
-11.6466889492
-11.6506422257
-11.6599091245
-11.6474782866
-11.6518503662
-11.6266184583
-11.6308814162
-11.6343829715
-11.6349279963
-11.6102103579
-11.6616205674
-11.6420498814
-11.6382408543
-11.6590194572
-11.5996641648
-11.5907863595
-11.5734298254
-11.5974522069
-11.5849102818
-11.6013321229
-11.5888016601
-11.618407525
-11.6133950876
-11.6051679695
-11.6337199058
-11.587869069
-11.5964336729
-11.6479686162
-11.6191613315
-11.6451870314
-11.6629475118
-11.6762718313
-11.6651230121
-11.6990125333
-11.7043747819
-11.6789424042
-11.6669612817
-11.7063283481
-11.690278881
-11.6486014991
-11.6612108755
-11.6312489137
-11.5733644043
-11.5961485442
-11.5933678314
-11.5461468919
-11.5435619488
-11.5287361158
-11.5704173531
-11.557928654
-11.5831870234
-11.6385880125
-11.6574052097
-11.6913633589
-11.6421500965
-11.6757868126
-11.6992406444
-11.7021790824
-11.6847395625
-11.6931259869
-11.6850048744
-11.6984449761
-11.7027935483
-11.7446963706
-11.6678648781
-11.6887475949
-11.7340204174
-11.7342480566
-11.6839473466
-11.7052625004
-11.6981628593
-11.6436578106
-11.6523166489
-11.6680610176
-11.6328477631
-11.6360785955
-11.6443353675
-11.6533930628
-11.6459196188
-11.6427739791
-11.6426323749
-11.6341909699
-11.6926581956
-11.6933295558
-11.719745326
-11.7247229975
-11.703556486
-11.7326883698
-11.6932222956
-11.7132299057
-11.7337115831
-11.6923252636
-11.6752756297
-11.6969522208
-11.7179035637
-11.7307998449
-11.713363596
-11.6959545627
-11.6962058976
-11.6671965937
-11.7059259476
-11.6606276287
-11.7035238436
-11.6618144343
-11.6696706505
-11.6820463176
-11.6685719672
-11.6768470209
-11.686520936
-11.6713193598
-11.6773387736
-11.6748588605
-11.6925264403
-11.7090461418
-11.7281403224
-11.709738221
-11.7118414682
-11.7032135275
-11.753693331
-11.7756376302
-11.7870213581
-11.7657762477
-11.7749289347
-11.7345029468
-11.7706577686
-11.7996127824
-11.7827308354
-11.7577516953
-11.7628848099
-11.7885240488
-11.7591466589
-11.7763879825
-11.7267300596
-11.7395260098
-11.7325841049
-11.7388494554
-11.6989290835
-11.69578853
-11.7091251201
-11.6961626871
-11.6960832479
-11.7207238549
-11.7207349269
-11.7079513501
-11.7197590352
-11.7044570967
-11.7109605005
-11.7161669069
-11.7320979231
-11.7273561794
-11.7182774757
-11.7641624328
-11.7681918169
-11.7557847413
-11.7732118327
-11.7960566358
-11.7620621759
-11.7265058815
-11.7525158223
-11.7234239524
-11.703653706
-11.7222231039
-11.7147640862
-11.7069473335
-11.7195973004
-11.7179623849
-11.7343674244
-11.7040685173
-11.6947580984
-11.6904771656
-11.6900282651
-11.731269636
-11.6709059676
-11.6737469807
-11.650612656
-11.6538764337
-11.700241898
-11.7381185443
-11.7228453064
-11.7030879455
-11.6960835079
-11.7144973609
-11.7183218294
-11.7389938725
-11.6836554406
-11.7010815739
-11.7313362673
-11.7199422059
-11.7263960351
-11.7149893441
-11.7278213822
-11.697575197
-11.6847679834
-11.688087496
-11.686801609
-11.6773230557
-11.6505313934
-11.6665209613
-11.6581435424
-11.6461098373
-11.6598599578
-11.6777851005
-11.7122873223
-11.6790449281
-11.6918011588
-11.6705409572
-11.7252416286
-11.7343694331
-11.7561642574
-11.7726738322
-11.7338309931
-11.7191067984
-11.7304238704
-11.7198328066
-11.7098778352
-11.6918364916
-11.6994531453
-11.6947431248
-11.724283086
-11.6778973137
-11.6692979725
-11.6743174077
-11.6747849724
-11.6837924773
-11.6553017496
-11.6940159994
-11.6864012768
-11.6753932517
-11.7019478456
-11.6646932075
-11.6819289751
-11.644588653
-11.6738611142
-11.6702214728
-11.6662195928
-11.6694510763
-11.6601737665
-11.6589766431
-11.6793938734
-11.6948641629
-11.690306748
-11.6741772041
-11.6947885927
-11.6739654506
-11.7156048037
-11.6735811434
-11.6862432446
-11.7330609527
-11.6959995109
-11.7192258053
-11.7250669976
-11.7137108776
-11.7272343799
-11.7281136794
-11.7408836341
-11.7541343146
-11.7509510972
-11.7563083555
-11.7104700306
-11.7452011059
-11.7660426552
-11.769665537
-11.7655015868
-11.7188899947
-11.7733590105
-11.7381293582
-11.7259984931
-11.7455564232
-11.7322122566
-11.7230004551
-11.7091781775
-11.6915786952
-11.6910870326
-11.7073959123
-11.7077653019
-11.6860931929
-11.6526698301
-11.6866248252
-11.6737933128
-11.6834230888
-11.6761183596
-11.6806485911
-11.6991318305
-11.7078470627
-11.6876797196
-11.7300915299
-11.7357900283
-11.7229837424
-11.7443440847
-11.6591071388
-11.6366770402
-11.6321687527
-11.6443821309
-11.5977255955
-11.5846236406
-11.5673261672
-11.5957852334
-11.5875317255
-11.6245964284
-11.6287273017
-11.6370779247
-11.6671201193
-11.6695886495
-11.7034093444
-11.7788658557
-11.8095083431
-11.7973898474
-11.8440530717
-11.8701544919
-11.8777484513
-11.8948404276
-11.8999378201
-11.8961221973
-11.8786084293
-11.861573102
-11.8363026092
-11.8077487054
-11.7956447843
-11.7922450409
-11.7544322326
-11.6780238342
-11.6954574646
-11.6735440296
-11.6565388172
-11.6558259229
-11.6269797464
-11.6356612123
-11.6404237035
-11.6152989557
-11.6235817498
-11.656990804
-11.6609606263
-11.656573473
-11.6689169774
-11.7237439655
-11.7285166558
-11.7291299596
-11.7250756794
-11.7880902062
-11.7718804275
-11.7678706768
-11.7631216006
-11.7635747106
-11.8056858457
-11.7465620814
-11.7468879165
-11.7295016598
-11.6962042488
-11.6964710879
-11.6880360069
-11.6748154698
-11.6868075995
-11.6401213817
-11.614418902
-11.639808034
-11.6569561727
-11.6323836487
-11.6568631133
-11.6444205609
-11.6396298977
-11.7028648619
-11.7286046681
-11.6742493964
-11.733750321
-11.7422995138
-11.734141372
-11.7633589113
-11.754539022
-11.7503947052
-11.7586123685
-11.771167185
-11.7843367373
-11.7761384962
-11.7511919622
-11.7634778349
-11.7511146551
-11.7165122397
-11.7167120169
-11.6911052134
-11.6659689914
-11.6582967549
-11.6625211603
-11.6760830671
-11.641983805
-11.6169086397
-11.6328442812
-11.6884270727
-11.6549204601
-11.6469987071
-11.6390738135
-11.6762669754
-11.7055511274
-11.6917822385
-11.7125551059
-11.7379181039
-11.7294842225
-11.7169009271
-11.7416122414
-11.7615609508
-11.7742299949
-11.7648443735
-11.7402877214
-11.7698417372
-11.7909371127
-11.7620450309
-11.745067343
-11.7323944111
-11.7450843596
-11.741213196
-11.7161501825
-11.7251031373
-11.763121428
-11.7005900152
-11.7295470091
-11.7004356805
-11.7428604106
-11.7126852379
-11.6920146767
-11.6966816154
-11.6939783283
-11.7234272546
-11.6777981615
-11.6944373123
-11.6778033685
-11.7273058122
-11.718713615
-11.7234513239
-11.7280988176
-11.7106601951
-11.7361919483
-11.7225745863
-11.7260397085
-11.72531631
-11.741993162
-11.7625254203
-11.7670927626
-11.7074371904
-11.6905246961
-11.6986157358
-11.7153846281
-11.7200761903
-11.681716222
-11.6986847808
-11.7085542959
-11.717637571
-11.730768502
-11.7606942828
