-8.33277996379
-8.31193623016
-8.3282791979
-8.31078890192
-8.32226125514
-8.28369243948
-8.34107283348
-8.30647566129
-8.33906225628
-8.32664269732
-8.35234302128
-8.34913206444
-8.34231980015
-8.35504482329
-8.34817249494
-8.3701500436
-8.34052929343
-8.35788878552
-8.36058044839
-8.36587315472
-8.32068727459
-8.34232259733
-8.35067105366
-8.34960660538
-8.35320798152
-8.34799301099
-8.2788988514
-8.3122833352
-8.29331193385
-8.29720198231
-8.35276202455
-8.30362696475
-8.34331173924
-8.35732137727
-8.35342143179
-8.31912087321
-8.31415451779
-8.32162793146
-8.3291848066
-8.3119468961
-8.37869280553
-8.40434165711
-8.40902527686
-8.3919247364
-8.39131922281
-8.4156657799
-8.37242758433
-8.42121134518
-8.4498970267
-8.42840040593
-8.47068944793
-8.51932921634
-8.46237629474
-8.49440540117
-8.50921156662
-8.53193103869
-8.52780009672
-8.5399060657
-8.55128274275
-8.51649329045
-8.552817858
-8.52100041192
-8.52425790583
-8.49379937668
-8.47646087037
-8.46284578863
-8.47630170923
-8.50222878665
-8.45712912304
-8.41568491485
-8.40952379686
-8.4109937951
-8.36992492295
-8.38863390572
-8.39746978476
-8.33008051159
-8.3472989654
-8.3219183417
-8.32233486459
-8.33008107159
-8.30887236391
-8.31725647177
-8.31258547653
-8.3167960157
-8.28589419517
-8.25043479594
-8.32993086489
-8.2878721299
-8.33024489037
-8.29674393498
-8.29342838971
-8.30365483551
-8.33466383478
-8.36557876342
-8.38347600585
-8.37090924532
-8.37533798174
-8.37921377359
-8.41177169547
-8.37684611282
-8.36582970307
-8.39781736663
-8.38004472349
-8.39247356361
-8.34566970305
-8.35797290609
-8.33275699962
-8.34257831906
-8.35621632366
-8.35686505627
-8.39108196695
-8.35384240446
-8.36709665795
-8.34226218795
-8.36843234121
-8.41553956908
-8.40403234813
-8.42100528995
-8.41668089782
-8.40849268137
-8.42895704501
-8.44017458436
-8.4568364029
-8.41713804841
-8.43357707175
-8.44561786793
-8.39812804728
-8.36607188128
-8.38471484179
-8.39844242796
-8.36992657557
-8.38175502964
-8.39863808102
-8.37257712976
-8.39744978462
-8.42983716827
-8.41063513425
-8.42140520427
-8.42022046914
-8.43065052596
-8.45103493639
-8.47116597581
-8.41983985843
-8.42006270852
-8.44211632459
-8.47971704286
-8.45174300324
-8.47362471196
-8.49109270096
-8.4672789874
-8.49683734413
-8.4851795596
-8.53627287288
-8.50701981655
-8.51086132617
-8.52295668411
-8.51758898441
-8.54177130975
-8.52767868479
-8.51396571718
-8.52503955073
-8.50336026142
-8.51541208938
-8.53603422354
-8.48985788713
-8.51598125917
-8.49140854676
-8.54779373369
-8.55797709764
-8.54190531186
-8.53176258658
-8.57578940734
-8.57821897791
-8.61010313382
-8.58481067634
-8.56773590491
-8.56167947935
-8.56106587446
-8.53273543567
-8.5397989624
-8.49495143805
-8.51190458581
-8.56388295577
-8.55564033151
-8.52326951309
-8.5402940224
-8.51592575178
-8.57103284977
-8.55476460089
-8.58497918923
-8.57714093602
-8.5689281166
-8.5979575147
-8.59750308266
-8.5384802515
-8.55942443281
-8.56839995156
-8.55119216764
-8.57602669066
-8.60154629198
-8.61000510585
-8.62250406689
-8.61871857061
-8.61137754772
-8.60341999319
-8.62390895581
-8.615695036
-8.59937781182
-8.61555846224
-8.57708734601
-8.61877431606
-8.60513429799
-8.61638258595
-8.55661460072
-8.59837749005
-8.57751930166
-8.61192795505
-8.5921718328
-8.62688688986
-8.62312683807
-8.62725479935
-8.60225538157
-8.63145187039
-8.61028630528
-8.60996893643
-8.62306675834
-8.68647077478
-8.67348306814
-8.68619406127
-8.64731828964
-8.67534713236
-8.67063058084
-8.65302234605
-8.67382407186
-8.67339108655
-8.69059683435
-8.65683790022
-8.72137278537
-8.70127341922
-8.71874693977
-8.67741218476
-8.70348759661
-8.72975351926
-8.70376618358
-8.68323184713
-8.69544066765
-8.68685791244
-8.68660121562
-8.67387532943
-8.71301649448
-8.69224794255
-8.68885830904
-8.71486270449
-8.74075013192
-8.7532179286
-8.72806284039
-8.73955864216
-8.78520136108
-8.80309431653
-8.80687688908
-8.75552996345
-8.81394026957
-8.77978433792
-8.7576728058
-8.76124205944
-8.75750458032
-8.74474885189
-8.75759720918
-8.74405179324
-8.72587636705
-8.72006874893
-8.70576553176
-8.73065396727
-8.74416843565
-8.73641229726
-8.78342979544
-8.74655903399
-8.7892855277
-8.79860256503
-8.81151730647
-8.81977105573
-8.81027391467
-8.83952040562
-8.82267146685
-8.85757148255
-8.86324840585
-8.83738113438
-8.84971468872
-8.84101498134
-8.87907904112
-8.87465333334
-8.85076407807
-8.85243647614
-8.86559329979
-8.87087152682
-8.83631892123
-8.84735583038
-8.88776831297
-8.89492681545
-8.81875559838
-8.85228821736
-8.86973770593
-8.86772969842
-8.87789450311
-8.88330080919
-8.86324277613
-8.88413219549
-8.91295223804
-8.93360934087
-8.88630692787
-8.91104317667
-8.89309583304
-8.89254248053
-8.92550336208
-8.88686225595
-8.92010284249
-8.94407366823
-8.93914042596
-8.91373755132
-8.89264054179
-8.94388259933
-8.91487264621
-8.93375570772
-8.94388065446
-8.95169556022
-8.98384990162
-8.94262683006
-8.96476434989
-8.97408385393
-8.94797190219
-8.96025034059
-8.97575666108
-8.95754427612
-8.94836064657
-8.96814976421
-8.97160648306
-8.95422249293
-8.94207264379
-8.93803632661
-8.98890243321
-8.94268365651
-8.98476226613
-8.98451990238
-8.97980149134
-8.97609455955
-8.98896975005
-9.01584537895
-9.01772333294
-9.02759808049
-8.98913179371
-9.03105419137
-8.99970728672
-9.00157270343
-8.99063407739
-8.97695301548
-9.03585547943
-9.0147357893
-8.97479355869
-8.97194816446
-9.01189865615
-8.97924240307
-9.02566570004
-9.01154246489
-9.00587955709
-8.99959322079
-9.0020127738
-9.03538783324
-9.04385728663
-9.03151283691
-9.02697388034
-9.04345907303
-9.01271706383
-9.03228482615
-9.02854642113
-9.01752081247
-9.01449192984
-9.00868775618
-9.0352724364
-9.04868246728
-9.06090436665
-9.01443782217
-9.04014169458
-9.06589138803
-9.04948684391
-9.0610707168
-9.02183495544
-9.07142259176
-9.04950814164
-9.03607440333
-9.03834565039
-9.02385164678
-9.04789878521
-9.00995645404
-9.03638074422
-9.02607084671
-9.06177852957
-9.06008075963
-9.09664612552
-9.1091059858
-9.10730598526
-9.14380093494
-9.14018058648
-9.15230896435
-9.15372088075
-9.12802198879
-9.10099916139
-9.0801315517
-9.09227593008
-9.10262091401
-9.05908292224
-9.12228023816
-9.10451513134
-9.14213737676
-9.11103426173
-9.08053473098
-9.12489979561
-9.15590076035
-9.12758518539
-9.13434408247
-9.18880205251
-9.16011696536
-9.13808623591
-9.1279511921
-9.16167845208
-9.19167283653
-9.17170499321
-9.12823879736
-9.12179865598
-9.13202590316
-9.14669642492
-9.15669492649
-9.1850878861
-9.21853116374
-9.26528228171
-9.25686693212
-9.27076050365
-9.29166940623
-9.31821411281
-9.34001001198
-9.47555406532
-9.50470834197
-9.53180693361
-9.52058830919
-9.56455412551
-9.49860633059
-9.5097329951
-9.53248782455
-9.49170960411
-9.48786691088
-9.51177824351
-9.47973595726
-9.43327718915
-9.41300387649
-9.36242166464
-9.35343662258
-9.38437333532
-9.32222530797
-9.30589527096
-9.25857718028
-9.23613847831
-9.27222983779
-9.24048650338
-9.23199551399
-9.24889505115
-9.2120570713
-9.24679595448
-9.20611919269
-9.23989902528
-9.21749636507
-9.26172683816
-9.26091472425
-9.30492668726
-9.32341976687
-9.33367161091
-9.37429546061
-9.41373137576
-9.42234072869
-9.54437313356
-9.50447167696
-9.55260200628
-9.56736566182
-9.52332111046
-9.52899846627
-9.53961415949
-9.53467538961
-9.52614734241
-9.55602975695
-9.54330330376
-9.55081338674
-9.51441911514
-9.53352551814
-9.4344202038
-9.46329687272
-9.47602980979
-9.4773657314
-9.45753002367
-9.47934587392
-9.47094266827
-9.44125543605
-9.45240562134
-9.43812327808
-9.4497361841
-9.4063953979
-9.40550377397
-9.43529142842
-9.4234929009
-9.45379812217
-9.39586407735
-9.42176121651
-9.41330797156
-9.40592002511
-9.44830703527
-9.44103470528
-9.44937913862
-9.45331678536
-9.46052770666
-9.45097948172
-9.4498251871
-9.41980367719
-9.45425283779
-9.44254480978
-9.43090955773
-9.4505982129
-9.46911766174
-9.50438924032
-9.46685944129
-9.50073627404
-9.4711303132
-9.45795510968
-9.50288929602
-9.51922519723
-9.52283487768
-9.51360311834
-9.50896170644
-9.53731151364
-9.53669253004
-9.5147127413
-9.54394894484
-9.5321356369
-9.50708276455
-9.49455603668
-9.50260397697
-9.52227782646
-9.49125371144
-9.47668913878
-9.49622523954
-9.4784987844
-9.49522956756
-9.45853240918
-9.45216579601
-9.49393450819
-9.50446932323
-9.46528941139
-9.49961229736
-9.52647028101
-9.486330282
-9.51357608107
-9.50049524725
-9.46216842059
-9.46747747158
-9.47608503953
-9.46032811004
-9.42624636173
-9.43810147543
-9.45840919372
-9.46736193474
-9.45895138405
-9.45539714123
-9.45837096091
-9.45981044995
-9.43521456563
-9.44901496983
-9.44325515788
-9.42411076725
-9.38025292521
-9.37468849953
-9.35647854109
-9.3310328514
-9.35177992035
-9.33030144981
-9.32449596291
-9.31065473757
-9.30926987502
-9.31575870041
-9.29931180522
-9.31322353093
-9.33159418943
-9.33920776245
-9.31135714129
-9.33672798665
-9.37804494051
-9.35985015273
-9.35384279758
-9.37329955897
-9.39441386548
-9.3688282379
-9.32340248339
-9.37089185283
-9.35471500595
-9.33474563645
-9.35281169779
-9.37357886098
-9.35445086407
-9.38666443486
-9.37716992034
-9.38946416585
-9.41453187429
-9.41590895427
-9.38773559538
-9.40644189275
-9.41968844609
-9.41209675134
-9.40693386319
-9.39768398098
-9.34923575713
-9.32217786291
-9.33704911605
-9.32894544092
-9.3360632822
-9.36117362413
-9.38158453718
-9.39382421787
-9.39869779818
-9.41028579823
-9.42005667629
-9.39526188086
-9.44335401667
-9.40410009814
-9.38216323329
-9.42469958795
-9.4551711722
-9.43614817374
-9.44470378571
-9.4409574913
-9.43687669771
-9.49803410817
-9.42120468221
-9.44550998771
-9.45825750313
-9.46322327001
-9.44421630541
-9.41805285088
-9.45873115441
-9.44750277237
-9.47033204082
-9.45449580926
-9.49178637334
-9.47775469815
-9.44634167614
-9.45193310772
-9.45677054237
-9.43011276054
-9.43332974613
-9.4121218113
-9.34530712948
-9.39258100467
-9.37345688583
-9.42512684524
-9.39635417245
-9.39122456422
-9.39028086182
-9.41815756501
-9.40848964947
-9.44218997996
-9.40574240188
-9.46167452097
-9.45167054275
-9.4787745131
-9.49289110135
-9.46719611479
-9.44385491601
-9.45602804598
-9.4533042353
-9.42323244477
-9.43048821724
-9.4353279676
-9.40354093449
-9.41646873889
-9.451233292
-9.43690980393
-9.40940889379
-9.43076868192
-9.43738018047
-9.43435081933
-9.43684390642
-9.43982813033
-9.46088556043
-9.4703375777
-9.46339426725
-9.48630332705
-9.48164978673
-9.46502317338
-9.45931044685
-9.46260248978
-9.48399568234
-9.43865937784
-9.48793684597
-9.4782832733
-9.50218997456
-9.4613435504
-9.45473500405
-9.49303124902
-9.51775210943
-9.4884218009
-9.47646400335
-9.53277448125
-9.52078430612
-9.52115735095
-9.49403601972
-9.49989101144
-9.49110631255
-9.48298458425
-9.51246326534
-9.52758500603
-9.53337665029
-9.53236069481
-9.55782577645
-9.55947455235
-9.58295782516
-9.58391827425
-9.63676382801
-9.63639578204
-9.68451173315
-9.66117488506
-9.67056564571
-9.68600445027
-9.64567675623
-9.66909313789
-9.6133490138
-9.66335077499
-9.672528256
-9.65091234865
-9.63854696506
-9.62805421563
-9.61221289089
-9.58836091215
-9.55080781856
-9.57072998999
-9.54761625299
-9.54247589919
-9.56838462243
-9.54056501356
-9.54203548051
-9.49993769267
-9.53222103316
-9.56997527117
-9.56001530653
-9.51913127434
-9.53569830936
-9.56210268888
-9.57413542095
-9.570039742
-9.57888732365
-9.57103584254
-9.61223516537
-9.61887513193
-9.62911408172
-9.6076245343
-9.61208550816
-9.60912524
-9.59918300199
-9.61712016122
-9.60255719103
-9.60910170611
-9.60067531868
-9.65345954723
-9.59944502817
-9.59044174462
-9.54263702372
-9.56301660392
-9.52072347607
-9.55002311079
-9.53318203874
-9.53873727952
-9.53937096772
-9.53567988834
-9.5430848708
-9.54604097655
-9.54844949966
-9.56888432526
-9.5717512555
-9.5841593119
-9.57166414065
-9.59729039502
-9.58450572669
-9.58020931517
-9.6004527365
-9.64113243971
-9.61805744243
-9.64600414572
-9.63030547456
-9.65301372653
-9.6608531547
-9.64353369715
-9.67948189088
-9.66615024788
-9.67250546342
-9.64907514402
-9.60177570077
-9.64578243035
-9.61547312211
-9.56677564159
-9.61586382695
-9.62374524241
-9.56899813999
-9.57788544027
-9.54101966714
-9.55453145596
-9.55204126916
-9.60852441252
-9.58961966098
-9.58323692464
-9.58945419727
-9.57732925599
-9.60242457845
-9.60067861594
-9.59097987644
-9.60607384327
-9.55439777359
-9.61713746205
-9.67142785611
-9.64080834254
-9.63809792037
-9.65595588833
-9.61500038657
-9.61180822059
-9.6352544926
-9.61178751949
-9.63497509569
-9.63920561922
-9.63506575208
-9.67940240249
-9.65971998786
-9.64653315815
-9.70979085378
-9.65338625824
-9.68756965767
-9.67362824956
-9.66243966567
-9.70034858266
-9.67443411016
-9.6597243357
-9.62493189295
-9.63875070741
-9.63226606604
-9.64396250809
-9.61328285214
-9.60009316349
-9.59461096546
-9.6248423449
-9.62591240229
-9.59478368011
-9.61089786292
-9.62533933783
-9.65547800195
-9.68235054028
-9.68269960704
-9.67921490456
-9.66155542794
-9.66779701123
-9.65952201636
-9.65668233221
-9.65890120176
-9.67587295488
-9.65465544173
-9.66099280502
-9.6331567072
-9.63269317841
-9.62499003949
-9.63386080986
-9.62373632517
-9.6491182308
-9.64105051302
-9.63299531595
-9.64911422123
-9.67543822065
-9.67004794333
-9.64731169106
-9.6765886167
-9.68408652441
-9.67825453975
-9.67409367629
-9.67878560618
-9.68399667225
-9.66352493396
-9.72642402962
-9.68594108276
-9.71309171573
-9.69943274012
-9.66064588308
-9.63199731733
-9.65978279606
-9.67990148361
-9.64437684098
-9.64115376079
-9.68641998449
-9.7140778096
-9.72120850011
-9.73323234138
-9.73898401088
-9.74966248675
-9.78494650262
-9.79044945208
-9.75257704179
-9.7653219954
-9.77322586293
-9.77993538264
-9.7649239073
-9.79594744856
-9.83106705524
-9.78655990283
-9.80655370751
-9.8017086826
-9.78150768209
-9.7909710136
-9.78246826275
-9.79054792344
-9.75588955937
-9.74672645465
-9.75888474735
-9.76356869275
-9.73508110835
-9.72463692829
-9.76888816261
-9.77428416466
-9.79595092346
-9.79450653931
-9.76774357655
-9.75300702977
-9.77624579784
-9.76724831361
-9.7531642273
-9.79075925027
-9.74916046321
-9.76625850659
-9.76213400054
-9.76763436365
-9.74348023292
-9.73248394284
-9.7759551278
-9.79903507014
-9.79265846672
-9.76133557343
-9.81027544808
-9.7900116864
-9.81584724917
-9.8318707059
-9.81628423017
-9.79978672872
-9.79037619159
-9.80063808673
-9.77694435118
-9.76613774116
-9.7782068044
-9.76701111866
-9.78684210295
-9.81861633188
-9.81259891097
-9.81860571195
-9.79456195818
-9.79167899799
-9.83511341251
-9.7976518758
-9.8114726999
-9.82131860076
-9.8437203047
-9.83310231458
-9.812712146
-9.83778826763
-9.81915043074
-9.83030506493
-9.80528740565
-9.84025753252
-9.76974412327
-9.80131764331
-9.77748582356
-9.80028948681
-9.80810126682
-9.78674925923
-9.77426993149
-9.77106442582
-9.77346575501
-9.77543773942
-9.77423939591
-9.80074593053
-9.81105529929
-9.76571843875
-9.76240989133
-9.80499528014
-9.77543575034
-9.74648914481
-9.77647332521
-9.80414432712
-9.79283838989
-9.81472299779
-9.80173268615
-9.81310532927
-9.80110997867
-9.81476246053
-9.78987711746
-9.80536701761
-9.7418429615
-9.76012740841
-9.78304331904
-9.7719561087
-9.75072230673
-9.74452988611
-9.76812738158
-9.74791938817
-9.70749924075
-9.74053539534
-9.72394709805
-9.7256107593
-9.71245953982
-9.74471279581
-9.73788194959
-9.72614141057
-9.73498400895
-9.74857297351
-9.74157737174
-9.74065081738
-9.72715281928
-9.71898171651
-9.76288943522
-9.76839870273
-9.7315285121
-9.72791775673
-9.71368763023
-9.72575435526
-9.7303822383
-9.74770888013
-9.72978510753
-9.70320397764
-9.74234012306
-9.72378849777
-9.72389952212
-9.72649740951
-9.73769285595
-9.75534972373
-9.76305341682
-9.74406642288
-9.76535438149
-9.76046169357
-9.76884215976
-9.72289681983
-9.73646478689
-9.77981329869
-9.73950623134
-9.74104904179
-9.75278092627
-9.73791766256
-9.77858545323
-9.74988184399
-9.75220785208
-9.7759476138
-9.77512474658
-9.81360532925
-9.82302761412
-9.82344429497
-9.81677750883
-9.78330672516
-9.81645440435
-9.77913518889
-9.82402999978
-9.81207726301
-9.79618122248
-9.84349835889
-9.84352285386
-9.84742323578
-9.835949938
-9.83547793728
-9.81564008061
-9.82515908529
-9.79166987176
-9.80567666763
-9.76350452891
-9.73492250804
-9.76649710299
-9.78148466883
-9.7358715429
-9.76846013383
-9.72450274846
-9.70598378511
-9.74357626492
-9.78652276463
-9.78531209946
-9.82684526142
-9.84012257
-9.82712332042
-9.87933408144
-9.87862149608
-9.85634122749
-9.84640354722
-9.82371939119
-9.84208370115
-9.84935307706
-9.83482193225
-9.83743653305
-9.85265168415
-9.82554286077
-9.82151367486
-9.80346428384
-9.81641280447
-9.79012725947
-9.80568622729
-9.77903672523
-9.81210382736
-9.79590649772
-9.78921126899
-9.77176021312
-9.75745581792
-9.75686624705
-9.80930170597
-9.8104039908
-9.83852964256
-9.8239721266
-9.76300855574
-9.78673712772
-9.7741093029
-9.79891963488
-9.77837012763
-9.81043226288
-9.76222478235
-9.80654039113
-9.82173499397
-9.83791107493
-9.83438940786
-9.86674699643
-9.9005987575
-9.87870994882
-9.8951941401
-9.93164165929
-9.91174830418
-9.89039739207
-9.9061239763
-9.90469532885
-9.86554769163
-9.9156112547
-9.86088607756
-9.8484514361
-9.84412249606
-9.86203541429
-9.81753700379
-9.79267616157
-9.8345239385
-9.7972774429
-9.78640593856
-9.78373307339
-9.77776670411
-9.80876963331
-9.81520261785
-9.80989269887
-9.81927980222
-9.86788272664
-9.86344179124
-9.81923301986
-9.82509670742
-9.86292177835
-9.90010778236
-9.86777956524
-9.88326225965
-9.86577488058
-9.90392565711
-9.84983370645
-9.85815563768
-9.85346382835
-9.86684156314
-9.81664765526
-9.85119659161
-9.78594166038
-9.8002939117
-9.79828702816
-9.80981334006
-9.78626119578
-9.81379780516
-9.81099884196
-9.84979576476
-9.83338439939
-9.82300440856
-9.82745490366
-9.85749540838
-9.82848199403
-9.86914563208
-9.86386750999
-9.8892237819
-9.84726565443
-9.90626580499
-9.87668740703
-9.87910295648
-9.89933742615
-9.89359413152
-9.89836762016
-9.92527029908
-9.89902512783
-9.93183857155
-9.9224266505
-9.90274903971
-9.93291606998
-9.92814988218
-9.92643833339
-9.86638386401
-9.861280472
-9.89589038457
-9.87052286315
-9.89668142254
-9.87948818848
-9.92891715104
-9.87733727039
-9.87679829114
-9.87137097661
-9.87041276454
-9.8483453009
-9.86015922775
-9.86414745533
-9.89523611252
-9.87532306829
-9.87001444482
-9.95197887826
-9.9224505324
-9.91271992131
-9.90936270559
-9.88762699312
-9.92790086393
-9.89966804422
-9.92786168379
-9.90646941313
-9.91246746168
-9.91406924539
-9.91135721272
-9.94120963599
-9.90941740384
-9.92711167669
-9.93284800387
-9.88914249079
-9.88910404424
-9.88238641833
-9.9147366285
-9.91701045696
-9.93409356009
-9.92125030377
-9.92722402904
-9.87472143177
-9.88997166451
-9.91092639211
-9.92059887821
-9.91547704745
-9.89709238624
-9.90959100496
-9.96950108968
-9.93138953844
-9.91224202411
-9.93429811183
-9.94292156843
-9.95293568502
-9.93920348621
-9.9265292077
-9.96483389117
-9.94463542399
-9.92368426936
-9.91846571601
-9.9385134313
-9.90308927167
-9.94930382799
-9.94282001547
-9.91974909233
-9.99363923284
-9.96255352667
-9.96783421645
-9.98655947519
-9.98764029569
-9.97001672834
-9.99062977551
-9.99393573075
-9.94943324493
-10.000138529
-9.99782155986
-10.0013529347
-9.97140663899
-9.98266396281
-9.99435041461
-9.98128861785
-9.99716685723
-9.98465815711
-9.99266553717
-9.98890361303
-9.97624945423
-9.99773091905
-9.95952386334
-9.98103643366
-10.01154098
-9.95329194175
-10.0059245876
-10.0155854249
-10.0132779702
-10.03923749
-10.0269329286
-10.0518349558
-10.0258657302
-9.99094092716
-10.028030594
-10.0274119587
-9.98011101484
-9.98410122553
-9.98810663536
-9.98994187247
-10.0005757042
-9.96589564034
-9.93028958201
-9.9680029372
-9.98184003727
-9.9882726423
-9.94378333533
-9.95460025218
-9.98487146107
-9.95556865657
-9.96349579907
-9.9920258777
-9.95842022691
-9.96569881037
-9.93573487915
-9.97759792087
-9.96902592294
-9.98095507775
-9.97948303561
-9.99991120262
-9.97799619832
-10.0073556135
-9.99081858072
-10.0336827584
-10.0347229598
-10.0615730923
-10.0136232649
-10.0654819844
-10.0541774644
-10.0668088073
-10.0485251814
-10.0643620201
-10.0458196711
-10.0370928833
-10.0412297835
-10.0531979636
-10.0151429681
-9.9860434491
-9.99780433822
-10.0187230977
-10.0341785304
-10.0255128295
-10.0159373006
-10.0193563712
-10.0461327813
-10.0345711869
-10.0151719973
-10.0211998605
-10.0518281011
-10.0470069513
-10.0633763922
-10.0540203826
-10.0628256288
-10.0637176932
-10.0439710962
-10.0450142901
-10.0149021874
-10.0223474712
-10.0457878849
-10.0303147668
-9.98281776885
-10.010866243
-9.98412920721
-9.99589128112
-9.98605517235
-10.0107629235
-9.99811560371
-10.0066696613
-10.0040999252
-10.0475177007
-10.0499207981
-10.0217792626
-10.0203234013
-10.0271404852
-9.98998478444
-10.041943119
-10.0172252923
-10.0331009983
-10.0245668811
-10.0155303716
-9.98961135905
-10.0313083212
-10.0456019003
-10.01738631
-10.0232692178
-10.0839278002
-10.0326553512
-10.0479897104
-10.0525110717
-10.0525807601
-10.0698650724
-10.0495780084
-10.0599453236
-10.0323354724
-10.0939875043
-10.0417914422
-10.0707467237
-10.0137470237
-10.0622134714
-10.0102037411
-10.0229186789
-10.0529049561
-10.0400861694
-10.0564685114
-10.0475712915
-10.0377713833
-10.059741787
-10.0227985057
-10.0535478305
-10.0595000217
-10.0665538818
-10.0697986814
-10.1035494309
-10.0652306132
-10.0488832095
-10.0704349844
-10.0628958134
-10.0345196281
-10.0606627295
-10.0357465526
-10.0065094919
-10.0025422746
-10.050044044
-10.0602060505
-10.0086006096
-10.0393119556
-10.0431270528
-10.0204018873
-10.039095771
-10.0018586615
-10.0195644673
-10.0207036796
-10.0198355708
-10.0501444583
-10.0522888227
-10.0323286451
-10.0380741916
-10.0755920574
-10.0162689691
-10.0737223185
-10.0567452495
-10.0661744883
-10.0996394912
-10.0701260777
-10.0612506173
-10.0729705804
-10.0620616613
-10.0681250534
-10.0506814711
-10.0683743521
-10.087166305
-10.0950196819
-10.1293191557
-10.07773815
-10.1204411286
-10.0731552251
-10.0927188201
-10.1244211137
-10.12344135
-10.1288589046
-10.1862586544
-10.1490305542
-10.1776191492
-10.1609180729
-10.2001280711
-10.1568698678
-10.178251142
-10.1824386564
-10.1550960287
-10.1423710457
-10.1558905749
-10.2170331696
-10.1853648178
-10.1358406116
-10.1356877892
-10.1191491146
-10.1776732737
-10.1567665936
-10.1410173719
-10.148435747
-10.1254224311
-10.1228915016
-10.1224119792
-10.1422424799
-10.1401671624
-10.1591969968
-10.1620675403
-10.1451426803
-10.1491073661
-10.1403949929
-10.1569907471
-10.1392271585
-10.1768277906
-10.1679594115
-10.1759406096
-10.1854640473
-10.1980239168
-10.1929284691
-10.1836100332
-10.1829353962
-10.1866673291
-10.2005731614
-10.2028294475
-10.1848827513
-10.2205526191
-10.2382717949
-10.2089856067
-10.1654899975
-10.2022078719
-10.1634399537
-10.1680354778
-10.1345832711
-10.1559733879
-10.1610408176
-10.14849846
-10.1365306036
-10.1467704772
-10.1487635288
-10.1687129404
-10.1780661038
-10.2017921729
-10.2165724212
-10.2272604969
-10.202305792
-10.2390977604
-10.2274856558
-10.2210781754
-10.2271284466
-10.2179659206
-10.2105425866
-10.2260097052
-10.2537703377
-10.2684074578
-10.238643601
-10.292228129
-10.2775923575
-10.275179982
-10.2935308355
-10.2807253335
-10.3022412373
-10.3164025415
-10.3016498775
-10.3159181319
-10.2990170469
-10.3149283347
-10.2925639455
-10.2612817282
-10.251791991
-10.2921539369
-10.2663640873
-10.2228408092
-10.2065992356
-10.208564279
-10.2019813232
-10.1967842627
-10.2055375335
-10.2151518564
-10.2090824678
-10.2286178202
-10.2314712715
-10.2715800386
-10.2530344382
-10.2849088079
-10.2652828479
-10.2759459765
-10.2725357114
-10.2817600649
-10.3282034335
-10.3056235687
-10.3159869314
-10.3502190805
-10.3275636035
-10.3550760524
-10.324757775
-10.364281273
-10.4000769595
-10.4109563002
-10.3804529189
-10.3511393543
-10.3540295163
-10.366461277
-10.3744107606
-10.3658346492
-10.3423780253
-10.3507435953
-10.3842748107
-10.4075918028
-10.3869885851
-10.3851289531
-10.3242003137
-10.3395530754
-10.3248458276
-10.3475939915
-10.36117153
-10.4189217156
-10.4038175475
-10.388044383
-10.4246448049
-10.3709999726
-10.421320007
-10.3640827255
-10.4005014873
-10.4113533868
-10.3783256454
-10.3931065009
-10.4087392283
-10.3774680604
-10.4337545375
-10.4270501963
-10.401819436
-10.3910072052
-10.4219307403
-10.4206649073
-10.3925751149
-10.3776043586
-10.4373524075
-10.4580763672
-10.4319681522
-10.430467887
-10.4340027909
-10.4212765299
-10.4307917291
-10.4160492093
-10.4316923821
-10.4627945055
-10.4305576873
-10.4268193353
-10.4357522145
-10.4318008408
-10.4744752698
-10.4429028943
-10.4141335532
-10.4703539414
-10.4665923948
-10.4284698648
-10.4345851186
-10.3944577695
-10.4001247428
-10.4073088005
-10.423504094
-10.3942615536
-10.399067416
-10.4548584262
-10.4708998705
-10.4531590253
-10.4357720939
-10.4761974503
-10.4762922349
-10.4768987831
-10.5069282775
-10.503046295
-10.5454158865
-10.5498357714
-10.5598202025
-10.5610072151
-10.548990245
-10.5199528379
-10.5186852532
-10.4914110743
-10.5031965339
-10.5226922569
-10.4882651865
-10.5007115188
-10.4772752195
-10.5127301933
-10.4651553399
-10.4908586278
-10.4858712602
-10.4436251451
-10.4313739509
-10.4572184056
-10.4515048885
-10.4613942025
-10.4298861565
-10.5100772998
-10.5219255519
-10.5200555099
-10.5010116317
-10.5221359001
-10.5842710079
-10.5513028715
-10.5464267891
-10.5862171916
-10.540436975
-10.5682864399
-10.5107720526
-10.5045558313
-10.5290059825
-10.5504097557
-10.516519291
-10.54743818
-10.55203315
-10.5481881036
-10.5088470779
-10.5080954115
-10.514762942
-10.5489749155
-10.5748919548
-10.5634629021
-10.5775274275
-10.5325161715
-10.5718332837
-10.5652670286
-10.5767288356
-10.5599159983
-10.5679589788
-10.6279123395
-10.6381883038
-10.5887407191
-10.6252886575
-10.6520566124
-10.6576783265
-10.6539377216
-10.6627421578
-10.6216065484
-10.6690804882
-10.6532817999
-10.6667790732
-10.6447531034
-10.6807487868
-10.6113373504
-10.6168467396
-10.639083187
-10.5855641074
-10.5711643912
-10.570749876
-10.5790482351
-10.5791969607
-10.5807511805
-10.6318159727
-10.6203226945
-10.6308394474
-10.6099982599
-10.6111680676
-10.6585130083
-10.6520814008
-10.6782991827
-10.7262657412
-10.6954484227
-10.6968626322
-10.6644154286
-10.7236434783
-10.6426343863
-10.6695427223
-10.701712457
-10.7156293438
-10.6583769328
-10.6773444769
-10.6891701063
-10.6844071943
-10.649519504
-10.6158076081
-10.6542650072
-10.6590772466
-10.6637737038
-10.6475919088
-10.6699556272
-10.636281199
-10.6261803982
-10.6532222204
-10.7058147896
-10.6588981716
-10.6993592617
-10.6806463156
-10.6709014715
-10.7198510294
-10.698000228
-10.7107134358
-10.7538664426
-10.7202838804
-10.7500090022
-10.7415572146
-10.7369440649
-10.7656958619
-10.7228179875
-10.7433821496
-10.7607897657
-10.7272512572
-10.7353637798
-10.734943377
-10.6716884118
-10.7284747949
-10.7174844553
-10.7317425428
-10.7551607133
-10.7091291216
-10.7399812391
-10.7184655528
-10.7626974863
-10.7997420048
-10.8069537147
-10.8093357017
-10.8182066604
-10.8084948647
-10.8248351471
-10.8338392691
-10.8386042289
-10.8355260287
-10.8241222918
-10.8034021895
-10.7328696198
-10.7919909498
-10.7504541109
-10.7938432172
-10.8242245344
-10.831019478
-10.8075455756
-10.7931492156
-10.8156627257
-10.788748969
-10.8256894913
-10.8552274695
-10.9027101362
-10.8871566137
-10.9200986789
-10.9246524522
-10.9415889207
-10.9509414634
-10.9399237265
-10.9835072874
-10.9601798509
-10.9203805367
-10.9336960458
-10.9212127547
-10.9194382887
-10.8994799815
-10.866697497
-10.81744584
-10.8323527966
-10.8144556492
-10.7975067218
-10.818659067
-10.8532126954
-10.8535579489
-10.8534938293
-10.8795556985
-10.8964091264
-10.8972526077
-10.924319128
-10.9494658315
-10.9631905488
-10.9429689303
-10.9572452319
-10.970749562
-10.9672156674
-10.9797664912
-10.9624520012
-10.9968080778
-10.984746189
-10.9736275073
-10.9956219107
-10.98465581
-11.0067524019
-10.9640883005
-10.9796638543
-10.9860060834
-10.9573574833
-10.9724034311
-10.9669976222
-10.9386420931
-10.9491394314
-10.9521842753
-10.9666306619
-10.9684435215
-10.9892531249
-11.022208574
-10.99257802
-11.0560882001
-11.0583537499
-11.06905313
-11.085182411
-11.0922700669
-11.1161375291
-11.1507069462
-11.1365187913
-11.1400710029
-11.081047291
-11.0627902334
-11.055203831
-11.070360866
-11.028015792
-11.0364915391
-11.0196663136
-11.0405368657
-11.0162118867
-10.9790132807
-11.0022911407
-10.9841077153
-10.9993808963
-11.0034091308
-11.0482119268
-11.0179567046
-11.0372458359
-11.0374854514
-11.0452532288
-11.0597740881
-11.0714150542
-11.1037319738
-11.1106770386
-11.1174950053
-11.0951089026
-11.1138522872
-11.1372220503
-11.0889522824
-11.1082837207
-11.1502588706
-11.0943492742
-11.096980513
-11.0999597004
-11.0612139096
-11.0773492686
-11.0631379878
-11.072408288
-11.0943555354
-11.0645720335
-11.0604141761
-11.0780512438
-11.0742506131
-11.0657200992
-11.1159922744
-11.0976391483
-11.1399311062
-11.1169352138
-11.148209985
-11.1523023382
-11.182516035
-11.1670437094
-11.195323529
-11.221451798
-11.2312779165
-11.2231534635
-11.2074137712
-11.2459443443
-11.2097238357
-11.2061915997
-11.1812613358
-11.1825217157
-11.1781690035
-11.1268917838
-11.1257340329
-11.0720920243
-11.0520308792
-11.0531726515
-11.0886898539
-11.0756335201
-11.0975725809
-11.0770206912
-11.0574615019
-11.066472001
-11.1011403986
-11.0978187028
-11.0865728717
-11.159785229
-11.1617414748
-11.1769997233
-11.1744740312
-11.1889345657
-11.2112387438
-11.2321745404
-11.2349578454
-11.2123154019
-11.2447112232
-11.2310557696
-11.2059359816
-11.2322898665
-11.2244245633
-11.1804850162
-11.1873064666
-11.2178061258
-11.1297217849
-11.1577209316
-11.1405945828
-11.14212383
-11.136604277
-11.135020004
-11.159742355
-11.165832846
-11.1877066653
-11.182855431
-11.2159280089
-11.2447808743
-11.2102450314
-11.2608017938
-11.2537115095
-11.2923963888
-11.2853808811
-11.2463898001
-11.2751864167
-11.2945989813
-11.2589059013
-11.3045821788
-11.271152021
-11.2886102767
-11.2478977281
-11.2624244084
-11.2465213591
-11.2647568837
-11.2727277071
-11.2270190286
-11.2440945797
-11.2397028953
-11.231559886
-11.2400536912
-11.2189237951
-11.2268606767
-11.2394711574
-11.2438765041
-11.2480344794
-11.2302580338
-11.2509650701
-11.2375468566
-11.2711461529
-11.2494640478
-11.292024312
-11.2880350576
-11.3101866546
-11.3081791081
-11.3395716162
-11.3492470033
-11.3590775049
-11.3431651471
-11.3297756987
-11.3495452361
-11.3443771685
-11.3042182413
-11.3080027381
-11.3117257587
-11.2988522943
-11.3175197605
-11.3018471516
-11.306611372
-11.3109976053
-11.2670372677
-11.222199858
-11.3008467229
-11.2588883197
-11.2863041313
-11.3179028545
-11.2745415385
-11.2755721499
-11.3356940412
-11.3052781937
-11.3170656207
-11.3681475795
-11.3640663455
-11.4117377136
-11.4048946272
-11.4437765581
-11.4694340131
-11.4809607094
-11.4743723024
-11.4419322538
-11.4037939106
-11.4354298124
-11.4215028953
-11.4342239796
-11.4184359278
-11.4081691278
-11.4345913683
-11.4141762044
-11.3720490344
-11.3851042639
-11.3735335825
-11.3621444584
-11.3514802029
-11.3943841434
-11.3826712086
-11.3821839174
-11.4081622074
-11.3701584666
-11.3995933803
-11.3815951606
-11.4267938948
-11.4538451562
-11.4354111608
-11.4509732809
-11.4101932202
-11.4171240305
-11.428741401
-11.4248011924
-11.417788275
-11.4481436692
-11.4282539558
-11.4166505447
-11.4173853104
-11.4006420684
-11.4091475528
-11.3921303787
-11.4640474432
-11.434836027
-11.4390178587
-11.4395109099
-11.4774987787
-11.4447442269
-11.46655866
-11.4580561278
-11.4235273817
-11.4184183502
-11.4131988504
-11.4078366019
-11.4361301123
-11.4188711404
-11.4023886272
-11.4278072552
-11.4199278876
-11.436579457
-11.4208099617
-11.4756167093
-11.484357992
-11.4755281125
-11.4832086003
-11.5170035899
-11.5165021157
-11.5422902813
-11.5738130567
-11.576625273
-11.5694871207
-11.6016735846
-11.551576618
-11.5674178075
-11.5813293235
-11.5286195421
-11.5135360599
-11.5039723993
-11.4910945636
-11.4658391464
-11.4673752434
-11.4861623718
-11.4948726236
-11.4729083596
-11.4877707739
-11.5145953846
-11.516838908
-11.5632316242
-11.5571603977
-11.5338049146
-11.5715068289
-11.5855823137
-11.565095241
-11.6023443514
-11.5578393019
-11.6139145288
-11.5661945189
-11.5824167162
-11.6063474879
-11.5828684285
-11.5939313449
-11.6003028876
-11.5875771925
-11.6202528679
-11.6174001158
-11.5862437122
-11.5875740885
-11.5480884457
-11.5862124028
-11.5912930583
-11.5747282919
-11.5459678357
-11.6084976202
-11.5653943959
-11.5934975956
-11.5802315855
-11.6436937465
-11.6450521074
-11.6392306387
-11.6368771021
-11.6510020535
-11.6472895656
-11.7207488747
-11.657627738
-11.6923035511
-11.6973779787
-11.6673089451
-11.6875079782
-11.6357696691
-11.6207166753
-11.5977331771
-11.571470702
-11.6081762528
-11.6161341662
-11.590205594
-11.6199086728
-11.5862734632
-11.6414006133
-11.5994090354
-11.6137588828
-11.6224649976
-11.6454869366
-11.6424758688
-11.6812074156
-11.6801979078
-11.6839502723
-11.6843067136
-11.6970484364
-11.7056054902
-11.7021269342
-11.7402726558
-11.7524786419
-11.7249921855
-11.723803852
-11.7177194026
-11.7256764432
-11.7008435257
-11.7107882019
-11.6862294303
-11.7289174932
-11.7238610688
-11.7227813812
-11.6866742371
-11.6905669121
-11.7032813605
-11.7207456646
-11.7596607028
-11.7676021136
-11.7792637526
-11.7310997904
-11.7455391008
-11.7241808652
-11.7652880182
-11.7394565413
-11.7515553584
-11.7624385822
-11.7573351617
-11.720862251
-11.7286546391
-11.7404819829
-11.7712244531
-11.7301195499
-11.7785042596
-11.7927081874
-11.7904289047
-11.7745206112
-11.7832268211
-11.7787289161
-11.7614716557
-11.8161897516
-11.8416300744
-11.8094510919
-11.7902587362
-11.7872600038
-11.774911776
-11.7815971635
-11.7910136423
-11.8045231009
-11.7825862762
-11.7629831743
-11.7800332918
-11.7641860304
-11.7809808095
-11.7982736703
-11.7725127331
-11.7936776088
-11.829963715
-11.7898540416
-11.8263500122
-11.8329550758
-11.8592711889
-11.7920460542
-11.8331085729
-11.8096457004
-11.8035924154
-11.7965891586
-11.7831305124
-11.7911755937
-11.7619240596
-11.765031234
-11.776361835
-11.800869295
-11.808460464
-11.7447586492
-11.771256397
-11.7567090792
-11.8010955964
-11.7944994991
-11.7939861251
-11.8138589102
-11.7947425571
-11.7986180272
-11.8154009664
-11.7928112605
-11.769589606
-11.7902635635
-11.7935413772
-11.7931326879
-11.7994459142
-11.7815494162
-11.8052147406
-11.8139379671
-11.788893349
-11.7943197475
-11.8043542622
-11.7887126196
-11.776456548
-11.8232957372
-11.8565640789
-11.7849946943
-11.7988998272
-11.8079167985
-11.780095287
-11.7637228821
-11.7636438204
-11.7245906961
-11.7277130982
-11.7354587207
-11.7052860872
-11.7046367583
-11.6955416835
-11.6996326253
-11.681955216
-11.6443308608
-11.6646313301
-11.681314466
-11.6228938077
-11.6311527336
-11.6056300752
-11.6227853335
-11.6352761521
-11.6319655136
-11.6165740975
-11.596950876
-11.6124935059
-11.5881046036
-11.5545216764
-11.5700327184
-11.5517896703
-11.5283327197
-11.5310996212
-11.5012087787
-11.5055307728
-11.4638880635
-11.4565282587
-11.4778604938
-11.4568660042
-11.4521319616
-11.4258151992
-11.4170269656
-11.4428273772
-11.3892028373
-11.4026870632
-11.4082140977
-11.4510471797
-11.4219057363
-11.4471790046
-11.4216769661
-11.4468532628
-11.4596218002
-11.426248872
-11.434802499
-11.4766754908
-11.4845305066
-11.4928483754
-11.4841241642
-11.4667216031
-11.5049628144
-11.5178720399
-11.501172783
-11.4968101453
-11.5130177927
-11.5043326048
-11.5084025148
-11.5040532519
-11.495644453
-11.5215775947
-11.5003182129
-11.5410634882
-11.5076009137
-11.5330469408
-11.5548417935
-11.5438551278
-11.552569846
-11.5540598629
-11.584211084
-11.553771634
-11.5738316375
-11.5645931362
-11.5462736961
-11.6004060608
-11.5966833502
-11.6058853292
-11.6104387121
-11.5802616974
-11.5967871688
-11.6088113388
-11.5925614952
-11.6194848116
-11.6285750827
-11.6162047833
-11.5907111295
-11.5817229117
-11.6067579701
-11.5939909676
-11.5778547004
-11.5874809868
-11.6005924709
-11.5595022815
-11.5762745585
-11.6060537979
-11.6013562589
-11.5916283077
-11.5447686222
-11.5717805237
-11.5498850723
-11.5308001024
-11.5298806733
-11.5470093974
-11.5260255014
-11.5691228951
-11.5491316424
-11.5588183782
-11.5723955145
-11.5942335872
-11.6031017123
-11.6071630836
-11.5810616478
-11.6226317676
-11.601040832
-11.6220527666
-11.6142499675
-11.5903215331
-11.607686488
-11.6008019578
-11.6045793881
-11.5949229752
-11.6244219339
-11.5718788009
-11.596724855
-11.5920353005
-11.5966923421
-11.5798893087
-11.6230940047
-11.5774568643
-11.5826984356
-11.5907375186
-11.6115039166
-11.5994742739
-11.5826137796
-11.6009324802
-11.6223592184
-11.634733375
-11.6214983546
-11.6080985994
-11.6201382529
-11.6361262555
-11.6366107681
-11.6121743322
-11.6549562891
-11.6290457446
-11.6629598235
-11.6314893012
-11.642607716
-11.6102090661
-11.5952270848
-11.5993253903
-11.590994023
-11.6045410445
-11.5847050298
-11.5849096638
-11.6446857896
-11.6489788624
-11.6242656601
-11.6284208852
-11.603212466
-11.6290591951
-11.6329887356
-11.6291403576
-11.6706353681
-11.6579716889
-11.6444462152
-11.6273169654
-11.6483973604
-11.6658625189
-11.6447865884
-11.6619843919
-11.6576161981
-11.6238022471
-11.6106896281
-11.6185204225
-11.6177119757
-11.6095312996
-11.6011012088
-11.5678875104
-11.5761747866
-11.5514359094
-11.5345651159
-11.5132641755
-11.5216461522
-11.5472007448
-11.5471346578
-11.5184725886
-11.5187395532
-11.5442646401
-11.5532247752
-11.5163914963
-11.5196805585
-11.5378199234
-11.5298780418
-11.555750582
-11.5433290497
-11.5300188378
-11.5507783027
-11.5536501702
-11.5585226316
-11.5466704072
-11.5477869585
-11.5735243952
-11.5488462028
-11.5658578208
-11.5739688615
-11.5225745906
-11.5482741163
-11.5482616044
-11.5234096667
-11.5869673803
-11.5782120617
-11.5776209911
-11.5979429759
-11.5852431725
-11.6312324043
-11.5853409769
-11.5863987205
-11.5752063165
-11.5674280458
-11.5586246778
-11.5666422247
-11.5789907368
-11.5273552332
-11.5521509506
-11.5699444146
-11.5457675748
-11.5221944459
-11.5698953755
-11.5710623242
-11.5921034753
-11.5627125997
-11.5964510924
-11.5663679944
-11.5872609907
-11.578169377
-11.5604130128
-11.5878622151
-11.5600245187
-11.5789590674
-11.565322434
-11.5699688665
-11.5964351871
-11.5732995354
-11.5805629314
-11.582315313
-11.5706860378
-11.5967170938
-11.5669433282
-11.5778241922
-11.5899755116
-11.5645449808
-11.5735582301
-11.5751414015
-11.5841935524
-11.5720140513
-11.5805961689
-11.5669372601
-11.5731179674
-11.5697192628
-11.5549265673
-11.5828247828
-11.5822455522
-11.5707520641
-11.5754800652
-11.568994392
-11.5445662781
-11.5818753407
-11.5894459066
-11.5718965628
-11.5463998196
-11.5556711712
-11.5119462082
-11.527990735
-11.5495052854
-11.5114868064
-11.5056668785
-11.5337622271
-11.5310986961
-11.5219226186
-11.5639459111
-11.5599737859
-11.5266388963
-11.5353426779
-11.5296386556
-11.5622417661
-11.5186639164
-11.5184671012
-11.5359146644
-11.5245731268
-11.5270192814
-11.5123912453
-11.5264386817
-11.5021433547
-11.514060293
-11.5386667187
-11.5470202467
-11.496728503
-11.4934377263
-11.506086583
-11.464053622
-11.4880680307
-11.506973154
-11.5214068739
-11.5018835626
-11.5092735755
-11.4543834487
-11.5405094156
-11.521201468
-11.5396252161
-11.5497750824
-11.503448969
-11.5497188102
-11.5188852197
-11.5749857565
-11.5299473436
-11.5600049266
-11.5419160248
-11.5537509609
-11.5141672951
-11.5254662875
-11.4945237656
-11.5021980971
-11.5147773889
-11.4775326194
-11.4923915254
-11.4932168956
-11.5143446104
-11.4549123895
-11.4825484824
-11.4805709302
-11.4331339679
-11.4829462677
-11.4200208243
-11.4556157292
-11.4701808805
-11.5060922912
-11.5079623046
-11.479786786
-11.4807502002
-11.4847479227
-11.4615304524
-11.4473843338
-11.4667569168
-11.4578099184
-11.4914208526
-11.4662761341
-11.4580930432
-11.4487415804
-11.4422095772
-11.4404771662
-11.4173430485
-11.4372862419
-11.4407873019
-11.4455690243
-11.489198874
-11.4658688198
-11.4623701882
-11.4714203217
-11.488645082
-11.4765942838
-11.5240036412
-11.5216798704
-11.5391889512
-11.509897714
-11.4969465227
-11.5177763253
-11.4995387097
-11.5237140372
-11.5308695856
-11.5127627738
-11.483243254
-11.4652105119
-11.4431399783
-11.3791732104
-11.4467658279
-11.4217435237
-11.4141445241
-11.4444201748
-11.3867415469
-11.4093055682
-11.4123075068
-11.4147306984
-11.3949570339
-11.4125979267
-11.4196597547
-11.4051156842
-11.3960075316
-11.3820629713
-11.378214405
-11.3965421396
-11.4319694299
-11.3994270789
-11.4410933358
-11.4198751635
-11.4101902716
-11.4292459584
-11.441304445
-11.4103854726
-11.4353269576
-11.4564135276
-11.4017088998
-11.3939926194
-11.4234228174
-11.4412930306
-11.4150323415
-11.3942160776
-11.3947267015
-11.3910402357
-11.3788952001
-11.3747299544
-11.3528534782
-11.3849004977
-11.4074475054
-11.366355116
-11.4392561822
-11.4650682445
-11.4771662418
-11.5062864995
-11.4841193276
-11.5086921234
-11.5130646051
-11.4847097234
-11.4800661174
-11.5188198878
-11.4517927641
-11.4940376444
-11.4981199828
-11.4503435084
-11.4783441144
-11.4435381694
-11.4468180495
-11.4630222838
-11.4227560258
-11.4289930612
-11.3974118803
-11.4461157183
-11.3644512478
-11.3904589731
-11.4193828194
-11.4637371602
-11.4993908776
-11.5118644324
-11.5250480638
-11.4996303823
-11.4919062008
-11.521050259
-11.5300473244
-11.5084624176
-11.5206695366
-11.5491323395
-11.5234664812
-11.5138802578
-11.5302516417
-11.5174589358
-11.5033582734
-11.4650049107
-11.4597605334
-11.4498227412
-11.4494207741
-11.453793402
-11.4384985536
-11.4066697598
-11.4164255406
-11.4516427095
-11.4144505873
-11.4096273465
-11.413157167
-11.4030297399
-11.3720035584
-11.3967079151
-11.4097446274
-11.381668668
-11.4537578957
-11.3917964441
-11.4285694286
-11.4150010192
-11.3925510981
-11.4285878271
-11.411148372
-11.4237657152
-11.4213653649
-11.4521208196
-11.449408375
-11.4420846962
-11.408390733
-11.446592416
-11.3999159373
-11.457777015
-11.466663976
-11.4496227041
-11.4122025524
-11.4345204045
-11.4141447613
-11.4101009323
-11.3836775453
-11.3524859071
-11.3457545327
-11.3356136072
-11.3087646379
-11.3083715811
-11.33502599
-11.3379952823
-11.3447530348
-11.3398188843
-11.3336133222
-11.3685685716
-11.3811172758
-11.4264195355
-11.4083533143
-11.3733570869
-11.4289495028
-11.4163254304
-11.4553181416
-11.4302890297
-11.4305719025
-11.412643842
-11.4407881432
-11.4679383594
-11.4241230254
-11.4037554599
-11.4236293583
-11.4353646676
-11.4062165352
-11.4203870871
-11.3346433687
-11.4151080303
-11.4148712757
-11.4097294488
-11.3730182065
-11.4186365208
-11.4243314913
-11.4234191416
-11.4312528882
-11.4031357192
-11.4422708329
-11.4272319535
-11.4366093736
-11.4335585783
-11.3666896074
-11.3715296421
-11.3724405668
-11.3309518822
-11.3156057488
-11.2786084725
-11.2946764685
-11.3072764431
-11.2415472101
-11.2482558971
-11.3014303195
-11.246238741
-11.2888480755
-11.1978859008
-11.2576591274
-11.2795611304
-11.3044481772
-11.3242392104
-11.364275848
-11.3505435688
-11.3857032345
-11.4178846797
-11.4159247333
-11.4438106027
-11.4411500856
-11.4251195378
-11.4463335124
-11.4748150463
-11.4735922706
-11.4129045748
-11.4110140942
-11.3294488052
-11.3830308215
-11.3476854292
-11.3012391467
-11.3134459311
-11.317366169
-11.3126026264
-11.3425224489
-11.3440070333
-11.3211973647
-11.3564323445
-11.357737349
-11.3619787728
-11.3615929954
-11.3267233614
-11.3512994054
-11.3161339257
-11.3237879765
-11.349707968
-11.2865633181
-11.3012617214
-11.353604929
-11.3155413017
-11.3418894843
-11.3281391469
-11.2982793354
-11.2725227794
-11.3147052086
-11.336647305
-11.340955677
-11.3239187206
-11.3281171383
-11.3061398653
-11.3130670339
-11.3597627653
-11.3435987028
-11.3349881406
-11.3557648123
-11.3463006264
-11.3708647658
-11.3572162983
-11.4322456511
-11.3779777189
-11.3361889007
-11.3626484147
-11.3386648701
-11.3497703602
-11.2996750522
-11.3163390991
-11.3117905829
-11.3080139853
-11.3162072852
-11.3430941078
-11.3147749017
-11.2866310428
-11.2869422995
-11.2775564281
-11.2856558181
-11.2341389537
-11.2338147781
-11.2299762324
-11.200483896
-11.2260586535
-11.2225503485
-11.2101315692
-11.201476456
-11.1975007403
-11.1944970078
-11.2326535728
-11.212213863
-11.2508614943
-11.234516058
-11.2310563585
-11.2478779856
