32.2313790321
32.2403812408
32.2413663864
32.2433598042
32.2443656921
32.2453603745
32.2463588715
32.2473533154
32.248357296
32.2493569851
32.2503612041
32.2513592243
32.2523682117
32.2533559799
32.254347086
32.2553498745
32.2563419342
32.2573444843
32.258336544
32.2593476772
32.2603449821
32.2613422871
32.2623515129
32.2633514404
32.2643432617
32.265335083
32.2663359642
32.2673563957
32.2683367729
32.2694036961
32.2703976631
32.2713382244
32.2723479271
32.2733459473
32.274338007
32.2753341198
32.2763280869
32.2773399353
32.278339386
32.279330492
32.2803330421
32.2813489437
32.2823441029
32.2833371162
32.2843883038
32.2854113579
32.2903294563
32.2913239002
32.2923181057
32.2933142185
32.294314146
32.2954292297
32.2965881824
32.2973201275
32.2983105183
32.2993075848
32.3003103733
32.3013067245
32.3023109436
32.3035755157
32.304369688
32.3056013584
32.3063218594
32.3075547218
32.3083052635
32.3095502853
32.3103096485
32.3115706444
32.3125607967
32.3135550022
32.3145523071
32.3155515194
32.3165500164
32.3175537586
32.3185517788
32.3196220398
32.3205587864
32.3215534687
32.3223154545
32.3235635757
32.3245539665
32.3255691528
32.3265891075
32.3273546696
32.3285684586
32.3345332146
32.3355424404
32.3365325928
32.3375329971
32.3385322094
32.3395397663
32.3405630589
32.341531992
32.3425316811
32.34552598
32.3463394642
32.3475317955
32.3485314846
32.3495335579
32.3505227566
32.3515219688
32.3525278568
32.3535225391
32.3542878628
32.3555238247
32.3563346863
32.3575284481
32.3585252762
32.3595228195
32.3605237007
32.3635249138
32.3645246029
32.3655290604
32.3665242195
32.3675246239
32.3685240746
32.3695209026
32.3705265522
32.3715252876
32.3725268841
32.3735165596
32.3745181561
32.3755347729
32.3765330315
32.3775260448
32.3785247803
32.3795273304
32.3805220127
32.3815150261
32.3825235367
32.3835368156
32.3845276833
32.3855309486
32.3865303993
32.3875274658
32.388520956
32.3895227909
32.3905134201
32.3915188313
32.3925170898
32.3935136795
32.3945069313
32.3955068588
32.3965067863
32.397510767
32.3985106945
32.3995110989
32.4005150795
32.4015035629
32.4025063515
32.4035565853
32.4045834541
32.4055359364
32.4065704346
32.4074919224
32.4084918499
32.4095053673
32.4114847183
32.4124941826
32.4134874344
32.4144892693
32.4154877663
32.4164991379
32.4174869061
32.4184880257
32.4194834232
32.4204955101
32.4214868546
32.4224836826
32.4234790802
32.4244863987
32.4254827499
32.4264833927
32.4274835587
32.4285593033
32.4294958115
32.430488348
32.4314882755
32.432495594
32.4334788322
32.4344742298
32.4364774227
32.4374783039
32.4384915829
32.4394872189
32.440474987
32.4414789677
32.4424734116
32.4434635639
32.444464922
32.4454672337
32.4464793205
32.4484703541
32.4534776211
32.4544627666
32.4554622173
32.4564838409
32.4574761391
32.4584641457
32.4594602585
32.4604480267
32.4614536762
32.4624533653
32.4634540081
32.4644498825
32.465487957
32.4664571285
32.4674572945
32.4684553146
32.4694595337
32.4704537392
32.4714727402
32.4724779129
32.4734611511
32.4744565487
32.4754564762
32.4764573574
32.4774503708
32.4784519672
32.4794449806
32.4804813862
32.4814710617
32.4834601879
32.4844954014
32.4854652882
32.4864723682
32.4874582291
32.4884703159
32.4894554615
32.490475893
32.4914493561
32.4924423695
32.4934399128
32.4944343567
32.4954435825
32.4964430332
32.4974374771
32.4984810352
32.4994380474
32.5004458427
32.5014441013
32.502466917
32.5034821033
32.5044500828
32.5054724216
32.506472826
32.5074717999
32.5084376335
32.5094673634
32.5104305744
32.5114245415
32.5124568939
32.5134398937
32.5144424438
32.5154385567
32.5164718628
32.5174252987
32.5184221268
32.5194208622
32.520418644
32.5214629173
32.5224225521
32.5234265327
32.524415493
32.5254292488
32.5264203548
32.5274255276
32.5284175873
32.52942729
32.5304243565
32.5314333439
32.5324218273
32.5334284306
32.5344228745
32.5354356766
32.5364308357
32.5374379158
32.5384333134
32.5394244194
32.5404236317
32.5414221287
32.5444047451
32.5454308987
32.5464317799
32.5474545956
32.5484540462
32.5494477749
32.5504274368
32.551422596
32.5524139404
32.5534186363
32.5544059277
32.5554132462
32.556450367
32.5574281216
32.5584187508
32.5594170094
32.5604155064
32.5614309311
32.5624666214
32.5634071827
32.5644099712
32.5654602051
32.5664265156
32.5674145222
32.5685064793
32.5695016384
32.5703999996
32.5714457035
32.5724220276
32.5734109879
32.5743868351
32.5754885674
32.5763885975
32.577460289
32.5784211159
32.5794854164
32.5804057121
32.5814042091
32.5824043751
32.5834393501
32.5844347477
32.5853979588
32.5863876343
32.5873968601
32.5883886814
32.5893850327
32.5903687477
32.5914032459
32.5923697948
32.5933630466
32.5943593979
32.5953667164
32.5963683128
32.5973622799
32.598372221
32.599378109
32.6004238129
32.6014428139
32.6024389267
32.6033554077
32.6046278477
32.6053659916
32.6063742638
32.6074025631
32.608645916
32.6094162464
32.6104047298
32.6114439964
32.613360405
32.6143517494
32.6153552532
32.6164634228
32.6173479557
32.6183526516
32.619358778
32.6203627586
32.6213619709
32.622364521
32.6233839989
32.624379158
32.6253788471
32.626373291
32.6273703575
32.6283578873
32.629368782
32.6303515434
32.6313607693
32.6323444843
32.633348465
32.6343495846
32.6353561878
32.636351347
32.6373536587
32.6383466721
32.6393396854
32.6403360367
32.6413352489
32.6423401833
32.6433405876
32.6443510056
32.64534235
32.6463372707
32.6473321915
32.6483316422
32.6493303776
32.6503348351
32.6513326168
32.652326107
32.653331995
32.6543269157
32.6553237438
32.6563277245
32.6573271751
32.6583242416
32.6593353748
32.6605694294
32.6613843441
32.6623837948
32.6633250713
32.664577961
32.66538167
32.6663272381
32.667321682
32.6683290005
32.6713283062
32.6723320484
32.6733286381
32.6743409634
32.675334692
32.6763324738
32.6773386002
32.6783385277
32.6793205738
32.6803209782
32.6813147068
32.6823215485
32.6833231449
32.6846120358
32.6853177547
32.6863224506
32.687325716
32.6885743141
32.6893732548
32.6903173923
32.6913099289
32.6923131943
32.6933193207
32.6943175793
32.6953148842
32.696583271
32.6973121166
32.6983103752
32.6995456219
32.7005565166
32.7013576031
32.7025482655
32.7055506706
32.7065446377
32.7075457573
32.7085399628
32.7095656395
32.712556839
32.7135453224
32.7145555019
32.7155473232
32.716547966
32.7175369263
32.7183406353
32.7195594311
32.7205593586
32.7215652466
32.722556591
32.7235529423
32.7245311737
32.7255365849
32.7265748978
32.7272942066
32.7285289764
32.7295722961
32.7303874493
32.7315356731
32.7325282097
32.7335278988
32.7345283031
32.7385280132
32.739536047
32.7405192852
32.7415282726
32.7425434589
32.7433485985
32.7445180416
32.7455308437
32.7465314865
32.7475373745
32.7485249043
32.7495305538
32.750569582
32.7535276413
32.7545244694
32.7555308342
32.756521225
32.7575311661
32.758510828
32.7595133781
32.7605397701
32.761515379
32.7625133991
32.7635278702
32.7645065784
32.7675282955
32.7685201168
32.772516489
32.7735135555
32.7745125294
32.775510788
32.7765061855
32.7775075436
32.7785048485
32.7795071602
32.7805063725
32.7815144062
32.7825133801
32.783315897
32.7845263481
32.785507679
32.7865250111
32.7875235081
32.7885191441
32.7895214558
32.7905161381
32.7915186882
32.7925100327
32.793504715
32.7945108414
32.795514822
32.7965404987
32.7975087166
32.7985277176
32.799487114
32.8004922867
32.8014936447
32.8025135994
32.8034844398
32.8044793606
32.8055119514
32.806486845
32.8074772358
32.8084728718
32.8094713688
32.8125009537
32.8134806156
32.8144762516
32.8154776096
32.8164691925
32.8174703121
32.8184690475
32.8194692135
32.8204796314
32.8214664459
32.8224842548
32.8234992027
32.8244943619
32.8254983425
32.8265526295
32.8275010586
32.8284890652
32.8295006752
32.8305194378
32.8315148354
32.8324971199
32.8335113525
32.8345105648
32.8354620934
32.8374722004
32.8384666443
32.8394653797
32.840462923
32.8415260315
32.8444848061
32.8454766273
32.8464667797
32.8474674225
32.8484601974
32.8494570255
32.8504738808
32.8514738083
32.8524744511
32.8534667492
32.8544838428
32.8564724922
32.8574707508
32.8584830761
32.8594870567
32.8604750633
32.8614728451
32.8624639511
32.863519907
32.8644695282
32.8654782772
32.8664603233
32.8674612045
32.8685400486
32.8694894314
32.8704488277
32.8714485168
32.8724594116
32.8734507561
32.8744485378
32.8754482269
32.8764624596
32.8774619102
32.8784561157
32.8794598579
32.8804910183
32.8814520836
32.8824613094
32.883453846
32.8844492435
32.885453701
32.8864498138
32.8874528408
32.888450861
32.8894445896
32.8904476166
32.8964607716
32.8974559307
32.8984525204
32.9004452229
32.9014394283
32.9024486542
32.9054439068
32.9064478874
32.9074423313
32.9084341526
32.9094362259
32.9124462605
32.9134423733
32.9144361019
32.9154210091
32.9164216518
32.9174363613
32.9184224606
32.91949296
32.9204413891
32.9214272499
32.9224927425
32.9234797955
32.9244952202
32.9254977703
32.9265241623
32.9274353981
32.9284222126
32.9294281006
32.9304280281
32.9314725399
32.9324333668
32.9334294796
32.9344232082
32.9354288578
32.9364118576
32.9374394417
32.9384338856
32.9394359589
32.9404189587
32.9414434433
32.942442894
32.9434416294
32.9444246292
32.945428133
32.9464221001
32.9474225044
32.9484126568
32.9494211674
32.9504127502
32.9514155388
32.9524607658
32.9534254074
32.9544157982
32.955429554
32.9564063549
32.9574799538
32.9584021568
32.959461689
32.9604439735
32.9614422321
32.9623999596
32.9634106159
32.964435339
32.9654428959
32.9664299488
32.9674396515
32.9683856964
32.9693989754
32.9704675674
32.9714069366
32.9723882675
32.9734044075
32.9744040966
32.975440979
32.9764051437
32.977410078
32.9783818722
32.9793803692
32.9803745747
32.9813661575
32.9823756218
32.9833796024
32.9843754768
32.9853835106
32.9863724709
32.9873754978
32.988368988
32.9893710613
32.9903604984
32.9913771152
32.9923789501
32.9933714867
32.9963788986
32.9973680973
32.998370409
32.9993662834
33.000364542
33.0013651848
33.0023725033
33.0033583641
33.0043666363
33.0053617954
33.0063679218
33.014354229
33.0153539181
33.0163507462
33.0173466206
33.0183494091
33.0193574429
33.0203552246
33.021364212
33.0223453045
33.0233416557
33.0243489742
33.0253477097
33.0263442993
33.0273444653
33.0283477306
33.0293514729
33.030352354
33.0313472748
33.03236413
33.0333487988
33.0343368053
33.0353438854
33.0363399982
33.0373461246
33.0383386612
33.0393390656
33.040336132
33.0413463116
33.0423417091
33.0433442593
33.0443296432
33.0453498363
33.0463533401
33.0473396778
33.048337698
33.0493414402
33.0503463745
33.0513339043
33.0523331165
33.0533447266
33.0543315411
33.0553295612
33.0563292503
33.0573320389
33.0583298206
33.0593287945
33.0603308678
33.0613288879
33.0623247623
33.0633354187
33.0643334389
33.0653293133
33.0663256645
33.0673389435
33.0683588982
33.0693423748
33.070346117
33.0713357925
33.0723211765
33.0733327866
33.0743427277
33.0753209591
33.0763242245
33.077324152
33.0783278942
33.0793323517
33.0803272724
33.081328392
33.0823328495
33.0833268166
33.0843274593
33.0853261948
33.0863268375
33.087338686
33.0883290768
33.0893301964
33.0905709267
33.0915756226
33.0925648212
33.0935592651
33.0945580006
33.0955598354
33.0965573788
33.0975656509
33.0985572338
33.0995566845
33.1005618572
33.1015586853
33.1023156643
33.1035969257
33.1045935154
33.105553627
33.1063547134
33.1075747013
33.1085453033
33.109549284
33.1105606556
33.1113474369
33.112557888
33.1135547161
33.1145541668
33.1155462265
33.1165394783
33.1175420284
33.1185500622
33.1195530891
33.1205465794
33.12154603
33.1225447655
33.1235296726
33.1245834827
33.1255311966
33.1265380383
33.1273345947
33.1285297871
33.1295361519
33.1305279732
33.1315338612
33.132529974
33.133534193
33.1345276833
33.1355290413
33.136528492
33.1375257969
33.1385245323
33.1395261288
33.1405313015
33.1415228844
33.1425311565
33.1435244083
33.1445605755
33.1455206871
33.1465630531
33.1475243568
33.1485226154
33.1495265961
33.1505224705
33.1515161991
33.1525168419
33.1535155773
33.1545171738
33.1555223465
33.1565618515
33.15752244
33.1585147381
33.1595261097
33.1605241299
33.1615216732
33.1625173092
33.1635191441
33.1645097733
33.1655130386
33.166539669
33.1675174236
33.1685135365
33.1695098877
33.170507431
33.1715326309
33.1725230217
33.1735262871
33.1745083332
33.1755082607
33.176507473
33.1865055561
33.1875033379
33.188498497
33.189499855
33.1905014515
33.1914980412
33.1924955845
33.1934964657
33.1945102215
33.1955001354
33.1964914799
33.1974947453
33.1985001564
33.1994903088
33.2005422115
33.2014892101
33.2024874687
33.2034883499
33.2044796944
33.2055091858
33.2065322399
33.207482338
33.2084929943
33.2094919682
33.2104814053
33.211493969
33.2124869823
33.2134826183
33.214482069
33.2154877186
33.2164766788
33.217476368
33.2184782028
33.2194797993
33.2204730511
33.2214736938
33.2224729061
33.2234754562
33.2244684696
33.2254900932
33.2264790535
33.2274773121
33.2284936905
33.2294850349
33.230499506
33.2314789295
33.2324814796
33.2334833145
33.2344694138
33.2354717255
33.2365038395
33.2374665737
33.2384681702
33.2394747734
33.240470171
33.2414674759
33.2424800396
33.2434606552
33.2445101738
33.245503664
33.2484698296
33.2494690418
33.250464201
33.2514586449
33.2524628639
33.2534630299
33.2544777393
33.2554597855
33.2564594746
33.2604670525
33.2614581585
33.2624547482
33.263468504
33.2644689083
33.265474081
33.2664575577
33.267457962
33.2704546452
33.2714591026
33.2724554539
33.2734570503
33.2744505405
33.2754545212
33.2764539719
33.2774527073
33.2784497738
33.2794456482
33.2804434299
33.2814445496
33.2824532986
33.283438921
33.2844400406
33.2854361534
33.2864453793
33.2874426842
33.2884423733
33.2894423008
33.290448904
33.2914438248
33.2924463749
33.2934467793
33.2944540977
33.2954449654
33.2964422703
33.2974407673
33.2984404564
33.2994370461
33.3004434109
33.3014383316
33.3024439812
33.3034315109
33.3044497967
33.3054256439
33.3064823151
33.308434248
33.3094353676
33.310428381
33.3114688396
33.3124446869
33.3134264946
33.3144261837
33.315433979
33.3164465427
33.317494154
33.3184707165
33.3194928169
33.3204696178
33.3214948177
33.3224568367
33.3234217167
33.3244724274
33.3254935741
33.3265280724
33.3274526596
33.3284192085
33.3294167519
33.3304097652
33.3314116001
33.3324375153
33.3334205151
33.3344368935
33.3354196548
33.3364207745
33.337438345
33.3394231796
33.3404157162
33.3414266109
33.3424742222
33.3434696198
33.3444178104
33.3454742432
33.3464808464
33.3474049568
33.34842062
33.3494131565
33.3504126072
33.3514697552
33.3524639606
33.3574099541
33.3584067822
33.3594110012
33.360448122
33.3614017963
33.3624033928
33.3634793758
33.3644020557
33.3654830456
33.3664777279
33.3674480915
33.368388176
33.369402647
33.3703780174
33.3713867664
33.3724386692
33.3734431267
33.3744361401
33.3754999638
33.3763775826
33.3774030209
33.3783869743
33.3794059753
33.3803868294
33.3814156055
33.3824677467
33.3835020065
33.384459734
33.3855171204
33.3864452839
33.3874740601
33.3884282112
33.3894290924
33.3904390335
33.391479969
33.3923766613
33.3933737278
33.3943722248
33.3953840733
33.3963720798
33.3973701
33.3983654976
33.3993697166
33.400365591
33.4013619423
33.4023692608
33.4033610821
33.4043650627
33.4053738117
33.4063706398
33.4073629379
33.4083604813
33.4093697071
33.4103605747
33.4113585949
33.415358305
33.4163594246
33.4173593521
33.4183523655
33.4193511009
33.4203498363
33.4213569164
33.4223556519
33.4233472347
33.4243516922
33.4254417419
33.4266514778
33.4274394512
33.4283537865
33.4293699265
33.43034935
33.4313528538
33.4323587418
33.433409214
33.4343850613
33.4353559017
33.4363691807
33.437343359
33.4383451939
33.4393417835
33.4403367043
33.4413428307
33.4423427582
33.4433376789
33.4443385601
33.4453327656
33.4463441372
33.4473381042
33.4483366013
33.4523296356
33.4533421993
33.454334259
33.4553279877
33.4563324451
33.4573292732
33.4583289623
33.4593267441
33.4603242874
33.4613242149
33.4623405933
33.4635646343
33.4643223286
33.4655661583
33.4663274288
33.4673321247
33.4683203697
33.4693353176
33.4703326225
33.4713234901
33.4724314213
33.4733607769
33.4743151665
33.4756026268
33.4764435291
33.47732234
33.4783148766
33.479352951
33.480312109
33.481323719
33.4826118946
33.4835774899
33.4843521118
33.4853134155
33.4863176346
33.4873056412
33.488307476
33.4893064499
33.4903106689
33.4913077354
33.4923121929
33.5025444031
33.5035457611
33.5045390129
33.5055451393
33.506541729
33.5075454712
33.5085391998
33.5093019009
33.5105338097
33.5115382671
33.5125339031
33.5135340691
33.514537096
33.5155332088
33.5165321827
33.5172867775
33.5185308456
33.51953125
33.520526886
33.5215265751
33.5225279331
33.5235249996
33.5245242119
33.5252931118
33.5265228748
33.5275239944
33.5285217762
33.5295269489
33.5305244923
33.5315260887
33.5325262547
33.5395379066
33.5405328274
33.541523695
33.5425248146
33.5435311794
33.5445156097
33.5455172062
33.5465159416
33.5475170612
33.5485169888
33.5495193005
33.5505106449
33.5515129566
33.5525150299
33.5535109043
33.5545065403
33.5555112362
33.5565209389
33.557510376
33.5585119724
33.5595128536
33.5605065823
33.5615153313
33.5625095367
33.5635063648
33.5645241737
33.5655200481
33.566511631
33.5675218105
33.5685052872
33.5695073605
33.5705156326
33.5715305805
33.5725083351
33.5745031834
33.5755150318
33.5765309334
33.5775117874
33.578502655
33.580496788
33.5815145969
33.5825021267
33.5835361481
33.5844976902
33.5854961872
33.5865013599
33.5875082016
33.5884981155
33.5895142555
33.5904967785
33.591509819
33.5924913883
33.5934922695
33.5944905281
33.595487833
33.5964992046
33.5974955559
33.5984859467
33.5994923115
33.6004903316
33.6014976501
33.6025009155
33.60333395
33.6044855118
33.6053330898
33.6065301895
33.6074898243
33.6084918976
33.6094911098
33.6104857922
33.6114814281
33.6124858856
33.6134872437
33.6144843102
33.6164801121
33.6174809933
33.6184768677
33.6194791794
33.6204750538
33.6214761734
33.6224756241
33.6234726906
33.6244702339
33.6254715919
33.626478672
33.627471447
33.6284658909
33.6295018196
33.6304690838
33.6314759254
33.6324737072
33.6334679127
33.6344969273
33.635468483
33.6364650726
33.637471199
33.6384749413
33.6394815445
33.6404826641
33.6414661407
33.6424748898
33.6435034275
33.6444954872
33.6454687119
33.6464688778
33.6474938393
33.648468256
33.6544821262
33.6555211544
33.6565108299
33.6574585438
33.6584556103
33.6594524384
33.6604616642
33.6614558697
33.662456274
33.6634597778
33.6644570827
33.6654567719
33.6664617062
33.6674571037
33.6684761047
33.6694970131
33.6704969406
33.6715052128
33.6724696159
33.6735062599
33.6744568348
33.6754541397
33.6764576435
33.677478075
33.6804440022
33.6814489365
33.682466507
33.6835625172
33.6844463348
33.6854660511
33.6865491867
33.6875126362
33.6885049343
33.6895093918
33.6904451847
33.6914899349
33.6924774647
33.6944334507
33.6954336166
33.6964278221
33.6974372864
33.6984422207
33.6994488239
33.7004499435
33.7014369965
33.7024366856
33.703448534
33.7044460773
33.7054860592
33.7064640522
33.7074241638
33.7084288597
33.7094378471
33.7104341984
33.7114317417
33.7124295235
33.7134277821
33.7144420147
33.7154433727
33.7164435387
33.7174460888
33.7184398174
33.7194440365
33.7204391956
33.7214331627
33.7224392891
33.7234253883
33.7244460583
33.7254345417
33.7264330387
33.7274298668
33.7284405231
33.7294266224
33.7304244041
33.7314155102
33.7323870659
33.7364192009
33.7374148369
33.7384154797
33.7394163609
33.7404110432
33.7414171696
33.7424285412
33.7434148788
33.7444090843
33.7454388142
33.7464132309
33.7474167347
33.7484099865
33.7494430542
33.7504081726
33.7514119148
33.7574169636
33.7584171295
33.7594063282
33.7604045868
33.7613985538
33.7623970509
33.7633881569
33.7643892765
33.7653849125
33.766379118
33.7674510479
33.7683830261
33.7694337368
33.7703838348
33.7713983059
33.772382021
33.7733974457
33.7743823528
33.7753968239
33.7763783932
33.7774438858
33.7783789635
33.7793858051
33.7803778648
33.7814106941
33.7823805809
33.7833964825
33.7843811512
33.785435915
33.7864005566
33.7874059677
33.7884104252
33.7894132137
33.791421175
33.7923994064
33.7933826447
33.7943792343
33.795383215
33.7963666916
33.7973873615
33.7984261513
33.7994184494
33.8003704548
33.8014221191
33.8023622036
33.8033664227
33.8044028282
33.8053572178
33.8064043522
33.8074529171
33.8083629608
33.8093554974
33.8103575706
33.8113577366
33.8123641014
33.8133659363
33.8143646717
33.8153603077
33.8163564205
33.8173828125
33.8183712959
33.8193664551
33.8203656673
33.8213613033
33.8223707676
33.8233602047
33.8243565559
33.8254904747
33.8263671398
33.8273696899
33.8283612728
33.8293602467
33.8303599358
33.8313579559
33.8323683739
33.8333566189
33.8343520164
33.8353545666
33.8363540173
33.8373484612
33.8383495808
33.8393440247
33.8403458595
33.8415830135
33.8423418999
33.8433456421
33.8443393707
33.8453421593
33.8463459015
33.8473381996
33.8483462334
33.8493404388
33.8503403664
33.8513503075
33.8523392677
33.8533399105
33.8543372154
33.8553419113
33.8563373089
33.857344389
33.8583889008
33.8594024181
33.8603281975
33.861333847
33.8623344898
33.8633346558
33.8643283844
33.8653268814
33.8663268089
33.8673250675
33.8683228493
33.8693423271
33.8703198433
33.8713188171
33.8723185062
33.8733198643
33.8753159046
33.8763160706
33.8773169518
33.8803195953
33.8813195229
33.8823368549
33.8833296299
33.8843231201
33.8853261471
33.886346817
33.8875703812
33.8893287182
33.8903129101
33.8913133144
33.8923139572
33.8963148594
33.8973078728
33.8983082771
33.8993220329
33.9003083706
33.9013152122
33.9025893211
33.9033041
33.904302597
33.9055562019
33.9062995911
33.907583952
33.9085447788
33.9093027115
33.9105405807
33.9115412235
33.9125409126
33.9135425091
33.9145376682
33.9155435562
33.9165449142
33.9172947407
33.9185400009
33.9195353985
33.9205329418
33.9215326309
33.9225375652
33.9235320091
33.9245316982
33.9252912998
33.9265413284
33.9275372028
33.9285402298
33.9295384884
33.9305329323
33.9313416481
33.9325344563
33.9335343838
33.9345369339
33.9355375767
33.9365267754
33.937527895
33.9385256767
33.9395244122
33.9405226707
33.9415273666
33.9425284863
33.9435312748
33.9445252419
33.9455287457
33.9465303421
33.9475300312
33.9485239983
33.9495313168
33.9505155087
33.9515156746
33.9525160789
33.9535133839
33.9545118809
33.9555137157
33.9565143585
33.9575133324
33.9585139751
33.9595122337
33.9605474472
33.9615142345
33.9625160694
33.9635083675
33.9645144939
33.9655184746
33.9665086269
33.9675207138
33.968531847
33.9695549011
33.9705350399
33.9715189934
33.9725100994
33.9735100269
33.9745109081
33.9755072594
33.9765095711
33.9775090218
33.9785022736
33.9795062542
33.9805002213
33.9815087318
33.9825007915
33.983509779
33.9844985008
33.9855029583
33.9865012169
33.9873600006
33.988502264
33.9895067215
33.9904966354
33.9915070534
33.9924931526
33.9935035706
33.9944939613
33.9955017567
33.9964950085
33.9974970818
33.9984903336
33.9995033741
34.000493288
34.001488924
34.0024917126
34.003487587
34.0044851303
34.0054972172
34.0064845085
34.0075063705
34.0085029602
34.009500742
34.010487318
34.011484623
34.0124857426
34.0134842396
34.0144882202
34.0156145096
34.0164852142
34.0174908638
34.018501997
34.0194907188
34.0204875469
34.021491766
34.0224807262
34.0234775543
34.0244810581
34.0254790783
34.0264778137
34.0274808407
34.0284771919
34.0294923782
34.0305018425
34.0314884186
34.0324847698
34.0334854126
34.0344734192
34.0354757309
34.0364711285
34.037473917
34.0384743214
34.0395109653
34.0404984951
34.0414824486
34.0424771309
34.043479681
34.044508934
34.0454614162
34.0464644432
34.0474617481
34.0484604836
34.0494606495
34.0504584312
34.0514571667
34.0524616241
34.0554599762
34.0564556122
34.0574576855
34.0584499836
34.0594546795
34.0604565144
34.061455965
34.0624520779
34.0634534359
34.0644497871
34.0654528141
34.0664606094
34.067481041
34.0684747696
34.0695009232
34.0704596043
34.0714659691
34.072463274
34.0734620094
34.074463129
34.0754721165
34.0764627457
34.0774669647
34.0784702301
34.0794644356
34.0804553032
34.0815167427
34.0834662914
34.0844604969
34.0854556561
34.0864565372
34.0874872208
34.0884711742
34.0894553661
34.0904536247
34.0914554596
34.0924479961
34.0934476852
34.0944459438
34.0954477787
34.0964434147
34.0974466801
34.0984430313
34.0994458199
34.1004457474
34.1014380455
34.1024708748
34.1034395695
34.1044769287
34.1054363251
34.1064338684
34.1074352264
34.1084425449
34.109446764
34.1104874611
34.1114521027
34.1124579906
34.1134409904
34.1144552231
34.115459919
34.1164636612
34.1174423695
34.118449688
34.1194396019
34.1204373837
34.1214413643
34.1224377155
34.1234500408
34.1244666576
34.1254355907
34.1264615059
34.1274371147
34.1284663677
34.1294271946
34.1304330826
34.1314468384
34.1324315071
34.1334137917
34.1344175339
34.1354260445
34.1364305019
34.137421608
34.1384158134
34.139444828
34.1404495239
34.1414253712
34.1424260139
34.1434280872
34.1444311142
34.1454174519
34.1464195251
34.147436142
34.1484074593
34.1494116783
34.1504290104
34.1514093876
34.1524674892
34.1534118652
34.1544084549
34.1554832458
34.1564495564
34.157407999
34.1584024429
34.1594645977
34.1605198383
34.1615762711
34.1624977589
34.1634366512
34.1644566059
34.1654946804
34.1665148735
34.1674413681
34.1685049534
34.1793961525
34.1804440022
34.1814417839
34.1824367046
34.1864566803
34.1874015331
34.1883981228
34.1894011497
34.1904273033
34.1914262772
34.1923809052
34.1933846474
34.1943805218
34.1953861713
34.1963768005
34.1973967552
34.1983792782
34.1993982792
34.2004449368
34.2014043331
34.202434063
34.2033956051
34.2044425011
34.2054345608
34.2064321041
34.2074120045
34.2084000111
34.209404707
34.2104375362
34.2113981247
34.2123813629
34.2133860588
34.2143745422
34.2153890133
34.2163827419
34.2174005508
34.2183759212
34.2193858624
34.2203624249
34.221424818
34.222370863
34.2243697643
34.2253775597
34.2263653278
34.2273855209
34.2283601761
34.2293806076
34.2303578854
34.2313683033
34.2323710918
34.2333698273
34.2343645096
34.2354464531
34.2364358902
34.2373700142
34.2383637428
34.239428997
34.2406802177
34.2415921688
34.2423524857
34.2434606552
34.2444119453
34.2454407215
34.2463970184
34.2473547459
34.2483417988
34.2493445873
34.2503435612
34.2513408661
34.2523441315
34.2533447742
34.2543401718
34.255338192
34.25633955
34.2573413849
34.2583456039
34.2603485584
34.2613539696
34.2623476982
34.2633488178
34.2643427849
34.2654063702
34.2663462162
34.2673459053
34.268381834
34.2693402767
34.2703883648
34.2713496685
34.2723517418
34.2733407021
34.2743382454
34.2753553391
34.2763447762
34.2773509026
34.2783317566
34.2793314457
34.2803237438
34.2813305855
34.2823340893
34.2833459377
34.2843706608
34.2854127884
34.2863779068
34.2873427868
34.2883234024
34.2893235683
34.2903242111
34.2913246155
34.2923271656
34.2933282852
34.2943284512
34.2953476906
34.2963318825
34.2973246574
34.2983276844
34.2993247509
34.3013234138
34.302315712
34.3033220768
34.3043162823
34.3053147793
34.3063158989
34.3073120117
34.3083188534
34.3093767166
34.3105607033
34.3115682602
34.312567234
34.3133485317
34.3145532608
34.3155522346
34.3163511753
34.3175969124
34.318561554
34.3195466995
34.3205609322
34.3213634491
34.3225491047
34.323540926
34.3245630264
34.3255426884
34.3265514374
34.3275551796
34.3285534382
34.3295550346
34.3305537701
34.3315634727
34.3323147297
34.3335769176
34.3345627785
34.3355545998
34.3365468979
34.3375496864
34.3386003971
34.3393390179
34.3405375481
34.3415384293
34.3425347805
34.3435401917
34.3445286751
34.3455343246
34.3465483189
34.3475375175
34.3485300541
34.349531889
34.3505282402
34.3515315056
34.3525509834
34.3535401821
34.3545706272
34.3555390835
34.356543541
34.3575377464
34.3585407734
34.3595457077
34.3606033325
34.3615715504
34.3625338078
34.3635261059
34.3643174171
34.3656277657
34.3665299416
34.3675322533
34.3685233593
34.3695197105
34.3705589771
34.3715200424
34.3725204468
34.3735148907
34.3745186329
34.3755166531
34.376513958
34.3775143623
34.3785104752
34.3795464039
34.3805987835
34.3815107346
34.3825166225
34.3835587502
34.3845119476
34.3855628967
34.3865134716
34.3875169754
34.3885118961
34.3895208836
34.3905088902
34.3915655613
34.3925375938
34.3935208321
34.3945288658
34.3955421448
34.3965528011
34.397516489
34.3985230923
34.3996036053
34.4005849361
34.4015474319
34.4025354385
34.4035322666
34.4045605659
34.4054961205
34.4065034389
34.4075145721
34.4084982872
34.409507513
34.410494566
34.4115374088
34.4124896526
34.4135048389
34.4144911766
34.4155025482
34.416488409
34.4175009727
34.4184930325
34.4195001125
34.4204871655
34.4214887619
34.4225637913
34.4235789776
34.4244880676
34.4254872799
34.4265105724
34.4274847507
34.4284925461
34.4295089245
34.4304971695
34.4315507412
34.4324913025
34.4334869385
34.4344871044
34.4354906082
34.4364886284
34.4374876022
34.4384837151
34.4394831657
34.4404833317
34.4414777756
34.4424762726
34.4434788227
34.4444708824
34.4454712868
34.4464759827
34.447476387
34.448469162
34.449464798
34.4504983425
34.451479435
34.4524621964
34.4534590244
34.454460144
34.45546031
34.4564595222
34.4574589729
34.4584555626
34.459533453
34.4605572224
34.4615111351
34.4625053406
34.4635131359
34.4645216465
34.4654948711
34.4685425758
34.4695174694
34.4704556465
34.4714565277
34.4724521637
34.4734563828
34.4744541645
34.4754705429
34.4764637947
34.4774610996
34.4784593582
34.4794552326
34.4804499149
34.4815192223
34.482460022
34.4834520817
34.4844536781
34.4854483604
34.4864532948
34.4874501228
34.4884557724
34.4894514084
34.490477562
34.4914882183
34.4924929142
34.4954454899
34.4964487553
34.4974501133
34.4984462261
34.4994506836
34.5004911423
34.5014696121
34.5024468899
34.5034410954
34.5044734478
34.5054335594
34.5064656734
34.5074439049
34.5084402561
34.5094411373
34.5104262829
34.5114908218
34.5124518871
34.5134429932
34.5144298077
34.5154364109
34.5164284706
34.5174808502
34.5184392929
34.5194678307
34.5204429626
34.5214378834
34.5224368572
34.5234391689
34.5244364738
34.5254318714
34.5264253616
34.5274288654
34.5284247398
34.52942729
34.530428648
34.5314290524
34.5324800014
34.5334334373
34.5344281197
34.5354242325
34.5364208221
34.5374186039
34.5384161472
34.5394151211
34.5404164791
34.5414228439
34.5424356461
34.54342103
34.544418335
34.5454084873
34.546451807
34.5474047661
34.5484192371
34.5494027138
34.5504038334
34.5514044762
34.5524196625
34.5534029007
34.5544047356
34.5554068089
34.556404829
34.5574412346
34.5584061146
34.5594112873
34.56042099
34.561413765
34.5624184608
34.5634155273
34.5644028187
34.5654022694
34.5664010048
34.5674989223
34.5683996677
34.5694069862
34.5703985691
34.5714108944
34.5723967552
34.573410511
34.5744097233
34.5754086971
34.5764017105
34.577403307
34.5784342289
34.5794401169
34.580435276
34.5813963413
34.5824668407
34.5833983421
34.5843880177
34.5853853226
34.5863893032
34.5873858929
34.5883767605
34.5893831253
34.5903995037
34.5913968086
34.5923862457
34.5933887959
34.594381094
34.5953996181
34.5963745117
34.5973808765
34.5983746052
34.5995895863
34.6003680229
34.6013946533
34.6023786068
34.6033985615
34.6044244766
34.6053800583
34.6063711643
34.6073758602
34.608366251
34.609367609
34.6103658676
34.6113731861
34.6123664379
34.6133754253
34.614364624
34.6153755188
34.6163649559
34.6173739433
34.6183633804
34.6193716526
34.6203613281
34.6213736534
34.62236619
34.6233747005
34.6243653297
34.6254045963
34.6263649464
34.62738204
34.6283562183
34.6293587685
34.6303608418
34.6313567162
34.6323618889
34.6333842278
34.6343581676
34.6353724003
34.6363620758
34.6373870373
34.6383740902
34.6393501759
34.6403493881
34.6413612366
34.642342329
34.6433446407
34.6443440914
34.6453385353
34.6463525295
34.6473488808
34.6483471394
34.6493444443
34.650342226
34.6513397694
34.6523389816
34.6533429623
34.6543424129
34.6553413868
34.6563413143
34.657337904
34.6583378315
34.6593365669
34.6603372097
34.6613461971
34.6623723507
34.66334939
34.6643481255
34.6654036045
34.6664326191
34.6674013138
34.6684138775
34.669621706
34.670593977
34.6716470718
34.672491312
34.673422575
34.6743736267
34.6753869057
34.6764457226
34.677341938
34.6783742905
34.6793265343
34.6803641319
34.6813852787
34.6826655865
34.6834042072
34.6843276024
34.6853580475
34.6863582134
34.6873443127
34.688346386
34.6893348694
34.6903316975
34.6913251877
34.692317009
34.6933166981
34.6943166256
34.6953151226
34.6963124275
34.6973214149
34.6983132362
34.6993141174
34.7003407478
34.7013778687
34.7023448944
34.7033669949
34.7043478489
34.7053480148
34.7063190937
34.7073638439
34.7083070278
34.7095756531
34.7103490829
34.7115516663
34.7123486996
34.7133123875
34.7145550251
34.7163145542
34.7175571918
34.7185602188
34.7195522785
34.7205612659
34.7215714455
34.7223529816
34.7233991623
34.7245678902
34.7253539562
34.7265589237
34.7273366451
34.7285494804
34.7295486927
34.7305812836
34.7312912941
34.7325367928
34.7335345745
34.7345359325
34.7355339527
34.736579895
34.7375736237
34.738527298
34.7392878532
34.7405369282
34.7435264587
34.7445254326
34.7455253601
34.7465240955
34.7475244999
34.7485208511
34.7495207787
34.7505209446
34.7515192032
34.7525587082
34.7535190582
34.7545163631
34.7555184364
34.7565181255
34.7575199604
34.7585189342
34.7595186234
34.7605206966
34.7615201473
34.7625250816
34.7635178566
34.7645142078
34.7655155659
34.7665119171
34.7675147057
34.7685267925
34.7695410252
34.7705183029
34.7715210915
34.7725141048
34.7785210609
34.7795126438
34.7805140018
34.7813537121
34.7825057507
34.7835099697
34.7846374512
34.7855465412
34.7865014076
34.7875061035
34.7885010242
34.7896552086
34.7905187607
34.7915420532
34.7926192284
34.7935423851
34.7945151329
34.7955024242
34.7965223789
34.7975490093
34.7984998226
34.799500227
34.8005006313
34.8015050888
34.8025143147
34.8035173416
34.8045415878
34.8055016994
34.8064982891
34.8075191975
34.8085074425
34.8115048409
34.8125035763
34.8135011196
34.8144996166
34.8155033588
34.8164906502
34.8175008297
34.8204920292
34.8214876652
34.8224909306
34.8235001564
34.8244862556
34.8254985809
34.8265109062
34.8274934292
34.828489542
34.8294849396
34.8304860592
34.8314871788
34.8324813843
34.8375124931
34.8384735584
34.8394720554
34.840528965
34.8414728642
34.8424744606
34.8435175419
34.8444697857
34.845515728
34.8464779854
34.8474693298
34.8484773636
34.8494901657
34.8505129814
34.8515059948
34.8524701595
34.853467226
34.8544707298
34.8554656506
34.8564658165
34.8574659824
34.8584647179
34.8594629765
34.860462904
34.8614606857
34.8624606133
34.8634655476
34.8644623756
34.8654575348
34.8664598465
34.867462635
34.8684895039
34.8694937229
34.8704619408
34.8714723587
34.872469902
34.8734633923
34.8744599819
34.8754644394
34.8764569759
34.8774621487
34.8784606457
34.8794567585
34.8804540634
34.8814642429
34.8824577332
34.8844521046
34.8854517937
34.8864531517
34.8874549866
34.8884530067
34.8894531727
34.8904533386
34.891453743
34.8924567699
34.8934504986
34.8944482803
34.8954560757
34.8964464664
34.8974487782
34.8984491825
34.8994526863
34.9034533501
34.9044549465
34.9054541588
34.9064433575
34.9073238373
34.9084460735
34.9094407558
34.9104616642
34.9114463329
34.9124643803
34.9134578705
34.9144489765
34.9154458046
34.916462183
34.9174599648
34.9184410572
34.9194645882
34.9204432964
34.921454668
34.9224424362
34.9234325886
34.9245870113
34.9254693985
34.9264781475
34.9274785519
34.9284369946
34.929443121
34.9304537773
34.9354243279
34.9364271164
34.9374248981
34.9384300709
34.9394338131
34.9404377937
34.941444397
34.9424324036
34.9434466362
34.944442749
34.9454336166
34.9464344978
34.9474313259
34.9484279156
34.9494364262
34.9504394531
34.9514436722
34.9524204731
34.9564154148
34.9574062824
34.9584128857
34.959414959
34.9604084492
34.9614262581
34.9624185562
34.9634101391
34.9643990993
34.96540308
34.9664165974
34.9674441814
34.9684026241
34.9694030285
34.9704031944
34.9714205265
34.9724030495
34.9734084606
34.9774024487
34.9784069061
34.9794061184
34.9804136753
34.9814264774
34.982405901
34.983404398
34.9843835831
34.9853832722
34.9863829613
34.9873893261
34.9883842468
34.9893813133
34.9903795719
34.9913761616
34.9923875332
34.9934046268
34.998380661
34.999379158
35.0003728867
35.0013713837
35.0023715496
35.003370285
35.0043663979
35.0053675175
35.0063662529
35.007370472
35.0083692074
35.0093708038
35.010368824
35.0113730431
35.0123758316
35.0133733749
35.0143630505
35.0153737068
35.0163662434
35.0173735619
35.0183603764
35.0313661098
35.0323562622
35.0333659649
35.0343511105
35.0353615284
35.0363559723
35.0373666286
35.0383532047
35.0393674374
35.0403528214
35.0413703918
35.0423519611
35.0433602333
35.0443453789
35.0453448296
35.0463485718
35.0473461151
35.0483436584
35.0493443012
35.050347805
35.0513472557
35.0533435345
35.0543453693
35.0553417206
35.0563442707
35.0573425293
35.0583417416
35.0593442917
35.0603442192
35.061362505
35.06234622
35.0633456707
35.064343214
35.0653448105
35.0663514137
35.0673615932
35.0703513622
35.0714035034
35.0723586082
35.0753450394
35.0763418674
35.0773491859
35.0783462524
35.0793397427
35.0803389549
35.0813393593
35.0843257904
35.085334301
35.0863411427
35.087338686
35.0883347988
35.0893325806
35.0903329849
35.0913417339
35.0923361778
35.0933556557
35.0953288078
35.0963294506
35.0973291397
35.0983321667
35.0993337631
35.1003408432
35.1013247967
35.1023285389
35.1033170223
35.1043159962
35.1053259373
35.1063370705
35.1073262691
35.1083273888
35.1093199253
35.1103212833
35.1113212109
35.1123290062
35.1133184433
35.1143128872
35.1153154373
35.1163215637
35.1173214912
35.1183269024
35.1195704937
35.1205823421
35.1225748062
35.1235597134
35.1245698929
35.1255633831
35.1263115406
35.1275892258
35.128549099
35.1295502186
35.1305472851
35.131547451
35.132550478
35.1335449219
35.1344647408
35.1355526447
35.1365470886
35.137553215
35.1385495663
35.1395463943
35.1405601501
35.1415500641
35.1422936916
35.1435446739
35.1445908546
35.14554286
35.1465423107
35.147541523
35.1495490074
35.150541544
35.1515390873
35.15254426
35.1535506248
35.1545479298
35.1555459499
35.1565523148
35.1575448513
35.1585447788
35.1595168114
35.1606051922
35.1615290642
35.1625552177
35.1635375023
35.164539814
35.1655685902
35.1665558815
35.1745214462
35.1755254269
35.1765310764
35.1775200367
35.1785283089
35.1795213223
35.1805224419
35.1815173626
35.1825191975
35.1835172176
35.1845152378
35.1855199337
35.1865172386
35.1875135899
35.188523531
35.1895167828
35.190518856
35.1915111542
35.1925284863
35.1935436726
35.1945288181
35.1955139637
35.1965198517
35.1975162029
35.1985225677
35.1995148659
35.2005052567
35.2015018463
35.2025091648
35.2035112381
35.204536438
35.2055032253
35.2065479755
35.2074971199
35.2085089684
35.209512949
35.2105038166
35.2115039825
35.2125043869
35.2135078907
35.2145013809
35.21550107
35.2165026665
35.2175061703
35.2184977531
35.2195067406
35.2204968929
35.2215034962
35.2225062847
35.2235109806
35.2245042324
35.2255039215
35.2265269756
35.227512598
35.2285161018
35.2295117378
35.2305076122
35.231487751
35.2325031757
35.233487606
35.2344884872
35.2355098724
35.2365105152
35.2395005226
35.2405099869
35.2414901257
35.2424860001
35.2435004711
35.2444798946
35.2455463409
35.2465443611
35.2474997044
35.2484867573
35.2494804859
35.2504863739
35.2514851093
35.2525110245
35.253503561
35.2545058727
35.2555353642
35.2565052509
35.2575023174
35.2585275173
35.2595105171
35.2604901791
35.2614862919
35.2624804974
35.2634725571
35.2644798756
35.2654726505
35.266564846
35.267468214
35.2684695721
35.2694728374
35.2704668045
35.2714674473
35.272465229
35.2734670639
35.274507761
35.2755305767
35.2764613628
35.2774796486
35.2785551548
35.2795007229
35.2805829048
35.2815437317
35.2825608253
35.283550024
35.2845418453
35.2855157852
35.2865591049
35.2875125408
35.2884676456
35.2894632816
35.2904639244
35.2914626598
35.292454958
35.2974596024
35.2984671593
35.2994585037
35.3004591465
35.3014583588
35.3024611473
35.3034567833
35.3044838905
35.3054902554
35.3064513206
35.3074569702
35.3084886074
35.3094892502
35.3104846478
35.3115348816
35.3124866486
35.3134539127
35.3144803047
35.3154697418
35.3164877892
35.3174595833
35.3184680939
35.3194527626
35.3204524517
35.3214492798
35.3224477768
35.3234422207
35.3244826794
35.325494051
35.32644701
35.3274440765
35.3284502029
35.329438448
35.3304386139
35.331438303
35.3324401379
35.3334538937
35.334451437
35.3354349136
35.3364357948
35.3374483585
35.3384301662
35.339430809
35.3404345512
35.3414421082
35.3424432278
35.3434355259
35.3444697857
35.3454339504
35.3464300632
35.3474280834
35.3484230042
35.3494613171
35.3504498005
35.351474762
35.3524296284
35.3534214497
35.3544185162
35.3554406166
35.3564136028
35.357416153
35.3584153652
35.3594136238
35.3604211807
35.3614833355
35.3624172211
35.3634741306
35.3644170761
35.365480423
35.3664629459
35.3674552441
35.3684167862
35.3694081306
35.3704080582
35.3714122772
35.3724148273
35.3734264374
35.3744168282
35.3754131794
35.3764121532
35.3774142265
35.3784177303
35.3794164658
35.3804273605
35.3814322948
35.3824341297
35.3834216595
35.3844118118
35.3854064941
35.38641572
35.3874118328
35.3884210587
35.3894314766
35.3904211521
35.3914217949
35.3924906254
35.3934056759
35.3944001198
35.3954007626
35.3963873386
35.3973989487
35.3984117508
35.399409771
35.4003987312
35.4014029503
35.4024066925
35.4033854008
35.4043872356
35.40538764
35.4063837528
35.4073836803
35.4083821774
35.4093790054
35.4103732109
35.4113719463
35.4123795033
35.413380146
35.4143767357
35.415374279
35.4164214134
35.4173820019
35.4183831215
35.4193797112
35.4203770161
35.4213798046
35.4224560261
35.423377037
35.4243719578
35.425378561
35.4263629913
35.4273862839
35.42836833
35.4293806553
35.4303598404
35.4313716888
35.43237257
35.4333748817
35.4343636036
35.4353740215
35.4363694191
35.437379837
35.4383609295
35.4394135475
35.4404234886
35.4414262772
35.4423515797
35.4433608055
35.4443545341
35.4453601837
35.4463634491
35.4473824501
35.4483590126
35.4493615627
35.4503657818
35.4513571262
35.4523465633
35.453356266
35.4543504715
35.4553537369
35.4563415051
35.4573638439
35.45834589
35.4593598843
35.4603443146
35.4613554478
35.4623467922
35.4633660316
35.4644293785
35.4653618336
35.466354847
35.4673521519
35.4683439732
35.4693725109
35.470354557
35.4713490009
35.4723498821
35.4733498096
35.4743471146
35.4753432274
35.4763450623
35.4773550034
35.4783506393
35.4793381691
35.4803371429
35.4813389778
35.4823381901
35.4833388329
35.4846220016
35.4853346348
35.486325264
35.4873723984
35.4883744717
35.4893240929
35.4903225899
35.4913723469
35.4923715591
35.4933321476
35.4943692684
35.4953739643
35.4965629578
35.4973216057
35.4983277321
35.4993264675
35.5003228188
35.5015830994
35.5025656223
35.5033302307
35.504324913
35.5056436062
35.5063314438
35.5073335171
35.5083444118
35.5093510151
35.5103423595
35.5113282204
35.5123319626
35.5133297443
35.5143325329
35.5153372288
35.51633811
35.5173482895
35.5183455944
35.5193474293
35.5206236839
35.5213463306
35.5223371983
35.5235872269
35.5245683193
35.5254211426
35.5275554657
35.5283215046
35.5293264389
35.5303239822
35.5313117504
35.5323166847
35.5335452557
35.5345461369
35.5355474949
35.5365433693
35.5373136997
35.538547039
35.5395464897
35.5405440331
35.5485453606
35.5495481491
35.5505433083
35.5515477657
35.5525434017
35.5533065796
35.5545420647
35.5555334091
35.5565361977
35.5575323105
35.5585331917
35.5595395565
35.5605692863
35.5615568161
35.5625770092
35.5635275841
35.5645260811
35.5655319691
35.5665297508
35.5675292015
35.5685322285
35.5695278645
35.570574522
35.5715286732
35.572527647
35.5745317936
35.5755262375
35.576520443
35.5775229931
35.5785214901
35.5795218945
35.580534935
35.5815398693
35.5845806599
35.58533144
35.5865867138
35.5875244141
35.5885248184
35.5895218849
35.5905170441
35.5915136337
35.5925159454
35.5935275555
35.5965371132
35.5975251198
35.5985174179
35.599506855
35.6005609035
35.6013047695
35.6025502682
35.6035225391
35.6045458317
35.6055803299
35.6065647602
35.6075239182
35.6085236073
35.6095232964
35.6105306149
35.6115262508
35.6125149727
35.613519907
35.6145167351
35.6155207157
35.6165211201
35.6175134182
35.6185200214
35.6195113659
35.6205089092
35.621514082
35.62251544
35.6235306263
35.6245188713
35.6255230904
35.6265130043
35.6275141239
35.6285045147
35.6295106411
35.6304967403
35.6315016747
35.6325960159
35.6334972382
35.6344921589
35.6354999542
35.6364939213
35.6374931335
35.638504982
35.6395056248
35.6405386925
35.641497612
35.6424953938
35.6435236931
35.6444926262
35.6454935074
35.6465027332
35.6474978924
35.6484873295
35.6494956017
35.6504838467
35.6515100002
35.6524837017
35.6534919739
35.6544826031
35.6564855576
35.657491684
35.658479929
35.6594834328
35.6604752541
35.6614704132
35.662488699
35.6634879112
35.6644978523
35.6654677391
35.6664736271
35.667495966
35.6685142517
35.6695051193
35.6705000401
35.671487093
35.6724865437
35.6734762192
35.6754808426
35.6764676571
35.6774795055
35.6784715652
35.6794736385
35.6804697514
35.6814782619
35.6825017929
35.6834783554
35.6845018864
35.6854887009
35.6864886284
35.6874914169
35.688482523
35.689479351
35.6904935837
35.6914722919
35.6924734116
35.6934828758
35.6944813728
35.6954689026
35.6964731216
35.6974878311
35.6984753609
35.6994700432
35.7004697323
35.7014698982
35.702477932
35.703461647
35.71047616
35.7114796638
35.7124795914
35.7144556046
35.7154741287
35.7164633274
35.7174668312
35.7184667587
35.7194724083
35.7204625607
35.7214663029
35.7224669456
35.7234556675
35.7244443893
35.7254488468
35.7264418602
35.7274484634
35.728471756
35.7294411659
35.7304363251
35.7314481735
35.7324454784
35.7334444523
35.7344396114
35.7354435921
35.7364451885
35.7374417782
35.7384414673
35.7394402027
35.7404325008
35.7414331436
35.742433548
35.7435398102
35.7444555759
35.7454805374
35.7464926243
35.7474191189
35.7484169006
35.7494232655
35.7504281998
35.7514686584
35.7524192333
35.7564239502
35.7574207783
35.7584238052
35.759418726
35.7604241371
35.7614271641
35.7624340057
35.7744114399
35.7754120827
35.776417017
35.7774846554
35.778419733
35.7794141769
35.7804045677
35.7814080715
35.7824001312
35.7834002972
35.7844040394
35.7853970528
35.7863986492
35.7874381542
35.7883841991
35.7893993855
35.7903854847
35.7914452553
35.7924325466
35.7934172153
35.7944498062
35.7954113483
35.7963955402
35.7973971367
35.799394846
35.8003988266
35.8163747787
35.8173854351
35.8223826885
35.8233833313
35.8244049549
35.8253893852
35.8263845444
35.8273801804
35.8283722401
35.8293678761
35.8303623199
35.831376791
35.8323616982
35.8333644867
35.8343632221
35.8353624344
35.8363602161
35.8373627663
35.8383617401
35.8393707275
35.840359211
35.8413591385
35.8423540592
35.8434071541
35.8444485664
35.8454113007
35.8463549614
35.8473596573
35.8483510017
35.8493602276
35.8503494263
35.8513610363
35.8523571491
35.8533642292
35.8543550968
35.8553686142
35.8563537598
35.8573737144
35.8583812714
35.8593752384
35.8603796959
35.8613669872
35.8623635769
35.8633673191
35.8643698692
35.8653664589
35.8663611412
35.8673665524
35.8683469296
35.8693561554
35.8703463078
35.8713648319
35.8723640442
35.873363018
35.8743467331
35.87535882
35.8763439655
35.8773517609
35.8783402443
35.8793504238
35.8803420067
35.881349802
35.8843400478
35.8853392601
35.8863344193
35.8873319626
35.8883321285
35.8893306255
35.8903326988
35.8913333416
35.8923387527
35.8933355808
35.8943321705
35.8953344822
35.8963365555
35.8973379135
35.8983356953
35.899333477
35.9003326893
35.9013209343
35.9023323059
35.9033229351
35.9043331146
35.9053273201
35.9063344002
35.9073364735
35.9083225727
35.9093270302
35.9103355408
35.9113428593
35.9123499393
35.9133353233
35.9143278599
35.9153263569
35.9163210392
35.9173231125
35.9183192253
35.9193222523
35.920327425
35.9213199615
35.9223275185
35.9233169556
35.9243059158
35.9253103733
35.9263505936
35.9273076057
35.9283053875
35.929305315
35.9303052425
35.9313025475
35.9323034286
35.9333031178
35.9342999458
35.9352998734
35.9363024235
35.9372999668
35.9382987022
35.9392960072
35.9402959347
35.9412937164
35.9422955513
35.9435949326
35.9445388317
35.9452941418
35.9465396404
35.9475374222
35.9485373497
35.9495458603
35.9505705833
35.9515430927
35.9525415897
35.9532995224
35.9545505047
35.9555366039
35.9565382004
35.9575414658
35.9585340023
35.9595389366
35.9605371952
35.9613082409
35.9625451565
35.9635410309
35.9645314217
35.9655358791
35.9665446281
35.9705421925
35.9715340137
35.9725294113
35.973528862
35.9745237827
35.9755291939
35.976534605
35.9775280952
35.9785311222
35.9795327187
35.9805290699
35.9815218449
35.9825222492
35.9835164547
35.9845170975
35.9855196476
35.9863276482
35.9875199795
35.9885144234
35.9895160198
35.9905076027
35.9915127754
35.9925148487
35.993516922
35.9945094585
35.9955210686
35.9965105057
35.997512579
35.9985103607
35.9995112419
36.0005133152
36.0015096664
36.0025110245
36.0035030842
36.0045013428
36.0055091381
36.0065062046
36.0075035095
36.0085086823
36.0095062256
36.0104985237
36.0115010738
36.0125014782
36.0134992599
36.0145106316
36.0155141354
36.0165147781
36.0175187588
36.0185112953
36.0195090771
36.0205056667
36.02150774
36.0225083828
36.023494482
36.0245010853
36.0254962444
36.0264930725
36.0274980068
36.0285022259
36.0295033455
36.0354886055
36.0364906788
36.0374872684
36.0384910107
36.039491415
36.0404927731
36.0414879322
36.042494297
36.0434885025
36.0444824696
36.045494318
36.0484836102
36.0494878292
36.050485611
36.0514831543
36.0524909496
36.0534803867
36.0544734001
36.0554804802
36.0564830303
36.0574724674
36.0584790707
36.059481144
36.0604763031
36.0615091324
36.0625493526
36.0635519028
36.0645320415
36.0654788017
36.0665090084
36.0674693584
36.0684783459
36.0694787502
36.0704779625
36.071472168
36.0724771023
36.073492527
36.0844783783
36.0854935646
36.0864853859
36.0874972343
36.0884897709
36.0894846916
36.0904889107
36.0914797783
36.0924715996
36.0934636593
36.0944645405
36.0954694748
36.0964622498
36.0974600315
36.0984621048
36.0994665623
36.1004722118
36.1014842987
36.1024701595
36.1034729481
36.1044671535
36.1054580212
36.1064567566
36.1074659824
36.1084632874
36.1094651222
36.1104660034
36.1114566326
36.1124610901
36.1134519577
36.1144514084
36.1154532433
36.1164526939
36.1174547672
36.1184585094
36.119446516
36.1204586029
36.1214618683
36.1224610806
36.123458147
36.1244471073
36.1254479885
36.1264491081
36.1274497509
36.128477335
36.1294491291
36.1314475536
36.1324560642
36.1334445477
36.1344432831
36.1354439259
36.136446476
36.1374487877
36.1384420395
36.1394469738
36.1404430866
36.1414475441
36.1424467564
36.1434438229
36.1444549561
36.1454393864
36.1464605331
36.1474530697
36.1484446526
36.1494588852
36.1504290104
36.1514365673
36.1524307728
36.1534366608
36.1544337273
36.1554410458
36.1564357281
36.1574435234
36.1584851742
36.1594326496
36.1604366302
36.16147995
36.1624825001
36.1634745598
36.1644804478
36.1654264927
36.1664295197
36.1674191952
36.1684203148
36.1694629192
36.1704156399
36.1714308262
36.1724128723
36.1734149456
36.1744201183
36.175413847
36.1764295101
36.1774175167
36.1784222126
36.1794233322
36.1804144382
36.1814246178
36.1824216843
36.1834177971
36.1844172478
36.1854171753
36.186422348
36.187415123
36.1884100437
36.1894164085
36.1904401779
36.1914465427
36.1924161911
36.1944084167
36.1954069138
36.1984107494
36.1994097233
36.2003998756
36.2014615536
36.2024133205
36.2034828663
36.2044770718
36.2054629326
36.2064602375
36.2074856758
36.2084438801
36.2093884945
36.2103962898
36.2113983631
36.2133815289
36.2143793106
36.2153868675
36.2163784504
36.2173874378
36.2183830738
36.2193861008
36.2203788757
36.2213885784
36.2223744392
36.223375082
36.2246267796
36.225379467
36.2263791561
36.2273836136
36.2283825874
36.2293877602
36.2303779125
36.231400013
36.2323975563
36.2333779335
36.2343804836
36.2353870869
36.2363796234
36.2374098301
36.2383856773
36.2393884659
36.240401268
36.2414147854
36.2424018383
36.2433989048
36.244436264
36.2454171181
36.2464082241
36.2474002838
36.2483778
36.2493844032
36.2503752708
36.2514026165
36.2523729801
36.253382206
36.254368782
36.2553794384
36.2563683987
36.2573723793
36.2584140301
36.2594692707
36.2604012489
36.2614400387
36.2623753548
36.2633702755
36.2643659115
36.2653746605
36.2663702965
36.2673845291
36.2683744431
36.2693893909
36.2703661919
36.2713861465
36.2723786831
36.2734069824
36.2743823528
36.2753894329
36.2763805389
36.2774071693
36.2793776989
36.2803690434
36.2813754082
36.2823691368
36.2833778858
36.284358263
36.2853696346
36.2863616943
36.287378788
36.2883708477
36.2893660069
36.2903578281
36.2913594246
36.2923512459
36.293358326
36.2943427563
36.2953600883
36.2963545322
36.2973611355
36.298353672
36.2993628979
36.3003535271
36.3013539314
36.3023409843
36.3034398556
36.3043377399
36.3053379059
36.3063294888
36.3073303699
36.3083260059
36.3093326092
36.3103506565
36.3113331795
36.3123426437
36.3133323193
36.3143312931
36.3163285255
36.3173303604
36.3183219433
36.3193676472
36.3203191757
36.3213675022
36.322319746
36.3235633373
36.3243157864
36.3253157139
36.3263189793
36.3273265362
36.3283290863
36.329318285
36.3303251266
36.3313243389
36.3323271275
36.3333179951
36.3343153
36.33532691
36.340572834
36.3413114548
36.3423120975
36.3435559273
36.3443112373
36.3453092575
36.3465616703
36.3475487232
36.3485441208
36.3495631218
36.3506140709
36.3514184952
36.3523652554
36.3535552025
36.3545928001
36.3553009033
36.3565602303
36.3575468063
36.3585436344
36.3595414162
36.3605391979
36.3615398407
36.362539053
36.3635377884
36.3645341396
36.3655405045
36.366538763
36.3675410748
36.3685410023
36.3695454597
36.3705441952
36.3715524673
36.3725423813
36.3735363483
36.3745439053
36.3755402565
36.3765585423
36.3775589466
36.3785707951
36.3795645237
36.3805696964
36.3815486431
36.3825485706
36.3835432529
36.3845353127
36.3885550499
36.3895359039
36.3905322552
36.3915328979
36.3925282955
36.3935260773
36.3945236206
36.3955278397
36.3965218067
36.397521019
36.3985178471
36.3995244503
36.400526762
36.4015262127
36.4025206566
36.4035134315
36.404512167
36.4055125713
36.4065556526
36.4075138569
36.408520937
36.4095156193
36.4105591774
36.4115202427
36.4125168324
36.4135100842
36.4145200253
36.4155225754
36.4165141582
36.4175136089
36.4183847904
36.4195318222
36.4205238819
36.4215092659
36.422506094
36.4235069752
36.4245090485
36.425514698
36.4265141487
36.4275140762
36.4285178185
36.4295170307
36.4304983616
36.431507349
36.4325051308
36.4335048199
36.4345040321
36.4355075359
36.4365103245
36.4375090599
36.4385130405
36.4395160675
36.4405276775
36.4415276051
36.4425244331
36.4435100555
36.4445023537
36.4454898834
36.4464969635
36.4474914074
36.4485301971
36.4494876862
36.4505295753
36.4514796734
36.4524803162
36.4544773102
36.4554765224
36.4564757347
36.457474947
36.4584891796
36.4594795704
36.460473299
36.4614744186
36.4624710083
36.4634740353
36.4644711018
36.465471983
36.4664697647
36.4674773216
36.4684669971
36.4694681168
36.4704685211
36.4714746475
36.4724714756
36.4734754562
36.4744746685
36.4754815102
36.4764738083
36.4774737358
36.4784879684
36.4794747829
36.4804663658
36.4814713001
36.4824728966
36.4844813347
36.4854846001
36.4864766598
36.4874863625
36.4884698391
36.4894702435
36.4904749393
36.4914889336
36.4924726486
36.4934716225
36.4944574833
36.4954738617
36.496462822
36.4974892139
36.4984667301
36.4994649887
36.5004780293
36.5014557838
36.5024585724
36.5034499168
36.5044484138
36.5054695606
36.5064580441
36.5074870586
36.508449316
36.509458065
36.5104672909
36.5114877224
36.5124466419
36.5134577751
36.514449358
36.5154545307
36.5164687634
36.5174679756
36.5184640884
36.5194830894
36.5204689503
36.5214583874
36.5224499702
36.5234556198
36.5244562626
36.5254533291
36.5264410973
36.5274410248
36.5284414291
36.5294401646
36.5304350853
36.5314357281
36.5324671268
36.5344376564
36.535433054
36.5364296436
36.5374372005
36.5384409428
36.5394375324
36.5404369831
36.5414426327
36.5424437523
36.5434448719
36.5444390774
36.5454394817
36.5464370251
36.5474426746
36.5484774113
36.5494451523
36.5524544716
36.5534460545
36.5544457436
36.5564398766
36.5574486256
36.558434248
36.5594394207
36.5604445934
36.5614924431
36.5624368191
36.5634281635
36.5644328594
36.565428257
36.5664310455
36.567428112
36.5684430599
36.569419384
36.5704386234
36.5714230537
36.5724637508
36.5734157562
36.5744128227
36.5754182339
36.5764102936
36.5774128437
36.578455925
36.579410553
36.5804066658
36.5814073086
36.5824472904
36.5834040642
36.5844471455
36.5854065418
36.5864012241
36.5874011517
36.5883991718
36.589400053
36.5904109478
36.5914106369
36.592413187
36.5934076309
36.5944075584
36.5954055786
36.596405983
36.5974061489
36.5984604359
36.5994091034
36.6004118919
36.601470232
36.6024823189
36.6034522057
36.6044435501
36.6054010391
36.6064186096
36.6084113121
36.6094100475
36.6104047298
36.611415863
36.6124022007
36.6133992672
36.6164066792
36.6174092293
36.6183996201
36.6194083691
36.6204075813
36.6214153767
36.6224036217
36.6234083176
36.6243822575
36.6254069805
36.6264076233
36.627402544
36.628385067
36.6293971539
36.6303832531
36.6314024925
36.6324412823
36.6333959103
36.6343841553
36.635381937
36.6363830566
36.6373763084
36.6383755207
36.6393756866
36.6403727531
36.64138484
36.6423742771
36.6433727741
36.6443705559
36.6453742981
36.6463706493
36.6473603249
36.6483602524
36.6493566036
36.6503562927
36.651355505
36.6523575783
36.6533567905
36.6543533802
36.6553573608
36.6563529968
36.6573562622
36.6583566666
36.6593594551
36.6603603363
36.6613583565
36.6623589993
36.6633589268
36.6643643379
36.6653540134
36.6663548946
36.6673574448
36.6683585644
36.6693637371
36.670358181
36.6713604927
36.6733572483
36.6743550301
36.6753549576
36.6763532162
36.6773633957
36.6793673038
36.6803638935
36.6813671589
36.6823587418
36.6833548546
36.6843450069
36.6853570938
36.686342001
36.6873764992
36.6883466244
36.6893525124
36.6903352737
36.6915848255
36.692337513
36.6933493614
36.6945765018
36.6953804493
36.6963312626
36.6973395348
36.6983289719
36.6993379593
36.7003302574
36.7013630867
36.7023305893
36.7033686638
36.7043333054
36.7053842545
36.7063271999
36.7073469162
36.7083349228
36.709343195
36.710439682
36.7113447189
36.7123758793
36.713334322
36.7143270969
36.7153291702
36.7163279057
36.7173323631
36.7183291912
36.7193274498
36.7203207016
36.7213449478
36.7223207951
36.7233150005
36.7243154049
36.7255644798
36.7263219357
36.7273232937
36.728317976
36.7293219566
36.7303216457
36.7313148975
36.7323195934
36.7333188057
36.7343161106
36.735319376
36.7363245487
36.737569809
36.7383205891
36.7393240929
36.7403244972
36.7413172722
36.7423117161
36.7433152199
36.7445607185
36.7453098297
36.7463190556
36.7472996712
36.7482995987
36.7492976189
36.7505455017
36.7515435219
36.7525446415
36.7535550594
36.754544735
36.7555463314
36.7565515041
36.7575552464
36.7585525513
36.7592997551
36.7605438232
36.7615456581
36.7625441551
36.7635421753
36.7645359039
36.7655405998
36.7665429115
36.7672960758
36.7685320377
36.7695398331
36.7705302238
36.7715837955
36.7725615501
36.7735323906
36.7745320797
36.7755336761
36.7765710354
36.7775294781
36.7785282135
36.7795269489
36.7805328369
36.7815265656
36.7825231552
36.7835245132
36.7845613956
36.7855238914
36.7865180969
36.7875196934
36.7885174751
36.7895195484
36.7905175686
36.7915594578
36.7925188541
36.7935180664
36.79433465
36.795522213
36.7965152264
36.797529459
36.7985224724
36.7995243073
36.8005166054
36.8015184402
36.8025534153
36.8035161495
36.8045744896
36.8055140972
36.8065152168
36.8075156212
36.8085312843
36.8095221519
36.8105170727
36.8115303516
36.812510252
36.813513279
36.8185122013
36.8195123672
36.8205053806
36.8215053082
36.8225066662
36.8235168457
36.8245139122
36.825514555
36.8265132904
36.827501297
36.8285403252
36.8294892311
36.830498457
36.8315012455
36.8324968815
36.8334982395
36.8344969749
36.8355059624
36.8364930153
36.8374972343
36.8384940624
36.8394916058
36.8404903412
36.8414890766
36.8425438404
36.8434951305
36.8445866108
36.8455090523
36.8464925289
36.847507
36.8484883308
36.8495047092
36.8505077362
36.8514864445
36.8524856567
36.8534865379
36.8544847965
36.8574829102
36.8584823608
36.8594815731
36.8604822159
36.8614974022
36.862483263
36.8634860516
36.8644859791
36.8654820919
36.8664774895
36.8674793243
36.868480444
36.8694782257
36.870474577
36.8714799881
36.8724794388
36.8734784126
36.8744809628
36.8754870892
36.8765158653
36.8774752617
36.8784694672
36.8794691563
36.8804962635
36.8814926147
36.8824717999
36.8834941387
36.8844847679
36.8854937553
36.8865113258
36.8874914646
36.8884792328
36.8894793987
36.8904912472
36.8914949894
36.8924791813
36.8964776993
36.8974840641
36.8984761238
36.8994822502
36.9004745483
36.901471138
36.9024686813
36.9034695625
36.9044623375
36.905459404
36.9064633846
36.9074702263
36.9085254669
36.9094641209
36.9105176926
36.9114637375
36.9124541283
36.9134576321
36.9144926071
36.9154639244
36.9164552689
36.9174649715
36.9184556007
36.9194617271
36.9204492569
36.9214522839
36.9225020409
36.9234805107
36.9244616032
36.9254541397
36.9264957905
36.9274463654
36.9284455776
36.929445982
36.9305155277
36.9314415455
36.9324429035
36.9374480247
36.9384505749
36.9394452572
36.9404411316
36.9414367676
36.9424328804
36.9434330463
36.9444429874
36.945435524
36.9464361668
36.9474313259
36.9484350681
36.9494335651
36.9504272938
36.9514312744
36.9524331093
36.953425169
36.9544267654
36.9554300308
36.9564480782
36.9574253559
36.9584248066
36.9594283104
36.9604651928
36.9614303112
36.9624326229
36.9634277821
36.9644258022
36.9654238224
36.9664204121
36.9674215317
36.9684400558
36.9694185257
36.97042799
36.9714326859
36.9724395275
36.973430872
36.9744207859
36.9754226208
36.9764254093
36.9774227142
36.9784214497
36.9794175625
36.9804162979
36.9814310074
36.9824101925
36.9834170341
36.9864065647
36.9874107838
36.988409996
36.9894418716
36.9904370308
36.9914135933
36.9923992157
36.9934010506
36.994443655
36.9954490662
36.9964051247
36.9974033833
36.9984009266
36.9994533062
37.0004396439
37.0013892651
37.0023980141
37.0034487247
37.0044350624
37.0054001808
37.0064389706
37.0074019432
37.0094163418
37.0104346275
37.0115163326
37.01638484
37.0173866749
37.0203866959
37.0213871002
37.0223784447
37.0293776989
37.0303721428
37.0313732624
37.0323758125
37.033370018
37.034368515
37.0353674889
37.0363714695
37.0373735428
37.0383691788
37.039368391
37.0403699875
37.0413684845
37.0423722267
37.043366909
37.0443642139
37.0453703403
37.0463664532
37.0473744869
37.0483641624
37.0493621826
37.0503680706
37.0513720512
37.0523655415
37.0533583164
37.0543620586
37.0553615093
37.0563602448
37.057363987
37.0583724976
37.059374094
37.0603671074
37.0613720417
37.0623788834
37.06336689
37.0643529892
37.0653691292
37.0663537979
37.067353487
37.068366766
37.0693619251
37.0703570843
37.0714087486
37.0724115372
37.0733616352
37.0743777752
37.0753531456
37.0763499737
37.0774087906
37.0783548355
37.0794007778
37.0803630352
37.0814301968
37.0823683739
37.0833611488
37.0843617916
37.0853812695
37.0864036083
37.087375164
37.0883607864
37.0893731117
37.0903668404
37.091376543
37.1013638973
37.1023516655
37.1033596992
37.1043438911
37.1053566933
37.1063444614
37.1073539257
37.1083459854
37.109349966
37.1103458405
37.1113791466
37.1123423576
37.1133561134
37.1143398285
37.1153588295
37.1163408756
37.1173546314
37.1183419228
37.1193571091
37.1203768253
37.1213524342
37.122354269
37.1234071255
37.1249790192
37.1263759136
37.1274228096
37.1283297539
37.1293296814
37.1303296089
37.1313300133
37.132329464
37.1353328228
37.1363258362
37.1373267174
37.1383218765
37.1393532753
37.1403217316
37.1413247585
37.1423254013
37.143320322
37.1443223953
37.1453170776
37.1463339329
37.1476113796
37.1483066082
37.1493105888
37.1503059864
37.1513061523
37.1523127556
37.1533100605
37.1543092728
37.1555514336
37.1565754414
37.157551527
37.1585693359
37.1595556736
37.1605472565
37.1613621712
37.1623718739
37.1635625362
37.1643657684
37.1655449867
37.166403532
37.1673822403
37.1685488224
37.1695482731
37.1705548763
37.1713347435
37.1745429039
37.1755430698
37.1765432358
37.1775414944
37.1785464287
37.1795406342
37.1805427074
37.1815450191
37.1825797558
37.1833600998
37.1845526695
37.1855967045
37.1865618229
37.1875491142
37.1885459423
37.1895422935
37.1905519962
37.1915528774
37.1925492287
37.1935453415
37.1945559978
37.1955327988
37.1965279579
37.1975295544
37.198530674
37.1995401382
37.2005448341
37.2025356293
37.2035346031
37.2045266628
37.2055306435
37.2065284252
37.2075247765
37.2085251808
37.2095293999
37.2105298042
37.2115292549
37.2125329971
37.2155292034
37.2165193558
37.2175331116
37.2185487747
37.2195651531
37.2205350399
37.2215423584
37.2225210667
37.2235152721
37.2245185375
37.2255158424
37.2265212536
37.2315189838
37.2325117588
37.2335071564
37.2375078201
37.2385087013
37.2395074368
37.240499258
37.2415018082
37.2425045967
37.2435462475
37.244499445
37.2455029488
37.2465054989
37.2475147247
37.2485294342
37.2495212555
37.250544548
37.251516819
37.2525708675
37.2535092831
37.2545063496
37.2555067539
37.2565078735
37.2574982643
37.2584934235
37.2594935894
37.2605025768
37.2615048885
37.2625279427
37.2634928226
37.2645022869
37.2654953003
37.2664904594
37.2674889565
37.2685148716
37.269487381
37.2704818249
37.2714853287
37.2724883556
37.2734804153
37.2744863033
37.2754843235
37.2764885426
37.2774851322
37.2785000801
37.2794885635
37.2805259228
37.2814781666
37.2825376987
37.2835104465
37.2845594883
37.2854781151
37.2865025997
37.2875027657
37.2884857655
37.289488554
37.2905015945
37.2914853096
37.2924804688
37.2935013771
37.2944717407
37.2954776287
37.2964713573
37.2974774837
37.2984883785
37.2994976044
37.3004765511
37.3014760017
37.3025004864
37.3035042286
37.304497242
37.3054628372
37.3064808846
37.3074924946
37.3084919453
37.3094780445
37.3104836941
37.3114831448
37.312482357
37.3134989738
37.3144800663
37.3154807091
37.3164765835
37.3174750805
37.3184666634
37.3194737434
37.3204636574
37.3214869499
37.3224818707
37.3234848976
37.3244769573
37.3254683018
37.3264622688
37.3274738789
37.3284776211
37.3294570446
37.3304619789
37.3314762115
37.3324575424
37.3334681988
37.3344721794
37.3354876041
37.3364629745
37.3374626637
37.3384625912
37.3394603729
37.3404529095
37.3414568901
37.3424475193
37.3434536457
37.3444640636
37.3454504013
37.3464713097
37.3474671841
37.3484563828
37.3494615555
37.3504538536
37.3514482975
37.3524539471
37.353454113
37.3544573784
37.355453968
37.356451273
37.3574512005
37.3584487438
37.3594532013
37.3604578972
37.3614845276
37.3624699116
37.3634910583
37.3644657135
37.365449667
37.3664479256
37.3674483299
37.3684568405
37.3694386482
37.3704409599
37.3714580536
37.3724491596
37.3734407425
37.3744430542
37.3754377365
37.376427412
37.3774411678
37.3784296513
37.3794436455
37.3804254532
37.381424427
37.382420063
37.3834266663
37.3844583035
37.3854217529
37.3864188194
37.3874733448
37.3884761333
37.3894953728
37.39041996
37.3914706707
37.3924224377
37.3934192657
37.3944151402
37.3954148293
37.3964307308
37.3974163532
37.3994181156
37.4004235268
37.4014265537
37.4024209976
37.4034280777
37.4044435024
37.4054362774
37.4064323902
37.4074375629
37.4084284306
37.4094290733
37.4104201794
37.4114122391
37.4124200344
37.4164097309
37.4174025059
37.4184029102
37.4193992615
37.4203891754
37.4214043617
37.4223980904
37.4233961105
37.4243888855
37.4253880978
37.4263887405
37.4274301529
37.4284024239
37.4294028282
37.4304115772
37.4314110279
37.4323954582
37.4333958626
37.4343812466
37.4353797436
37.4363799095
37.4373757839
37.4383788109
37.4393742085
37.4403750896
37.4413712025
37.4423823357
37.4433701038
37.4443688393
37.4453754425
37.4463744164
37.4473707676
37.4483699799
37.4493794441
37.4503793716
37.4514019489
37.4523711205
37.4533677101
37.4543716908
37.4553809166
37.4564042091
37.4573652744
37.4583761692
37.4593875408
37.4603793621
37.4613842964
37.4623761177
37.4633722305
37.464370966
37.465359211
37.4663641453
37.4673757553
37.4683711529
37.4693648815
37.4703607559
37.4713613987
37.4723517895
37.4733550549
37.4743549824
37.4753623009
37.4763538837
37.4773693085
37.4783666134
37.4793658257
37.480369091
37.4814012051
37.4823651314
37.4835968018
37.484360218
37.4854154587
37.4863498211
37.4873654842
37.4883601665
37.4893541336
37.4903655052
37.4913523197
37.4923565388
37.4963588715
37.4973528385
37.4983625412
37.4993638992
37.5003478527
37.5013511181
37.502358675
37.5033662319
37.5043580532
37.5053553581
37.5063388348
37.5073447227
37.508348465
37.5095882416
37.5103416443
37.5114159584
37.5123770237
37.514332056
37.5153391361
37.5163276196
37.517336607
37.5183296204
37.519340992
37.5203251839
37.5213770866
37.5223340988
37.5233342648
37.5243275166
37.5253396034
37.5263323784
37.5273554325
37.5283308029
37.5293428898
37.530328989
37.5313367844
37.5323281288
37.5333390236
37.5343294144
37.535330534
37.536324501
37.5373399258
37.538330555
37.5393519402
37.5405879021
37.5413451195
37.5423402786
37.5433533192
37.5453419685
37.5463249683
37.5473442078
37.5483224392
37.5493228436
37.5505740643
37.551312685
37.5523350239
37.5533423424
37.5543048382
37.5555734634
37.5565752983
37.5575678349
37.5583143234
37.5595555305
37.5603048801
37.5615706444
37.5625777245
37.5635852814
37.5645949841
37.5655651093
37.5663115978
37.5675542355
37.5685472488
37.5695400238
37.5705399513
37.5715360641
37.5725367069
37.5735354424
37.5742919445
37.5755345821
37.5765378475
37.5775322914
37.5785331726
37.5795297623
37.580532074
37.5815327168
37.5822911263
37.583530426
37.584533453
37.5855455399
37.5865590572
37.5875370502
37.5885412693
37.5895433426
37.590542078
37.5915396214
37.5925352573
37.5935299397
37.5945329666
37.595531702
37.5965311527
37.5975251198
37.5985336304
37.5995292664
37.6005284786
37.6015238762
37.60252285
37.6035192013
37.6045157909
37.6055169106
37.6065187454
37.6075277328
37.608522892
37.6095225811
37.6105248928
37.6115210056
37.6125152111
37.6155107021
37.6165144444
37.6175172329
37.618516922
37.6195113659
37.6205117702
37.6215114594
37.6225097179
37.6235070229
37.6245090961
37.6255099773
37.6265165806
37.6275634766
37.6285111904
37.6295111179
37.6305212975
37.631506443
37.6325101852
37.6345174313
37.6355099678
37.636503458
37.6375079155
37.6385064125
37.6395068169
37.6415038109
37.6425130367
37.6435086727
37.6445491314
37.6455066204
37.6465060711
37.6475129128
37.6485116482
37.6495070457
37.6505026817
37.651501894
37.6525013447
37.6534996033
37.6544976234
37.6554989815
37.6565020084
37.6575064659
37.6585042477
37.659504652
37.6604921818
37.661495924
37.6624951363
37.6635100842
37.6644978523
37.6654918194
37.6664919853
37.6674888134
37.6684889793
37.6694946289
37.6704909801
37.6714882851
37.6724853516
37.6734788418
37.6744813919
37.6754770279
37.6764781475
37.6774790287
37.6784918308
37.679476738
37.6804850101
37.6814925671
37.6824889183
37.6834783554
37.6844775677
37.6854741573
37.6864802837
37.6874732971
37.688475132
37.6894750595
37.6904687881
37.6914720535
37.6924738884
37.6934752464
37.6944723129
37.695479393
37.6964790821
37.6974773407
37.6984779835
37.6994776726
37.7004868984
37.7014846802
37.7025406361
37.7034811974
37.7044694424
37.7054758072
37.7064752579
37.7074816227
37.7084715366
37.7094731331
37.7105152607
37.7114667892
37.7124652863
37.7144548893
37.7154603004
37.7164719105
37.7174515724
37.7184538841
37.7194638252
37.7204523087
37.7214515209
37.7224700451
37.7234604359
37.7245213985
37.725455761
37.7264528275
37.7274677753
37.7284605503
37.7294723988
37.7304635048
37.7314567566
37.7324779034
37.7334702015
37.7344574928
37.7354593277
37.7364532948
37.7374539375
37.7384476662
37.7404510975
37.7414546013
37.7424545288
37.7434635162
37.7444419861
37.7454488277
37.7464487553
37.7474422455
37.7484426498
37.7494373322
37.7504372597
37.7514357567
37.75243783
37.7534353733
37.7544343472
37.755436182
37.7564332485
37.7574403286
37.758439064
37.7594394684
37.7604424953
37.7614510059
37.7624671459
37.7634460926
37.7644398212
37.7654390335
37.7664313316
37.7674360275
37.7684381008
37.7694325447
37.7704405785
37.7714414597
37.7724289894
37.7744276524
37.7754306793
37.7764325142
37.7774326801
37.7784366608
37.7794282436
37.7804296017
37.781430006
37.7824501991
37.7834410667
37.7844259739
37.7854373455
37.7864303589
37.7874379158
37.7884311676
37.7894697189
37.7904291153
37.7914259434
37.7924208641
37.7944176197
37.7954232693
37.7964756489
37.7974214554
37.798415184
37.7994132042
37.8004097939
37.8014159203
37.8024468422
37.8034031391
37.8044450283
37.8054056168
37.8064053059
37.8074076176
37.8084199429
37.8094060421
37.8104054928
37.8114140034
37.8124120235
37.813406229
37.8144028187
37.8154039383
37.8164076805
37.8174147606
37.8204007149
37.8214056492
37.8223855495
37.823384285
37.8243820667
37.8253893852
37.8263990879
37.8274092674
37.8284013271
37.8295032978
37.8304018974
37.8314282894
37.8323857784
37.8403894901
37.8413822651
37.843388319
37.8443994522
37.8453855515
37.8463861942
37.8474054337
37.8603708744
37.8614008427
37.8623688221
37.8633708954
37.8643736839
37.8653724194
37.8673644066
37.8683652878
37.8693602085
37.8703632355
37.8713696003
37.8723626137
37.873357296
37.8743560314
37.8753545284
37.8763551712
37.8773570061
37.8783621788
37.8793613911
37.8803675175
37.8813786507
37.8823680878
37.8833653927
37.8843655586
37.8853502274
37.8863711357
37.8873624802
37.8883621693
37.8893680573
37.8903646469
37.8913729191
37.8923580647
37.8933572769
37.894359827
37.8953807354
37.8963487148
37.897351265
37.8983500004
37.8993597031
37.9003481865
37.9013521671
37.9023458958
37.9033424854
37.9043421745
37.9053428173
37.9063427448
37.907340765
37.9083425999
37.9093391895
37.9103364944
37.9113342762
37.9123384953
37.9133353233
37.9143445492
37.9153370857
37.9163458347
37.9203410149
37.9213507175
37.9223310947
37.923337698
37.9243397713
37.9253447056
37.9263324738
37.927346468
37.9283297062
37.9293427467
37.9303245544
37.9313342571
37.9323296547
37.9333343506
37.9343240261
37.9353291988
37.9363193512
37.9373326302
37.938321352
37.9393873215
37.9413342476
37.942325592
37.9433281422
37.9443433285
37.945328474
37.9463195801
37.9473395348
37.948338747
37.9493401051
37.9503369331
37.9513475895
37.9523177147
37.953347683
37.9543232918
37.9553627968
37.9563262463
37.9573259354
37.9583137035
37.9593160152
37.9603116512
37.961304903
37.9623098373
37.9633073807
37.9643073082
37.9652991295
37.966299057
37.9675512314
37.9683046341
37.9695463181
37.97057271
37.9715502262
37.9725451469
37.9735970497
37.9743010998
37.9755661488
37.9765696526
37.9775395393
37.978540659
37.9795396328
37.9805622101
37.9815409184
37.9822952747
37.9835481644
37.9843380451
37.9855411053
37.9865407944
37.9875402451
37.9885411263
37.9895431995
37.9905493259
37.9915475845
37.9925415516
37.9935307503
37.9945368767
37.9955339432
37.9965429306
37.9975366592
37.9985332489
37.9995310307
38.0003290176
38.0015261173
38.0025660992
38.0035207272
38.0045640469
38.005559206
38.006524086
38.0075221062
38.0085217953
38.0095770359
38.0105228424
38.0115199089
38.0125226974
38.0135159492
38.0145168304
38.0155162811
38.0165662766
38.0175259113
38.0185155869
38.0195145607
38.0205142498
38.0215196609
38.0225143433
38.0235192776
38.0255224705
38.0265231133
38.0295124054
38.0305233002
38.0315139294
38.032515049
38.0335254669
38.0345344543
38.0355372429
38.0365297794
38.037520647
38.0385065079
38.039501667
38.0404980183
38.04150033
38.0425138474
38.0434997082
38.044501543
38.0455026627
38.0465037823
38.0474998951
38.0485465527
38.0534968376
38.0544998646
38.0555007458
38.0564954281
38.0574989319
38.0584952831
38.0594916344
38.0604922771
38.0614907742
38.0624949932
38.0635011196
38.064496994
38.0654907227
38.0665397644
38.0674903393
38.0685031414
38.0695097446
38.0704987049
38.0714917183
38.0724914074
38.0744900703
38.0754868984
38.0764877796
38.0774903297
38.0784919262
38.0794885159
38.080486536
38.0815048218
38.0825030804
38.0834927559
38.0844960213
38.0854842663
38.0865044594
38.0874843597
38.0884840488
38.0894806385
38.0904765129
38.0914821625
38.0924899578
38.0934810638
38.0944809914
38.0954813957
38.0964865685
38.0974829197
38.0984861851
38.0994858742
38.1025102139
38.1034722328
38.1045050621
38.1054720879
38.1074757576
38.1084764004
38.1095168591
38.110473156
38.116486311
38.1175019741
38.1184871197
38.119481802
38.1204898357
38.123519659
38.1245131493
38.1255218983
38.1264793873
38.1274893284
38.1285049915
38.1294779778
38.1304831505
38.1314771175
38.1324770451
38.1334784031
38.1344773769
38.1354858875
38.1364843845
38.1374797821
38.1384773254
38.1394832134
38.1404731274
38.141472578
38.1424708366
38.1434848309
38.144464016
38.1454732418
38.1464800835
38.1474711895
38.1484611034
38.1494693756
38.1504604816
38.1514673233
38.1525173187
38.1534664631
38.1544964314
38.155472517
38.1564693451
38.1574540138
38.1584634781
38.1594810486
38.1604616642
38.1614599228
38.1624708176
38.1634590626
38.1644489765
38.1654543877
38.1664500237
38.1674449444
38.1684451103
38.1694407463
38.1704392433
38.1714401245
38.1724705696
38.1744375229
38.1754353046
38.1764426231
38.1774368286
38.1784324646
38.1814332008
38.1824324131
38.1834282875
38.1844301224
38.1864402294
38.1874530315
38.1884467602
38.1894567013
38.1904423237
38.1914484501
38.1924521923
38.1934571266
38.1944432259
38.1954510212
38.1964581013
38.1974468231
38.1984448433
38.1994521618
38.2004477978
38.2014462948
38.2024652958
38.2034459114
38.2044408321
38.2054400444
38.206441164
38.2074334621
38.2084345818
38.2094357014
38.2104334831
38.2114303112
38.2174284458
38.2184369564
38.2204244137
38.2214238644
38.2254199982
38.2264184952
38.2274236679
38.2284212112
38.2294166088
38.2304141521
38.2314200401
38.2324178219
38.2334141731
38.2344067097
38.2354056835
38.2364177704
38.2374176979
38.2384133339
38.2394127846
38.2403972149
38.2413966656
38.2424042225
38.2434134483
38.2444067001
38.2453892231
38.2463991642
38.24740839
38.248408556
38.2494006157
38.2503855228
38.2513833046
38.2523856163
38.253380537
38.2543797493
38.2553813457
38.2563791275
38.2573800087
38.2583754063
38.2593767643
38.2603766918
38.2613861561
38.2623984814
38.2633867264
38.2643785477
38.265383482
38.26638937
38.2673890591
38.2683980465
38.2693884373
38.2703797817
38.2713963985
38.2723824978
38.2733845711
38.2743794918
38.2753765583
38.2763750553
38.2773821354
38.2783818245
38.2793807983
38.2803871632
38.281386137
38.2833786011
38.2843794823
38.2853853703
38.2863824368
38.2873749733
38.2883713245
38.2893745899
38.2903695107
38.2913990021
38.2933821678
38.2943644524
38.2953701019
38.2963635921
38.297368288
38.2983703613
38.2993607521
38.3003585339
38.3013589382
38.3023583889
38.3033592701
38.3043580055
38.3053743839
38.3063662052
38.3073678017
38.3083612919
38.3093676567
38.3103761673
38.3113799095
38.3123683929
38.313365221
38.3143546581
38.3153603077
38.3163547516
38.3173573017
38.3183538914
38.3193562031
38.3203496933
38.3213789463
38.3223614693
38.3233573437
38.3243498802
38.3253614902
38.3263506889
38.3273646832
38.3283555508
38.3293645382
38.3343544006
38.3353452682
38.3363406658
38.3373494148
38.3383340836
38.3393425941
38.3403275013
38.3413434029
38.3423306942
38.3433489799
38.3443281651
38.3453390598
38.3463308811
38.3473365307
38.3483259678
38.3493330479
38.350325346
38.3513298035
38.3523271084
38.3533408642
38.3543233871
38.3553342819
38.3563189507
38.3573265076
38.3583188057
38.3593270779
38.3603177071
38.3613283634
38.3623206615
38.3633394241
38.3643136024
38.3653116226
38.3663117886
38.3673098087
38.3683159351
38.3693695068
38.3703548908
38.3713104725
38.3723123074
38.3733313084
38.3745584488
38.3755600452
38.3765571117
38.3775601387
38.3785700798
38.384554863
38.3853106499
38.3865535259
38.3875522614
38.3885579109
38.3895690441
38.3905775547
38.391564846
38.3925592899
38.393550396
38.3945405483
38.3955385685
38.3965418339
38.3975512981
38.3985412121
38.3995368481
38.4005358219
38.4012908936
38.4025382996
38.4035298824
38.404528141
38.4055278301
38.4065253735
38.4075279236
38.4085319042
38.4095273018
38.4105370045
38.4115359783
38.4125356674
38.4135303497
38.4145293236
38.4155454636
38.4165346622
38.4175434113
38.4185388088
38.4195356369
38.4205412865
38.4215414524
38.4225287437
38.4235320091
38.4245419502
38.425532341
38.4265387058
38.4275462627
38.4285314083
38.4295344353
38.4305200577
38.4315187931
38.432554245
38.4335155487
38.434514761
38.4355185032
38.4365229607
38.4375152588
38.4385163784
38.4395165443
38.440515995
38.441514492
38.4425103664
38.4435133934
38.4445214272
38.4454994202
38.4464986324
38.4475023746
38.4484992027
38.4494991302
38.4504978657
38.4514906406
38.4525036812
38.4535038471
38.4545030594
38.4555039406
38.4565029144
38.4575076103
38.4585149288
38.4595153332
38.460506916
38.4615075588
38.4625062943
38.4634988308
38.4644954205
38.465502739
38.4664978981
38.4675006866
38.4684979916
38.4695045948
38.4704935551
38.471496582
38.4724912643
38.4734973907
38.4744899273
38.4754910469
38.4764921665
38.4774870872
38.478484869
38.4794919491
38.4804842472
38.4814872742
38.4824857712
38.4834811687
38.4844822884
38.4854843616
38.4864850044
38.4874925613
38.488483429
38.4894857407
38.4904813766
38.4914865494
38.4945001602
38.495477438
38.4964799881
38.4974899292
38.4984974861
38.49949193
38.5004897118
38.5014965534
38.5024709702
38.5034706593
38.5044744015
38.5054705143
38.506475687
38.5074970722
38.5085330009
38.5094764233
38.5105218887
38.5115158558
38.5124676228
38.5134634972
38.5144617558
38.5154623985
38.516461134
38.5174648762
38.5184798241
38.5194776058
38.5204787254
38.5214605331
38.522466898
38.5234749317
38.5244576931
38.5254604816
38.5264718533
38.5274834633
38.5294640064
38.5304713249
38.5314722061
38.532459259
38.5334620476
38.5344619751
38.5354659557
38.5364692211
38.5404658318
38.541457653
38.5424544811
38.543463707
38.5444538593
38.549447298
38.5504524708
38.5514514446
38.5524497032
38.554444313
38.5554542542
38.556447506
38.5574638844
38.5584456921
38.5594601631
38.5604588985
38.5614652634
38.5624895096
38.5634498596
38.5644369125
38.5654425621
38.5664391518
38.5674548149
38.5684409142
38.5694358349
38.5704352856
38.5714318752
38.5724334717
38.5734288692
38.5744316578
38.5754306316
38.5764293671
38.5774292946
38.5784263611
38.579429388
38.5804264545
38.581435442
38.5824398994
38.5834336281
38.5844397545
38.5854346752
38.5864377022
38.5874345303
38.5884318352
38.5894343853
38.5904219151
38.5914254189
38.5924272537
38.5934364796
38.5944347382
38.5954332352
38.5964405537
38.5974471569
38.598449707
38.5994408131
38.600446701
38.6014566422
38.6024558544
38.6034348011
38.6044480801
38.605458498
38.6064331532
38.6074202061
38.6084656715
38.60947299
38.6105093956
38.6114785671
38.6124563217
38.6134245396
38.6144547462
38.6154150963
38.6164176464
38.6174132824
38.6184139252
38.6194169521
38.6204180717
38.6214358807
38.6224155426
38.6234140396
38.6244122982
38.62541008
38.6264226437
38.6274240017
38.6284081936
38.6294081211
38.6304807663
38.6314227581
38.6324112415
38.633405447
38.6344037056
38.6354057789
38.6364057064
38.6374056339
38.6384077072
38.6394543648
38.6404166222
38.6414122581
38.6424188614
38.6434063911
38.6444177628
38.6454253197
38.64645648
38.6474056244
38.6484069824
38.6494035721
38.6504113674
38.6514000893
38.6524059772
38.6563825607
38.6574053764
38.6584112644
38.6594130993
38.6604013443
38.6615297794
38.6623678207
38.6635000706
38.6643736362
38.6653718948
38.6683733463
38.6693761349
38.6703720093
38.6713869572
38.6723773479
38.6733798981
38.6743896008
38.6754026413
38.677387476
38.6783978939
38.6793794632
38.6803743839
38.6816165447
38.6823763847
38.6833734512
38.6844227314
38.6853802204
38.6864397526
38.6874473095
38.6883678436
38.6893873215
38.6904337406
38.6914334297
38.6923892498
38.6933648586
38.6943717003
38.6953847408
38.6963641644
38.6973721981
38.6983623505
38.6993763447
38.700371027
38.7013742924
38.7024278641
38.7034070492
38.7044699192
38.7053682804
38.7063648701
38.7073528767
38.7083644867
38.7093615532
38.7103574276
38.7113773823
38.7123792171
38.7133796215
38.7143714428
38.7153558731
38.7163527012
38.7173526287
38.7183449268
38.7193374634
38.7203395367
38.7213425636
38.7223441601
38.7233469486
38.7243714333
38.7253770828
38.7303445339
38.7313511372
38.7353365421
38.736338377
38.7373373508
38.7383425236
38.7393293381
38.7403318882
38.7413291931
38.7423324585
38.7433300018
38.7443296909
38.7453298569
38.7463226318
38.7473247051
38.7483260632
38.749329567
38.7503218651
38.7513251305
38.7523183823
38.7533240318
38.7563149929
38.7573227882
38.7583184242
38.7593317032
38.7603495121
38.7613232136
38.7623274326
38.7633323669
38.7643313408
38.7655739784
38.7665593624
38.7673666477
38.7685570717
38.7693316936
38.7703232765
38.7715559006
38.7723104954
38.773321867
38.7743086815
38.7753162384
38.7763047218
38.7773189545
38.7783074379
38.7795596123
38.7803037167
38.7813186646
38.7823109627
38.7835481167
38.7845449448
38.7855434418
38.7865493298
38.7875599861
38.7895517349
38.7905461788
38.7915408611
38.7925395966
38.7935428619
38.7962911129
38.7975993156
38.7983477116
38.7995352745
38.8005316257
38.8015317917
38.802531004
38.8035287857
38.8045284748
38.8055334091
38.8165302277
38.81752491
38.8205187321
38.8215200901
38.8225200176
38.8235168457
38.8245162964
38.8255183697
38.8265206814
38.8275194168
38.828520298
38.8295147419
38.8305170536
38.8315148354
38.8325161934
38.8335146904
38.834512949
38.8355154991
38.8365168571
38.8375148773
38.8385186195
38.8395223618
38.8495061398
38.850502491
38.8515007496
38.8525004387
38.8535044193
38.85450387
38.8555004597
38.8565049171
38.8575053215
38.8585221767
38.8595004082
38.8604984283
38.8615005016
38.8624970913
38.8634991646
38.8644983768
38.8654971123
38.8664934635
38.8674948215
38.868496418
38.8694932461
38.8705017567
38.8715355396
38.8724946976
38.8734955788
38.8745355606
38.8754918575
38.8764922619
38.877494812
38.8785510063
38.8794920444
38.8804914951
38.8814918995
38.8824913502
38.8834965229
38.8844912052
38.8854866028
38.8864855766
38.8874886036
38.8884854317
38.8894860744
38.8904838562
38.8914859295
38.8924837112
38.8934812546
38.89447999
38.895481348
38.8964819908
38.8974843025
38.8984794617
38.8994748592
38.9004750252
38.9014747143
38.9024896622
38.9034702778
38.9044847488
38.9054744244
38.9064869881
38.9074728489
38.9084708691
38.9094734192
38.9104862213
38.9114675522
38.9124691486
38.913482666
38.9145140648
38.9154849052
38.9174962044
38.9184668064
38.9194648266
38.920468092
38.9214639664
38.9224674702
38.9234645367
38.9244618416
38.9254641533
38.926469326
38.9274628162
38.9284613132
38.9294612408
38.9304635525
38.9314653873
38.9324617386
38.9334595203
38.9344620705
38.9354629517
38.9364671707
38.9374620914
38.9384663105
38.9394681454
38.9404649734
38.941464901
38.9424724579
38.9434671402
38.9444568157
38.9454555511
38.9464607239
38.9474551678
38.9484608173
38.9494559765
38.9504547119
38.9514536858
38.9524497986
38.9534556866
38.9544539452
38.9554519653
38.9564476013
38.9574530125
38.9584519863
38.9594557285
38.9604465961
38.9614875317
38.9624905586
38.9634532928
38.9644405842
38.9654560089
38.9664413929
38.9674491882
38.96844244
38.9694433212
38.9704487324
38.9714446068
38.9724473953
38.973439455
38.9744389057
38.9754443169
38.9764425755
38.9774444103
38.9784407616
38.9794390202
38.9804396629
38.9814298153
38.9824502468
38.9834382534
38.9844515324
38.9854438305
38.988427639
38.9894266129
38.9904243946
38.9914226532
38.9924283028
38.9934256077
38.9944248199
38.9954276085
38.9964282513
38.997461319
38.9984235764
38.9994232655
39.0004189014
39.0014176369
39.0024187565
39.0034151077
39.0044159889
39.0054140091
39.0064280033
39.0074589252
39.00841856
39.0094182491
39.0104231834
39.0114164352
39.0124168396
39.0134100914
39.0144128799
39.0154187679
39.0164129734
39.0174126625
39.0184195042
39.019421339
39.0204286575
39.0214307308
39.0224108696
39.023412466
39.0244119167
39.0254120827
39.0264027119
39.0274035931
39.0284125805
39.0294046402
39.0304493904
39.0314002037
39.0324006081
39.0334086418
39.0344085693
39.0354018211
39.036400795
39.0374026299
39.0384047031
39.0393993855
39.0403983593
39.0413968563
39.0423955917
39.043389082
39.0444345474
39.0453898907
39.0463850498
39.0474541187
39.0484373569
39.0494458675
39.0503985882
39.0513892174
39.0523989201
39.0533828735
39.0543828011
39.0554308891
39.0564668179
39.0574550629
39.0584084988
39.0593767166
39.0604169369
39.0613746643
39.0623853207
39.063378334
39.0643851757
39.0654327869
39.0664353371
39.0674335957
39.068377018
39.0694305897
39.0704369545
39.0714313984
39.0723795891
39.0733761787
39.0743699074
39.0753836632
39.0764229298
39.0774447918
39.0784330368
39.0794219971
39.0804424286
39.0813786983
39.082400322
39.0834326744
39.084384203
39.0854582787
39.0863749981
39.0873677731
39.0883669853
39.0893661976
39.0903639793
39.0913627148
39.0923578739
39.0933685303
39.0943636894
39.0953624249
39.0963599682
39.0973591805
39.0983581543
39.0993578434
39.1004190445
39.1013805866
39.1023616791
39.1033668518
39.104360342
39.1053731441
39.1063818932
39.1073634624
39.1083478928
39.1093616486
39.1104285717
39.1113686562
39.1124501228
39.1134178638
39.1144282818
39.1153612137
39.1163511276
39.117361784
39.1183526516
39.1193754673
39.1204504967
39.1213545799
39.1223599911
39.1253666878
39.1263656616
39.1273570061
39.1283533573
39.1293494701
39.1303524971
39.1313428879
39.1323480606
39.133346796
39.1343421936
39.1353402138
39.1363370419
39.1373343468
39.138338089
39.1393358707
39.1403388977
