-0.259447292587
-0.260187390178
-0.260395183584
-0.262386019904
-0.262331720752
-0.263494885239
-0.264361489885
-0.266713256924
-0.266970748833
-0.26735236445
-0.268318411168
-0.269550939861
-0.269590497344
-0.269798133718
-0.269064030616
-0.268393651852
-0.266824252771
-0.266620159396
-0.265173734146
-0.264000416833
-0.263725797878
-0.264232919593
-0.264757415074
-0.265707298306
-0.26598991684
-0.265899785746
-0.266755937245
-0.266181385132
-0.264853927826
-0.263603301402
-0.262597739128
-0.259609285488
-0.256820365765
-0.254793354612
-0.253164017258
-0.252641953917
-0.251946420447
-0.250102073735
-0.248552382113
-0.244628279957
-0.243503517101
-0.241903583913
-0.239125354491
-0.238821189551
-0.237161831483
-0.237376104161
-0.243481455631
-0.245246499078
-0.247348163684
-0.249952525452
-0.25232129426
-0.255193848862
-0.256528504196
-0.25928252716
-0.261956451175
-0.263962678768
-0.265899906372
-0.267997110412
-0.267368809001
-0.268412429702
-0.268306523138
-0.26767850344
-0.266792327645
-0.266618141028
-0.265536577994
-0.260315964043
-0.25925094444
-0.258362096504
-0.256396330083
-0.255620270692
-0.253802862367
-0.253933333813
-0.253286231051
-0.253964031651
-0.254079499036
-0.254711472163
-0.256241686751
-0.25681307477
-0.259804381457
-0.260882743711
-0.261321429792
-0.263039895798
-0.264303127243
-0.264640133749
-0.266260088793
-0.264863479899
-0.264821975967
-0.264066981102
-0.264063352992
-0.26265998055
-0.261677155643
-0.261077764596
-0.260362675651
-0.259994562125
-0.259068895779
-0.25886829393
-0.258942036985
-0.259229578412
-0.258783530571
-0.258748134061
-0.258268619258
-0.257780258875
-0.256648180429
-0.256033018598
-0.255025965078
-0.25416641832
-0.254179026503
-0.254167575459
-0.254107494197
-0.253833162868
-0.255261235331
-0.255558308055
-0.25629871141
-0.257949125232
-0.256748578047
-0.257300622503
-0.257181991533
-0.258901728984
-0.258527853097
-0.259088193113
-0.259610320095
-0.259632491405
-0.25871317038
-0.258046822503
-0.258053573441
-0.257117749978
-0.257249015066
-0.256958514484
-0.257167719359
-0.257937299477
-0.260615640452
-0.261105090254
-0.262765331082
-0.264232667422
-0.265625638935
-0.267285939124
-0.268796316094
-0.268866035626
-0.268655074775
-0.270433489464
-0.270290618488
-0.270876080319
-0.268816237163
-0.268815105797
-0.267408886495
-0.265540790948
-0.263898451296
-0.261798836556
-0.259483388534
-0.258740858099
-0.255741980646
-0.252671343339
-0.250803694381
-0.248659697187
-0.248017288345
-0.2477974354
-0.247762534636
-0.247864805478
-0.249327690286
-0.249627772638
-0.252017351171
-0.252951770169
-0.254905952075
-0.257426597417
-0.258776307048
-0.261877924856
-0.262586678027
-0.265021609727
-0.265330847735
-0.265568543724
-0.266207484896
-0.265283427808
-0.264667942338
-0.264671512256
-0.264889855136
-0.264727287368
-0.264955366016
-0.263825112681
-0.263083734099
-0.261870630245
-0.260983592902
-0.259113476801
-0.25828555592
-0.257292455874
-0.257578887442
-0.259686705699
-0.260950869061
-0.263724664384
-0.264659122401
-0.26566792957
-0.266065417483
-0.265981105046
-0.265956960079
-0.266656047577
-0.266263446119
-0.267693691621
-0.267720248248
-0.266774474533
-0.266196338868
-0.265592486754
-0.263534015112
-0.263489936536
-0.262073138284
-0.261643626009
-0.261230071073
-0.261397277634
-0.261259792652
-0.259928591711
-0.261001395138
-0.259995599276
-0.259554349284
-0.258090848605
-0.258471385585
-0.257204746705
-0.256173266517
-0.256284337683
-0.255742503243
-0.257050078378
-0.257082903976
-0.257565063283
-0.258128684445
-0.259010489959
-0.260368361483
-0.260735764561
-0.261764991071
-0.263540671412
-0.263747645256
-0.264087976721
-0.263580107091
-0.262555042063
-0.261666162403
-0.260957163535
-0.259414437836
-0.259299614381
-0.259185806933
-0.258283147783
-0.257921369737
-0.255670910439
-0.253814260406
-0.250555228028
-0.247968222898
-0.246962381545
-0.245774725334
-0.245808065044
-0.246349145157
-0.246932300944
-0.247925164984
-0.247512244794
-0.248037558923
-0.247303394113
-0.248110941635
-0.248754320019
-0.249819469988
-0.25253363399
-0.254236107575
-0.256683976331
-0.2585683126
-0.258638162244
-0.258362889793
-0.257480837352
-0.257150749304
-0.254852834261
-0.254447174032
-0.253491482898
-0.254559917528
-0.255130340815
-0.257021240682
-0.258724322023
-0.258763748165
-0.258891895692
-0.259142914504
-0.25856413279
-0.257896476922
-0.259583889277
-0.261863765604
-0.264278618289
-0.265159681928
-0.266649231526
-0.267333442934
-0.267398601566
-0.267069935179
-0.265820294186
-0.265510012535
-0.265612622052
-0.265383717097
-0.263946436994
-0.263200096137
-0.261429547498
-0.257911894214
-0.256312339005
-0.253298436797
-0.251092457902
-0.249708517698
-0.247865283033
-0.248128030527
-0.247022577106
-0.24707411209
-0.247048999311
-0.246840080225
-0.246990649767
-0.247754933287
-0.248693155555
-0.249993477771
-0.251757525266
-0.252292529876
-0.254747824268
-0.254182513639
-0.255787107581
-0.255505170473
-0.255127106194
-0.254452988044
-0.252215342997
-0.251115215049
-0.250517766829
-0.251692666192
-0.251729584661
-0.253320601703
-0.254702171249
-0.25515513351
-0.256897863573
-0.256979463837
-0.257214807021
-0.25642173068
-0.256199880028
-0.25648198997
-0.257062663586
-0.258418158187
-0.260264079283
-0.260877077782
-0.261577583083
-0.26185977353
-0.261152276346
-0.261241271772
-0.264773711223
-0.266011891391
-0.267697762479
-0.268311365385
-0.268979005941
-0.268872356274
-0.26830635139
-0.269272154827
-0.269814257133
-0.268876564435
-0.268850041652
-0.267467231135
-0.265996266029
-0.264520183509
-0.263855445528
-0.257168998848
-0.257033126835
-0.255164075593
-0.255797777571
-0.255473482634
-0.254969157702
-0.255842600488
-0.255768786701
-0.255324203137
-0.2559495483
-0.255393796605
-0.2553870335
-0.255494324768
-0.255375603963
-0.255710695732
-0.254107779149
-0.254386210647
-0.254995823219
-0.254652636791
-0.255508317116
-0.256994174489
-0.255456462048
-0.255685382462
-0.255268638199
-0.254702745338
-0.255834946733
-0.25611303054
-0.256977152518
-0.257221463066
-0.259193113565
-0.260544261512
-0.261028516473
-0.262911886127
-0.264092160522
-0.265906310613
-0.266862502691
-0.268244404489
-0.268641426699
-0.269779280097
-0.268164716074
-0.266426908687
-0.26423766961
-0.260211649545
-0.256215507273
-0.254536753956
-0.250537848916
-0.248097494699
-0.245579204785
-0.245342728836
-0.244561395238
-0.245145547978
-0.246287122197
-0.246066390498
-0.247826036286
-0.250831065504
-0.252915981013
-0.254014778813
-0.254621924674
-0.256530153748
-0.257836163291
-0.258917413115
-0.25922580745
-0.260440236875
-0.259987196436
-0.260456858207
-0.261430178519
-0.260627128088
-0.261760428186
-0.261469869029
-0.262330795698
-0.262844050583
-0.263197251877
-0.264054472749
-0.264598768667
-0.264389354786
-0.263766637206
-0.263956385769
-0.263606070651
-0.263946916678
-0.264434386708
-0.265478777424
-0.265300947002
-0.264980874753
-0.264887450708
-0.264209305029
-0.264912104943
-0.263493054479
-0.26422662421
-0.266409136195
-0.267214501806
-0.267942266052
-0.266375514087
-0.26476581514
-0.262275754377
-0.260644136731
-0.25832421953
-0.256231393637
-0.254744571955
-0.252505570557
-0.250273124212
-0.247854565516
-0.247961359359
-0.247670207462
-0.24762342073
-0.247827987902
-0.247922177236
-0.248000211383
-0.248539547194
-0.250073806243
-0.25160727165
-0.252572809344
-0.25685917619
-0.258990649167
-0.260772845196
-0.263139011447
-0.264267643367
-0.264610592641
-0.264557957276
-0.264146097857
-0.264408149928
-0.266304825267
-0.267648005891
-0.268390008869
-0.269784190367
-0.270042277343
-0.269809990976
-0.268966055302
-0.268294105719
-0.267441450038
-0.266483916421
-0.265848926792
-0.265993940161
-0.264629733157
-0.263867830059
-0.263012981014
-0.260552665981
-0.260254729096
-0.259309879628
-0.258555096893
-0.256908583119
-0.256642471578
-0.255134692874
-0.256571521782
-0.256939690149
-0.256034835503
-0.256469797206
-0.25562676478
-0.255831765263
-0.255967952813
-0.256316638699
-0.255400284863
-0.25541007117
-0.254622030988
-0.253009346906
-0.252215497406
-0.250441895277
-0.250471429809
-0.250446652573
-0.25074822567
-0.251269847361
-0.252330475025
-0.252695367512
-0.252946546764
-0.254208156655
-0.254726056156
-0.254179167906
-0.254668605109
-0.255795936697
-0.254558204595
-0.254597892916
-0.2562001991
-0.25559366296
-0.254917192725
-0.254615596509
-0.25412619818
-0.251951598226
-0.250225329115
-0.248843922112
-0.248734164132
-0.247969093442
-0.248508340578
-0.249045269924
-0.249188094728
-0.250360089021
-0.251145837017
-0.250989681736
-0.251843508087
-0.253257531743
-0.25338495351
-0.252571494489
-0.252363870942
-0.250366313962
-0.24893887099
-0.249678203064
-0.250354036195
-0.251140272718
-0.251803828793
-0.252745854078
-0.253214020291
-0.254456796429
-0.254534290054
-0.256518284629
-0.258143848951
-0.259214173295
-0.259963636264
-0.260459823658
-0.261102610047
-0.260413812202
-0.258981246073
-0.259641040135
-0.258152348058
-0.259637488797
-0.258781451205
-0.257794256245
-0.25659421787
-0.256372023083
-0.25612460876
-0.253162334708
-0.250823490354
-0.250556864251
-0.249065616526
-0.247200839305
-0.246868985941
-0.247183414784
-0.245814757201
-0.246117088418
-0.245838228615
-0.243912954952
-0.243136667002
-0.24157112241
-0.239711622443
-0.239474078515
-0.238400372773
-0.237625712376
-0.237456328842
-0.238368537655
-0.239020586005
-0.241046865488
-0.24247336356
-0.244731300723
-0.248043372176
-0.249182050674
-0.252291365548
-0.255645649817
-0.257180000825
-0.258000532083
-0.257952134208
-0.258781725297
-0.260459517913
-0.259038481162
-0.259060518374
-0.257976470982
-0.256456771001
-0.255132976172
-0.253392564047
-0.252561355195
-0.251162993399
-0.25053355801
-0.250461293375
-0.248812138171
-0.24838345528
-0.247570022432
-0.247193046845
-0.24730268638
-0.24771851236
-0.247673869847
-0.250047915249
-0.250927704583
-0.251513932931
-0.252996970641
-0.253240985904
-0.252689640437
-0.252112532005
-0.251219568078
-0.250661994114
-0.250574087174
-0.248458312514
-0.247501468847
-0.245529747048
-0.243249109947
-0.242247002745
-0.239896639452
-0.238894212617
-0.238027196597
-0.23708969175
-0.236494058188
-0.236885663931
-0.235629709577
-0.236736219027
-0.237651707956
-0.238118008794
-0.23959421076
-0.240146849409
-0.239852557262
-0.239510365175
-0.239172084078
-0.23760928957
-0.237295010884
-0.236779582894
-0.237523771153
-0.240291867069
-0.240143351901
-0.24060053357
-0.241097529133
-0.240995714211
-0.241267992561
-0.242139359738
-0.242734925836
-0.243423437668
-0.243688518921
-0.244323302167
-0.244153901495
-0.244711199729
-0.242854023001
-0.243145680122
-0.242284615985
-0.240855898127
-0.242426932404
-0.241505854911
-0.241229969891
-0.23981178337
-0.241587570712
-0.242124268444
-0.242040416672
-0.242940033803
-0.244349606377
-0.245715214282
-0.247078965365
-0.248368479384
-0.25074023538
-0.2529585624
-0.254808501038
-0.255930321707
-0.258070312812
-0.257916785388
-0.258067579406
-0.257704045597
-0.25776048161
-0.257716430455
-0.258704108985
-0.255692017824
-0.251233508749
-0.244623979382
-0.24094047965
-0.235287119014
-0.233598132553
-0.230174409538
-0.229691356971
-0.229524781434
-0.228803088586
-0.229006669078
-0.229135347068
-0.229356049667
-0.229676478013
-0.231451971307
-0.232463993534
-0.237306493405
-0.240786438114
-0.243124675437
-0.244595328799
-0.24557018259
-0.245751909201
-0.245658456997
-0.245521306377
-0.247623732031
-0.2505451702
-0.251853451738
-0.255439506762
-0.256903763391
-0.258861639642
-0.259254211067
-0.259419985809
-0.258220810435
-0.256704351981
-0.252671183033
-0.250636631609
-0.250961610074
-0.250398132214
-0.248740571836
-0.248030853425
-0.24487462309
-0.243686267678
-0.241379618546
-0.241786186118
-0.241159274666
-0.241472551656
-0.241156070552
-0.23999502742
-0.238631571623
-0.237646289504
-0.237417523763
-0.237284562724
-0.237280119804
-0.237964096223
-0.238064846286
-0.237092760225
-0.238030231524
-0.238021154487
-0.239090812441
-0.238836424111
-0.237693420187
-0.236944635523
-0.234852821981
-0.233663088277
-0.232494312843
-0.232047673438
-0.231603980082
-0.231313225699
-0.230758610843
-0.232053231539
-0.233317747857
-0.234466316795
-0.235380116178
-0.237796166954
-0.239901739704
-0.241003374602
-0.243248833046
-0.245254093072
-0.245128476879
-0.245197569129
-0.244736470725
-0.244485506253
-0.243411530465
-0.241073400134
-0.24029483946
-0.240372565427
-0.238875436471
-0.239220768583
-0.240017482602
-0.242547679219
-0.243917550126
-0.246588266653
-0.246809130626
-0.246819894772
-0.24435283216
-0.243921868444
-0.242001858027
-0.24076078593
-0.239689020656
-0.238741639658
-0.238227619207
-0.236499743471
-0.235366715098
-0.236218441552
-0.235801360518
-0.235669188389
-0.236398925071
-0.237408856672
-0.238447251753
-0.23909505257
-0.23889485896
-0.238325357749
-0.237827901963
-0.235946515009
-0.235091009845
-0.235125995484
-0.237269884244
-0.23689038472
-0.237218410015
-0.237070085999
-0.236715474996
-0.236129599387
-0.237588686609
-0.237074715304
-0.23777630311
-0.237323210011
-0.237641743096
-0.238325924471
-0.239469801397
-0.23993012972
-0.240774416011
-0.242425736875
-0.243124453012
-0.243341771332
-0.242410020743
-0.242354830221
-0.242731451898
-0.240698746081
-0.230199097549
-0.228554743542
-0.227429320209
-0.228210074902
-0.227019342616
-0.228294522529
-0.22860971948
-0.230451419283
-0.231376275781
-0.232352120258
-0.233644069982
-0.235259028671
-0.236545108109
-0.237549891313
-0.238051468774
-0.237878114232
-0.237050136849
-0.234875831247
-0.232390709896
-0.231338563413
-0.23012242805
-0.229576468348
-0.230266357733
-0.231781944356
-0.233963909183
-0.236165980888
-0.236332212289
-0.238799954843
-0.239866723548
-0.241717867633
-0.241922798768
-0.242293071334
-0.241687079007
-0.24157467559
-0.241077203836
-0.241003420083
-0.242805638901
-0.243536424697
-0.243584894995
-0.241305423811
-0.239784845372
-0.236686489301
-0.234783016353
-0.233478678697
-0.231917224561
-0.233397007897
-0.233512521069
-0.233771773746
-0.233419690472
-0.233540327252
-0.231988358391
-0.230986925897
-0.229105072501
-0.227947835049
-0.228774800452
-0.229776175051
-0.230649269399
-0.232726150799
-0.23349316416
-0.235307555706
-0.235283952205
-0.236527220967
-0.236450098899
-0.236688244384
-0.236144669199
-0.238038715513
-0.238265323903
-0.238970601302
-0.239704053021
-0.239048360867
-0.237707312796
-0.236451764842
-0.235366990532
-0.233000700387
-0.232626322859
-0.233680581643
-0.23477965547
-0.236923441253
-0.239263930575
-0.240454347809
-0.23977179778
-0.238320180015
-0.236344010483
-0.234129687226
-0.23355419635
-0.233914134712
-0.234625875138
-0.236531031652
-0.237638877909
-0.238730630903
-0.237607475045
-0.237041577667
-0.234349141891
-0.232316327852
-0.230930197904
-0.2305678231
-0.2330041002
-0.236505855888
-0.2381299326
-0.240143973642
-0.241009461417
-0.24047054675
-0.239163584428
-0.239799846083
-0.239628723924
-0.241567104334
-0.243556549518
-0.244770770155
-0.246826178042
-0.244878468936
-0.242402655498
-0.239348450563
-0.235760994807
-0.233117242919
-0.233183072694
-0.233617304631
-0.234749830847
-0.235855826686
-0.236675727796
-0.235321995804
-0.234748869172
-0.232115062275
-0.23200991888
-0.230278128361
-0.22981269955
-0.230871986607
-0.231899741926
-0.2332913218
-0.233563033368
-0.234275952264
-0.232639274384
-0.232912578718
-0.233237138217
-0.23383447919
-0.235319627294
-0.237149074374
-0.239695768931
-0.239433863872
-0.241535068249
-0.242179231683
-0.24194439759
-0.242392137588
-0.241559276599
-0.241206886381
-0.241654250522
-0.243500876369
-0.244416761429
-0.244195901012
-0.244017787199
-0.242444259529
-0.241795680536
-0.240918786038
-0.239557401106
-0.243129887658
-0.244914199102
-0.246630264769
-0.246859917366
-0.24735235515
-0.24804830123
-0.249835345628
-0.251344839837
-0.253118633324
-0.253623656073
-0.254328764439
-0.251772415357
-0.250543172588
-0.248389710103
-0.245936715412
-0.246079009458
-0.245563101477
-0.246134405845
-0.245480930844
-0.245369929273
-0.244155218136
-0.242762335505
-0.240240793828
-0.239048913488
-0.236564522394
-0.236678676895
-0.235740145768
-0.237085670356
-0.23869825
-0.238433999583
-0.239341874073
-0.239835242969
-0.240091597302
-0.240357590634
-0.240138492992
-0.24197869039
-0.242912537585
-0.245184676112
-0.248525824055
-0.249332637737
-0.249406425792
-0.24805736344
-0.248757203077
-0.247100107959
-0.244997060825
-0.244217330209
-0.244674619362
-0.244296809875
-0.246163431533
-0.247603772236
-0.246752484576
-0.244973479249
-0.241777281513
-0.239439161455
-0.235859864234
-0.233202510356
-0.229549191501
-0.228793253348
-0.228166697641
-0.228090370905
-0.228348386855
-0.227357580989
-0.228464664814
-0.22868901485
-0.229425725048
-0.228936230686
-0.231487481546
-0.231855301476
-0.232417203707
-0.232054022638
-0.232263071374
-0.231065894895
-0.230524356231
-0.230732153055
-0.231247190661
-0.230839235524
-0.229920643323
-0.228437723313
-0.228090157127
-0.226425691873
-0.225015614289
-0.224412161151
-0.224401612913
-0.225697691464
-0.229347852223
-0.232470669484
-0.2349468725
-0.237301133671
-0.238430969663
-0.239664021487
-0.240235737011
-0.241003953707
-0.242483222694
-0.243682309609
-0.24348601386
-0.244720578085
-0.244806996696
-0.244170723873
-0.242090514607
-0.240387759164
-0.239574842345
-0.237099360265
-0.236704569497
-0.236161515731
-0.234236412428
-0.232345022512
-0.229532151597
-0.226916249226
-0.225932885906
-0.223456749616
-0.222796352374
-0.226370078158
-0.227361578787
-0.230047402058
-0.230443276717
-0.231523522213
-0.230306453037
-0.230198386499
-0.229400104078
-0.229769117798
-0.230285540128
-0.230704777275
-0.23152169997
-0.231290649331
-0.230513213828
-0.228193281168
-0.226759771239
-0.226544100714
-0.225906976116
-0.226321739849
-0.227148948593
-0.228408129172
-0.230673340862
-0.230510925875
-0.230581910234
-0.231885823171
-0.230872956533
-0.231036645893
-0.230660809992
-0.231795217108
-0.232011412401
-0.233760966118
-0.235233288755
-0.238183816987
-0.240502546302
-0.242298019221
-0.244438176452
-0.246637122501
-0.248355298395
-0.249795441042
-0.251000914251
-0.252229465183
-0.25065866426
-0.250113221961
-0.249443126588
-0.24707959178
-0.24420566128
-0.240697483765
-0.236176016584
-0.232917985107
-0.221785512969
-0.219784435363
-0.218957587225
-0.218667126448
-0.217032472195
-0.216611047368
-0.217999152648
-0.220644188247
-0.223966655953
-0.229552416535
-0.232313331323
-0.23584468165
-0.237546326519
-0.238177190908
-0.23873913034
-0.238885588226
-0.23870143567
-0.239272438124
-0.240316878938
-0.239622604304
-0.240587134526
-0.239752470596
-0.238608349594
-0.235967682596
-0.235868271952
-0.233078836947
-0.232301219418
-0.231506755285
-0.231077265687
-0.231970411198
-0.232791938104
-0.232259805597
-0.232650201305
-0.232227425393
-0.231268180808
-0.231729558028
-0.231483380884
-0.233858964949
-0.236090340013
-0.238251526475
-0.239544746499
-0.240747627138
-0.241060288258
-0.240762208366
-0.240827234488
-0.243642424873
-0.245267097152
-0.246699301555
-0.250907007671
-0.252702522734
-0.251894894913
-0.249171954326
-0.245140606696
-0.240203737527
-0.236249640897
-0.233826823951
-0.231373822108
-0.231894499999
-0.232251670622
-0.232540508599
-0.231098394192
-0.229572392066
-0.228269197443
-0.226250654626
-0.225122630906
-0.226284171675
-0.227781422198
-0.230293687879
-0.233701686102
-0.235941903674
-0.236710683717
-0.238362912876
-0.237938328755
-0.238493261574
-0.238361303468
-0.239614348764
-0.241522589291
-0.242383933019
-0.241158297306
-0.240211713241
-0.238042136345
-0.234932891259
-0.233775292031
-0.234049336415
-0.233919778737
-0.235637381956
-0.23680991852
-0.237598511393
-0.236330468016
-0.236454272684
-0.234344354953
-0.232417437254
-0.23014298794
-0.228683689296
-0.227380731826
-0.227212452237
-0.230252693032
-0.23126746105
-0.231721776304
-0.231481869075
-0.231768376864
-0.231573102375
-0.232052182255
-0.231068831783
-0.230290956103
-0.23139104951
-0.233367216861
-0.234813253426
-0.238690000399
-0.239309289818
-0.24038990358
-0.240827017095
-0.241420838884
-0.241849538985
-0.24115472595
-0.242015604032
-0.244078832969
-0.244263733441
-0.244744711344
-0.243465583509
-0.241402604339
-0.239153450321
-0.234387073436
-0.231512592858
-0.228829767058
-0.22746729962
-0.226818822868
-0.216552608265
-0.218413616618
-0.220830601855
-0.223700808693
-0.227809954545
-0.230183571437
-0.230130092185
-0.231088520229
-0.232271137884
-0.231828418802
-0.232135818354
-0.234081930401
-0.234749704692
-0.234948870854
-0.234546842742
-0.233949798734
-0.232948693678
-0.231918705679
-0.23092743747
-0.231734380083
-0.233761906518
-0.235896877002
-0.237378303351
-0.238211080694
-0.238925264417
-0.237021983554
-0.236134478327
-0.233473634365
-0.228804475021
-0.230547447709
-0.232563841555
-0.232811207017
-0.232186775622
-0.232341299999
-0.231666301483
-0.231909848421
-0.233386454325
-0.231847027559
-0.233400679032
-0.232465717609
-0.232659161449
-0.232577308277
-0.232478412492
-0.231663524639
-0.230928800727
-0.232379860536
-0.232044889825
-0.231737460731
-0.229133686734
-0.223723358229
-0.228885697063
-0.231794846053
-0.236385183783
-0.23700017826
-0.238148931189
-0.238613995367
-0.239406029745
-0.239715620492
-0.239079625307
-0.2372998359
-0.236451872697
-0.235325474852
-0.23410268817
-0.232679546779
-0.232045504957
-0.231817310723
-0.230378451927
-0.22939829201
-0.22710174758
-0.225691990072
-0.223776231433
-0.22258096872
-0.221639772602
-0.221885387556
-0.221830234726
-0.222716797832
-0.223440262638
-0.225134022876
-0.227453866123
-0.22909625107
-0.233310887103
-0.233194059813
-0.233525931269
-0.232867630143
-0.232123980007
-0.231909318577
-0.232330944543
-0.231290170926
-0.230565157264
-0.227888162368
-0.225805613215
-0.224138899586
-0.223173108838
-0.22141211436
-0.222475224243
-0.223155379974
-0.223367274394
-0.223226509945
-0.222841804629
-0.220693772459
-0.218641733361
-0.215903799732
-0.213404463219
-0.210009031371
-0.207258591171
-0.206589925503
-0.204749270513
-0.203778680984
-0.202779612232
-0.201739383677
-0.201755513123
-0.202731130229
-0.202807237755
-0.203329466475
-0.204886730304
-0.206182647031
-0.20840141298
-0.209323240295
-0.210136238857
-0.210916662547
-0.211122183065
-0.211497096891
-0.211535235382
-0.211098703803
-0.211203289314
-0.209615480641
-0.206127586188
-0.204110540322
-0.200566760873
-0.199408293902
-0.198377899333
-0.198175439414
-0.198666569946
-0.199878442815
-0.201151382182
-0.202392333153
-0.20435349265
-0.207409727477
-0.220556970776
-0.222801172996
-0.225726053104
-0.225515156366
-0.226090529034
-0.225738941004
-0.225040861929
-0.224601180327
-0.223215648809
-0.223334215962
-0.221969625212
-0.22127518184
-0.221371083752
-0.219827183082
-0.21773568444
-0.21633871114
-0.216687219661
-0.216258464573
-0.216691537282
-0.217415640545
-0.217053681846
-0.216862305955
-0.215173220761
-0.214768388953
-0.213392400606
-0.213013709742
-0.213270381292
-0.214634415315
-0.217129827706
-0.217197193286
-0.218003047413
-0.216154882904
-0.216005484748
-0.210479556388
-0.211947412034
-0.21266554132
-0.212788627886
-0.214244395917
-0.213891263038
-0.214212641305
-0.214225156274
-0.213589334343
-0.213506872529
-0.212465477153
-0.213319768755
-0.214028646057
-0.214298328764
-0.216640178443
-0.217960685793
-0.218966752633
-0.218838262649
-0.216727589411
-0.21718754924
-0.215606128099
-0.214801480371
-0.214230486068
-0.213722984194
-0.214883466758
-0.214317382973
-0.21387049861
-0.212470944407
-0.211435642622
-0.208731477961
-0.208491085276
-0.207057406609
-0.209276079885
-0.209817400509
-0.2110960724
-0.212340465595
-0.213593181712
-0.21504211612
-0.220907840892
-0.224065127539
-0.226896427021
-0.229694228829
-0.232330749353
-0.233848149918
-0.236253194856
-0.237872921123
-0.238933152423
-0.240368721256
-0.239439348475
-0.240117994869
-0.240552592381
-0.240261890217
-0.239773257177
-0.238909020588
-0.239377098636
-0.239599203088
-0.239059004285
-0.235431930294
-0.233827453107
-0.232526308853
-0.231452060899
-0.231147639547
-0.229765809935
-0.22919325933
-0.229975018366
-0.229198029022
-0.227457172919
-0.226087653072
-0.225501730487
-0.225735076241
-0.224819716746
-0.225057027822
-0.225822008668
-0.22684878876
-0.228230854052
-0.227951768991
-0.227415254818
-0.226786576085
-0.226837634649
-0.225818826994
-0.225301800775
-0.225240723041
-0.223982968367
-0.22419581346
-0.225098494788
-0.224795718128
-0.225565209867
-0.225411343277
-0.224670356012
-0.224689507194
-0.224020969803
-0.22441296591
-0.224652755136
-0.224683071645
-0.225234018135
-0.22759604958
-0.22894517748
-0.22874648912
-0.229065998898
-0.22885664701
-0.226617254295
-0.218287634994
-0.217288601747
-0.215912022575
-0.214595827307
-0.214034699392
-0.21412795184
-0.213693878369
-0.213104006216
-0.212571849114
-0.211906368326
-0.212495610102
-0.212888330005
-0.21384359425
-0.21464400113
-0.215194577744
-0.215757000519
-0.214605454608
-0.212796224373
-0.213106844179
-0.211956617926
-0.210583518387
-0.212334945835
-0.211051609125
-0.212694911619
-0.224539474153
-0.224966684392
-0.225393893236
-0.224711892783
-0.224947543638
-0.222840003273
-0.222002953884
-0.220524431564
-0.218066485304
-0.217575312845
-0.216069955557
-0.215527509547
-0.214497355924
-0.214535942694
-0.216033818122
-0.216214155276
-0.21623539687
-0.2162199686
-0.215691295669
-0.214289830589
-0.214032190498
-0.212798608662
-0.211841566716
-0.212287445287
-0.212266874828
-0.21305872282
-0.212305039953
-0.210713321312
-0.210368918711
-0.209445844002
-0.209524808817
-0.209310420553
-0.21062668634
-0.212435121761
-0.214065975366
-0.214930285842
-0.215528945728
-0.217292542762
-0.217902327145
-0.219172456836
-0.221160013238
-0.222074560045
-0.222522292384
-0.225375347366
-0.225021329819
-0.226384384017
-0.22637157881
-0.225890240804
-0.22541407234
-0.22603644484
-0.223624288573
-0.223370845214
-0.223060246347
-0.221018392975
-0.221528835346
-0.221796100201
-0.222436682482
-0.222684549161
-0.22276250345
-0.223129164152
-0.221429351758
-0.220916611878
-0.220144721629
-0.218573199474
-0.217242645095
-0.217855210055
-0.217145028553
-0.21652595696
-0.216671465122
-0.214696446276
-0.21258398082
-0.211582899385
-0.210366535177
-0.208641068041
-0.206859480416
-0.207458024715
-0.208522678514
-0.208665360312
-0.206740321112
-0.205729784602
-0.207881183824
-0.208748679834
-0.209873771377
-0.21203233005
-0.211983862826
-0.212378834736
-0.213008117572
-0.214438052101
-0.215371213647
-0.217730038323
-0.218614543695
-0.219397274166
-0.217843462548
-0.217843861525
-0.215799114092
-0.215882747824
-0.215630272542
-0.215164579894
-0.214665539943
-0.214940432744
-0.214908100201
-0.214488474064
-0.214460754427
-0.213555012501
-0.212605976752
-0.211741981323
-0.211080021093
-0.211822234312
-0.212291874202
-0.212929768586
-0.214221645889
-0.216211327488
-0.217958585345
-0.218618806747
-0.219947336266
-0.221555187486
-0.221878916878
-0.22167017034
-0.220652128622
-0.219973891705
-0.218695027433
-0.217686018193
-0.217469427282
-0.216869622456
-0.215666362601
-0.214335023633
-0.21244615409
-0.21220584577
-0.209989510054
-0.209296211327
-0.208010344233
-0.20602261318
-0.204042785565
-0.203204865081
-0.203480848695
-0.203622314313
-0.205018932242
-0.206815934985
-0.208415358854
-0.209977807537
-0.209746850602
-0.209783091719
-0.210216851029
-0.211363389644
-0.211970386086
-0.213679623207
-0.216362245256
-0.217097599103
-0.216707761084
-0.214661214234
-0.211826742072
-0.209498808713
-0.208000434043
-0.20659068602
-0.206097983523
-0.206293780168
-0.206165596923
-0.206379648644
-0.207283993029
-0.207346630119
-0.207633662736
-0.209145059777
-0.211146956953
-0.211175882334
-0.213872506511
-0.216239930862
-0.218844759208
-0.220508971341
-0.22146555925
-0.221835002208
-0.222315808522
-0.220992503458
-0.221213188623
-0.220580995777
-0.219090290034
-0.218233611805
-0.209438273709
-0.209367469982
-0.207681935447
-0.207680893495
-0.207533383374
-0.207927970086
-0.208919747173
-0.208812397772
-0.209494926567
-0.210578225366
-0.211818536905
-0.213472392667
-0.213793721642
-0.215857309003
-0.21790450097
-0.218047935203
-0.217634255349
-0.216950352121
-0.216110596255
-0.216780252845
-0.215383490739
-0.214835701853
-0.21345419642
-0.212836861042
-0.211668742157
-0.210410535126
-0.208908201548
-0.208215920271
-0.20773597907
-0.208626591145
-0.208480625873
-0.208966488619
-0.209092005194
-0.209908852313
-0.210702572654
-0.212093623448
-0.213060828739
-0.21462568382
-0.214597036351
-0.215087987624
-0.215273740598
-0.215003837002
-0.214507346456
-0.214126054715
-0.21332432627
-0.212678945936
-0.212490121128
-0.210163052646
-0.209775239254
-0.208064344523
-0.206652981639
-0.206135049244
-0.205704565306
-0.205321371437
-0.205482514016
-0.204491792516
-0.204654818622
-0.203493615837
-0.206185928356
-0.207816488797
-0.209071316087
-0.212004962929
-0.212334133654
-0.212267441615
-0.211913423136
-0.210666873553
-0.210015160007
-0.207539838095
-0.206865690845
-0.206748503665
-0.20667169671
-0.208163326207
-0.208866492197
-0.209633239077
-0.209301108517
-0.20965779462
-0.209142201752
-0.209445202433
-0.209710857315
-0.209615124369
-0.208247544989
-0.20727308733
-0.208635439181
-0.207948838504
-0.208180595802
-0.207507399267
-0.207595936355
-0.207177233973
-0.206912237831
-0.205969799789
-0.204699894357
-0.203586625151
-0.203117987262
-0.203483883862
-0.203711546108
-0.201828628388
-0.200027474663
-0.199895645431
-0.201295179589
-0.203254486036
-0.205066466875
-0.207376533351
-0.209674414059
-0.209801328481
-0.21116095335
-0.212848348271
-0.214269446481
-0.216355717595
-0.217586119436
-0.218726630408
-0.218124556005
-0.217510768606
-0.215782243423
-0.215738951575
-0.214099521218
-0.212404137451
-0.212402964158
-0.21275691592
-0.211672834046
-0.211280920123
-0.21179718063
-0.21186836874
-0.212361231235
-0.21365009125
-0.213873358034
-0.213207609086
-0.212883774814
-0.211341278167
-0.210993504794
-0.209346281299
-0.208705858949
-0.207294527705
-0.206399494593
-0.204692289012
-0.20178821863
-0.201547330702
-0.200587265554
-0.199647256303
-0.198328115793
-0.197344270804
-0.198203613309
-0.199210842735
-0.19951448663
-0.201695603923
-0.203015533343
-0.204930115331
-0.206610042687
-0.208514416339
-0.209312984262
-0.210089824401
-0.211894129839
-0.213635856083
-0.214211912503
-0.214003478176
-0.213084660488
-0.212502219656
-0.210992592214
-0.209077659167
-0.207475485707
-0.205486540061
-0.20440578023
-0.202836818932
-0.201336287117
-0.200739948077
-0.199989388096
-0.198936519998
-0.198587661564
-0.198630028724
-0.199679136478
-0.201706478923
-0.201837724685
-0.203012088252
-0.201709042403
-0.201142424066
-0.201026885655
-0.200150249241
-0.200226459221
-0.200520973927
-0.199143547282
-0.199812019628
-0.198142153356
-0.196789042988
-0.194941017183
-0.192423759006
-0.190480857716
-0.188186074801
-0.187825455759
-0.187419310274
-0.187269706687
-0.187797778273
-0.187777111046
-0.188807153385
-0.188421474225
-0.18959373097
-0.19061446627
-0.19203815488
-0.192239008898
-0.194595683382
-0.196542154148
-0.197312092035
-0.199050684963
-0.200945920756
-0.20401975337
-0.204343764983
-0.205190581805
-0.20468569943
-0.204908679268
-0.204759216065
-0.205245732738
-0.20462476545
-0.20454804112
-0.205057162222
-0.204134337275
-0.203846309876
-0.204615496556
-0.203229346997
-0.201857250324
-0.199919451704
-0.19918894594
-0.198907681647
-0.197981551278
-0.197286394108
-0.196176480846
-0.195482301752
-0.194142161764
-0.193053407173
-0.192022084263
-0.192015650336
-0.190689972207
-0.190093963957
-0.188661474551
-0.187963395476
-0.186980531481
-0.187758436478
-0.18913374821
-0.190115676997
-0.189251480428
-0.190485838279
-0.191693689091
-0.19387233108
-0.193137977487
-0.19342340233
-0.194222234826
-0.195273469899
-0.195254037218
-0.196651922097
-0.196532685776
-0.196541519904
-0.196495608999
-0.194271209631
-0.193997555917
-0.193631545851
-0.193097362748
-0.19215183427
-0.1913586726
-0.192031597411
-0.19137711094
-0.191226052349
-0.189727279654
-0.188433746207
-0.18752833003
-0.188300088792
-0.18951193212
-0.190545187838
-0.192207993826
-0.192931241454
-0.193511242995
-0.19299110986
-0.193100162872
-0.193373704359
-0.193621259066
-0.193280430243
-0.193648813815
-0.19493242225
-0.195839883983
-0.19641596592
-0.196717041593
-0.195320804756
-0.19393561045
-0.19169122853
-0.189204286862
-0.186758560432
-0.18510475141
-0.183751710389
-0.181988293986
-0.181338115804
-0.17821123171
-0.178033767158
-0.176718957547
-0.175638091173
-0.174243694471
-0.175114910344
-0.174160991941
-0.174445578581
-0.175707139817
-0.177678620457
-0.179584691885
-0.180218856207
-0.181386017002
-0.182863301915
-0.185044975698
-0.186352875169
-0.186521667133
-0.187516643819
-0.189221647048
-0.190547415031
-0.189566481959
-0.188222236263
-0.187129048253
-0.187288318483
-0.186145287138
-0.184750277934
-0.185093618526
-0.183969075175
-0.184496412251
-0.185044786218
-0.184473517578
-0.18506645588
-0.18487292956
-0.184323741885
-0.183534275797
-0.18276286503
-0.183351644462
-0.183527769595
-0.184146011148
-0.184435169846
-0.185288672549
-0.185149426275
-0.184898326891
-0.185784972689
-0.185443149527
-0.185507162286
-0.186872515604
-0.187425749616
-0.188379956154
-0.186559584874
-0.185133231783
-0.184580696079
-0.184731527801
-0.183419999983
-0.182870919155
-0.180614638136
-0.179800834479
-0.178863285073
-0.179125840041
-0.180986391734
-0.180449104111
-0.181601404578
-0.181322304058
-0.180924205323
-0.180280865517
-0.180236599157
-0.179897666176
-0.179928595186
-0.179984808336
-0.18127506546
-0.180247952686
-0.178471829015
-0.178835644535
-0.177492248494
-0.176388736267
-0.175927043286
-0.176087326222
-0.174872301434
-0.172647896085
-0.17231420448
-0.170611040002
-0.169407836813
-0.169494345268
-0.168746218154
-0.168758831276
-0.168674338855
-0.168608058403
-0.167357129268
-0.167864138008
-0.167782239836
-0.167732882259
-0.167824370352
-0.16991441829
-0.171284989864
-0.171673566435
-0.172933475829
-0.172365377689
-0.172709225183
-0.173592720019
-0.173371897827
-0.173833268102
-0.174136970698
-0.174442576796
-0.174588496762
-0.174233712993
-0.174778110413
-0.174516876989
-0.175007575209
-0.174326852467
-0.173757020242
-0.173249165434
-0.172257950092
-0.17219314967
-0.170787309066
-0.171281351728
-0.170089777889
-0.16804405283
-0.167426262022
-0.167013140635
-0.166464438276
-0.166362968434
-0.165874096561
-0.165172811906
-0.165841233712
-0.166396517591
-0.166447911247
-0.166847901886
-0.167051587021
-0.168580917179
-0.170500957629
-0.170269399349
-0.171037295471
-0.17189215043
-0.173496543743
-0.17558564956
-0.176591866771
-0.178481431805
-0.179409549108
-0.179419210497
-0.179061442126
-0.178929347152
-0.178996690064
-0.178388451483
-0.177052781607
-0.177049707865
-0.176535489861
-0.175107012016
-0.175571057802
-0.17528766233
-0.173781505927
-0.173005063086
-0.172408340595
-0.17127469088
-0.1712221856
-0.17083815236
-0.171773025108
-0.170053001917
-0.169962402566
-0.169972214113
-0.168900988428
-0.168933841447
-0.167694225544
-0.168283069089
-0.167651228982
-0.168668688469
-0.169554027741
-0.170545818614
-0.171724467146
-0.172188560103
-0.173428718873
-0.174540968293
-0.174901614246
-0.176055594909
-0.176585649914
-0.17717800284
-0.177870251943
-0.178379854921
-0.178137409297
-0.177968765516
-0.176967638057
-0.177394162864
-0.177636523672
-0.177300297188
-0.176251309321
-0.175824852705
-0.175430820803
-0.173834482834
-0.174590080427
-0.175185783551
-0.175328942938
-0.176262336393
-0.175958825451
-0.176584124147
-0.175166100383
-0.17537408382
-0.173246775173
-0.173053358968
-0.172900908296
-0.171296347246
-0.171660658003
-0.169549751913
-0.168281308841
-0.166364765389
-0.164023384034
-0.160978051343
-0.159144253605
-0.157564617326
-0.157234236615
-0.156665952303
-0.157098072618
-0.157453162161
-0.156370594358
-0.15556863474
-0.155662780449
-0.155624943273
-0.156203213783
-0.157126053018
-0.158525409597
-0.159027290438
-0.160698857179
-0.16058131558
-0.162218470378
-0.16289407287
-0.16429521313
-0.164141913017
-0.1652186015
-0.165598068359
-0.166737013043
-0.167420013465
-0.167203484988
-0.167442652167
-0.165383354728
-0.164039386442
-0.163986907216
-0.164578646482
-0.163488180917
-0.163284931657
-0.162601782258
-0.161002490367
-0.159024003851
-0.158305438394
-0.15838187671
-0.158688669005
-0.161549889163
-0.165002001043
-0.166652705114
-0.167523612569
-0.167373235827
-0.166946291774
-0.166738824579
-0.164816294299
-0.164525654128
-0.164046537349
-0.164177489505
-0.16351532953
-0.163014235853
-0.161893918097
-0.160448364382
-0.159885902734
-0.15928567873
-0.158680477924
-0.158632060494
-0.158823727871
-0.158357452028
-0.15839543506
-0.15796345346
-0.157294804785
-0.157711514693
-0.157670637111
-0.157262799239
-0.157105063586
-0.157032697872
-0.157631806036
-0.157155437681
-0.15585866364
-0.155843986576
-0.156768337555
-0.157440739266
-0.157210273775
-0.158480817901
-0.158959940661
-0.160023842745
-0.16064338077
-0.162104372743
-0.163981013626
-0.167180767706
-0.168135083407
-0.168384875095
-0.168810154411
-0.167304711078
-0.168370301018
-0.1678441155
-0.167445823218
-0.167497649695
-0.166249238242
-0.164831227835
-0.162948118453
-0.161838737629
-0.158872182642
-0.15669759465
-0.155008736622
-0.153370536716
-0.15273055695
-0.149610547687
-0.148040836861
-0.146158480376
-0.146253979077
-0.147776766144
-0.150287331573
-0.150771484728
-0.15234438656
-0.153108415297
-0.154248221301
-0.156022599425
-0.156295560066
-0.156849946169
-0.157363871008
-0.156887205187
-0.157403260252
-0.157458295806
-0.157518905646
-0.157364193704
-0.1582533927
-0.158915791008
-0.159610271574
-0.158584190765
-0.158014972925
-0.157639384903
-0.156463281033
-0.154490829026
-0.154442411596
-0.153036498353
-0.153131648617
-0.152748250702
-0.152743694103
-0.15301681918
-0.152359460175
-0.151237940026
-0.152005675707
-0.152053219627
-0.152357155515
-0.152531764457
-0.152920468497
-0.153739134321
-0.154566017031
-0.155252504745
-0.155753629849
-0.15690319357
-0.157641740822
-0.157889746206
-0.157324574281
-0.157552214637
-0.157044191796
-0.156975857901
-0.15733763976
-0.156955521246
-0.154872318825
-0.15403807152
-0.153740740203
-0.151904754106
-0.152161389642
-0.151452285175
-0.150751916899
-0.150736763213
-0.150076544433
-0.150355679967
-0.15080943755
-0.151717566615
-0.151645141098
-0.152455569257
-0.151342023152
-0.151415806905
-0.151579733647
-0.150589840803
-0.149868126074
-0.149488961414
-0.149019050085
-0.149772943636
-0.149121312844
-0.148310943308
-0.148257589629
-0.146627958178
-0.144745406535
-0.143873082201
-0.142541255863
-0.141234344005
-0.140870461759
-0.139953354834
-0.139245129562
-0.137703655335
-0.136517025405
-0.135684532613
-0.136063295456
-0.135255890499
-0.136165444537
-0.135560629804
-0.136438292203
-0.13606290246
-0.135949554801
-0.136016921766
-0.1348675995
-0.134789455453
-0.135021916767
-0.134088159131
-0.133144242748
-0.13269221758
-0.131963066488
-0.132124406631
-0.130379111195
-0.130848175923
-0.130853301713
-0.130988085239
-0.131867525349
-0.131341443751
-0.132165849544
-0.133036599918
-0.132881505909
-0.134552588866
-0.136014765798
-0.13684799427
-0.139229519649
-0.139824026147
-0.140237089639
-0.14017538869
-0.140379055439
-0.13918608668
-0.136697393279
-0.136571581418
-0.135963213167
-0.134967114956
-0.135817981259
-0.134942152777
-0.133851281092
-0.132289282349
-0.13216999097
-0.130776982765
-0.130705423098
-0.131964208059
-0.132362929579
-0.132685634665
-0.134330043944
-0.134179543522
-0.132454016072
-0.132011468588
-0.129813902511
-0.128233105766
-0.127094250937
-0.126311746166
-0.123776971444
-0.122022632078
-0.121535519088
-0.120955787593
-0.120747075627
-0.120852399427
-0.120163920046
-0.119961679633
-0.118904663687
-0.118387829553
-0.119399157027
-0.120169120655
-0.121600169345
-0.122304884486
-0.123844505968
-0.124184917504
-0.12554982044
-0.126411677336
-0.126883049869
-0.128122309625
-0.126874999269
-0.126455702989
-0.12495098183
-0.124807303578
-0.122683536998
-0.122349757227
-0.121617138672
-0.121240122761
-0.118746263029
-0.115263312484
-0.1143561749
-0.110969987147
-0.109851345285
-0.108896106782
-0.106805348624
-0.105698966417
-0.10560495634
-0.10613821446
-0.106940046597
-0.107730651711
-0.110296564667
-0.111241601259
-0.114382247184
-0.118069266386
-0.119333124415
-0.119300795242
-0.118879723154
-0.118882372177
-0.118420036661
-0.117893179576
-0.117244586796
-0.116395735065
-0.115114454408
-0.114479957618
-0.113834711678
-0.113359350195
-0.113347376995
-0.113127982388
-0.111841580244
-0.112394401204
-0.112206498963
-0.11172092011
-0.112595688969
-0.112475005509
-0.111704969175
-0.112276445867
-0.111085766241
-0.110803167044
-0.111097556177
-0.111276269146
-0.111901599269
-0.110976839326
-0.110708227241
-0.110303077708
-0.108421812321
-0.109249341148
-0.107667966686
-0.108834830311
-0.109110848496
-0.110845021113
-0.109614750172
-0.109278334442
-0.10621191003
-0.104040877236
-0.101476041738
-0.0978182232284
-0.0966095077266
-0.0959439076983
-0.0956222625003
-0.0950869211122
-0.0937085418262
-0.0935250491707
-0.0929035268337
-0.0930623719036
-0.093235298674
-0.0939926568404
-0.0940910936514
-0.0953300746128
-0.0955035642957
-0.0959112288996
-0.0973526327991
-0.0979813162657
-0.0991878016996
-0.099466989452
-0.105445406266
-0.104864016947
-0.105052073853
-0.104153350698
-0.103744314521
-0.103174080175
-0.102429965574
-0.100235184365
-0.0985433467419
-0.0969553517404
-0.0955849446129
-0.0958148261936
-0.0947092662205
-0.0946511247715
-0.0938843993313
-0.0930364656699
-0.0919602107361
-0.0911766091712
-0.0906965948299
-0.0917433114389
-0.0928363433104
-0.0940745330235
-0.0946848655793
-0.095960204196
-0.0954670390509
-0.0968195004626
-0.0971507077094
-0.0980379917514
-0.0991289611464
-0.100794514377
-0.101658411801
-0.101892448458
-0.102483348058
-0.101767541525
-0.100596305293
-0.0986858735713
-0.0975602183872
-0.0964775724058
-0.0945949813793
-0.0907548411094
-0.0880384224694
-0.0858462936521
-0.0820417865364
-0.0800049244718
-0.0788170314034
-0.0780679828816
-0.0769427011608
-0.0767467200237
-0.0765253391615
-0.077271420935
-0.0792849786437
-0.0800156042948
-0.0830063852045
-0.08486070411
-0.0872547196492
-0.0890452426785
-0.0902928411688
-0.0906303217564
-0.0923101489859
-0.0925240513453
-0.0933603606858
-0.0951201220591
-0.096139813941
-0.0953916486928
-0.0947866315927
-0.092879959262
-0.0921469567543
-0.0902905896611
-0.0892221266774
-0.0887398634509
-0.0873076833949
-0.0867110250175
-0.0852246125282
-0.085400799653
-0.0837873233902
-0.0837156452104
-0.0833590075269
-0.0824687517559
-0.0819299090679
-0.0810766203983
-0.0807689386923
-0.0811540775478
-0.0813597644194
-0.0820474194456
-0.0837096879653
-0.08387085557
-0.0858713833045
-0.0856668420919
-0.0854535346543
-0.0845693284273
-0.0841674059141
-0.0841547608521
-0.0844319149233
-0.0843992459055
-0.0825119541039
-0.0741213774408
-0.0734536748925
-0.0739570167088
-0.0741156596975
-0.074089923408
-0.0741536296574
-0.0731955974451
-0.0737051129168
-0.0728950431821
-0.0717608291105
-0.0706145779633
-0.0694136861415
-0.069673770324
-0.0700938905276
-0.0722322383356
-0.0741638110811
-0.0764735596857
-0.0770823888154
-0.0788656068231
-0.0794610919072
-0.0793049130658
-0.0795342548511
-0.0796081280179
-0.079664591598
-0.0795978371353
-0.0784049667563
-0.076743188443
-0.0764397139653
-0.0747990076237
-0.0744165670827
-0.0737182062963
-0.0738643600662
-0.0778255465142
-0.0773502911386
-0.0782074638888
-0.079429725793
-0.0800160048984
-0.0808585859005
-0.0824005280103
-0.0836049940518
-0.0845799888748
-0.0847089455038
-0.0846487031464
-0.0831530463337
-0.0822018667975
-0.0802905378091
-0.078875748658
-0.0785325698908
-0.077879830851
-0.078364283151
-0.0787863945798
-0.0791979954066
-0.0788964647461
-0.079198943509
-0.0785872381906
-0.0788190922467
-0.0779305371789
-0.077474254752
-0.0738001680913
-0.0727617756332
-0.0720556019003
-0.0723639666933
-0.0711579958223
-0.0717557760204
-0.0701280376423
-0.0707874484101
-0.0691980668187
-0.0681826245431
-0.0672993976392
-0.066578659101
-0.0657092776776
-0.0660402105878
-0.0667651260975
-0.0683561140397
-0.0694320312501
-0.0717858875311
-0.0730728745186
-0.0760105565314
-0.0779738900662
-0.0803601696669
-0.0848711405278
-0.0854675891732
-0.0856110915257
-0.0842675470058
-0.0814290317662
-0.0801845973706
-0.0775481292932
-0.076405647524
-0.0713321027997
-0.0714953164711
-0.0710692709329
-0.069836310633
-0.0697753847469
-0.0694303679659
-0.0684807881207
-0.0674774525661
-0.0670009848101
-0.0665616978938
-0.0664393196645
-0.0663488573391
-0.0648056792843
-0.0634438333825
-0.06353798363
-0.0621894572804
-0.0624042157168
-0.0617127626543
-0.0607807348022
-0.0620218833973
-0.0632931544414
-0.0634814937862
-0.0627564057281
-0.0630928137973
-0.0639192946902
-0.063255630171
-0.065010339414
-0.064923368615
-0.0669829673209
-0.0683005396341
-0.0689738303153
-0.0699202734939
-0.0698493975695
-0.0691999117463
-0.0672504511802
-0.0701502198926
-0.0719844836288
-0.0732038321647
-0.0747810468236
-0.0745459684267
-0.0758650164695
-0.0763084524817
-0.0774102985061
-0.0777511881401
-0.0777970160543
-0.0778539249313
-0.0781006183171
-0.0780003365786
-0.078616169553
-0.0791141703763
-0.0790697819408
-0.0785822280476
-0.0780028318573
-0.0762839364006
-0.0746994312463
-0.0735457563468
-0.0721176684243
-0.0715733360512
-0.0732787031763
-0.0716430294104
-0.0735453433547
-0.0734113922771
-0.0742260811117
-0.0738789772695
-0.0722140420798
-0.071794270324
-0.0718940854168
-0.0702013082947
-0.0706585399939
-0.0687018880175
-0.0669060525861
-0.06509199832
-0.0641020849891
-0.0628083718426
-0.0614851211105
-0.0620230081036
-0.0621808416951
-0.0635473802683
-0.0638155078426
-0.0649130584734
-0.0659352218672
-0.0663168906362
