1.03401322705
1.03961495867
1.05907627898
0.973819717264
0.994950576365
1.00475895185
1.05808116302
0.986591903837
1.06298399382
1.02215857865
1.02382708411
0.961729020715
1.04146052634
1.0102892894
1.09315528223
1.04276866789
1.06481180105
1.01277577078
0.951221559413
1.02247595491
0.993195560365
0.951121966212
1.01137411901
1.03349158393
0.958064169546
1.03045960898
0.997177323688
1.035291214
0.993981977207
1.00448524804
1.0374414367
0.973602486315
1.03715496643
1.09724607708
1.07531036047
0.992207773945
1.01046675816
1.04338625664
1.05415728918
0.982787793397
0.964811578573
0.965113974187
0.975966172856
0.910604499506
0.940153232822
0.98277276601
0.990132506032
1.07539882821
1.01510581874
1.00493919996
0.996303865455
1.02874411025
0.98777802044
1.05050768864
1.03937228215
1.02825367479
1.04817958435
1.02412839478
1.01463424175
1.035009233
1.01272548954
1.04258403762
0.998581191256
0.988901656553
0.962898920995
1.02517105925
1.05429775624
1.03456224144
1.02285491809
1.04527144787
1.04554763765
0.941898880571
1.02413036268
0.994334381262
1.0158770234
1.0240363601
1.03626709034
1.02535887085
1.02558525862
0.966232377135
1.02076594083
1.00793718617
1.00889159489
1.07117013565
1.05988486222
1.00640162629
1.01461780321
1.01634566025
0.986895377983
1.02634399159
1.00553513061
1.00607852405
0.967025057849
1.00635930517
1.04085939989
1.07323872658
1.03975741463
1.09039323085
1.07918470228
1.06486407531
1.06519660166
1.0609722121
1.10535550412
1.06778796588
1.03319352321
1.05566691383
1.02587209473
1.03521412423
1.09339606795
1.05055048336
1.05837261652
1.06981688209
1.01542305476
0.99699981054
1.02674064096
1.04977904608
1.00069782059
0.969806535592
1.01125267081
1.06007610591
1.06138182456
1.08317404955
1.01956967432
1.01949526065
1.03299785731
1.10790880093
1.07606876259
1.10679056408
1.06647784345
1.07620398525
1.0692144066
1.08971234868
1.06859127724
1.12047854146
1.03697998815
1.05945909819
1.05016590846
1.13232628703
1.05933276878
1.06847387531
1.13164853372
1.08937468655
1.06981205006
1.14030519419
1.06991426721
1.09687600876
1.08824357361
1.05369354761
1.09212612791
1.11191076165
1.05767294946
1.0971538627
1.02322508622
1.02478421786
1.05669087094
1.0658916926
1.02598504919
1.02673275732
1.02613011437
1.02466619853
1.06509531757
1.12653549152
1.05346225096
1.04423002715
1.08886500214
1.12601920931
1.06346882193
1.08764874364
1.11635178341
1.07657543163
1.07469434266
1.04488974247
1.07553632174
1.07501212266
1.03518020864
1.07622716902
1.05827830171
1.05904441627
1.11172057186
1.07918277304
1.04498770726
1.06224777304
1.04129275256
1.01854852539
1.0518786582
0.994958223725
1.05852915107
1.06775815322
0.986795233975
1.02967094977
1.03950214285
0.978463984445
0.980853281921
1.00300094635
1.04770907062
0.994587370714
0.990742215049
0.980213917382
1.04277852026
1.04163450242
1.08278602782
1.04342935745
1.05428329973
1.0780975869
1.04681898108
1.07907663493
1.02787941647
1.09966904569
1.03599636374
0.958846318911
1.0088337584
1.06932368737
1.06522780015
1.07445551026
1.10650514151
1.03420988313
1.03830255527
1.01858143306
0.972024225705
0.980742647046
0.98366141803
1.05619287246
1.04937911707
1.04785712763
1.03590135656
1.05841394169
1.04598595559
0.976930966464
1.00109345759
1.06391552809
1.08439345643
1.04050011363
1.11100877187
1.01290045115
1.02891059433
1.07747710625
0.990104585315
1.0176905979
1.03534740479
1.00490929692
1.01532645652
0.988398346984
1.04128102649
1.05638442381
0.973894699761
1.14042752632
1.08823907267
1.09629370805
1.05318595613
1.08289928914
1.07100892543
1.05269022608
1.06547457585
1.0610761527
1.03321641781
1.06635477305
1.04463071849
1.04266020849
1.06607038275
1.01260105363
1.08913965964
1.05784349396
1.06847297151
1.06967088285
0.974358415581
1.03592812043
0.962250643204
1.10712404777
1.02431027939
1.04390201404
1.04638736686
1.01605087073
1.08977910139
1.06881541478
1.0666830611
1.06802433481
1.02457061537
1.03761435627
1.02345814758
0.953038547287
1.00595498385
1.02984431615
1.00799150929
0.997839952589
1.03942369961
1.05003314981
1.04450088019
1.05680555191
1.04768651894
1.06852310181
1.03742789288
1.02576048135
1.09532122889
1.02811125857
1.02650646849
1.03395701663
1.03256505748
1.06386587268
1.04461086188
1.05193316414
0.996741038734
0.975265833018
0.982406579989
1.02330274217
1.03176448808
1.02093714619
1.06563345065
1.06053956445
1.01671279133
0.99941349682
1.03194807399
1.03100179779
1.00904562197
1.10186214251
1.03671980466
1.07717389615
1.12349303357
1.05410103207
1.0881002722
1.07905185651
1.10097892715
1.10714440231
1.09423214958
1.08050360359
1.15493987521
1.05056681592
1.12465257256
1.09260295871
1.04173680215
1.08005491363
1.08891134086
1.03566761814
1.08522323366
1.06190052363
1.04426548112
1.05580614544
1.09639710862
1.07806797509
1.07709478982
1.07950778832
1.13267385508
1.15515539183
1.0630517579
1.10243215649
1.16407953088
1.04604852929
1.11781111313
1.07479242573
1.06660207487
1.01612230407
1.03688462975
1.05883215256
1.08026609036
1.10134137363
1.02066362604
1.08440821029
1.09106519034
1.06252755226
1.09417468494
1.07483460607
1.10465618482
1.16562532669
1.09158860004
1.08241065345
1.05013224529
1.07142155636
1.01350889625
1.04552423303
1.11216965402
1.00649734658
1.01732743794
1.14308591146
1.06835223012
1.06690104209
1.02413900292
1.01043500453
1.06934789528
1.08268618672
1.04866167857
1.09130572514
1.0277736972
1.02574607861
1.00486038764
1.09296943036
1.07278691335
0.985341695163
1.0589395934
1.04951171448
1.00985105478
1.0525056502
1.10367758752
1.05386912016
1.01826137302
1.12577554345
1.08056952325
1.08158221219
1.09123148643
1.09232017619
1.19844509567
1.17932230658
1.23183016112
1.15965739499
1.1403807289
1.11839356217
1.06538600833
1.1499540908
1.14699851398
1.08162012341
1.09130673054
1.06949448525
1.16221052962
1.12048346807
1.11734123586
1.13804685762
1.06307877165
1.08469378172
1.09652088207
1.06346498455
1.10354604954
1.07922883485
1.10931491942
1.16115799621
1.11992391056
1.08196699873
1.12325123589
1.09436962867
1.09714542102
1.02563976738
1.12260601392
1.09342036298
1.13510167762
1.09216542777
1.07479918966
1.18552204521
1.08192483376
1.09306024681
1.15569644985
1.09428975099
1.14943094353
1.04269963515
1.10228338387
1.14903585297
1.07727730636
1.14037719459
1.13436281319
1.1250945959
1.10762286808
1.14765935108
1.15705582083
1.10300800837
1.13324060896
1.13424971973
1.11503964396
1.17519372943
1.17676180214
1.10936546497
1.0797206763
1.1164903549
1.08243920559
1.10219605338
0.986945520854
1.09462978053
1.03477403296
1.06689028171
1.12838690527
1.14764447203
1.10281994231
1.06930191955
1.17330079003
1.06939218322
1.10242760793
1.03935796657
1.13465204101
1.10252265368
1.09076781918
1.19440055192
1.23524273902
1.07846796329
1.12983569156
1.04877958866
1.07072841664
1.03099064854
1.04142782892
1.02127060712
1.04172355646
1.10275884317
1.14003625809
1.16812558223
1.15380337515
1.1416514899
1.14280535668
1.06305350095
1.02674444891
1.05211463903
1.09681412436
1.07868718241
1.11032282462
1.11905903031
1.12592102877
1.14441359869
1.16363259538
1.09550254946
1.07732613863
1.06025379959
1.04474564564
1.00689296248
1.05884236854
1.08990924052
1.16024492803
1.19737565686
1.16427473939
1.1934978553
1.14029783422
1.08065982188
1.1136067195
1.04581227638
1.1504906508
1.12228042813
1.18404433724
1.15106240839
1.14936769054
1.12353511384
1.14069786644
1.11661110119
1.1047075208
1.0839526485
1.13912034197
1.16251829864
1.13204862513
1.11359395157
1.03769914456
1.09489609815
1.06321100435
1.14784069125
1.11664001323
1.17118009833
1.22245946581
1.16066864058
1.15043544556
1.15137192706
1.12249613169
1.07813283982
1.09121385218
1.12792592281
1.14728107736
1.13285719758
1.1806701825
1.1599758241
1.12106693682
1.09170084931
1.08991304607
1.18649539497
1.23665646479
1.16642682738
1.1434623703
1.08966418148
1.19702549391
1.17460930003
1.10086675442
1.1005876897
1.19155258678
1.16168597401
1.13408606822
1.14484057
1.12671526256
1.13388915576
1.10405192706
1.11226523228
1.15643639282
1.15674652331
1.13849822378
1.13083121136
1.15317633546
1.12805154281
1.12829468892
1.08707580164
1.12696676088
1.15343646669
1.16822415092
1.18494921679
1.17973754708
1.13704738301
1.17031210142
1.13941762196
1.05968462469
1.09449870067
1.08346720758
1.13465389126
1.16405138795
1.20452966015
1.16137410151
1.14911153069
1.19961630113
1.11799390528
1.17053493325
1.17291731476
1.08872253372
1.19451128037
1.1716472626
1.09604204149
1.16626951046
1.13428152119
1.08620665748
1.12260498978
1.13481168967
1.10607311548
1.13683162776
1.13638416041
1.15807138193
1.19615617229
1.17229006179
1.17202302819
1.07503659738
1.09495737538
1.05252021306
1.1013009158
1.10095859476
1.18349377766
1.14183445466
1.14982183727
1.13823047438
1.07412963557
1.08535806222
1.07378268563
1.0613777991
1.15383967941
1.08048450244
1.12717861659
1.17155741554
1.19299501999
1.12020454882
1.10105164915
1.12944659713
1.14299569881
1.18187477765
1.15128534777
1.09656222277
1.14006174398
1.15206858422
1.16439813287
1.09109897016
1.10080189016
1.05947664643
1.15354668133
1.15478670013
1.14811817475
1.17851835203
1.16962364046
1.21124295613
1.1506276192
1.13877958745
1.08628068757
1.13742478456
1.13732630252
1.15675909285
1.18738202548
1.06356018956
1.06350052178
1.1624458991
1.06879675133
1.14076535221
1.16199018013
1.13504527147
1.1776153428
1.16132523408
1.14661284533
1.18888784825
1.21688065142
1.19609132116
1.11114361899
1.13209866666
1.17368038153
1.12297596657
1.14655409848
1.20034297184
1.22389591108
1.15061710505
1.19357453096
1.14950183507
1.15088688529
1.1619994265
1.1398883396
1.12980325701
1.08749034308
1.14428606999
1.208053781
1.17808961916
1.22449015853
1.21126069737
1.17423965305
1.20604428962
1.22192945531
1.13701727349
1.2116076192
1.25588831002
1.23986752999
1.25304289536
1.21540145034
1.23649504548
1.25716367775
1.23089212977
1.16489012682
1.18386607947
1.20242158952
1.1609754332
1.21804103445
1.18662312747
1.13972174665
1.19215531023
1.20354488078
1.18404553484
1.20566380078
1.17393408815
1.18260243915
1.22075621932
1.27270711702
1.14583535174
1.22145521975
1.15946957896
1.1803022299
1.23332505012
1.2189970377
1.15957234681
1.18329892295
1.19634477101
1.17356870327
1.17213252949
1.20131681383
1.21761000743
1.18204706054
1.25308138446
1.24269394697
1.32384973108
1.33400189861
1.33300458748
1.25157302481
1.25259567194
1.24173166051
1.22151650844
1.20025742408
1.28086577109
1.2729936136
1.16317677038
1.2032215782
1.19248752859
1.18344407113
1.23570600995
1.14359519169
1.21531693902
1.20349641124
1.2550151486
1.20382162398
1.23421126648
1.2953912956
1.32892801989
1.34636579997
1.30391869354
1.26917620032
1.24731524077
1.22959257314
1.22217907415
1.23986767394
1.3129229465
1.27885293215
1.26073899952
1.27316871563
1.28571977526
1.27663714345
1.24998889035
1.26396396759
1.24508170179
1.22758645003
1.21682536865
1.25068638012
1.27781558269
1.33700573312
1.31297854671
1.30144769772
1.29034225659
1.31080177193
1.28990823041
1.30191141057
1.26141153091
1.24200246223
1.30505686442
1.26719104925
1.28155566592
1.30486913274
1.28556880643
1.25888664638
1.30790701457
1.32867006018
1.35544699713
1.39594427957
1.35290800511
1.37686171615
1.2503384609
1.35176875355
1.36042399973
1.28888144721
1.31417661337
1.28758897414
1.23512004573
1.25454765667
1.29593426041
1.22395072625
1.27655609825
1.28598773499
1.33925470013
1.45384752077
1.37029953326
1.3161330092
1.3156791323
1.33331721703
1.28041581535
1.31698241265
1.36959967525
1.43345236191
1.4744727355
1.41137733331
1.33563092879
1.40750668237
1.40392682748
1.42483943133
1.34371595999
1.33355706297
1.40515951955
1.35374007982
1.38470696143
1.34359260543
1.3667920353
1.42195694245
1.33888428706
1.28713435266
1.34223340351
1.29114441016
1.33370264106
1.33376553706
1.31208602369
1.42175362874
1.34864280098
1.3389664612
1.40488298485
1.4081201009
1.35603426205
1.36954550468
1.31778533762
1.3918182271
1.37230416856
1.45584962454
1.44681672953
1.45596710646
1.43635163656
1.37385230475
1.35383648101
1.45919881441
1.44833559469
1.44790001513
1.4832932079
1.40274565888
1.38410331497
1.40055852324
1.40771047215
1.32682492687
1.36742906942
1.33922669777
1.368806681
1.38141124352
1.40935583838
1.39776944075
1.4088782403
1.38969672874
1.41448827954
1.43986699997
1.40929029394
1.42293783307
1.42150868437
1.45700150409
1.47179001427
1.47576163799
1.48780240534
1.389891145
1.40368798411
1.41563804937
1.46859906791
1.39523491184
1.41245435476
1.46371133349
1.43304436332
1.49587461417
1.47999226485
1.47785017088
1.56152434493
1.4994957637
1.48999792339
1.46069800792
1.48292863648
1.41073222371
1.51685447302
1.47633426389
1.49968110681
1.52193335643
1.44797216496
1.49060016656
1.40855119397
1.40749333471
1.4668474329
1.50593163175
1.48409856369
1.55550827062
1.45769106266
1.36838124546
1.42404982973
1.36932917878
1.40805587229
1.44646059486
1.43448480348
1.41202251319
1.40408989405
1.43527622731
1.44547758175
1.41552394057
1.480657639
1.55795463125
1.49093926464
1.51457051849
1.50663916374
1.52436163625
1.46803277206
1.55018817177
1.50833058284
1.47375665153
1.41976207849
1.44227098994
1.47149212794
1.46139215063
1.47330582081
1.46856648179
1.5185821496
1.48601699624
1.48656487618
1.45471554957
1.45600049329
1.40502643438
1.43225460525
1.46197306045
1.38951997225
1.41772251396
1.47051396708
1.48222124964
1.44115151246
1.41217629675
1.41294064708
1.43504831074
1.39538030677
1.4059374028
1.46020163828
1.49050655517
1.51313585492
1.50219283453
1.5434942611
1.50367432382
1.50553334627
1.49283163131
1.48457271547
1.47398377887
1.52402765437
1.49017843107
1.46527500211
1.5010412692
1.40154100293
1.42866735121
1.45524833795
1.35913725031
1.41949036244
1.3755606316
1.45067977121
1.43868360252
1.46149480751
1.4975797675
1.44999024426
1.45953337336
1.45231328123
1.50659962402
1.49664865394
1.41777466213
1.49261654138
1.44148221189
1.50426733322
1.51338679806
1.53438762687
1.55416155529
1.47214577628
1.46234485726
1.47356276226
1.52561016734
1.5247199462
1.54348841034
1.52912329381
1.48396826989
1.4687022541
1.51215774434
1.52948248348
1.48820755475
1.42586033334
1.44887870456
1.44983553617
1.51641808179
1.48152316243
1.51725642844
1.50483754222
1.56805347235
1.50746185005
1.48748730782
1.50696421055
1.49866191584
1.46217073625
1.53735501813
1.50587825942
1.49554049281
1.49523034871
1.53904688919
1.55031580896
1.54765066462
1.55636200651
1.46805799652
1.48030020363
1.54262710213
1.46091040813
1.50734932256
1.49536660161
1.55329199609
1.55099751677
1.48293844759
1.49272548043
1.52398992823
1.52185523325
1.49234043408
1.52834907705
1.50759010933
1.53743168823
1.62187596626
1.51480829436
1.57876281065
1.51118433899
1.59742392455
1.56747104456
1.60421909689
1.62810362742
1.57593193867
1.57517813673
1.54217249982
1.54204744839
1.4908527277
1.56562844819
1.58401038371
1.57336734932
1.58114996521
1.56975071302
1.54801860081
1.54929006256
1.52652510433
1.51474509732
1.53746603818
1.54854797601
1.51757655792
1.52473245591
1.48422688403
1.5300739336
1.62216730065
1.57091612726
1.57845165808
1.51474063082
1.52564309667
1.5162556907
1.48920036786
1.54318807062
1.54638221201
1.5581324584
1.52654484361
1.59849606453
1.6276157299
1.60107463301
1.61158241708
1.62127222523
1.61310597959
1.58568873321
1.5661775262
1.56892436326
1.59817451094
1.57207423776
1.6000080229
1.63516828909
1.58901071384
1.54856160121
1.5055047746
1.50141121455
1.48232635505
1.5673148731
1.59706743484
1.54742823786
1.65557504814
1.67956918175
1.6661242001
1.61946732119
1.55324370024
1.61008073215
1.56214230124
1.64836713722
1.61271477601
1.67189069031
1.64065040917
1.59551864127
1.59609966973
1.66689282081
1.63465009744
1.61372984409
1.60081535915
1.59983165925
1.60437048867
1.61743340267
1.55436180617
1.58944895028
1.56163332337
1.57624766132
1.62551244014
1.59202445074
1.50893546888
1.5423609235
1.51247630589
1.50411636242
1.62887415326
1.59381254721
1.56810658845
1.61824263754
1.56635035366
1.59090319277
1.63748937738
1.63318440579
1.60352569016
1.5446114872
1.6403966145
1.63047988726
1.65049893921
1.64996814693
1.69140433101
1.66395269188
1.67553382212
1.70144441129
1.68268776038
1.71612200619
1.62338998911
1.62265826729
1.62537800457
1.64807439782
1.63024606167
1.60729798545
1.59853559456
1.61067067366
1.6598189992
1.64748406703
1.6256023255
1.57793869273
1.61076137466
1.62686727106
1.61783198738
1.58854311738
1.64213415359
1.60209649467
1.61600401982
1.63784285893
1.62790905809
1.65744260662
1.65508420107
1.70580334879
1.63963595775
1.72319244134
1.67292875064
1.68717522481
1.69060070563
1.75438933397
1.68021630379
1.68827878315
1.75778108973
1.68447331528
1.68100941428
1.72363507504
1.74243381324
1.69343807456
1.70263729548
1.70551320438
1.66066382491
1.67154146821
1.66966820307
1.73191456033
1.74157470337
1.69162029397
1.71234125931
1.73059414315
1.65530680805
1.81736819854
1.7537228641
1.70120312786
1.71374234049
1.6683541673
1.67467840536
1.67757554825
1.74514996052
1.75622312967
1.77345819581
1.69583629952
1.70238827611
1.69307299267
1.76479508293
1.74614924732
1.70605398699
1.6774200663
1.70145913394
1.74143111364
1.7095052798
1.74314164008
1.71865524795
1.70574956123
1.79082964859
1.74895459531
1.76253278154
1.82750109892
1.70143537363
1.77988580829
1.78083445955
1.6858610715
1.69755368273
1.75915206793
1.73956529198
1.75996466735
1.76155804183
1.83156421098
1.71294288562
1.78460494501
1.71698473097
1.83271141777
1.79101727982
1.82307266472
1.81307883302
1.80292200893
1.77507408071
1.74715748545
1.73765388769
1.80203783928
1.78725945312
1.77777381633
1.77983259944
1.80332774279
1.83419368523
1.77997344649
1.79997329705
1.78818175832
1.83891290292
1.78874322183
1.81846567301
1.82648078408
1.81602328079
1.81526419786
1.80380733769
1.82349591608
1.80277862441
1.83246348183
1.80261489193
1.7834615407
1.74979276758
1.73982882898
1.83353071141
1.81397290388
1.76973958791
1.85254146804
1.76449233548
1.76613598417
1.85222153582
1.81373059337
1.80144257089
1.79752650941
1.88125832566
1.85059461138
1.87246451247
1.89412851876
1.85335372073
1.80606779575
1.82539920848
1.81635782442
1.77394546448
1.7854632021
1.80174182034
1.83147680864
1.82619642405
1.8423749633
1.8020033225
1.81119883551
1.76221686687
1.78798380514
1.73324364474
1.7837244849
1.80949367601
1.80193729846
1.88430756171
1.86908600876
1.8570091827
1.99527509404
1.84324406668
1.87633149562
1.86699763287
1.84066849213
1.84327602803
1.80970008813
1.80346096905
1.85077352114
1.83511458782
1.89467702419
1.91419114414
1.8633951805
1.80312479226
1.8272029528
1.8278992493
1.8378309598
1.74716259559
1.84945087378
1.81912465813
1.85028758546
1.84242687519
1.83182591403
1.85566509482
1.85657899636
1.85618638048
1.84296518662
1.8390915141
1.83731334862
1.9201016719
1.93986500688
1.8891217197
1.94070382572
1.84972864817
1.83137459805
1.87624284301
1.83918978419
1.82832900097
1.89047898715
1.95423096659
1.91344099081
1.94131504721
1.85725887136
1.81346720782
1.8618380032
1.86844844748
1.84561928105
1.90611404555
1.85319306809
1.94274076353
1.89356507688
1.9136445205
1.86260626042
1.94554214711
1.94794608184
1.91081946559
1.96341271143
1.82306266786
1.9162093467
1.88474895525
1.94358785014
1.8891915316
1.9093115976
1.93502959884
1.87388144406
1.84071233554
1.83851421371
1.87824795161
1.91881028883
1.96242871327
1.98851506651
1.95069299377
1.92333407267
1.90228996049
1.95124779624
1.95142020236
1.99035072429
1.95803020868
1.95373497249
1.9132719465
1.87068682668
1.89349111571
1.90190179902
1.88189092038
1.85021880166
1.90175145942
1.9214195514
1.94030808108
1.9279457742
1.97931497395
1.91876705329
1.90173462654
1.89540201311
1.91013359013
1.89375940936
1.97167779819
1.93681023994
1.90077535311
1.95911281212
1.99859612763
1.94560729595
1.97131983431
1.97415371765
2.00798391664
2.0191425651
1.99449765958
1.8838015614
1.962593377
1.93850776703
1.94622872031
1.98807364286
1.96142078806
1.96605354351
2.05146332356
2.00232493556
2.06718616295
2.00557959084
1.97025697979
1.85837164524
1.91042929704
2.01249215205
1.99074936126
1.91132720082
1.90146532245
1.91547049009
2.00014888468
2.03030800286
2.02858990675
2.07719434223
2.01347343181
2.00247619516
1.91980714903
1.94462253012
1.86384997796
1.92877413511
1.92728852714
1.93503588631
2.00725072615
2.02388306743
2.021516193
2.07332664786
2.08683790362
1.95656825454
1.96203258308
1.98376235002
1.96525458876
2.05524383701
2.0631588517
2.10336411497
2.09927960302
2.07433933399
2.00963260994
1.97470713456
1.99054863377
1.96052274033
2.01295060465
1.95381837792
1.9985396478
1.97161026028
2.00441525618
2.0265240756
2.03855497828
2.06928452215
2.08572647618
2.04294060672
2.04732923565
2.05560131069
1.95871956056
2.05242920112
2.01984205565
1.98924538
2.01447130647
2.02830978742
2.05052860275
2.06847091109
2.08813901714
2.0026661987
2.10555859132
2.06420517412
2.02150685034
2.05574563791
1.98492931667
2.0456650137
2.09767524938
2.10836042546
2.10884987101
2.06431914532
2.07386514611
2.03071001887
2.02668604098
2.0143626199
2.03144852892
2.09301504587
2.08191600023
2.04443303343
2.10465383144
2.09699704557
2.05673449709
2.03476083296
2.04590711763
2.03575434162
2.04586091213
2.05525703238
2.0979185433
2.0384692837
2.03927905864
2.09630212807
2.07411842936
2.10399202593
1.99655015163
2.06809079571
2.12032490123
2.09917932297
2.04548905713
2.06769933558
2.03637083604
2.03583398798
2.03750133769
2.1304326944
2.06022303271
2.14194135464
2.13366676824
2.10049522645
2.11237498312
2.05272303022
2.05320064893
2.06261515499
2.04165019696
2.05209265177
2.0814432186
2.08353217323
2.07236950114
2.04153208212
2.10217074995
2.06144654842
2.04993569254
2.05922643495
2.05989409846
2.03093166803
2.13800866899
2.10330459595
2.04998437304
2.06008613475
2.06015722469
2.13343267278
2.08304942999
2.14710160237
2.13841073986
2.09874522401
2.10970897854
2.17154061964
2.14936874777
2.04435330611
2.0744870883
2.13518501924
2.13591751538
2.07553098636
2.10684603769
2.15862013171
2.10556023072
2.12541420375
2.11592901899
2.10647044117
2.09296176857
2.09731682899
2.08590397917
2.12606636019
2.04460292272
2.09325889679
1.99760858139
2.0398015308
2.05559020165
2.13223006564
2.06623796403
2.11221489889
2.15714768092
2.18179942034
2.19454326339
2.21784919493
2.2814503621
2.18580808794
2.1809631276
2.16294166067
2.15836168818
2.10821278416
2.1569194096
2.11132924454
2.11779770009
2.07205651614
2.06436979914
2.07900324084
2.10482225413
2.11891478656
2.0904550592
2.16772982847
2.22167109654
2.20559006349
2.15533339082
2.17722171851
2.15567214681
2.14682642443
2.17643200452
2.20518200791
2.22161882334
2.15394231353
2.14910130181
2.15647627397
2.07474035842
2.1059503791
2.13650829118
2.1394147561
2.18305688859
2.10306307278
2.14619977999
2.12664283263
2.0863268838
2.09702261529
2.12725072282
2.14635010599
2.1662217177
2.18382777116
2.17297432827
2.16429367825
2.19510199208
2.21479054984
2.19612954305
2.1443925842
2.15544790805
2.12444986238
2.17764491819
2.24784995755
2.23060623887
2.18058622132
2.18880932076
2.13789770582
2.09501350098
2.19988056031
2.09572321068
2.18667757296
2.15165938658
2.1722129045
2.17043778827
2.19107916103
2.1256100369
2.12580615764
2.08327980811
2.10302844836
2.15626674675
2.19838526186
2.23007654774
2.15915757091
2.23417277743
2.134109122
2.21989752526
2.25358057255
2.23137647258
2.23215719719
2.21957552058
2.16669827899
2.16708961641
2.12714791734
2.14870893872
2.1877446412
2.1741384624
2.1419093662
2.2138117
2.17131881899
2.19154920367
2.14914408855
2.10354856748
2.19043206067
2.1613224987
2.19528575894
2.18488540503
2.21825636731
2.2318749174
2.2425975514
2.19082904754
2.19124580287
2.21566672944
2.13480353266
2.17480212681
2.18373941146
2.1539651055
2.15097523801
2.15060376443
2.13675520025
2.20018392052
2.17836554718
2.14812382139
2.1105018898
2.20405058419
2.18194865249
2.18571728076
2.15420734207
2.19780502579
2.24092781963
2.15475529
2.2213665747
2.21702922402
2.19266053549
2.10615658698
2.12666283868
2.19045599385
2.1818191813
2.18113075645
2.17275894534
2.19987393241
2.24216619305
2.29346062964
2.15688424156
2.21378215139
2.19298397556
2.12372711528
2.09479809897
2.12777635415
2.18199735361
2.15319292968
2.20731418652
2.19610975646
2.18552879592
2.22603588664
2.24083268627
2.2093878291
2.19377740574
2.21481683839
2.25405312046
2.23170081201
2.18891223769
2.1976420268
2.18638172581
2.21603588433
2.18413578413
2.22596390099
2.23960167965
2.23144392354
2.15094181075
2.23851651201
2.19689873843
2.21217437135
2.27493797369
2.20334734394
2.2138253402
2.26550543821
2.22141582476
2.22238619962
2.21097882147
2.21052827533
2.18626586871
2.15443404448
2.17374317323
2.16091961489
2.19727460453
2.21485782371
2.18165890675
2.20330783033
2.23586569728
2.15269774727
2.17488511262
2.18686253898
2.23030486345
2.22144682189
2.245052967
2.21420251851
2.24580436287
2.21603528397
2.21755182892
2.19785346288
2.24006070661
2.20086424114
2.23298322529
2.2154581379
2.24443319669
2.22346790933
2.23954511224
2.30853353169
2.32659514437
2.24098848286
2.19657752057
2.19457806888
2.21480641438
2.17495049018
2.21826295442
2.21829852307
2.23245565122
2.13912222458
2.2146859561
2.22359824815
2.23890492289
2.19822693437
2.26268885718
2.23201164733
2.27061855679
2.24246709785
2.26786153444
2.25756753699
2.16062001261
2.19024035969
2.16668517464
2.17615691823
2.26936046448
2.20539410776
2.17245473839
2.13058452767
2.16206787301
2.21245523495
2.21618912329
2.19599140134
2.23932303977
2.2550530696
2.26747124742
2.25762690873
2.24879256819
2.18400693741
2.24474858358
2.24464886815
2.28314183309
2.32320172202
2.26801737229
2.25640403792
2.23475377213
2.19922381676
2.19680186312
2.25940858706
2.30920519383
2.35935321964
2.35706849423
2.33277776425
2.31111043423
2.28916177631
2.29921562252
2.24677517017
2.2365469404
2.27901410841
2.30941689652
2.33273228638
2.35204267951
2.3189394137
2.35742509531
2.31489842302
2.30099058917
2.32997516067
2.30756888417
2.27143288268
2.37826233998
2.31399287782
2.41733971852
2.38551198624
2.39149497252
2.43235157941
2.4074255911
2.37323228957
2.296772454
2.34056086332
2.32899813249
2.30653919265
2.35749496782
2.34805240074
2.38185968663
2.4003541378
2.37011494401
2.40455464753
2.37422616445
2.39420631747
2.3619085275
2.37192383786
2.46726036315
2.41498529889
2.43825985271
2.38029702046
2.42483241585
2.29908879731
2.2877672006
2.31856746335
2.33602479811
2.39959122536
2.363761459
2.46622987162
2.45294501724
2.46063731783
2.42693170464
2.39325810912
2.28261615132
2.35846001844
2.30817442471
2.35602195408
2.41334233819
2.38390872579
2.38195525576
2.3669865617
2.39375294371
2.38430987343
2.3918583934
2.2674792774
2.34274254745
2.35506724604
2.33603666574
2.38025327105
2.37952810164
2.41726353933
2.40598597405
2.35135589641
2.36863344716
2.37798735789
2.39742423314
2.35792782641
2.34003816781
2.31017402957
2.31675076952
2.33980557921
2.30215628652
2.3262548922
2.27299846935
2.34455051543
2.35982523638
2.3899258864
2.34543021638
2.38685297991
2.35586741036
2.28464409424
2.33700835932
2.30689250387
2.26310049038
2.28362534154
2.37870943888
2.34090853516
2.36250057117
2.44517163585
2.39281720626
2.41547385399
2.4148111698
2.36282287137
2.41837700926
2.25297221424
2.35220747906
2.27062570606
2.29326620775
2.27204221938
2.30602711997
2.31456064548
2.34008831385
2.38789366991
2.42640305958
2.34223415852
2.2896364642
2.31205922362
2.29146284361
2.29182241533
2.30227626511
2.3548781091
2.38737955411
2.36908167049
2.29542001655
2.29499875502
2.36508932556
2.39703844262
2.37469828377
2.30353229412
2.3566743507
2.35137381507
2.33119556007
2.35326898746
2.38333871837
2.43270433415
2.43940346949
2.35323576226
2.41002404125
2.41608293941
2.3290139764
2.32975848303
2.35885908987
2.31743716589
2.3450160328
2.41773634908
2.32828554917
2.32877017935
2.43122179988
2.40925089881
2.38700876665
2.3950164656
2.38563345063
2.39804349592
2.37493644116
2.39639466128
2.4378089217
2.39724820538
2.40519025185
2.40064497423
2.33550758851
2.33373233599
2.27023908475
2.35604108566
2.34833693103
2.38994889934
2.38863984993
2.31671508652
2.35884343712
2.35027346656
2.35344966714
2.31840789341
2.34240965582
2.29230575268
2.36180229248
2.47375946805
2.35203577771
2.30401049324
2.32296202447
2.32289588619
2.29527240817
2.3351156031
2.32448287624
2.34825214957
2.40671431005
2.40113693401
2.40653953689
2.36685510439
2.37880180512
2.33070474563
2.38566654476
2.40845403513
2.35596284998
2.33340289656
2.31418377717
2.25224480142
2.29549647683
2.28563714128
2.30827314334
2.27423869764
2.30551405462
2.30349282494
2.32113650639
2.31029731703
2.26279381807
2.32444163746
2.33192147678
2.33209999688
2.36195443285
2.33456457476
2.35686066888
2.28659350129
2.31640494243
2.32812777989
2.24513711278
2.38186255593
2.33204919129
2.32371121226
2.35145077297
2.42310222579
2.33588135009
2.26096223972
2.25086756403
2.31335502822
2.3588047842
2.28785044957
2.41323190671
2.37947405501
2.35735544794
2.38480454147
2.40235744199
2.39995136602
2.30438385829
2.3530883564
2.33243515681
2.27136916464
2.31629630212
2.32033343219
2.30364262275
2.34581801887
2.40689058408
2.38505864077
2.35010728279
2.33912879597
2.31532399479
2.36708581698
2.31437989098
2.33779292991
2.32841082509
2.25219943678
2.32765136454
2.28612232614
2.36646962032
2.34760096153
2.28355279262
2.30355343861
2.32190676176
2.34346988328
2.34413048796
2.33053517328
2.31387698269
2.24188493932
2.27233416066
2.28566112298
2.30959100325
2.36189535917
2.34181130025
2.30897681211
2.39051179155
2.29581299254
2.30478538022
2.28282230907
2.30543093595
2.2410551511
2.30079785774
2.31882599487
2.30722976176
2.35978137234
2.31709696192
2.31744584896
2.39036507624
2.30053433433
2.33269955868
2.37370601235
2.3249278862
2.22962976416
2.33483268058
2.31329532647
2.31323608399
2.33185822514
2.31949015804
2.29780821094
2.34825450619
2.31622789667
2.29425345072
2.35409220614
2.25000181371
2.23278877329
2.25727355108
2.26060541684
2.30254785919
2.31172369481
2.35270195438
2.31186282591
2.25733856408
2.36128189999
2.27919133719
2.25140839807
2.21132611986
2.25329607977
2.24254813039
2.28297850022
2.32597718045
2.27509453393
2.31407245134
2.29182294415
2.30734410741
2.24196445246
2.295000214
2.27583790763
2.26546700136
2.21810671039
2.24089755824
2.25192791345
2.34612298618
2.2901332556
2.27807440458
2.26695259619
2.25696729479
2.27740556957
2.20712652779
2.21719030452
2.12316362359
2.20847409194
2.16802289935
2.30276764672
2.26095459898
2.2260752139
2.30034184554
2.2886524902
2.23797366554
2.30226812732
2.21946344334
2.28156518043
2.21828920583
2.26136714275
2.19715599885
2.24083901901
2.18061179786
2.16217746738
2.18559960431
2.1579943697
2.13093978039
2.16324555622
2.18451306866
2.24863103593
2.25352105045
2.28163935005
2.32396286997
2.31800270697
2.30393143574
2.24821919355
2.26619963354
2.12832495299
2.10803230143
2.11802009095
2.16233376872
2.1606133883
2.22389708418
2.20182381326
2.17099087371
2.22095376559
2.2202243412
2.20683330745
2.20929193063
2.1971849532
2.17494360573
2.17723519272
2.23896387611
2.23989217727
2.25070062694
2.22047692355
2.12608419383
2.18301526255
2.22073851031
2.18314894635
2.12960616582
2.22164444329
2.15868839388
2.17017510327
2.1483775701
2.11070051471
2.1939947871
2.1850121527
2.17169380917
2.17860989838
2.17497768977
2.15268899464
2.19895443405
2.19804455293
2.16903634792
2.13828320557
2.18233843284
2.17349065112
2.15348870699
2.12506552413
2.18300975444
2.17317037445
2.18991288707
2.17102949552
2.19516315687
2.22122679906
2.17619298236
2.25526950399
2.197732166
2.2244034474
2.22395534812
2.14102660215
2.07742355226
2.10828185177
2.15619879089
2.17405449517
2.16160475172
2.1911719257
2.14243464263
2.17945446978
2.16053069421
2.19669623623
2.16643613823
2.19987357895
2.20947595757
2.20835599774
2.18941673526
2.2109773318
2.16723683293
2.15945983116
2.15553030084
2.14441457173
2.22842290816
2.22823545355
2.26848651156
2.18534633128
2.2130018129
2.20169606713
2.15656096191
2.1977092591
2.12550464582
2.09628317145
2.12450518193
2.14812617546
2.18529761316
2.1369877429
2.22732620753
2.14277640222
2.19133009787
2.19972877069
2.17739312508
2.22211629736
2.23517730207
2.23437528907
2.18198555592
2.16157794929
2.116753858
2.19759832605
2.16730721342
2.1167481728
2.09350546659
2.11537089525
2.18812741211
2.15619019034
2.22822722037
2.21816763457
2.17244918986
2.16534772601
2.1873774316
2.13515193782
2.18832539654
2.14784886795
2.21089526688
2.16896820235
2.16867117667
2.18398918755
2.1516156281
2.15793389676
2.16699079493
2.15657937491
2.16779564494
2.19808804914
2.16057242618
2.13320224595
2.15781689756
2.14856628795
2.10597941796
2.12473107688
2.1842035925
2.12977620161
2.15060348965
2.18421755416
2.1781926239
2.16759290697
2.08700710261
2.16004406377
2.19942557684
2.13547839432
2.1323221493
2.09676859289
2.11767673087
2.13655183297
2.13715938679
2.13853263034
2.14954989433
2.1374760833
2.12381660167
2.08274275941
2.20155002115
2.11996441801
2.10064613728
2.08130850528
2.1551433331
2.15496587524
2.12275002672
2.09334665368
2.08394901459
2.12084177129
2.10939830448
2.1238795037
2.1575012041
2.18865599891
2.15733598232
2.16569878712
2.16239995848
2.15769617498
2.15437410391
2.13744389431
2.10758996199
2.13382792579
2.13584719116
2.07173653703
2.13596889777
2.0683926875
2.06494600343
2.08354399152
2.13777430646
2.17073912045
2.13056329826
2.1017421979
2.10405749248
2.11412655724
2.06324187154
2.09369073635
2.09400281755
2.09342758353
2.15603062066
2.1851589456
2.0784333198
2.09419923647
2.06277392085
2.03245423698
2.05587393361
2.09295831522
2.10597193852
2.10527819188
2.13833940462
2.06309334447
2.12144671918
2.10062486249
1.99708882358
2.00880027921
2.06135024825
2.12568229067
2.08242698237
2.04953981729
2.1836496427
2.07104774392
2.07359315862
2.08263385958
2.05564228897
2.02533811921
2.07637107111
2.06595472662
2.07810046058
2.11917593125
2.10918736038
2.13956917249
2.0573106586
2.0929858356
2.06719487354
2.07665026347
2.10635352028
2.08674627153
2.01799167307
2.10109764474
2.10943517877
2.09224218634
2.1153516542
2.08341809205
2.05135785755
2.0637389002
2.13767619995
2.02290999782
2.08520934072
2.09609254042
2.0953651824
2.10706961342
2.055020594
2.04566575906
2.06956916822
2.03923109151
2.07962596068
2.08943391132
2.10800144592
2.09440405174
2.08079324357
2.06961174021
2.0687447615
1.99604089438
2.06004041045
2.04881229297
2.06037664471
2.09950650247
2.1941228508
2.12805602881
2.07724646049
2.01462835472
2.00710030709
2.04033887715
2.04144402967
2.06002979638
2.05950961817
2.14363067172
2.13339446168
2.13257933073
2.10103796926
2.1169662308
2.0977087797
2.09860971272
2.04612841729
2.02645213137
2.08544382678
2.13644864601
2.1427347246
2.14127201187
2.05506555513
1.98991285256
2.02290628548
2.05615465023
2.05146534913
2.11638290604
2.07303821047
2.10476741991
2.10146888637
2.02404105148
2.04369519633
2.08635512713
2.05476514383
2.10147926516
2.11526383198
2.04735821704
2.0494942308
1.99658798656
2.08002472737
2.0242421766
2.10590690717
2.17754283931
2.11295332927
2.13105878646
2.02597806014
1.98533329896
2.00270084225
2.00044686965
1.96885819152
2.05051452808
2.07903380052
2.08017409029
2.03740425876
2.02585047604
2.03539899523
2.04758344447
1.95651266313
2.01098852643
2.01267091807
2.03602009921
2.0386585411
2.10726993166
2.13992090069
2.07767454343
2.10191657275
2.06956141271
2.04746063077
2.01403507174
2.00061785935
2.04708025249
2.08840869068
2.08172344365
2.04941651207
2.00779896017
1.96510850053
1.92810603119
1.92826176088
1.95910928329
1.98928872438
2.02902692435
2.03733472075
2.05867304164
1.99893688038
2.03546726151
2.04944390527
2.09553699738
2.07660969756
2.01344817115
2.05338175787
2.00851512068
2.03636913615
2.10629433923
2.02918729936
2.07031994613
2.01729603862
1.98723658819
1.98828256622
2.01312807148
1.97321533426
1.98655895237
1.98392050392
2.03830086991
2.10066981768
2.00737806006
2.02440437284
2.11666282584
2.08271094696
2.06192258552
2.03153551961
2.0526626708
2.09393519023
2.01059853498
2.0823672056
2.06931560056
1.96213025882
1.96944584564
1.96914097597
2.03960060385
2.10615126107
2.04360779622
2.05165068667
2.0991441344
2.10619377768
2.08443660837
1.96727630652
2.02864804522
2.02116618689
2.00931142986
1.98930378646
1.96813623719
2.01731273943
2.02392477836
1.96232226792
1.97106296241
2.07829892175
2.02863101289
2.02055091928
2.04470594035
2.0337410099
2.01366593665
2.00309730233
2.03319921674
2.12363385942
2.09169823792
2.05878083957
2.04644717881
2.00422439377
2.04716220358
1.91195211588
1.92160957703
2.03560472654
2.04555805153
1.99528049528
2.05786225381
2.0694719009
2.02975900317
1.98861407097
2.00050246657
2.01336732382
1.96153606682
1.96562823531
1.99457228649
2.01125005942
2.00146950411
2.04927225638
1.95698144232
2.07606495372
1.99565402606
1.94660917502
1.97228898542
2.00913744149
1.97778719163
1.98320339871
2.02224947295
1.94824955917
1.92849853682
1.96211672001
1.99513386099
1.99607034249
2.06015408051
2.03520896893
2.05295472466
1.97678580783
1.97287089506
1.92956835478
1.88899211778
1.9420822994
1.99731133975
1.96621210717
1.97840114775
1.99914168185
1.95824347392
1.94595751781
2.01845255701
2.01891013479
1.99915077563
1.95675105764
1.95840493242
1.9383482656
2.02402202061
2.02319760139
1.98390382702
2.01384471715
2.03571623259
1.96091352767
1.93791883732
1.91845296646
1.9602774162
1.96577555618
1.94542105133
1.95431828787
1.98341599582
1.99605642912
2.02539884937
1.97215671381
1.96333468589
1.96113416179
1.97181069189
1.94965115327
2.00260073559
1.95217813434
1.95602650462
1.95933626307
2.0003426825
2.01089173448
2.02090428835
1.99916056021
1.98826867698
2.05126927461
1.99866490565
2.00501594614
2.00622205143
2.00803895938
1.97608794648
1.94414091595
1.89516681192
1.86690903731
1.98491311623
1.99314385157
1.93777391635
1.97580811677
1.9314342151
2.00469496419
1.97325501132
1.96533344423
1.96416783909
2.01801457867
1.97498946156
2.01364170717
2.01499768644
1.99407979456
1.93391180932
2.0095435248
1.94833450663
1.98977324286
1.98143285453
1.97102637305
1.96068397004
2.01246288645
2.0237678269
2.00214912956
2.02387602481
1.91103465361
1.97536639389
1.96560055071
1.99559629935
2.00479665538
1.98714018684
1.93503470816
1.9335602777
1.93335645584
1.9435565769
1.96407997768
1.93213744726
1.92908182567
1.97162337359
1.92737730657
1.97682839785
1.96846272135
1.92631836002
1.95872296129
1.93002518235
1.8769852951
1.95236900128
1.92051260225
1.92943468853
1.92057295265
1.90322512098
1.96620893965
1.923143268
1.92529931613
1.92264651588
1.90929103717
1.93838348429
1.94840745376
1.94975538897
2.04146229538
1.98687445447
1.88227662832
1.96542424885
1.96534546482
1.94113162959
1.87617446955
1.83468262498
1.90720313601
1.8998449625
1.89493004796
1.94031799847
1.88171073858
1.89975435607
1.90852641191
1.93969096718
1.92565344597
1.90387542992
1.91540467161
1.93693337975
1.85804929112
1.82928830045
1.9066200528
1.95670483968
1.89529641081
1.93332486461
1.9006403933
1.91786686786
1.966124843
1.94252064156
1.9538280223
1.89253286571
1.93431039919
1.93430996076
1.95499171097
1.87946578031
1.83560874672
1.92210161277
1.89360287409
1.91793762144
1.88877412517
1.91031801153
1.93073015156
1.92884858336
1.9166910024
1.90629594308
1.86208220946
1.88656367009
1.8327774172
1.88666993136
1.85211415875
1.8642357765
1.91763805292
1.92522866019
1.85599118922
1.86432744527
1.8939795813
1.91254698663
1.91924038192
1.87490370403
1.87605391776
1.89817840071
1.8514824289
1.85153108877
1.87240574463
1.8901751334
1.95041289637
1.93843084768
1.89826642092
1.91000841242
1.84108858515
1.85459563684
1.87936335688
1.8609221245
1.85042295218
1.84318617002
1.89558948017
1.89916486216
1.88707468386
1.91006440895
1.85604642556
1.91754056803
1.93605445687
1.94660514335
1.89335613262
1.90183262441
1.84843904133
1.85879974167
1.85786177556
1.90975388937
1.90925584568
1.91626433719
1.94608313272
1.84027426978
1.91561189268
1.86384758632
1.81099695168
1.81334217083
1.78177066852
1.84655836567
1.8547058549
1.86428611917
1.86105511756
1.90276026952
1.85794551386
1.8073443925
1.80953882705
1.78774817562
1.82120770959
1.85244186973
1.87316442222
1.83463341806
1.85646938501
1.8170436981
1.81634418042
1.81503801677
1.80548013475
1.90801707109
1.87730803426
1.84741729564
1.86763378055
1.80378140259
1.84158269382
1.8214153616
1.77959794349
1.80725585837
1.81350351631
1.87522198721
1.83132861721
1.85349347762
1.87501783602
1.86029340431
1.77882099857
1.77195887788
1.7714444463
1.78836443684
1.83915789615
1.80974503102
1.86386644432
1.80599745163
1.74581601818
1.76616884071
1.72877363982
1.79971980066
1.90296075756
1.84763003091
1.84648477588
1.89661730118
1.82200495679
1.7904387289
1.70716625466
1.7497544031
1.72949922307
1.75088742053
1.79204917905
1.84772691049
1.81710893655
1.81714046796
1.82632368194
1.77345378068
1.84624054395
1.84344668153
1.77972046292
1.83694917764
1.85695112177
1.80326565113
1.84779687621
1.77653892973
1.7613487535
1.75287689763
1.73369457752
1.77611591
1.75528252861
1.76088092947
1.80180279106
1.89675649469
1.80562652527
1.77207573771
1.69713981462
1.68688945035
1.72186681382
1.79486653071
1.8507585644
1.83567582489
1.80692008802
1.77872372432
1.76128956354
1.75198864548
1.81260968167
1.80806583474
1.8139415703
1.85167446286
1.82945684408
1.81629718398
1.72177005709
1.72191656374
1.72459563504
1.70717643849
1.77146239763
1.71636915863
1.73490966144
1.78543316764
1.80618643919
1.81525152428
1.77014303565
1.74969071778
