9.02144575119
9.02244353294
9.02344536781
9.02444291115
9.02544093132
9.02643895149
9.02744293213
9.02844429016
9.02944207191
9.03043842316
9.03143668175
9.03244805336
9.03347587585
9.03444218636
9.03544330597
9.036434412
9.03742933273
9.0384311676
9.0394320488
9.0404317379
9.04143214226
9.04245853424
9.04348444939
9.04449343681
9.04543423653
9.04642796516
9.04742670059
9.04844117165
9.04944038391
9.05044150352
9.05143260956
9.05243062973
9.05342888832
9.05443048477
9.05542516708
9.05642676353
9.05743145943
9.05842351913
9.05942082405
9.06042385101
9.06141781807
9.06245231628
9.0634636879
9.06441807747
9.0654668808
9.06645393372
9.06746864319
9.06846308708
9.069429636
9.07042050362
9.07146120071
9.07242083549
9.0734231472
9.07441902161
9.07545351982
9.0764169693
9.07741880417
9.07841992378
9.07941222191
9.08041763306
9.08141684532
9.08243322372
9.08341288567
9.08440971375
9.0854113102
9.08641719818
9.08740735054
9.08841180801
9.08940672874
9.09041261673
9.09140467644
9.0924179554
9.09340667725
9.09440517426
9.09540605545
9.09641885757
9.097407341
9.09845280647
9.09941005707
9.10041475296
9.10140252113
9.10239863396
9.10340476036
9.10440921783
9.10540604591
9.1064145565
9.10740613937
9.10841536522
9.10940861702
9.11040592194
9.11140537262
9.11339426041
9.11438918114
9.11540532112
9.11638522148
9.11738491058
9.11838459969
9.11938667297
9.12042355537
9.12137699127
9.12243580818
9.12342762947
9.12438130379
9.12538504601
9.12638163567
9.12738323212
9.1284122467
9.12937736511
9.13038873672
9.13137388229
9.13238453865
9.13638234138
9.13737797737
9.13837981224
9.13938093185
9.14043903351
9.14137649536
9.14244222641
9.14337658882
9.14437890053
9.14543151855
9.14643645287
9.14737582207
9.14837837219
9.14937877655
9.15037345886
9.15136480331
9.15236830711
9.15336823463
9.15436697006
9.15536260605
9.15636205673
9.15735769272
9.15835762024
9.15936160088
9.16035723686
9.16135525703
9.162358284
9.16337561607
9.16436624527
9.16536426544
9.16635894775
9.1673617363
9.16837215424
9.16936016083
9.17035698891
9.17137169838
9.17235708237
9.17335891724
9.17435312271
9.17536902428
9.17635464668
9.1813647747
9.18240118027
9.18335390091
9.18435192108
9.18535280228
9.18635034561
9.18735146523
9.18834996223
9.18935346603
9.19036316872
9.19135570526
9.19234824181
9.19734930992
9.19835758209
9.20135307312
9.20235228539
9.20336723328
9.20435595512
9.20535087585
9.20635509491
9.2073597908
9.20836734772
9.20936131477
9.21035766602
9.21134543419
9.21234130859
9.21333670616
9.21434664726
9.21533632278
9.21633028984
9.21733832359
9.2183368206
9.21932840347
9.22032523155
9.22132110596
9.22232246399
9.22332620621
9.22432541847
9.22532558441
9.2263212204
9.22732853889
9.22831559181
9.22931623459
9.23031425476
9.23131942749
9.23232221603
9.23332285881
9.23433232307
9.23532247543
9.23631954193
9.23732280731
9.2383275032
9.23956942558
9.2485678196
9.24955439568
9.2505607605
9.25155997276
9.25255846977
9.25356411934
9.25457239151
9.25555706024
9.25655841827
9.25755429268
9.25855326653
9.25955700874
9.26055169106
9.26130580902
9.26261997223
9.26360249519
9.26436519623
9.26559853554
9.26655077934
9.26754498482
9.26854348183
9.2695453167
9.27054643631
9.27153491974
9.27253603935
9.27353715897
9.27454042435
9.27534389496
9.27654790878
9.27756094933
9.27954363823
9.2805416584
9.28157329559
9.28253769875
9.28353500366
9.28453373909
9.28553438187
9.28653478622
9.28753519058
9.28853344917
9.28953313828
9.29153680801
9.29252886772
9.2945227623
9.29552054405
9.29656243324
9.29752278328
9.29852700233
9.29953694344
9.30052351952
9.30151796341
9.30252385139
9.30352449417
9.30452442169
9.30551815033
9.30652713776
9.30753564835
9.30853009224
9.30955219269
9.31055402756
9.31154298782
9.31254959106
9.31353926659
9.31454348564
9.31553268433
9.3165409565
9.31751894951
9.31852054596
9.31951069832
9.32051086426
9.32150268555
9.32252550125
9.32354259491
9.32453298569
9.32552361488
9.32651686668
9.32752585411
9.32951641083
9.33051776886
9.33451485634
9.33551335335
9.3365046978
9.33751749992
9.33852028847
9.33951401711
9.34050798416
9.34156966209
9.34252071381
9.34351658821
9.34550786018
9.34650659561
9.34750461578
9.3485057354
9.34950947762
9.35050153732
9.35151362419
9.35250449181
9.3535015583
9.35451292992
9.35550022125
9.35650634766
9.35750150681
9.35850071907
9.35951113701
9.36050605774
9.36149954796
9.36250209808
9.36348485947
9.36449766159
9.36549806595
9.36650252342
9.36748957634
9.36849236488
9.36948728561
9.37048006058
9.37148118019
9.37248682976
9.37348341942
9.37448334694
9.37547898293
9.37648153305
9.37748265266
9.37847995758
9.37947297096
9.38047671318
9.38147163391
9.38247323036
9.38346767426
9.38447213173
9.38546848297
9.38647651672
9.3894970417
9.39047002792
9.39146447182
9.39246988297
9.39346766472
9.39446997643
9.39549279213
9.39646816254
9.39750623703
9.39846110344
9.39947414398
9.40047287941
9.40147686005
9.40246987343
9.40347099304
9.40447425842
9.40546917915
9.40646910667
9.40747237206
9.40848779678
9.40948629379
9.41048240662
9.41350603104
9.41449332237
9.41548991203
9.41649389267
9.41748070717
9.41850423813
9.41948318481
9.42048621178
9.42148518562
9.42247486115
9.42347240448
9.42447447777
9.42546892166
9.42648291588
9.42746353149
9.42847299576
9.4294731617
9.43050503731
9.43149828911
9.43246197701
9.43446135521
9.4354622364
9.43645644188
9.43746876717
9.4384727478
9.43948316574
9.44049286842
9.4415230751
9.44244909286
9.44345068932
9.4445078373
9.44546914101
9.44643616676
9.44749045372
9.44844698906
9.44943523407
9.45043969154
9.45144438744
9.45243668556
9.45343399048
9.4544403553
9.45544147491
9.45643210411
9.45742797852
9.45843529701
9.45945620537
9.46244502068
9.4634411335
9.46444058418
9.46543526649
9.46644377708
9.46743607521
9.4684317112
9.46943354607
9.47043442726
9.47142839432
9.47242474556
9.47342061996
9.47641563416
9.47741317749
9.47841644287
9.47946286201
9.4804186821
9.48143744469
9.48245191574
9.48346114159
9.48444056511
9.48540878296
9.48641037941
9.48745632172
9.48840761185
9.48940706253
9.49040699005
9.49140143394
9.4924082756
9.49340629578
9.49440050125
9.49539780617
9.49640107155
9.49740004539
9.49840903282
9.49939727783
9.50040793419
9.50142860413
9.50242185593
9.50340247154
9.50440597534
9.50544643402
9.50641441345
9.50740647316
9.50841474533
9.50944328308
9.51040911674
9.51144313812
9.51240468025
9.51539707184
9.5164141655
9.5173971653
9.51839971542
9.51941490173
9.52042198181
9.5213830471
9.52239871025
9.52340221405
9.52440881729
9.52539849281
9.52640390396
9.52738499641
9.52840638161
9.52938818932
9.53040289879
9.53146123886
9.5324048996
9.53537797928
9.53637337685
9.5373711586
9.53837251663
9.53936767578
9.54036903381
9.54138112068
9.54237246513
9.54337263107
9.54436802864
9.54536628723
9.54636764526
9.54736733437
9.54836988449
9.54936909676
9.55036878586
9.55137109756
9.5523712635
9.55436468124
9.55536532402
9.55637168884
9.55736851692
9.55836606026
9.55935955048
9.56035804749
9.56136584282
9.56236362457
9.56436395645
9.56536126137
9.56648278236
9.56736683846
9.57138252258
9.57236361504
9.57335305214
9.57436823845
9.5753724575
9.57636880875
9.57737278938
9.5783624649
9.5793607235
9.5803527832
9.58135128021
9.58237171173
9.58334207535
9.58434247971
9.58534550667
9.58635544777
9.58738946915
9.5883462429
9.58935070038
9.59034371376
9.59134316444
9.59234142303
9.59333992004
9.59440565109
9.59539413452
9.59661531448
9.59734272957
9.5983479023
9.5993449688
9.60034251213
9.60140037537
9.60238814354
9.6033680439
9.60439586639
9.60533905029
9.6063375473
9.60733294487
9.6083407402
9.60935544968
9.61034059525
9.6113409996
9.61234045029
9.61333298683
9.61433029175
9.61533880234
9.61633229256
9.61733293533
9.61833810806
9.61933517456
9.62034058571
9.62133336067
9.6223347187
9.62333655357
9.62432813644
9.62533140182
9.6263320446
9.63432097435
9.6353187561
9.63632130623
9.63735890388
9.63832139969
9.63931965828
9.64031195641
9.64131331444
9.64234828949
9.6433160305
9.64431166649
9.64531087875
9.64630842209
9.64730811119
9.6483092308
9.64931082726
9.6503443718
9.65134596825
9.65234589577
9.65330600739
9.65431857109
9.6553041935
9.65630459785
9.65730428696
9.6585547924
9.65957212448
9.66060733795
9.66155648232
9.662555933
9.66357922554
9.66455364227
9.6653175354
9.66654753685
9.66754102707
9.66854143143
9.66954374313
9.67053842545
9.67133712769
9.67254114151
9.6733019352
9.6745390892
9.67553806305
9.6765358448
9.67753624916
9.6785337925
9.6795334816
9.6805357933
9.68129920959
9.68254184723
9.68354344368
9.68453454971
9.68552994728
9.68654108047
9.68753266335
9.68853354454
9.68953180313
9.69053936005
9.69155359268
9.69253802299
9.69348859787
9.69554114342
9.69653606415
9.69752931595
9.69852828979
9.6995279789
9.70052576065
9.7015273571
9.70252513885
9.70352268219
9.70453166962
9.70553708076
9.70652866364
9.70752644539
9.70852279663
9.7095181942
9.71051979065
9.71151351929
9.71251773834
9.71351099014
9.71451497078
9.71551895142
9.71651315689
9.71751642227
9.71851682663
9.71951913834
9.72051501274
9.72131967545
9.7225291729
9.72351908684
9.72451519966
9.72551321983
9.72651314735
9.72751832008
9.72853207588
9.72952055931
9.73052573204
9.73155069351
9.73251581192
9.73355770111
9.73451256752
9.73551416397
9.73650503159
9.73750972748
9.73852515221
9.73953294754
9.74053096771
9.74152421951
9.7425224781
9.74350547791
9.74451375008
9.74551057816
9.74652528763
9.74750518799
9.74851679802
9.74950385094
9.75050616264
9.75150609016
9.75249099731
9.75349640846
9.75449061394
9.75548911095
9.75649166107
9.75748753548
9.75848960876
9.75949025154
9.76049208641
9.76148104668
9.76248455048
9.763484478
9.76448464394
9.76548409462
9.76648426056
9.7674779892
9.768481493
9.76952433586
9.77049136162
9.77150392532
9.77248001099
9.77352237701
9.77448153496
9.77551054955
9.7765185833
9.77748823166
9.77848386765
9.77950739861
9.78048467636
9.78156423569
9.78248000145
9.78350949287
9.78448963165
9.78548312187
9.78650021553
9.78747439384
9.78848361969
9.78948569298
9.79049181938
9.79148793221
9.79247903824
9.79347085953
9.79448056221
9.79547905922
9.79647016525
9.7974627018
9.79847359657
9.7994761467
9.80048084259
9.80145907402
9.80248594284
9.8034760952
9.80450057983
9.80546069145
9.80646276474
9.80746030807
9.80846118927
9.80946087837
9.81046104431
9.81146335602
9.812458992
9.81346416473
9.81445550919
9.81645345688
9.81745648384
9.81845521927
9.81945514679
9.82045388222
9.82145285606
9.82245922089
9.82346081734
9.82449364662
9.82549309731
9.82646179199
9.82745742798
9.8284573555
9.82944726944
9.8304502964
9.83145308495
9.83245158195
9.8335249424
9.83445000648
9.83545303345
9.8384950161
9.83945465088
9.84045648575
9.84545111656
9.84644913673
9.8474509716
9.84844565392
9.84944558144
9.85044932365
9.85146617889
9.85245609283
9.85344576836
9.85444068909
9.85543704033
9.85643959045
9.85744285583
9.85844397545
9.85944342613
9.86043763161
9.8614449501
9.86243462563
9.86343479156
9.86443090439
9.86543560028
9.86643099785
9.86742830276
9.86843037605
9.86943221092
9.8704264164
9.87142920494
9.87242746353
9.87342333794
9.87442588806
9.87642240524
9.87742352486
9.8784224987
9.87941884995
9.88042664528
9.88144135475
9.88241958618
9.88343858719
9.88441967964
9.88542103767
9.88641929626
9.88741278648
9.88841581345
9.8894135952
9.89041280746
9.89141345024
9.89241671562
9.89345431328
9.8944106102
9.89540934563
9.8964445591
9.89745521545
9.89843249321
9.89941549301
9.90045809746
9.9014570713
9.90240836143
9.90344667435
9.90445232391
9.90544891357
9.90644288063
9.90743947029
9.90842008591
9.9104077816
9.91141366959
9.91341114044
9.91440439224
9.9154086113
9.91640853882
9.91740584373
9.91840529442
9.91940498352
9.92040467262
9.92139434814
9.92240285873
9.92339611053
9.92438864708
9.92538690567
9.92639946938
9.92739462852
9.92839670181
9.92940759659
9.93038463593
9.93139815331
9.93240094185
9.93538331985
9.93639755249
9.93737912178
9.93839883804
9.93938922882
9.94041085243
9.94138050079
9.94238090515
9.943379879
9.94438743591
9.94538211823
9.94637799263
9.94738817215
9.94840407372
9.94939827919
9.95038294792
9.95138430595
9.95237827301
9.95337510109
9.9543774128
9.95538663864
9.95638895035
9.9573996067
9.95838832855
9.95939993858
9.96037960052
9.96136522293
9.96236133575
9.96341705322
9.96438074112
9.9653673172
9.9663643837
9.96736001968
9.96837258339
9.96943712234
9.97037887573
9.97136878967
9.97235584259
9.97336173058
9.97435688972
9.97535538673
9.97636651993
9.97737073898
9.97843122482
9.97936105728
9.98035168648
9.98135256767
9.98234987259
9.98334860802
9.98435139656
9.98535227776
9.98635482788
9.98734879494
9.98835110664
9.98934745789
9.99035167694
9.99160504341
9.99234962463
9.99335098267
9.99435186386
9.99535083771
9.99650120735
10.0075190067
10.0083425045
10.0103509426
10.0113708973
10.012362957
10.0133633614
10.0143523216
10.0153670311
10.0163481236
10.0173428059
10.0183520317
10.0233571529
10.0243463516
10.0253326893
10.0263504982
10.0273487568
10.0283243656
10.0293283463
10.0303301811
10.0313262939
10.0323266983
10.0333280563
10.0343232155
10.0353240967
10.0363225937
10.0373215675
10.0383181572
10.0393218994
10.0403199196
10.041331768
10.0423214436
10.0433344841
10.0443153381
10.0453205109
10.0463583469
10.0476312637
10.0485742092
10.0493271351
10.0505628586
10.0513291359
10.0525562763
10.0533156395
10.0543379784
10.0553150177
10.0563101768
10.0573103428
10.0583136082
10.0593066216
10.0603063107
10.061593771
10.062308073
10.0633122921
10.0643084049
10.0653123856
10.0675773621
10.0685679913
10.0695645809
10.0705690384
10.0715668201
10.0725531578
10.0735569
10.0745563507
10.0755600929
10.0763659477
10.0776069164
10.0786800385
10.0793452263
10.0805871487
10.0813400745
10.0823011398
10.0835514069
10.088542223
10.0895459652
10.0905435085
10.0915453434
10.0925419331
10.0935480595
10.0943369865
10.0955646038
10.0965433121
10.0975482464
10.0996711254
10.1005377769
10.1015341282
10.102533102
10.1035449505
10.1046175957
10.1055874825
10.1065425873
10.1075432301
10.1085860729
10.1095397472
10.1105599403
10.1115403175
10.1125340462
10.1195352077
10.1205236912
10.1215202808
10.1225202084
10.1235225201
10.1245229244
10.1255197525
10.126522541
10.1275229454
10.1285181046
10.1295182705
10.1305193901
10.1315281391
10.1325192451
10.1335582733
10.1345191002
10.1355240345
10.1365213394
10.1375181675
10.1385176182
10.1395161152
10.140509367
10.1415045261
10.142513752
10.1435348988
10.1445257664
10.1455147266
10.1465177536
10.147516489
10.1485083103
10.1495163441
10.1505081654
10.1515135765
10.1524775028
10.1535162926
10.1565065384
10.1575438976
10.1585073471
10.1595051289
10.1605033875
10.1614983082
10.1625030041
10.1635138988
10.1645028591
10.1655051708
10.1665043831
10.1675038338
10.1685025692
10.1694931984
10.1705014706
10.1715006828
10.1724920273
10.1734931469
10.1744933128
10.1754906178
10.1764914989
10.1774954796
10.1824963093
10.1835944653
10.1844906807
10.1855094433
10.1864864826
10.1874835491
10.1884820461
10.1894800663
10.1904826164
10.1914935112
10.1924812794
10.1934814453
10.1944794655
10.195479393
10.1964790821
10.1974813938
10.1984751225
10.1995236874
10.200483799
10.2014708519
10.2024765015
10.2034776211
10.2045164108
10.205477953
10.2064750195
10.2074861526
10.2084827423
10.2094833851
10.2104809284
10.2114841938
10.2124865055
10.2134981155
10.2144823074
10.2154910564
10.2164802551
10.2174930573
10.2184829712
10.2195005417
10.2204778194
10.2214839458
10.2224874496
10.2234802246
10.2244932652
10.2254731655
10.2264716625
10.2274963856
10.2284681797
10.2294645309
10.2304649353
10.2314660549
10.2324695587
10.2334620953
10.2344992161
10.2354619503
10.2364647388
10.2374606133
10.2384626865
10.2394618988
10.2404546738
10.2414565086
10.2424621582
10.2434985638
10.2444579601
10.2454562187
10.2464592457
10.2474541664
10.2484550476
10.2494578362
10.2504518032
10.2514591217
10.2524673939
10.2534575462
10.2544763088
10.2564563751
10.257463932
10.2584764957
10.2594714165
10.262475729
10.2634711266
10.2644541264
10.2654514313
10.266449213
10.2675101757
10.2684657574
10.2694456577
10.270506382
10.2714443207
10.2724435329
10.2744436264
10.2754428387
10.2764368057
10.2774729729
10.2784986496
10.279437542
10.2804350853
10.2814471722
10.2825012207
10.2834551334
10.2844674587
10.2854421139
10.2864427567
10.2874407768
10.2884449959
10.2894325256
10.2904412746
10.2914345264
10.2924311161
10.293431282
10.2944304943
10.2954347134
10.2964782715
10.2974710464
10.2984330654
10.2994692326
10.3004209995
10.3014211655
10.3024196625
10.3034155369
10.3044216633
10.3054611683
10.3064193726
10.3074576855
10.3084228039
10.3094475269
10.3104381561
10.3114192486
10.312422514
10.3134191036
10.3144581318
10.3154199123
10.3164241314
10.3174254894
10.3184161186
10.3194105625
10.3204598427
10.3214125633
10.3224225044
10.3234291077
10.3244233131
10.3254284859
10.3264424801
10.3274405003
10.32843256
10.3294312954
10.3304347992
10.3314223289
10.3324401379
10.3334128857
10.3344676495
10.3353953362
10.336410284
10.3374090195
10.3384149075
10.3393857479
10.3404057026
10.3414041996
10.3424124718
10.3433964252
10.3444054127
10.3453989029
10.3464057446
10.3473989964
10.348410368
10.349396944
10.3504133224
10.3544037342
10.3553836346
10.3564600945
10.3573834896
10.3584191799
10.3594214916
10.3604030609
10.3613979816
10.3624031544
10.3633871078
10.364377737
10.3657500744
10.3663806915
10.3674054146
10.3684117794
10.3693857193
10.3703837395
10.3713989258
10.3724856377
10.3733782768
10.3743805885
10.3753886223
10.376386404
10.3773984909
10.3803753853
10.3813846111
10.3823821545
10.3833799362
10.3843722343
10.3853757381
10.3863763809
10.3873860836
10.3883707523
10.3893754482
10.3903627396
10.3913714886
10.3923671246
10.3933675289
10.3943629265
10.3953635693
10.3963611126
10.3973593712
10.3983590603
10.3993685246
10.4003551006
10.4013516903
10.4023561478
10.403365612
10.4043576717
10.4053521156
10.4063537121
10.4073770046
10.4083673954
10.4093790054
10.4103701115
10.4113698006
10.4123754501
10.4133870602
10.4143867493
10.4153718948
10.4163813591
10.417378664
10.4183628559
10.4193661213
10.4203736782
10.4213647842
10.4223585129
10.4233696461
10.4243593216
10.425358057
10.4263575077
10.4273688793
10.4283499718
10.4293632507
10.4303526878
10.4313662052
10.4323544502
10.4363486767
10.4374032021
10.4383678436
10.4393463135
10.4403383732
10.4415740967
10.4423384666
10.4433507919
10.4443364143
10.4453439713
10.446344614
10.4473621845
10.4483451843
10.4493532181
10.4503390789
10.4515697956
10.4523360729
10.4533846378
10.4543216228
10.4553618431
10.4563646317
10.4573252201
10.4583208561
10.4593379498
10.4603223801
10.4613330364
10.4625639915
10.463326931
10.4645586014
10.4653191566
10.4665579796
10.468328476
10.4693193436
10.4703142643
10.4713089466
10.4723112583
10.473307848
10.4743218422
10.4753041267
10.4763023853
10.4773049355
10.4783029556
10.479306221
10.4803071022
10.4815921783
10.4825446606
10.483342886
10.4845433235
10.4855430126
10.4865453243
10.4872994423
10.4883236885
10.4895966053
10.4905443192
10.4915516376
10.4925415516
10.4935407639
10.4945430756
10.4955556393
10.4965422153
10.4975411892
10.4985392094
10.4995334148
10.5005378723
10.501578331
10.502581358
10.5033361912
10.504576683
10.5055751801
10.5063269138
10.5075349808
10.5085318089
10.5095369816
10.5105359554
10.5115325451
10.5125329494
10.5135388374
10.5145349503
10.5155377388
10.5165333748
10.5174148083
10.5185286999
10.5192923546
10.5205245018
10.5215215683
10.52252388
10.5235285759
10.5245318413
10.5255320072
10.5265319347
10.52729249
10.5285618305
10.529519558
10.5305364132
10.5315346718
10.5325176716
10.5335199833
10.5345139503
10.5355138779
10.5365140438
10.5375115871
10.5385141373
10.5395133495
10.5405158997
10.5415103436
10.5425255299
10.5435137749
10.5445148945
10.5455133915
10.5465106964
10.5475103855
10.5485122204
10.5495102406
10.5505108833
10.5515093803
10.5525074005
10.5535092354
10.5545070171
10.5555043221
10.5565111637
10.5575463772
10.5585029125
10.5594985485
10.5605115891
10.5615198612
10.5623552799
10.5635244846
10.5645122528
10.5655124187
10.566511631
10.5675127506
10.5685353279
10.5695097446
10.5705068111
10.5715088844
10.5725061893
10.57350564
10.5745043755
10.5755045414
10.5765542984
10.5775487423
10.578502655
10.5795059204
10.5805091858
10.5815095901
10.5825023651
10.5835180283
10.5845015049
10.5855054855
10.5865077972
10.5874962807
10.5884976387
10.5894954205
10.5904989243
10.5915000439
10.5925037861
10.5934975147
10.5945096016
10.5955052376
10.596503973
10.5975120068
10.5984940529
10.5994946957
10.6004881859
10.6015052795
10.6025013924
10.6034963131
10.6044926643
10.6054897308
10.6064884663
10.6074883938
10.6084926128
10.6095018387
10.6104881763
10.611495018
10.6124851704
10.6134874821
10.6145014763
10.615489006
10.6164867878
10.6174781322
10.6184802055
10.6195034981
10.6204657555
10.6214749813
10.6224756241
10.6234636307
10.6244633198
10.6254620552
10.6264634132
10.6275446415
10.6284637451
10.6294679642
10.63057971
10.6315464973
10.6324598789
10.633459568
10.6354596615
10.6364555359
10.6374528408
10.6384539604
10.6394543648
10.6404504776
10.641450882
10.6424484253
10.6434559822
10.6444649696
10.6454644203
10.646494627
10.6475412846
10.6484901905
10.6494898796
10.6504881382
10.6514832973
10.6524529457
10.6534516811
10.6544520855
10.6554560661
10.6594469547
10.660462141
10.6614425182
10.6624572277
10.6634535789
10.6644613743
10.6654613018
10.666447401
10.6674602032
10.668446064
10.6694481373
10.6704609394
10.6714596748
10.6744551659
10.6754424572
10.67643857
10.6774611473
10.6784460545
10.679441452
10.6804375648
10.6814513206
10.6824316978
10.6834418774
10.6844325066
10.6854469776
10.6864693165
10.6874392033
10.6884274483
10.6894254684
10.6904530525
10.6914551258
10.692429781
10.6964242458
10.6974270344
10.6984212399
10.6994235516
10.7004551888
10.7014350891
10.7024233341
10.7034201622
10.704419136
10.7054374218
10.706445694
10.7074537277
10.7084462643
10.7094182968
10.7104198933
10.7114152908
10.712417841
10.7134165764
10.7144193649
10.7154173851
10.7164132595
10.7174119949
10.718408823
10.7194516659
10.7204082012
10.7214283943
10.7224071026
10.7234315872
10.7244052887
10.7254097462
10.7264063358
10.7274098396
10.7284147739
10.7294123173
10.730396986
10.7314133644
10.7324461937
10.7334060669
10.7393991947
10.7403991222
10.7413966656
10.7423963547
10.7434129715
10.744396925
10.7453987598
10.7463877201
10.7474098206
10.7483978271
10.7494170666
10.7504019737
10.7514202595
10.7523882389
10.7533864975
10.7543990612
10.7553822994
10.7563970089
10.757386446
10.7584023476
10.7594075203
10.7604060173
10.761390686
10.7623753548
10.7633802891
10.7643899918
10.7653791904
10.7664289474
10.7674314976
10.7683854103
10.7693858147
10.7703814507
10.7713758945
10.772383213
10.7733745575
10.7743825912
10.7753763199
10.7763905525
10.77739048
10.7783863544
10.7793798447
10.7803697586
10.7813773155
10.7823696136
10.7833819389
10.7843806744
10.785369873
10.7863638401
10.7873671055
10.7883701324
10.7893660069
10.7904183865
10.7913627625
10.7923700809
10.7933704853
10.7943661213
10.7953670025
10.7963688374
10.7973799706
10.7983720303
10.7993745804
10.8003716469
10.8013761044
10.8023545742
10.8033559322
10.8043546677
10.8053526878
10.8063554764
10.8073573112
10.8083584309
10.8093693256
10.8103539944
10.8113570213
10.8123533726
10.8133516312
10.8143503666
10.8153524399
10.8163545132
10.8173544407
10.8183600903
10.8193657398
10.8203492165
10.8213574886
10.8223526478
10.8233528137
10.8243482113
10.8253514767
10.8263895512
10.8273487091
10.8283491135
10.8293554783
10.8304209709
10.8313782215
10.83258605
10.8333656788
10.8343684673
10.8353557587
10.8363568783
10.8373548985
10.8384158611
10.839356184
10.8403589725
10.8413527012
10.8423960209
10.843347311
10.8443491459
10.8453576565
10.8463592529
10.8473515511
10.8483538628
10.8493435383
10.8504269123
10.8513417244
10.8523318768
10.8553254604
10.8563292027
10.8573288918
10.8583257198
10.8593242168
10.8603305817
10.8613259792
10.8623332977
10.8633291721
10.8643298149
10.8653290272
10.866330862
10.86733675
10.8683416843
10.8693389893
10.8703372478
10.8713285923
10.8723232746
10.873316288
10.8743174076
10.8753237724
10.8763196468
10.8773174286
10.8783211708
10.8793144226
10.8803262711
10.8813209534
10.8823177814
10.8833222389
10.8843140602
10.8853113651
10.8863136768
10.8873093128
10.8883154392
10.8893108368
10.8903148174
10.8913133144
10.8923101425
10.8933081627
10.894308567
10.8953063488
10.8965523243
10.8975479603
10.8985455036
10.8996896744
10.9005420208
10.9015760422
10.9025933743
10.9033434391
10.9045934677
10.905547142
10.9065518379
10.9076020718
10.9085531235
10.9095523357
10.910545826
10.9113020897
10.9123418331
10.9133377075
10.9145371914
10.9155313969
10.916531086
10.9175338745
10.9185335636
10.9192886353
10.9205284119
10.924530983
10.9255278111
10.9265270233
10.9275307655
10.9285287857
10.9295294285
10.9305245876
10.9313282967
10.9326372147
10.9335241318
10.9345221519
10.9355266094
10.9365336895
10.9375412464
10.9385464191
10.9395389557
10.9405405521
10.9415314198
10.9425320625
10.9435257912
10.9445264339
10.9455273151
10.9465358257
10.9473576546
10.9483399391
10.949518919
10.9505167007
10.9515151978
10.9525127411
10.9535171986
10.9545164108
10.9555122852
10.9565114975
10.9575076103
10.9585080147
10.9595091343
10.9605090618
10.9615082741
10.9625070095
10.9635109901
10.9645185471
10.9655079842
10.9665079117
10.9673140049
10.9685058594
10.9705336094
10.9715156555
10.9725160599
10.9735143185
10.9745292664
10.9755163193
10.9765279293
10.9775319099
10.9785306454
10.9795296192
10.9805245399
10.9815201759
10.9825186729
10.9835157394
10.9845128059
10.9855644703
10.9865140915
10.9875097275
10.9885103703
10.9895105362
10.9905104637
10.9915177822
10.9925177097
10.9935076237
10.9945046902
10.9955017567
10.9965033531
10.9975059032
10.9984993935
10.9995002747
11.0004966259
11.0015013218
11.0024917126
11.0035042763
11.0044901371
11.0054926872
11.0065028667
11.0075242519
11.0084974766
11.0095243454
11.0104830265
11.0114779472
11.0124974251
11.0134999752
11.0145003796
11.0154960155
11.0165019035
11.0174951553
11.0184926987
11.0194942951
11.0204997063
11.021494627
11.0224814415
11.0234766006
11.0244736671
11.0254883766
11.0264954567
11.027484417
11.0284712315
11.0295081139
11.0305569172
11.0315256119
11.0324683189
11.0334677696
11.034465313
11.0354657173
11.0364739895
11.037550211
11.0384638309
11.0394599438
11.0405433178
11.0414958
11.042532444
11.04347229
11.0445048809
11.0454950333
11.0464878082
11.0475299358
11.0484642982
11.0494611263
11.0504641533
11.0514616966
11.0524668694
11.053481102
11.0544555187
11.0574588776
11.0584588051
11.0594601631
11.0604541302
11.0614550114
11.0624787807
11.0634682178
11.0644571781
11.0654599667
11.066460371
11.0674629211
11.0684587955
11.0694708824
11.0704598427
11.0714585781
11.0724923611
11.0734653473
11.0744593143
11.0754528046
11.0764505863
11.0774517059
11.0784893036
11.0794899464
11.0804839134
11.0814571381
11.0824582577
11.0834805965
11.0844554901
11.0854487419
11.0864479542
11.0874459743
11.0884420872
11.0894403458
11.0904431343
11.0914471149
11.0924451351
11.093444109
11.0944404602
11.0954406261
11.1034345627
11.1044354439
11.1064305305
11.107432127
11.1084406376
11.1094396114
11.1104340553
11.1114344597
11.1124408245
11.1134345531
11.1144320965
11.1154282093
11.1164298058
11.117429018
11.1184360981
11.1194252968
11.1204354763
11.1214323044
11.1224343777
11.1234362125
11.125439167
11.1264386177
11.1274325848
11.1284296513
11.1294209957
11.1334216595
11.1344606876
11.1354603767
11.1364145279
11.1374521255
11.1384203434
11.1394357681
11.140458107
11.1414177418
11.1424176693
11.1434161663
11.1444115639
11.145416975
11.1464104652
11.1474096775
11.1484117508
11.1493992805
11.1504087448
11.1514239311
11.1524069309
11.1534054279
11.1544072628
11.1554012299
11.1564507484
11.1574010849
11.1584470272
11.1594467163
11.1604046822
11.1614055634
11.1624002457
11.1634011269
11.1644070148
11.1654000282
11.1664047241
11.1674008369
11.1684048176
11.1693997383
11.1704051495
11.1713972092
11.1724033356
11.1734130383
11.1784014702
11.1793954372
11.1804018021
11.1813831329
11.1823852062
11.1833825111
11.1843993664
11.1853826046
11.1863949299
11.1873807907
11.1883993149
11.1893782616
11.1903781891
11.1913836002
11.1923773289
11.1933748722
11.1943738461
11.1953804493
11.1963758469
11.1973714828
11.1983737946
11.1993691921
11.2003712654
11.2013711929
11.2023739815
11.2033755779
11.2043728828
11.2053711414
11.2063760757
11.2073748112
11.208370924
11.2093713284
11.2103674412
11.2113757133
11.2153687477
11.2163691521
11.2173631191
11.2183630466
11.2193636894
11.2203605175
11.2213613987
11.222360611
11.2253572941
11.2263555527
11.227355957
11.2283525467
11.2293460369
11.2303545475
11.2313528061
11.2323532104
11.2333567142
11.2343542576
11.2353518009
11.2363510132
11.2373490334
11.2383651733
11.2393574715
11.2403638363
11.2413828373
11.2423603535
11.2433636189
11.2443599701
11.2453494072
11.2463495731
11.247348547
11.248347044
11.24934268
11.2503418922
11.251342535
11.252341032
11.2533414364
11.2543451786
11.2553431988
11.2563374043
11.2573349476
11.2583422661
11.2593297958
11.2603309155
11.2613279819
11.262335062
11.2633354664
11.264336586
11.2653341293
11.2663357258
11.2673285007
11.2683317661
11.2693309784
11.2703309059
11.2713429928
11.2724015713
11.2733955383
11.2753298283
11.2763290405
11.2773308754
11.2783520222
11.2793314457
11.2803344727
11.2813329697
11.2823278904
11.2833268642
11.2843213081
11.285323143
11.2863161564
11.2873213291
11.2883195877
11.2893185616
11.2903223038
11.2913212776
11.2923209667
11.2933242321
11.2943212986
11.2953181267
11.2963135242
11.2973136902
11.2985582352
11.2995691299
11.3005526066
11.3015522957
11.3023073673
11.3035778999
11.3045608997
11.3053050041
11.3066110611
11.3073072433
11.308306694
11.3095571995
11.3103041649
11.3115475178
11.3125522137
11.3145477772
11.3155486584
11.3165447712
11.3175554276
11.3185687065
11.3195581436
11.320551157
11.3215517998
11.3222994804
11.3235526085
11.3245429993
11.3255426884
11.3265390396
11.3275372982
11.3285381794
11.3295369148
11.3305366039
11.3315353394
11.3325383663
11.3335309029
11.3345370293
11.3355295658
11.3365283012
11.3375682831
11.3383123875
11.3395652771
11.3405272961
11.341530323
11.3425247669
11.3435263634
11.3445329666
11.3455348015
11.3465270996
11.3475272655
11.3485224247
11.3495464325
11.3505849838
11.3515660763
11.3523375988
11.3538973331
11.354524374
11.355530262
11.3565330505
11.3575353622
11.3585333824
11.3595211506
11.3605229855
11.361521244
11.3625197411
11.3635210991
11.3645195961
11.3655173779
11.3665175438
11.3675165176
11.3685150146
11.3695156574
11.3705132008
11.3715121746
11.3725106716
11.3734939098
11.3745093346
11.3755075932
11.3765058517
11.3775086403
11.378506422
11.3795611858
11.3805012703
11.3815011978
11.3825023174
11.3835105896
11.3845038414
11.3855061531
11.3865203857
11.3875076771
11.388512373
11.3895170689
11.3905155659
11.3915486336
11.3925065994
11.3935062885
11.3945066929
11.3954987526
11.3965067863
11.397507906
11.3985049725
11.3995006084
11.4004971981
11.4015016556
11.4024989605
11.4034981728
11.4044959545
11.4054956436
11.406494379
11.407494545
11.408495903
11.4094951153
11.4104962349
11.4114947319
11.4124956131
11.4134967327
11.4144949913
11.4154932499
11.4164950848
11.417488575
11.4184920788
11.419490099
11.4204878807
11.421487093
11.4224932194
11.4234874249
11.4244840145
11.4254915714
11.426517725
11.4274921417
11.4284820557
11.4294815063
11.4304857254
11.4314804077
11.4324791431
11.4334793091
11.434476614
11.4354767799
11.436478138
11.4374806881
11.4384758472
11.4394762516
11.440479517
11.4414794445
11.4424748421
11.4434757233
11.4444756508
11.44546628
11.4464621544
11.4474651814
11.4484660625
11.4494659901
11.450466156
11.4514651299
11.452464819
11.4534845352
11.454492569
11.4554686546
11.4564619064
11.4574623108
11.4584615231
11.4594604969
11.4604742527
11.4614729881
11.4624762535
11.4634804726
11.4644603729
11.465470314
11.4664714336
11.4674663544
11.468462944
11.4694542885
11.4704523087
11.4714596272
11.4724538326
11.4734516144
11.4744505882
11.4754495621
11.4764511585
11.4774522781
11.4784488678
11.4794487953
11.4804463387
11.4814469814
11.4824454784
11.4834506512
11.4844462872
11.4854538441
11.4864571095
11.4874532223
11.4884514809
11.4894506931
11.4904477596
11.4914917946
11.492449522
11.4934463501
11.4944460392
11.4954411983
11.4964420795
11.497443676
11.4984438419
11.4994485378
11.5004992485
11.5014929771
11.5025081635
11.5034463406
11.5044879913
11.5054659843
11.5064864159
11.5074543953
11.508439064
11.5094709396
11.5105080605
11.511482954
11.512437582
11.5134446621
11.5144450665
11.5154359341
11.5164313316
11.5224277973
11.523430109
11.524430275
11.5254335403
11.526427269
11.5274255276
11.52846241
11.5294625759
11.5304911137
11.5315515995
11.5324628353
11.5334217548
11.5344171524
11.5354201794
11.5364601612
11.5374116898
11.5384247303
11.5394237041
11.5404195786
11.5414156914
11.5424370766
11.5466043949
11.547426939
11.5484213829
11.5494606495
11.5504691601
11.5514500141
11.5524120331
11.553409338
11.5544023514
11.5554101467
11.5564081669
11.5574090481
11.5584087372
11.5594136715
11.5604045391
11.5614006519
11.5624084473
11.5634026527
11.5644028187
11.5654022694
11.5664093494
11.5674026012
11.5684001446
11.5694043636
11.5704112053
11.5714044571
11.5724072456
11.5734043121
11.5753953457
11.5764050484
11.5773949623
11.5784051418
11.5794064999
11.5804026127
11.5814101696
11.5824029446
11.5833871365
11.5844020844
11.5853881836
11.586404562
11.5873849392
11.5883874893
11.5893864632
11.5903892517
11.5913865566
11.5923843384
11.5933766365
11.5953757763
11.5963842869
11.5973770618
11.598377943
11.59938097
11.6003990173
11.6013817787
11.6023814678
11.6033804417
11.6043875217
11.6053750515
11.6063809395
11.6073772907
11.6083860397
11.609382391
11.6104683876
11.6113755703
11.6123678684
11.6133677959
11.6153755188
11.6163659096
11.6173665524
11.6183633804
11.6193609238
11.6203649044
11.6263768673
11.6273648739
11.628361702
11.629370451
11.6303594112
11.6313495636
11.6323583126
11.633368969
11.6343591213
11.6353518963
11.6363558769
11.6373465061
11.6383461952
11.6393499374
11.6403446198
11.6413516998
11.6425869465
11.6433479786
11.6443548203
11.6455030441
11.6465981007
11.6473453045
11.6483495235
11.6493558884
11.6503527164
11.651350975
11.6523628235
11.6533577442
11.6543560028
11.6593379974
11.6603369713
11.661334753
11.6623353958
11.6633350849
11.6643345356
11.6653318405
11.6663315296
11.6673824787
11.6683297157
11.6693334579
11.6703288555
11.6713328362
11.6723337173
11.6733314991
11.6743323803
11.6753509045
11.677334547
11.6783432961
11.6793243885
11.6803267002
11.6813290119
11.6823327541
11.6833541393
11.6843335629
11.6853647232
11.6863322258
11.6873238087
11.6883304119
11.6893634796
11.6903266907
11.6913807392
11.6923282146
11.6933221817
11.6943240166
11.6953136921
11.6963124275
11.6973202229
11.6983222961
11.6993198395
11.7003190517
11.7013573647
11.7023131847
11.703357935
11.7043194771
11.7053487301
11.7063097954
11.7073099613
11.7083103657
11.7093100548
11.7103066444
11.7113103867
11.7123105526
11.7133102417
11.7143063545
11.7153067589
11.7163114548
11.7173142433
11.7184092999
11.719578743
11.7205467224
11.7215664387
11.7225532532
11.7235529423
11.7245492935
11.7253007889
11.7265543938
11.7275505066
11.7285645008
11.7305493355
11.731549263
11.7325387001
11.733294487
11.7345364094
11.7355453968
11.7365963459
11.7375319004
11.7385318279
11.7395305634
11.7405285835
11.7415287495
11.7425303459
11.7435307503
11.7445280552
11.7455260754
11.7465260029
11.7475271225
11.7485256195
11.7495372295
11.7505266666
11.7515361309
11.7525370121
11.7535374165
11.759519577
11.7605199814
11.76151824
11.7625162601
11.7635295391
11.7655172348
11.7665259838
11.7675271034
11.7685174942
11.7695167065
11.7705173492
11.7715172768
11.7725093365
11.7735080719
11.7745137215
11.7755110264
11.776506424
11.7775051594
11.7785100937
11.7795362473
11.7805156708
11.7815163136
11.7825088501
11.7835118771
11.7845249176
11.7855117321
11.7865047455
11.7875080109
11.7885079384
11.7895095348
11.7905156612
11.7915177345
11.7925131321
11.7935106754
11.7945110798
11.7955217361
11.7965168953
11.7975082397
11.7985057831
11.7995102406
11.8005018234
11.8014974594
11.8024938107
11.8035080433
11.8045094013
11.8055098057
11.806532383
11.8075125217
11.8084959984
11.8095042706
11.8105106354
11.8115079403
11.8125107288
11.8135035038
11.8144979477
11.8154861927
11.8164834976
11.8174829483
11.8184888363
11.8194870949
11.8204853535
11.8214998245
11.8225314617
11.8234844208
11.82457304
11.8254868984
11.8265271187
11.827483654
11.8285105228
11.8294894695
11.8304886818
11.8315253258
11.8324801922
11.8355026245
11.8364925385
11.8374819756
11.8384892941
11.8394818306
11.8404965401
11.8414955139
11.8424942493
11.8434896469
11.8445062637
11.8454751968
11.8464701176
11.8474731445
11.8484699726
11.8494679928
11.8505032063
11.8514857292
11.8525350094
11.8534705639
11.854473114
11.8554692268
11.8564658165
11.8574666977
11.8584856987
11.8595025539
11.8604598045
11.8614752293
11.8624718189
11.863462925
11.8645050526
11.8654928207
11.8664565086
11.8674588203
11.868471384
11.8694639206
11.8704621792
11.8714530468
11.8724703789
11.873456955
11.8754572868
11.8764510155
11.8774716854
11.8784582615
11.8794529438
11.8804905415
11.8815233707
11.8825426102
11.8834686279
11.884465456
11.8854691982
11.8864560127
11.8874914646
11.8885366917
11.8895282745
11.8904471397
11.8914523125
11.8924481869
11.8934588432
11.8944518566
11.895450592
11.8964474201
11.8974506855
11.8984479904
11.8994476795
11.9004468918
11.9014444351
11.9024467468
11.9034435749
11.9044408798
11.9054377079
11.9064390659
11.907435894
11.908434391
11.9094662666
11.9104366302
11.9114699364
11.9124450684
11.9134380817
11.9144346714
11.9154348373
11.9164345264
11.9174294472
11.9184348583
11.9194335938
11.9204554558
11.9214677811
11.9224298
11.9234349728
11.9244260788
11.9254295826
11.9264307022
11.9274277687
11.9284276962
11.9294199944
11.930467844
11.9314725399
11.9324264526
11.9334266186
11.9344277382
11.9354760647
11.9364283085
11.9384300709
11.9394557476
11.9484627247
11.9494349957
11.9504311085
11.9514257908
11.9524290562
11.9534153938
11.9544186592
11.9554138184
11.9564597607
11.9574112892
11.9584128857
11.9594089985
11.9604654312
11.9614508152
11.962446928
11.9634099007
11.9644012451
11.965405941
11.9664144516
11.9674429893
11.9684429169
11.9694085121
11.9704473019
11.9714508057
11.9724195004
11.9734020233
11.974396944
11.9754090309
11.9763982296
11.977396965
11.9804077148
11.9813978672
11.9823980331
11.983389616
11.9853971004
11.98640728
11.9874005318
11.9883882999
11.9894061089
11.9904091358
11.9914031029
11.9923992157
11.9933857918
11.9943995476
11.9953815937
11.9963889122
11.9973762035
11.998374939
11.9993753433
12.0003826618
12.001380682
12.0023829937
12.003385067
12.0044074059
12.0053761005
12.0063827038
12.0073692799
12.0083761215
12.0093693733
12.0103750229
12.0113723278
12.0123729706
12.0133736134
12.0143678188
12.0153682232
12.0163795948
12.0173683167
12.0183651447
12.0193657875
12.0203659534
12.0213620663
12.0223636627
12.0233669281
12.0243620872
12.0253663063
12.0263814926
12.0273625851
12.028370142
12.0293745995
12.0303754807
12.0313630104
12.03236413
12.0333623886
12.0343592167
12.0353565216
12.0363743305
12.037374258
12.038359642
12.0393579006
12.0403635502
12.0413606167
12.0423517227
12.0433599949
12.0443561077
12.0453472137
12.0463471413
12.047347784
12.048350811
12.049352169
12.0503466129
12.0513451099
12.052349329
12.0533425808
12.0543458462
12.0553410053
12.0563442707
12.0573413372
12.0583481789
12.0593593121
12.0606095791
12.0613524914
12.0624029636
12.0633730888
12.0643501282
12.0653505325
12.0665943623
12.0673360825
12.068416357
12.0694050789
12.0703463554
12.0713465214
12.0813434124
12.0823440552
12.08334589
12.0843412876
12.0853385925
12.0863413811
12.0873486996
12.088342905
12.0893492699
12.0903315544
12.0913264751
12.0923304558
12.0933401585
12.0943310261
12.0953292847
12.0963287354
12.0973279476
12.0983242989
12.0993313789
12.1003236771
12.1013252735
12.1023232937
12.103322506
12.1043226719
12.1053473949
12.1063351631
12.1073298454
12.1083295345
12.1093168259
12.1103186607
12.111320734
12.1123204231
12.1133227348
12.114320755
12.1153194904
12.1163170338
12.1173183918
12.1183106899
12.1193113327
12.1203114986
12.121317625
12.1223115921
12.1233160496
12.1243121624
12.125316143
12.1263072491
12.1275556087
12.1283128262
12.1295564175
