1.47978802093
1.47993620437
1.47978524134
1.47909018202
1.47937894161
1.47945783224
1.47983271108
1.48119140151
1.48183208418
1.48194556027
1.48408696026
1.48390012181
1.48306239752
1.48375840887
1.48306032828
1.48070660251
1.4804126432
1.47835463623
1.47853632872
1.4783607665
1.47896659051
1.47903039307
1.48082362084
1.48074711662
1.48194307347
1.48173955949
1.48215911468
1.48261109253
1.48181886881
1.48022896788
1.47942443514
1.47878976847
1.47787622053
1.47722163158
1.4772068801
1.47846539606
1.47912213697
1.48034277483
1.48102172925
1.48009348824
1.48066095273
1.47972726283
1.48036541523
1.48058563235
1.48102648975
1.48099927145
1.48136658816
1.48126957836
1.48079725327
1.47946843091
1.48014288213
1.48048754317
1.47982837361
1.48091746109
1.48157634039
1.48296897281
1.48279954764
1.4832597648
1.48258339466
1.48191453158
1.48110865546
1.48077803999
1.47794926877
1.47660988507
1.47711868968
1.4771361864
1.47764552759
1.48014159006
1.48125414257
1.48217964546
1.48251442309
1.48430191846
1.48307131056
1.48336086492
1.48266547422
1.48228553003
1.48040033167
1.48007179574
1.48008275125
1.47993456249
1.47903794751
1.48011652154
1.48005747394
1.48174251682
1.48260573628
1.48219108571
1.48328352681
1.48213603533
1.48153496488
1.48073398217
1.48119754169
1.48087933281
1.48102107358
1.48055634493
1.48073758696
1.48095575947
1.4814916634
1.48168503839
1.48064017974
1.48001979672
1.47895969289
1.47868827771
1.47778561104
1.47793693583
1.47727280246
1.47700058717
1.47722818433
1.47712198737
1.4765882462
1.47746268452
1.47791330513
1.47897790464
1.4785078135
1.47780214715
1.47890402529
1.47821751001
1.47834987108
1.47792708417
1.47698915735
1.47656569906
1.47645093646
1.47691431732
1.47958241972
1.48024480368
1.48169503354
1.48134200449
1.48182321913
1.48186560421
1.48138019107
1.48008432133
1.47992330096
1.477880055
1.47642647104
1.47596195633
1.47721923956
1.47728204935
1.47834736459
1.48011929098
1.47994881992
1.47983325184
1.48020328745
1.47976569155
1.47948327519
1.47938856208
1.47954250378
1.47937971704
1.47932880599
1.47857340629
1.47997799657
1.47994404595
1.48134005766
1.48116431434
1.48150779345
1.48182924999
1.48082506085
1.48166324544
1.48150284854
1.48163995064
1.48095289982
1.48085520339
1.48106350233
1.48124962928
1.4803801044
1.48063357499
1.48299516377
1.48331753588
1.48100825485
1.48108891782
1.47957174901
1.48009207881
1.48224166106
1.48230205862
1.48247255221
1.48183227969
1.48176900632
1.48084128343
1.48098058991
1.48046853029
1.48063132392
1.47940286545
1.47867010134
1.47944962758
1.47892426917
1.47863814129
1.47885374817
1.47936304309
1.47931555795
1.47906355455
1.47922676666
1.47858174839
1.47924047583
1.47944535173
1.47969186416
1.47896532895
1.47954068013
1.47914248379
1.48028627691
1.47970541399
1.48022413358
1.47987879658
1.47980360585
1.48053914966
1.48023073879
1.4806226255
1.4812173531
1.4794137388
1.47919950135
1.47931534247
1.48055472434
1.48145174644
1.48122753096
1.48139693767
1.48105931698
1.481475608
1.48163633418
1.48151651879
1.48099987306
1.4808691295
1.48136452973
1.48170701387
1.48096731568
1.48175699356
1.48268966522
1.482520315
1.48245168763
1.48175263849
1.48057137057
1.48074753356
1.48016192404
1.4798881419
1.4807582066
1.48113061078
1.48179711736
1.48209871324
1.48166877163
1.48090357408
1.48141069459
1.48064119403
1.48067267479
1.48175483357
1.48082691105
1.4815960316
1.48063166944
1.48066361045
1.48114413991
1.48139706259
1.48073552515
1.4808395515
1.4820553614
1.48057944274
1.48150018358
1.48139745753
1.48165505789
1.48077000551
1.48035176434
1.48024858609
1.48056827831
1.48114011323
1.48111512333
1.48134940224
1.48083956811
1.48230982906
1.48237828034
1.48198558614
1.4811188536
1.48096953504
1.48032002358
1.47902709113
1.47982266798
1.48019032263
1.48053069868
1.47995321913
1.47942345188
1.47999450284
1.48050229118
1.48002128791
1.48031376155
1.48050884864
1.48015740016
1.47932784947
1.48013015877
1.48011939105
1.48027526453
1.47987428387
1.48199144618
1.48197286228
1.48180702537
1.48173916953
1.48100568637
1.48043756583
1.48133031014
1.48057917077
1.48141580046
1.48186672177
1.48246155362
1.48292762055
1.48201913887
1.48193583161
1.48235544822
1.4828079038
1.4826610004
1.4837705779
1.48345289774
1.48373663254
1.48364240086
1.48484400882
1.48571276855
1.4842383904
1.48430729554
1.4848031587
1.48379258897
1.48514321972
1.48500029569
1.48504759207
1.48498796596
1.4850477129
1.4850251332
1.48348929607
1.48407128345
1.48337488359
1.48341429222
1.48393362556
1.4833542893
1.48331466348
1.48370837628
1.48330994562
1.48372623907
1.48278957823
1.48337812313
1.48353476347
1.48374286353
1.48288175931
1.48296771972
1.48285211387
1.48182354196
1.48200959578
1.48064454779
1.48048657386
1.48021372811
1.48035520551
1.48009557966
1.4796822887
1.48004776551
1.47898039304
1.47893872899
1.4795084434
1.47963542587
1.47964760213
1.47841437965
1.47845574235
1.47909508431
1.47937013316
1.48005399116
1.47887263184
1.47979978613
1.47955825292
1.47895050564
1.47912991585
1.48015943092
1.48136321506
1.48096801019
1.48057210533
1.48139389182
1.48116475464
1.48003386885
1.48062936767
1.48134432855
1.48094228753
1.48037737017
1.48091201607
1.48059883476
1.48149348612
1.48178808371
1.4822057453
1.48280425572
1.48318012215
1.48457518832
1.48504867168
1.4848603651
1.48452446798
1.48311037524
1.48291708087
1.48241912516
1.48209622496
1.48290287096
1.48311595104
1.48382141066
1.48379446492
1.48491769129
1.48564171439
1.48619272199
1.48598157436
1.4861435831
1.48669972415
1.48627022923
1.48576759611
1.48476228116
1.48446855124
1.48197226606
1.4796106009
1.47819849326
1.47708839693
1.4783272076
1.47963847082
1.48656218029
1.48769390949
1.48894410528
1.49000718251
1.48978709199
1.48763964046
1.48620528756
1.48363167966
1.48094467987
1.47869031947
1.477762992
1.47627053105
1.47683444288
1.47949486616
1.48136457623
1.48519535089
1.48521258599
1.48572546666
1.4862376376
1.48530229005
1.48424480116
1.48226621345
1.480182247
1.4783535384
1.47589807735
1.47466959493
1.47503481946
1.47546524139
1.47674614158
1.47809511124
1.47924394454
1.48159603203
1.48248801443
1.48418956121
1.48407642306
1.48345083037
1.48296783919
1.48270981541
1.47975917683
1.47842876515
1.47677983068
1.47572547661
1.4753721361
1.47561066849
1.47714152291
1.47832648296
1.47858968899
1.4806391327
1.48135555147
1.48400523508
1.48290141711
1.48330805543
1.48201316599
1.4808585033
1.48109681062
1.48049529012
1.47966258273
1.48006570312
1.48013718087
1.48043132262
1.48127372079
1.48179199894
1.48354923499
1.48326686562
1.48259350993
1.48348401521
1.48400892047
1.48427086561
1.48428705496
1.48345140689
1.48315122616
1.48320197034
1.4840136269
1.48452104096
1.48486625546
1.48316848803
1.48319178359
1.48378320404
1.48307452526
1.48247055248
1.48232909618
1.48208028737
1.48323588887
1.48333277092
1.48358258682
1.4853941075
1.48502010263
1.48596220745
1.48647264396
1.48642460231
1.4853914129
1.48528754357
1.48383932774
1.48452984559
1.4855809317
1.4842427004
1.48505421716
1.48479787034
1.48598491384
1.48500926875
1.48502876562
1.48432012507
1.48393924042
1.48332547075
1.48326578917
1.48311793341
1.48291921359
1.48321662159
1.48343067087
1.48478580618
1.48383947929
1.48454869132
1.4847418256
1.48491990001
1.48441795769
1.48379965543
1.4834552643
1.48375969844
1.4824506611
1.48262012294
1.4825764082
1.48219051807
1.48181815791
1.48271559005
1.48197600647
1.48280348408
1.48270232741
1.48304468068
1.48283824265
1.48258903464
1.48202991202
1.48320955394
1.48288183059
1.48311090093
1.48298939074
1.48253444187
1.48326496084
1.48329240941
1.48390863498
1.48368043138
1.48491207081
1.48443050202
1.48509880606
1.48622977606
1.48745113326
1.48846270421
1.48791998732
1.48784867808
1.48840488379
1.48800292958
1.48811075088
1.48757362141
1.48809738802
1.48795092872
1.49021794201
1.49114605349
1.49045029203
1.49167426388
1.49027766801
1.48823412666
1.48876610772
1.48548801396
1.484618189
1.48381732292
1.48292290572
1.48347200172
1.48493216164
1.48587133448
1.4882738266
1.49002212007
1.49247772416
1.49417465175
1.49538194393
1.49522578952
1.49476927107
1.49205755809
1.48967354886
1.48668412821
1.48403715689
1.48328733023
1.48139013553
1.48125770534
1.48185162105
1.48350110869
1.48527123592
1.48771723982
1.48939643088
1.49158350244
1.4938345518
1.4957670475
1.49505727874
1.49422750382
1.49245241855
1.4907940638
1.48823166711
1.48557538909
1.48482576183
1.48297654671
1.48337466951
1.48365895169
1.48330286606
1.48759110118
1.48969451653
1.49384384045
1.4961246568
1.49763440342
1.4983846761
1.49930950886
1.49738672603
1.49544449101
1.49258054943
1.48995086578
1.48633967409
1.48495263393
1.48331565994
1.48445926607
1.48781721601
1.49135426105
1.4938475499
1.49693026283
1.49755426672
1.49986537633
1.49924303037
1.49790701663
1.4966132373
1.494637915
1.49175069322
1.48922760672
1.48735240004
1.48735110828
1.48631531126
1.48812145141
1.48893187371
1.49010765682
1.4907604591
1.4927273753
1.49434411235
1.4942257374
1.49507953868
1.49429605873
1.4943438375
1.49472478238
1.49317716092
1.49366985699
1.49396672071
1.49342323909
1.49275868806
1.49338450663
1.49436000233
1.49441617275
1.49517829104
1.49593957253
1.49633075639
1.49589079661
1.4952905749
1.49527096522
1.4938445288
1.49342212078
1.49306345231
1.49379841418
1.49414730851
1.49546275088
1.49603422507
1.49739952388
1.49789621286
1.49833924267
1.49805864788
1.49755532592
1.49733996855
1.49595859429
1.49351643758
1.49291594958
1.49167152814
1.4921493055
1.49251548312
1.49240411625
1.49385027659
1.49445345667
1.49513545799
1.49695189059
1.4975237492
1.49909040014
1.49783558586
1.49897355211
1.49851851104
1.49691892718
1.49519310361
1.49412995156
1.49205453469
1.49077472585
1.4906564304
1.49063756635
1.49154826969
1.49255562371
1.49387735432
1.49602798927
1.4971160128
1.50035744077
1.50090624968
1.50226001386
1.50248871396
1.50126512739
1.50011141197
1.49934910076
1.49791451483
1.49705360209
1.49547849541
1.49386187704
1.49434172454
1.49455161691
1.49592996299
1.4972040069
1.49876405807
1.50122329626
1.50260359592
1.50405273837
1.50499725921
1.50632724943
1.50554398126
1.50492739627
1.50451653951
1.50370891236
1.50305747892
1.50290215813
1.50267121918
1.50385137215
1.50385646594
1.50479970751
1.50478078045
1.50550448587
1.50618666528
1.50696714292
1.50773776286
1.50776991717
1.50766883677
1.50756264697
1.50721414109
1.50684084673
1.50612403816
1.50598886754
1.50490500366
1.503306615
1.50269924503
1.50227051316
1.50147515662
1.50174638004
1.50279097335
1.5026603256
1.50326413164
1.50273707142
1.50388997578
1.50359056842
1.50374435254
1.50356591782
1.5035987934
1.50296261622
1.50225935665
1.49370628861
1.49402186217
1.49468393589
1.49727618342
1.49974767079
1.50177200329
1.5034353982
1.50359009892
1.50373799188
1.50367143634
1.50306443323
1.50250562968
1.50061969147
1.49880863199
1.49734877012
1.49561643064
1.49565792858
1.49585080722
1.49633729211
1.49775951751
1.50021866812
1.50200163703
1.50465760662
1.50590590312
1.50857383622
1.50964149465
1.50984636023
1.50792841055
1.50589917154
1.5027475252
1.49889974568
1.49926774021
1.49865287408
1.50093416108
1.501634089
1.50465334289
1.50675755985
1.50854977521
1.50970167323
1.50996724792
1.50960539613
1.50839130812
1.50752984167
1.50629142473
1.50612154394
1.50540659288
1.50531932224
1.50553449751
1.5056657651
1.50638383341
1.50937344075
1.51094234266
1.51182099278
1.5129812463
1.51304844999
1.51369789294
1.51327345091
1.51329696357
1.51101389954
1.50858698317
1.5067025054
1.50582876768
1.50530635357
1.50680758719
1.50739986809
1.51141325281
1.51237945984
1.51330784009
1.51386960544
1.51402834525
1.51235879552
1.51113317689
1.50937188256
1.50733374569
1.50666333221
1.50297512408
1.50269142658
1.50253809453
1.50181066947
1.50220314754
1.50308713288
1.50473312916
1.50561609081
1.50837365739
1.50844463994
1.50710689787
1.50859031193
1.50829049114
1.50890480301
1.50869628847
1.50890468809
1.50866191505
1.50918607192
1.50952179725
1.5101463253
1.50968843335
1.50986667347
1.50855143636
1.50668360712
1.50471969088
1.50414998767
1.50328608376
1.50282314201
1.5031670189
1.50315012596
1.50403427244
1.50707236224
1.50883034058
1.51313164194
1.51617595132
1.51850776045
1.52055615232
1.52148393166
1.52011084849
1.51792677016
1.51663395449
1.51220045886
1.50957332122
1.50535834081
1.50310136399
1.50124033824
1.50112667099
1.50175826076
1.50399625886
1.50696404491
1.51018235548
1.51289454697
1.51562831205
1.51947598506
1.52182123905
1.52491899379
1.52663456361
1.52635805831
1.52521525725
1.52372717464
1.52086107837
1.5193638589
1.51629317554
1.51357893633
1.51231883623
1.51119746845
1.5112380681
1.51373689664
1.51511088277
1.51772062434
1.52001837223
1.52303147082
1.51400922483
1.51307701688
1.51404524924
1.51446382778
1.51525892792
1.51621611147
1.51768147273
1.51845203944
1.51811774149
1.51870342248
1.51812457522
1.51121320958
1.50960633368
1.50841027112
1.50697055199
1.50793614193
1.50909873518
1.51050122696
1.51147428192
1.51457921044
1.5175645229
1.51895648224
1.52026266885
1.5200146085
1.51995922355
1.51873100506
1.51735529535
1.5155984957
1.51446013446
1.51368033158
1.51261404675
1.51217574831
1.51291318187
1.51407003391
1.51488248952
1.51815863295
1.51959733946
1.52100612183
1.52338218166
1.52534496042
1.52639966693
1.52751890717
1.52613203776
1.52533790319
1.52482987859
1.52226096703
1.51984002369
1.51844961383
1.51641811645
1.51673756568
1.51704943643
1.51757828334
1.52183586894
1.5247758118
1.53133519342
1.53295740518
1.53540333754
1.53427820486
1.53460043779
1.53157837695
1.52796090786
1.52410261328
1.52118273129
1.51746770419
1.51693573388
1.51622010371
1.51659187501
1.51871619805
1.52158743566
1.52470022284
1.52941227617
1.53790869819
1.53743850141
1.53625057497
1.53312767776
1.53202749308
1.52746064481
1.52470680558
1.52334775905
1.52099073646
1.52308721454
1.52922968223
1.53330727513
1.53667365237
1.53918391674
1.54009588251
1.53943784045
1.53804533879
1.53768667337
1.53535268171
1.53382206785
1.53096122264
1.52976963319
1.5291186736
1.52761639453
1.53070430715
1.53086679593
1.52977101208
1.52983745423
1.52763524173
1.52688117424
1.52722156003
1.52657759154
1.52705637325
1.52729176671
1.52662461468
1.52769968245
1.52774156406
1.52698075524
1.52723738761
1.5261503645
1.52421956814
1.52341907881
1.52271090535
1.52247842384
1.52143878249
1.52129936421
1.52136895844
1.52256406767
1.52364494863
1.52606947038
1.52782195776
1.52983915055
1.53180169994
1.53144381484
1.53393063373
1.53495475168
1.5352421842
1.53547571139
1.53411641185
1.53428300516
1.53372334669
1.53334965725
1.53446140773
1.53502892191
1.53579176636
1.53743512066
1.538902096
1.54035617188
1.54084914833
1.54223577481
1.54172200254
1.54051369408
1.54144858674
1.54091436404
1.53896641947
1.5389403971
1.53739779515
1.53670812284
1.53548298014
1.53704558063
1.53768337791
1.54657426011
1.54859174083
1.54853845636
1.54730709968
1.54542654166
1.54235143809
1.54017730456
1.53616534926
1.53179612268
1.52904164674
1.52803094551
1.52734837887
1.52913395874
1.53001561684
1.53261554246
1.53614569513
1.53889584127
1.54067563525
1.54184777188
1.54131511526
1.54113435768
1.53907812774
1.53719335017
1.53463819283
1.53190167023
1.52969846317
1.52848929581
1.52814310241
1.53034086187
1.53308242642
1.53624101166
1.53953461343
1.54158285781
1.5435439841
1.54470605152
1.54386345821
1.54291152086
1.54198019787
1.53785704222
1.53568440982
1.53244074344
1.53111503619
1.52988727566
1.53129872224
1.53241522202
1.53440059277
1.53699858781
1.54019741049
1.54206057799
1.54295015407
1.54393301962
1.54239124527
1.53894765342
1.53617423266
1.53317781795
1.53085993299
1.52793507795
1.52672333644
1.52745148
1.52845011937
1.53135781241
1.53437484879
1.53685667862
1.53794679528
1.53960286068
1.53892807031
1.53992459194
1.54009751611
1.5389333841
1.53638667283
1.53451386821
1.53288270038
1.53067319842
1.52671089556
1.52685697945
1.52683657416
1.52670986933
1.53091905597
1.53109968626
1.53363554327
1.53468217288
1.53599830378
1.53700418879
1.53820352422
1.53996466347
1.54025213065
1.54407869275
1.54616092618
1.54790606941
1.54751459885
1.54669958422
1.54573969005
1.54414787728
1.54286286701
1.54210497123
1.54131924849
1.54204524877
1.5435353224
1.5466216294
1.54939595289
1.55209054203
1.55471453968
1.55662034821
1.55969492202
1.55967215191
1.56322364769
1.56296526343
1.56201456359
1.55977860929
1.55644520838
1.55335308004
1.55071895702
1.54623761212
1.54406524238
1.54131189062
1.53889966127
1.53734052686
1.53726120608
1.53692996167
1.53964837109
1.54132631718
1.54497145193
1.54888670539
1.55213031329
1.55584335646
1.55551680769
1.55583654102
1.5546340561
1.5519184856
1.54939931174
1.54764577736
1.54483492996
1.54068682769
1.53858861122
1.53769564948
1.53316467626
1.53479403295
1.53496507637
1.53904179697
1.54122446602
1.54655543704
1.54971620391
1.55295480083
1.55494367191
1.55702975232
1.55986523785
1.56120318834
1.56430129663
1.56386633924
1.56381054708
1.56092497411
1.55514865289
1.54716183719
1.54460291735
1.54128433334
1.54069337739
1.54234624817
1.54657132037
1.55233883012
1.5614824872
1.56749136869
1.5741227517
1.57805124795
1.58214836324
1.58180150154
1.5767910888
1.57332908509
1.5690204615
1.56456374587
1.55882935542
1.55516715724
1.55442724769
1.55366922074
1.55507208171
1.55851813426
1.56356084411
1.56663887263
1.57182602434
1.57502906136
1.57482333557
1.57327991091
1.56976287551
1.56307506512
1.55957328934
1.55407062768
1.55153225675
1.54857391158
1.5470780453
1.547224094
1.55285967182
1.55467606503
1.55794140162
1.55978390294
1.56136632045
1.56285108746
1.56121849723
1.55857205992
1.55612521051
1.55349973423
1.55019801917
1.54788651628
1.54649029329
1.54718826099
1.5503785028
1.55443319547
1.55994812049
1.5651124298
1.57018306308
1.57279983556
1.57314885674
1.57088649615
1.56896522636
1.56500801812
1.56228516916
1.56063292405
1.56016644332
1.55981399049
1.56150908532
1.56393677155
1.56807129859
1.5710794407
1.57319137544
1.57534079864
1.57645500097
1.57559319596
1.57341034709
1.57176244882
1.56846353097
1.56760232234
1.56575016435
1.56459385106
1.56518244982
1.56490554933
1.56733742962
1.5692751446
1.57219621668
1.57546350336
1.57661102465
1.58002962112
1.58135005392
1.58270900835
1.58162248281
1.5659737995
1.56263174629
1.55976456413
1.56052236492
1.56076282668
1.56434156726
1.56656041299
1.57129134804
1.57467675836
1.57559021616
1.57630506313
1.57511197591
1.57183517923
1.56823456169
1.56381408227
1.55926415999
1.55702723382
1.55537242721
1.55692178718
1.56075748991
1.56456062162
1.57157292753
1.57642806029
1.58010415286
1.58230091188
1.58278449862
1.58040072534
1.57701494059
1.57121027325
1.56663135572
1.56322521879
1.56381400793
1.56812144243
1.57275499879
1.57980807963
1.58566328193
1.58894695089
1.59193243201
1.59349731547
1.59314161877
1.59184886432
1.58855891307
1.58550557591
1.58284145287
1.57855113769
1.57652634639
1.57303059193
1.57276936999
1.57463763584
1.57770557954
1.58084734196
1.58754234438
1.59009331391
1.59477376255
1.59608527851
1.59503953697
1.59207014491
1.58910802594
1.58555892924
1.58251325479
1.57737051627
1.57589967055
1.57611863907
1.57770701448
1.58054509399
1.58540635205
1.58902430568
1.59249426449
1.59285442613
1.5914423779
1.58716621473
1.58205564064
1.57610892261
1.57384457177
1.57015343613
1.57120580911
1.57283658064
1.57679053325
1.58204181802
1.58889251721
1.59269626232
1.5976962863
1.6003252817
1.60125577816
1.59940577169
1.59725709531
1.59321159297
1.58885097294
1.58512698622
1.58181791264
1.58042371268
1.58120047063
1.58422198541
1.59036968379
1.59512447062
1.5987240403
1.60074221962
1.60193417914
1.59910231929
1.5965479817
1.59253665573
1.58950308616
1.58807038786
1.58563501629
1.5850871634
1.58579029215
1.58695442113
1.58968213481
1.59185055968
1.59174083173
1.59415449519
1.59416614847
1.59235195183
1.58994600842
1.58561171615
1.58046514398
1.57868778389
1.57704647641
1.57714551398
1.57927925992
1.58148792759
1.58623393228
1.59122561773
1.59326949745
1.59632911229
1.59783684749
1.59833754617
1.59850816313
1.59851721418
1.59845507415
1.59710929035
1.59657836268
1.59491987085
1.59351223293
1.59078698098
1.59034552933
1.59235910165
1.59445347978
1.59938478827
1.60478550652
1.61141704211
1.61631958897
1.61765033142
1.61731488412
1.61561245707
1.61076679499
1.60484160385
1.59738971191
1.59094602576
1.58690150966
1.58671127719
1.58845037384
1.59238084903
1.59757195449
1.60252552672
1.60592657494
1.60591512246
1.60311825167
1.60017186798
1.59383075067
1.58985070811
1.5845944114
1.58144972782
1.58155744997
1.58090704203
1.58228475232
1.5850039851
1.58800071378
1.59123769867
1.59316637034
1.59550715997
1.59668190704
1.59716777187
1.59750053921
1.59588271474
1.59505323136
1.59254604385
1.59110100017
1.58858026748
1.5865000032
1.58554168113
1.58532274252
1.58744838491
1.58926891318
1.59195117659
1.59474066524
1.59784862028
1.60106079953
1.60149431038
1.60233583382
1.60054882341
1.59846804675
1.59529619755
1.59378662954
1.5906056227
1.58957578876
1.58997072358
1.59355451533
1.59632072941
1.59856191834
1.60356054036
1.6086850603
1.61049347302
1.61302915019
1.61398491315
1.61218041076
1.61005781999
1.60539562892
1.60140328448
1.59730350714
1.59352181192
1.59268616547
1.59295982899
1.5937102389
1.59486665177
1.59660666531
1.59766553
1.6000321724
1.60063855002
1.60059332921
1.60006831993
1.60042665787
1.60093201714
1.60084773637
1.60037620906
1.59885536228
1.60036989643
1.60018188035
1.60155097662
1.60241987592
1.6033537127
1.60581585426
1.60498725716
1.60447817484
1.60302134624
1.60343805278
1.60494067418
1.6060700742
1.60831593982
1.60941638043
1.60937335583
1.60914441416
1.60782474313
1.60687366266
1.60605835577
1.60498451764
1.60455180294
1.6055479242
1.60601075616
1.60786429064
1.6051220035
1.60428904432
1.60461402975
1.60509439862
1.60513482284
1.60536305558
1.60649369843
1.60724404194
1.60921641185
1.61043478875
1.61012614799
1.60952285671
1.60691626932
1.60509247405
1.60271856604
1.60282578833
1.60130559864
1.6006749913
1.60077254407
1.60154261227
1.60247472612
1.60323146573
1.60476112712
1.60593219348
1.60542381721
1.60754332029
1.608696594
1.60949628343
1.60988591977
1.6092001307
1.60788166042
1.60709214559
1.60558877924
1.60377122053
1.60101183151
1.59842953008
1.60017623991
1.60257404929
1.60862475032
1.60283617501
1.59809890551
1.59633108618
1.59579643472
1.59925102149
1.60560053031
1.61213736425
1.61810055203
1.62097885457
1.62024607595
1.61908070069
1.61309220883
1.60898008654
1.60634661444
1.60542085263
1.60770790639
1.61191687472
1.61712953092
1.62422169591
1.6271612944
1.62927235136
1.63188263045
1.63104030437
1.6286594952
1.6258347538
1.62378894643
1.62165001932
1.62179028741
1.62340599543
1.62420269675
1.62630726738
1.62874771161
1.62948063148
1.63131917755
1.6312927348
1.630167505
1.62955926886
1.62854701008
1.62689106945
1.62648066424
1.62480088397
1.62219727118
1.61733851214
1.61448778981
1.6101601239
1.60843324277
1.60767485477
1.60771604875
1.60700414458
1.60645419007
1.60661092893
1.60684192975
1.60669195073
1.60564785356
1.60376412003
1.6026871965
1.60207387882
1.60211347391
1.6039580336
1.60603989199
1.60851859868
1.61051065997
1.61224212727
1.61167696371
1.61135745683
1.61081841582
1.61049145924
1.6115487283
1.61245426079
1.61453356243
1.61577011712
1.61691823285
1.61824644566
1.61815539906
1.61763250536
1.61717821678
1.61652171828
1.61448304566
1.61282411302
1.61153643166
1.60872320308
1.60814670284
1.60867179863
1.60880667803
1.61039582483
1.61273079401
1.61524502383
1.61754609707
1.61876145137
1.62279960881
1.62424660561
1.62356242753
1.62271582238
1.6223614861
1.62199942933
1.62069230033
1.62004065879
1.61927847547
1.61911313323
1.61722412134
1.61683210099
1.61506450147
1.61431604391
1.61437938465
1.61456096544
1.61542219144
1.61522058907
1.61611022656
1.61587713854
1.61464856648
1.61421566108
1.61243312678
1.61197134133
1.61050844216
1.61019587056
1.61031652544
1.6109537117
1.6118725761
1.61218889784
1.61079699689
1.60959156471
1.6098853068
1.61021600598
1.61153031778
1.61269366634
1.61380262654
1.61326590274
1.61206817246
1.61237090929
1.61351446625
1.61494023763
1.61665097659
1.61972498071
1.62048219775
1.62237065259
1.62332131203
1.62394772937
1.62418029219
1.62426586442
1.62460981144
1.62564566521
1.62644971253
1.62782486894
1.62651482685
1.62218217246
1.62000393066
1.61579436657
1.61145141461
1.60877906008
1.60642411946
1.60583353423
1.60727617559
1.60867208935
1.6118625349
1.61388266263
1.6164955153
1.61929363301
1.62106834234
1.62424034777
1.62538177161
1.6262508647
1.62521054535
1.62270994222
1.61898178715
1.615149308
1.60959152248
1.60701404955
1.60660899036
1.60729305992
1.61086758588
1.61340343293
1.61506152145
1.61636849025
1.61709270902
1.61752612709
1.61675985841
1.61410711028
1.61211242808
1.61146380427
1.61036305203
1.61236359641
1.61195006991
1.61417961553
1.61487394497
1.6164451489
1.61691928139
1.61817264005
1.61838731604
1.61712369343
1.61598602547
1.6151890631
1.61440777548
1.61464135324
1.61351209963
1.61490660966
1.61450114035
1.61571885845
1.61701891277
1.6180283411
1.61988853866
1.62221079392
1.62410938534
1.62252736717
1.62216354822
1.61861694197
1.6163061274
1.61456418794
1.61384173114
1.61404487108
1.61580859836
1.61663180138
1.61864673957
1.62052452704
1.62097373954
1.62028551808
1.61862061949
1.61595778971
1.61383086705
1.61151986758
1.61060024607
1.61154156812
1.6119160349
1.61453344385
1.61624257117
1.61735998301
1.61507829963
1.61366297136
1.61193524254
1.61281779638
1.61467539226
1.61892956475
1.62514998915
1.62915238916
1.63260931928
1.63307653884
1.63390746345
1.63383460845
1.63289347319
1.63334493212
1.63426189074
1.63289013518
1.63123465195
1.62855003222
1.62442237045
1.62038312902
1.61664335632
1.61355452459
1.61432072861
1.61803324577
1.622890866
1.63171987144
1.63870493184
1.64563044627
1.6500824188
1.65061905277
1.64916639931
1.64589288926
1.63963741646
1.63483544852
1.63203673257
1.63025393119
1.6304272483
1.63233873241
1.63422614404
1.63892029879
1.64084216771
1.64148656574
1.6419121809
1.64028014632
1.63706478967
1.63570017621
1.63388497029
1.63225932787
1.63081282508
1.62915974141
1.62717212343
1.62317579347
1.61964346688
1.61622652101
1.6139609021
1.61303135941
1.61239481968
1.61198041417
1.61244211476
1.61340290556
1.61444915595
1.6148492994
1.61308313097
1.61278869944
1.61336359771
1.61419623227
1.6174186248
1.61840648443
1.61913436328
1.61808538882
1.61555808851
1.61342273693
1.61062418035
1.60875074152
1.60799993237
1.60884689959
1.61036155612
1.61471824784
1.61820641779
1.62078573838
1.62293995066
1.62310237051
1.62187592942
1.62220163689
1.62480767333
1.62721758683
1.62842406022
1.63178227311
1.63253039184
1.63170821263
1.6312722732
1.62933749213
1.62731629756
1.62644222401
1.62537943865
1.62617008063
1.62683023437
1.62737854451
1.62846072494
1.62973208769
1.63064646637
1.6326602546
1.63460567872
1.63427101264
1.63306093808
1.63196572537
1.62863668338
1.62752925561
1.62657906852
1.6257577015
1.62352294007
1.62231912514
1.6228537137
1.62140820169
1.62219519514
1.62076962501
1.62084877698
1.6203808456
1.62166123614
1.6227442988
1.62440554062
1.62580755478
1.62636740612
1.61869960466
1.6212879628
1.62673584709
1.62906318728
1.63077104142
1.63069802007
1.62892772401
1.62942854265
1.62824631523
1.62780182083
1.62545212324
1.6244484709
1.62214341861
1.62225993726
1.62197053014
1.62251327723
1.62462308118
1.62614210898
1.62671679838
1.62690733763
1.6261301903
1.62689621623
1.62632312142
1.62671139108
1.62588803756
1.62506804393
1.62619608103
1.62714176921
1.62828371968
1.62885683619
1.62987364299
1.62907826439
1.62849022169
1.62877900911
1.62690986382
1.62565279332
1.62303349587
1.62311698073
1.62334693918
1.62531891346
1.62673363155
1.62692429631
1.62724655299
1.62652953051
1.62646089713
1.62509072641
1.62663880263
1.62860566531
1.62936556154
1.63017835466
1.63091032917
1.62836592939
1.62682186805
1.6219355215
1.62093984825
1.61961103755
1.62143553318
1.62272988627
1.62474325785
1.62537811427
1.62792093209
1.62933315582
1.63304688088
1.63739860095
1.63908022495
1.63912862645
1.6283778909
1.62883557766
1.63149785547
1.63398554495
1.63485588303
1.63550165872
1.63445056787
1.63378313248
1.63235398013
1.63125970375
1.63212442086
1.63312770576
1.63532314667
1.63693910321
1.63845752209
1.63810491431
1.63627581205
1.63566608869
1.63196958041
1.63081221631
1.63037565317
1.63006799538
1.62926351928
1.628739327
1.62694441564
1.62533459049
1.6247130628
1.62387649771
1.62492478329
1.62540714867
1.62650638052
1.62687227811
1.62624314994
1.62597648322
1.62167247902
1.61999214273
1.61956904334
1.61911884888
1.61992177074
1.61973431729
1.61939621674
1.62043423837
1.62400339435
1.62598299939
1.62797066538
1.62878387763
1.62860351377
1.62685209544
1.62588657627
1.62329363905
1.62210847366
1.62295106072
1.62253692299
1.62404502951
1.62558124578
1.62706544228
1.62967111938
1.63215603761
1.63558536515
1.63966994823
1.64276344608
1.64414082785
1.64283284654
1.639348527
1.63536280024
1.6298156256
1.6274357794
1.62515193685
1.62593496168
1.62892383725
1.632756071
1.63628041282
1.63888039991
1.63863855489
1.63604166965
1.63184425993
1.62897635323
1.62633971991
1.62435991693
1.62292301951
1.62266051603
1.62104565541
1.61940211015
1.61683260126
1.61562409509
1.61391277131
1.61408588912
1.61644979653
1.61963330569
1.62305218816
1.6234788421
1.61922858569
1.61432980558
1.61156802016
1.60698093417
1.60788202726
1.60875527359
1.6111615752
1.61438534685
1.61857185165
1.62131519327
1.6237452234
1.6250737152
1.62631915043
1.62870114935
1.62959281536
1.63354493214
1.63638396637
1.63761969834
1.63571720807
1.63352518902
1.62763555784
1.6245058025
1.61942456564
1.61821164498
1.61984583508
1.62417892015
1.62822885303
1.63384093473
1.63758051321
1.6391268997
1.63860771336
1.6373566107
1.63155463551
1.6280167515
1.62464528781
1.623091081
1.62175682298
1.62308862873
1.62946779434
1.6312329665
1.63424035956
1.63479926408
1.6351257197
1.63223877297
1.63119418802
1.62819833451
1.62587007297
1.62391381049
1.62446790085
1.6260982765
1.62735202331
1.62859415999
1.62796160989
1.62868447028
1.62664875458
1.6230619291
1.62091639409
1.61846421213
1.61600653699
1.61481929843
1.61340932542
1.61168401779
1.61050638746
1.60836022896
1.6103377929
1.61149171687
1.61600045011
1.6207967513
1.62509147605
1.62830115042
1.62939046802
1.62897421497
1.62821545553
1.62736500198
1.62809645473
1.62977310631
1.63238371812
1.63474912015
1.63743308867
1.63715494687
1.63717102338
1.63484565658
1.63172312888
1.63239766589
1.6314695363
1.63162490889
1.63288815154
1.63378516391
1.63501338808
1.63502725684
1.63418478982
1.63448889084
1.63356569575
1.63490213724
1.63744471658
1.63918081108
1.64071992529
1.6417597201
1.64053140417
1.63810540343
1.63585862245
1.63116480564
1.62652760269
1.62325787694
1.62010363668
1.62041809957
1.62067182191
1.6227342006
1.62653327934
1.62895527906
1.62976666025
1.63054812023
1.63174685367
1.63283475685
1.63368670576
1.63538364747
1.63567120514
1.63535316848
1.63462828181
1.6325574239
1.62999987
1.62728865992
1.62602764763
1.62573530614
1.6272589926
1.63024707214
1.63317762201
1.63643050117
1.63877700169
1.63965467292
1.64058763267
1.64150627153
1.64005132668
1.63739700375
1.63417674306
1.63086116369
1.62836667485
1.62865848384
1.63022851562
1.63275533016
1.63547016455
1.63660159461
1.63742699961
1.63651077724
1.63428341356
1.63287353312
1.6316872834
1.63043409587
1.63023998204
1.62921084429
1.62835542239
1.62541668866
1.6224781503
1.61929155405
1.61646467518
1.61722391175
1.61816764423
1.62103660152
1.62471415013
1.62874376789
1.63153312754
1.63546901154
1.63873549599
1.64134783898
1.64126373826
1.64114004304
1.64127324105
1.6361663765
1.63387518792
1.63179696967
1.63219789283
1.63338337442
1.63564824411
1.63776762373
1.64021060004
1.64207173734
1.64117515914
1.64003180861
1.63876031834
1.63647842151
1.63749691745
1.63921084157
1.64248099397
1.64447783438
1.64853523677
1.64912762695
1.65056698018
1.64826802051
1.64490201823
1.6413063535
1.63919403984
1.63869902648
1.64087316753
1.64509865615
1.64841201624
1.65039266401
1.6507075924
1.64993395496
1.64649791763
1.6448955954
1.64468734952
1.64455058433
1.64586198987
1.64545425903
1.64554138264
1.64219619506
1.64053792567
1.6357495288
1.63215724584
1.63142536408
1.63213051486
1.63376885489
1.63816245375
1.64108834357
1.64271136247
1.64083318429
1.63806445486
1.63082969807
1.62769487196
1.62544099611
1.62571240486
1.63152546419
1.63816787079
1.6424921954
1.64604321843
1.64383757311
1.63922393791
1.63212615825
1.62343653865
1.61953537666
1.61907461593
1.62366606266
1.62870219582
1.63488697757
1.63939484668
1.64165686726
1.64296415271
1.64341945457
1.64376814836
1.64466920295
1.64655463197
1.63834190524
1.62924941097
1.62285391743
1.62040920009
1.6188065088
1.6196456385
1.62529651415
1.63382580079
1.64049319727
1.64777589056
1.65182985033
1.65458201221
1.65512954039
1.65349104627
1.65029179778
1.64760030643
1.64487684361
1.64371436804
1.64169821859
1.6412893439
1.64024761504
1.63251868145
1.63092687082
1.62836021025
1.6266303979
1.62544461539
1.62514600631
1.6248518656
1.62444778725
1.62635169167
1.62759244294
1.63056051388
1.63465376634
1.63907433508
1.64440655719
1.64659893418
1.64872246971
1.64779031809
1.64436220905
1.63962573477
1.63497622183
1.63042769338
1.62827352322
1.62678540782
1.62792806016
1.63007106922
1.63089693859
1.63211853123
1.63215648238
1.62619507071
1.62333614296
1.62101013721
1.62159394164
1.62308930269
1.62888757081
1.63326987779
1.64135682228
1.64457126692
1.64906999356
1.65003820928
1.64781833681
1.64273078549
1.63867201435
1.62975644766
1.62482688101
1.62041631071
1.61708047051
1.61505419528
1.61879248737
1.62393142871
1.62949331354
1.63637618548
1.64487104329
1.64797871021
1.65258415401
1.65391055953
1.65297973537
1.65008772454
1.64538423675
1.63826548285
1.63365761504
1.62870003093
1.6257505152
1.62371317712
1.62506368285
1.62678321656
1.63360711261
1.64331236056
1.64727945099
1.65040532744
1.65152451517
1.65249916946
1.65126645479
1.6284849109
1.62925113824
1.63381157867
1.64040203743
1.64532591031
1.65198037222
1.65628693123
1.65965666091
1.65982699431
1.65845597269
1.65550670139
1.65134971013
1.64646146707
1.64222986541
1.63923327556
1.63760764398
1.63622155405
1.63540457311
1.6357638512
1.63699628879
1.6401305944
1.64282863519
1.64692542636
1.64936391677
1.65077367865
1.65087826638
1.64953140412
1.64755385063
1.64498206023
1.63853466794
1.63813391864
1.63655757734
1.63735471283
1.63876006704
1.64075260985
1.64213675036
1.6439182003
1.64436325044
1.64430392243
1.64327685142
1.64327524124
1.6450433756
1.64666915367
1.64801865942
1.65107527915
1.6528927005
1.65384269769
1.65222675984
1.64810483723
1.64719249856
1.64328273554
1.64162727785
1.64022125791
1.64129332075
1.64168044731
1.64282239855
1.64333968258
1.64438182804
1.64586896531
1.64866827936
1.65235388825
1.65635137529
1.66131865912
1.66447847222
1.66612358125
1.66484356122
1.66235672138
1.65757138243
1.65289417985
1.64735020287
1.64326094515
1.6403360502
1.63955189883
1.63949263751
1.64042462074
1.64460506394
1.64821936821
1.65094637531
1.65313000272
1.65606251955
1.65832958729
1.6593662125
1.65922745
1.6573964207
1.65564885832
1.65189550665
1.64867334692
1.64468497494
1.64285772541
1.6430478742
1.64448623172
1.6450044167
1.64887924377
1.65199110215
1.6537893182
1.65566528207
1.65517552803
1.65481676973
1.65151534208
1.6490562578
1.64726637313
1.64534503842
1.64553612169
1.64539385698
1.64717692864
1.6484539607
1.64957913266
1.64829581203
1.64675195463
1.64635721751
1.64386599637
1.64285208915
1.64119613102
1.64114044383
1.64265957787
1.64393039923
1.64736172589
1.65179998088
1.65491743609
1.65875309386
1.66177977897
1.66081289224
1.62962787295
1.62857393179
1.63009596738
1.63261930744
1.63811219951
1.64540961207
1.64705558134
1.64690801921
1.64471992969
1.64279614187
1.6399171554
1.63811089023
1.63592225764
1.63291862846
1.63037963523
1.62848808524
1.62826645044
1.6303614453
1.63510972754
1.63850400666
1.64225636463
1.64320235746
1.64247009763
1.63884650758
1.63543553772
1.6321104451
1.63125237124
1.62949261001
1.62936224476
1.62959047873
1.63076219435
1.63388503757
1.63879842474
1.64339450597
1.65026777594
1.65458357624
1.65852174872
1.65737699404
1.6548091331
1.64909707783
1.64480414114
1.63640386602
1.63226360372
1.62941822007
1.62850582368
1.6307768853
1.63638595794
1.6392318485
1.64325742816
1.64568227605
1.64651130126
1.6462621333
1.64531685808
1.64557744964
1.64658560244
1.64976053597
1.65217084173
1.65389360717
1.65207602474
1.65057385192
1.64913281936
1.64787382744
1.64706997528
1.64584919056
1.64579577837
1.64499610048
1.64400536423
1.64304477757
1.64342014936
1.64352420049
1.64578055796
1.64851693928
1.65154479521
1.65853438406
1.66149183432
1.66345294653
1.66575885883
1.66577096573
1.66570403035
1.66322981911
1.66052677787
1.65489232058
1.64898268493
1.64620948957
1.64210691044
1.63979206796
1.63912485718
1.63943706402
1.64088076076
1.64486392111
1.64887598223
1.6557059794
1.66141245435
1.66720540621
1.66968504135
1.6705694839
1.67050592441
1.66876383261
1.66580523572
1.66259245175
1.6596078416
1.65544591903
1.65371788457
1.64999487753
1.64782602986
1.64621673422
1.64611640766
1.64827120685
1.649889561
1.65286584018
1.65521702977
1.65716430516
1.6600022087
1.66038633343
1.66041528098
1.66006313185
1.6598043113
1.65910664457
1.65864758131
1.65978730142
1.66068608083
1.66272227639
1.66043661925
1.65731511156
1.65389967581
1.64698856517
1.64315259405
1.63989392479
1.63779667897
1.63651629465
1.63757645505
1.63900463518
1.64158162683
1.64369561386
1.6448178686
1.6463404652
1.64523644805
1.64373486009
1.64181367195
1.63880401334
1.63743737156
1.63632449435
1.63421068431
1.63395336475
1.63297126328
1.63308830822
1.63486633632
1.63658164233
1.64071658968
1.64452432882
1.64889218556
1.65071243842
1.65204515842
1.65022963473
1.64939724572
1.64664515932
1.64440290532
1.64281051696
1.64184796918
1.6428057383
1.64414938419
1.64627531326
1.64889530485
1.65057511769
1.65070677459
1.65269220092
1.65408185566
1.65612270551
1.6582843183
1.65864550407
1.65891154159
1.65914163905
1.65795857085
1.65733859762
1.65106105553
1.64999475724
1.65397463147
1.65453997079
1.65507684313
1.65502920242
1.65647574582
1.65681460663
1.66007723639
1.6615385728
1.66404423974
1.66549333896
1.66405883625
1.6620044548
1.65908678784
1.65221659308
1.64747684284
1.64099665497
1.63545931411
1.63297840585
1.63444526936
1.63717984438
1.64118694544
1.64465363239
1.64952462836
1.65145142186
1.65289663513
1.65143507437
1.65243831232
1.6514897522
1.65092861307
1.65042322286
1.65300291433
1.65436272784
1.65752546544
1.65685335559
1.65769956962
1.65684002524
1.65688740406
1.6555049978
1.653550068
1.65264032707
1.65268682124
1.65227061451
1.65205525249
1.65370656981
1.65375496695
1.65454313056
1.65381677373
1.65453794337
1.65590829794
1.65698646698
1.65931903664
1.66115351879
1.66127593131
1.66263653709
1.66254714823
1.66158812438
1.65945712839
1.65483090765
1.65110490136
1.64642605822
1.64365091812
1.64366199394
1.6459410107
1.64960837035
1.65470986989
1.65949520611
1.66394557757
1.66623931714
1.66780865304
1.66624900279
1.66407022072
1.65978312653
1.65678795151
1.65342669674
1.65216366168
1.65123442136
1.65232713036
1.65351026706
1.65440192368
1.65506055197
1.65527981937
1.65601218943
1.65530877431
1.65475671985
1.65538053143
1.65502359704
1.65550960913
1.65592336972
1.65520209537
1.65522446387
1.65458989696
1.65441144341
1.65288033128
1.6529943172
1.65220555377
1.65266333543
1.65377003077
1.65614181262
1.65672018438
1.65720882839
1.65736401859
1.65609169942
1.6550435194
1.65245848997
1.65040625183
1.64872232028
1.64666940228
1.64421761626
1.6443825767
1.64227212913
1.6431594394
1.64360372173
1.64398157258
1.64542362935
1.6470316857
1.64856624257
1.64899016276
1.64895819775
1.64780113251
1.64655283889
1.64513009702
1.64523173199
1.64495624012
1.64520759333
1.64526809704
1.64560483574
1.64529624012
1.64537167466
1.64676037293
1.6476112339
1.64915273043
1.64946023908
1.64893365559
1.65019711166
1.65079416879
1.64912189138
1.64869079933
1.64813030908
1.64735291749
1.64684265393
1.64666614044
1.64724125398
1.64639054718
1.64547857978
1.64475299553
1.64526936635
1.64350838577
1.64322498913
1.64288963043
1.64222942475
1.64230236423
1.64222558271
1.64310388833
1.64406920414
1.64378315175
1.64503449384
1.64737418729
1.6492373551
1.65218752316
1.6542371681
1.65561406288
