8.45960492365
8.45784380939
8.39720035168
8.38002238766
8.43237206746
8.42731474659
8.40916976838
8.45680038022
8.45240034452
8.4343961307
8.43322646499
8.49890968982
8.48130092677
8.44663000424
8.44292663355
8.43219460744
8.41747156358
8.46750231327
8.46192761374
8.44395563161
8.46151919796
8.48539529008
8.46593674327
8.47821860056
8.4836030535
8.46769654247
8.49129401326
8.46866643133
8.47940361787
8.4558844882
8.46838343928
8.45942301633
8.47391651697
8.46452175734
8.44409536834
8.4599051103
8.4605541378
8.4576168059
8.4676157643
8.44174091213
8.48358860455
8.49391187051
8.4846555789
8.4809921203
8.50196106969
8.48739590903
8.48236116414
8.51395931037
8.45050104252
8.47267301201
8.47930454361
8.46358588971
8.48418778947
8.43178061395
8.49549215234
8.50243031544
8.46239219924
8.52363959805
8.50480753707
8.48082747199
8.47688387844
8.49066006306
8.46559110698
8.43407843622
8.43081962764
8.47884891297
8.44611376252
8.4799901022
8.46851835983
8.48289682823
8.48304027678
8.46600732925
8.47897043965
8.49942334878
8.49492751713
8.45155241539
8.48784756632
8.43621318526
8.43073057662
8.45562283504
8.43257434366
8.45139685316
8.43557637042
8.4315432382
8.45041520428
8.46839565677
8.47861192276
8.49799891711
8.45050626624
8.47179825604
8.4789976078
8.44295904419
8.488103642
8.48345503185
8.47033220433
8.47757644029
8.47699492075
8.44499822555
8.45061685688
8.45833971551
8.47125425465
8.45231131499
8.4779789543
8.45475633878
8.47040372265
8.47842329348
8.47129200333
8.49548654389
8.48408535462
8.48253427514
8.49293551592
8.48753401495
8.48448074438
8.4796007312
8.48249936908
8.4944901213
8.44167557151
8.46741883606
8.45466349303
8.43475238434
8.44083284608
8.44612799903
8.44627554746
8.46717223574
8.45242615094
8.45739689774
8.46532473384
8.44983869357
8.49430969582
8.49127328566
8.45137352108
8.44406792787
8.4910044371
8.47623740718
8.46780265102
8.50860163556
8.49857718809
8.50184293344
8.48427677365
8.52908981168
8.49155855078
8.50596310734
8.48985919513
8.46087629066
8.53229494157
8.49025122921
8.50901929105
8.47928113449
8.43924259287
8.50497677056
8.42405272031
8.464825358
8.4613678727
8.47502100506
8.47579654099
8.46181487729
8.50922239439
8.51268137608
8.48529406194
8.47858302838
8.45831084635
8.47425088969
8.50967937123
8.4813325227
8.46756774989
8.44367851373
8.50723770782
8.48842685658
8.45468282862
8.45173861155
8.44436509744
8.46634680519
8.46766910158
8.44419672326
8.44866476419
8.41295668863
8.48917842017
8.4781735901
8.46188179515
8.46772398138
8.48830106973
8.44797966936
8.48792344854
8.46878491079
8.47390522733
8.4659137158
8.47905821584
8.48661214104
8.46846514586
8.45610686848
8.43986957365
8.44179806669
8.44145682266
8.47836157373
8.44146178269
8.46587639218
8.4598781124
8.50142563816
8.49177373416
8.48737857247
8.47963963395
8.44711612276
8.47527086858
8.49063275999
8.49087693957
8.48999812128
8.49081842816
8.51867717724
8.4893515466
8.49628901454
8.49253143756
8.53524707231
8.49448824101
8.45364027657
8.52724738854
8.5051459908
8.44370025041
8.49169771749
8.50752807403
8.46700373471
8.52790889662
8.47497683864
8.51800154687
8.52281997102
8.52329938739
8.50642576437
8.50270615634
8.48844129941
8.53624277366
8.51736006908
8.49056896229
8.53157540307
8.51536076894
8.49300306703
8.49964277723
8.48169137644
8.51856719246
8.47231780226
8.46946772509
8.48970746222
8.49861326696
8.46279428295
8.46703372097
8.49841041771
8.47145154114
8.50360990624
8.4699493529
8.47674676179
8.47182201674
8.49837096255
8.47483093676
8.46333074986
8.45096791874
8.46062913623
8.45734205834
8.44798524115
8.47103905022
8.45336962842
8.47889434986
8.42941179132
8.42963713009
8.43679935018
8.51793903309
8.46658105406
8.48692355191
8.4532911225
8.46743129059
8.44449765088
8.43382855872
8.4609985854
8.44374465571
8.46448087746
8.44149813731
8.4700275629
8.47014019346
8.46834000549
8.45061404237
8.45718030294
8.46501888941
8.47317410666
8.44428587018
8.45271257834
8.42574869685
8.41921294596
8.44909399813
8.47012497367
8.42258580815
8.45981805089
8.43863527406
8.47771355078
8.48251324973
8.49757937482
8.46583958273
8.46452645713
8.51980136411
8.47433217879
8.46994968575
8.45101489936
8.45340663432
8.45716846338
8.46025659456
8.46457320304
8.49526335797
8.46430496393
8.48120641869
8.50672360457
8.48230935568
8.53127884494
8.46623311939
8.49478086619
8.48967033096
8.5158853702
8.56617466474
8.53290185299
8.54740008939
8.4852293309
8.52691585038
8.50683399826
8.534195799
8.51078157165
8.51293203374
8.48573195881
8.50404998336
8.49572581663
8.4920824063
8.48917926832
8.49740558192
8.47927388323
8.43509821337
8.45659663539
8.4638379696
8.48062627824
8.47510914615
8.45654817228
8.45677246364
8.46491431331
8.40446113358
8.47730484633
8.46423788585
8.48302625951
8.51620275064
8.50227219963
8.48077823029
8.48332808383
8.48541190873
8.49535743174
8.46835938784
8.49621075562
8.49788900423
8.4979168011
8.50817312223
8.49230210325
8.45907699586
8.52220094827
8.45890514604
8.51120594208
8.47357376147
8.47599315305
8.45846725384
8.50860718491
8.51043297653
8.53824859058
8.50966562769
8.52240755901
8.49038821679
8.52079716892
8.48946562043
8.5409000755
8.5207005004
8.50771805845
8.52272910072
8.53566743368
8.51782128934
8.48635834665
8.53983320607
8.50013822669
8.52755332508
8.53296215246
8.52811480356
8.5522744759
8.51970278567
8.51813599683
8.48360925824
8.51724343201
8.50219087933
8.47663658058
8.53312844027
8.5524131675
8.55052898364
8.46930376204
8.49986485457
8.50579539194
8.52063279712
8.53764573775
8.52105181387
8.51011140681
8.50051016229
8.46782382551
8.48347314701
8.49834553116
8.49261991901
8.48465005371
8.46691063154
8.48596894571
8.48498292985
8.55127117391
8.52143318916
8.49980715863
8.51293216327
8.54967736476
8.50748951841
8.52103547348
8.53117206457
8.49344412472
8.49734683465
8.48233085834
8.48171842939
8.44978801044
8.47858515597
8.4669104097
8.5212148964
8.53335055135
8.49091542702
8.5355122456
8.49863003322
8.48406789296
8.47226338736
8.50390703163
8.46971108377
8.50410040946
8.45122877794
8.48056852988
8.44873216947
8.48336389274
8.50913135916
8.5107385787
8.5378007414
8.54089600112
8.49687648026
8.54066652392
8.5211202906
8.50236920737
8.50386817885
8.47677999376
8.51869320453
8.50085450447
8.47422123104
8.51732035952
8.49285967171
8.52236654578
8.53045726572
8.51315712251
8.54411206758
8.49191504323
8.55906077117
8.54257037346
8.53867291661
8.55083476967
8.56032500737
8.55298592288
8.54903062763
8.51739675852
8.55068342675
8.55232557218
8.57570805412
8.54984126807
8.58655455181
8.5414890667
8.57342464676
8.56178482485
8.5497957173
8.56597484642
8.54915400503
8.52411207481
8.53483925826
8.54307147954
8.54333476841
8.54467211936
8.55160394794
8.57269631822
8.5135964314
8.53574241312
8.50274190241
8.54160035747
8.52987209635
8.56178363833
8.53904205481
8.54275654706
8.56243856643
8.49535789464
8.57191711059
8.55787588312
8.5305083849
8.55530013993
8.51909846697
8.52297649685
8.46412751803
8.53390311314
8.54249361693
8.54696884812
8.54932927317
8.53557833206
8.52653217882
8.56271264298
8.52027736917
8.54901414733
8.56698785134
8.57105508345
8.50517341696
8.57058717094
8.58413863509
8.54733075059
8.55416226142
8.57517269064
8.55482639764
8.53477196487
8.57957958436
8.54487456654
8.55354945013
8.57403921791
8.5864369844
8.56823688448
8.55000245864
8.54680552932
8.61572775045
8.5913786846
8.54623696523
8.55185008797
8.56686210765
8.55402271382
8.55931397136
8.57705531068
8.56203566423
8.5870658009
8.63500924552
8.59452268619
8.56497446211
8.57896977449
8.60730959729
8.57301921075
8.61590299512
8.5805092958
8.59594612793
8.63093228952
8.63095651092
8.59277889241
8.62037949727
8.64278565833
8.62236641134
8.69488496262
8.66891523782
8.66258116963
8.66988786362
8.67745143557
8.68070444121
8.62876355523
8.65102465881
8.6543845542
8.64360699064
8.65811714407
8.65325008769
8.64127501906
8.65776400723
8.65217256749
8.68486170115
8.69792909311
8.65296637519
8.63141442582
8.7021519759
8.59260569389
8.62829608415
8.67038514528
8.66624624506
8.67259107539
8.64379068626
8.65757495294
8.66731042454
8.6513859706
8.67432239235
8.63381730196
8.63363912524
8.60218361654
8.63608600958
8.59980636531
8.6354136413
8.60047139633
8.65131330289
8.64017178193
8.63208776825
8.65137741712
8.66785292638
8.69881740339
8.65982587203
8.67293890414
8.72277206466
8.68372252602
8.69594840803
8.69006921913
8.67757678748
8.69160875247
8.66454457646
8.65997284763
8.65464517287
8.67174402064
8.67182736435
8.69318557777
8.69882961543
8.68746389835
8.71813154346
8.73263977012
8.73405127952
8.75724514846
8.74622484858
8.76983273574
8.77104058936
8.77639646341
8.70108946775
8.69485776268
8.7235498502
8.70005377798
8.74909338639
8.71968099448
8.75057784904
8.72844889354
8.76483046176
8.75376359193
8.80064433306
8.81540347498
8.77072903624
8.73339017089
8.74231857309
8.73517455777
8.77688768818
8.78790330909
8.78759210203
8.74510689255
8.74482839158
8.75374660908
8.79401549827
8.80056009419
8.83029798447
8.78063276172
8.76211934411
8.76984844378
8.79605892693
8.81029117661
8.81150325793
8.80601791124
8.79659411577
8.77516517506
8.81048747698
8.78924781627
8.81242637436
8.84325920962
8.77133559212
8.82720713392
8.8292753548
8.8160681897
8.85381362803
8.83539542541
8.86375000191
8.81608526604
8.81886194565
8.86116907245
8.85604796094
8.87695859839
8.86032066248
8.84502256171
8.85036782999
8.86808935951
8.8973817838
8.86631495887
8.85028318313
8.82945084577
8.83898569106
8.78081872261
8.85021677243
8.80591474796
8.8250934621
8.85023014064
8.8195142468
8.8580625587
8.87834241255
8.92077248632
8.90535573165
8.88114211468
8.90828800733
8.91605415196
8.86853780888
8.93845599777
8.89716223702
8.87783506845
8.86041566399
8.87338680974
8.87857796476
8.87803159945
8.8341021531
8.85350751019
8.84431467267
8.86566683412
8.88339244262
8.87136449795
8.87137785774
8.91052680299
8.9385316752
8.92630119216
8.92412544669
8.86992452063
8.90917235251
8.93156259095
8.95141539889
8.92119619467
8.94740169327
8.93700303553
8.97527265459
8.98182007579
8.9150316935
8.93582910567
8.96529218727
8.97375687614
8.99253245826
8.96813281545
8.94404124206
8.9618079208
8.97803787597
8.96925315078
8.9517911536
8.94762842241
8.9393901553
8.97830803456
8.94448029414
8.98146680048
8.998694476
9.02777506159
9.01341311136
9.03386037099
9.02725194099
9.01383636497
9.03847299564
9.02544075962
9.02965954191
9.03362542778
9.05143144632
9.00855259126
9.00127443608
9.00672494853
8.98605929657
8.98053333506
8.99751355306
8.94806907349
8.98706847545
8.96459039944
8.98243160158
8.9845620646
8.9649105423
8.97044509066
9.00053808596
8.99443513246
9.04489509064
8.99486916065
9.02713210714
8.98458443942
8.99561133383
8.98526321279
8.98405923219
8.99844603546
9.01049626822
9.03247443581
9.0074575047
9.05569199148
9.01553326284
9.01374181048
9.02262695142
8.97487458775
9.01022616963
8.99591008341
9.0024058146
8.99846833662
8.9955874763
9.01265211965
9.0002360901
9.011117524
9.02715791886
9.08107663052
9.07809029691
9.09154939988
9.06477645603
9.07886749902
9.08713500937
9.06833444163
9.08843383115
9.09793385204
9.06835248285
9.06725357398
9.10366157627
9.08296464494
9.0758593606
9.10631188512
9.08169952529
9.09756331348
9.12431824251
9.10572190981
9.14291373444
9.07369509621
9.13362313466
9.11217633407
9.15169864086
9.15325559077
9.10793827302
9.11873592642
9.13787952406
9.14756892728
9.18442357639
9.1696642002
9.15472078051
9.16194754702
9.15681974518
9.17523507206
9.15501176485
9.15176344704
9.10920973446
9.12965077359
9.13448661727
9.15641048444
9.12129261652
9.15217164196
9.13281036303
9.16746413505
9.17837263886
9.14682873158
9.18031252566
9.172880673
9.14260464504
9.19737773238
9.13549124764
9.14694632247
9.14472119662
9.13259476648
9.14391370887
9.11577598363
9.11113897944
9.08537267325
9.13074484228
9.08756686888
9.10000818167
9.12191360901
9.11917875004
9.14067656894
9.13203095061
9.12831733577
9.17949209365
9.19688874061
9.19884076335
9.1962332152
9.18071845816
9.17985807833
9.22650907406
9.18332136459
9.16342443646
9.15021999626
9.15223400551
9.13009272779
9.16625159615
9.12488538054
9.05950218252
9.13423650873
9.17559147378
9.1599243701
9.16959161549
9.20615483329
9.19423600249
9.23337764597
9.22403102458
9.22715041938
9.23514378771
9.24606067356
9.26930354801
9.23927362252
9.23313761464
9.22049891155
9.21785940047
9.2403572107
9.1827534502
9.23248538994
9.20716432045
9.23184462397
9.22319656433
9.27868756889
9.29499017193
9.25068955927
9.28994381243
9.29625684703
9.32636375263
9.31908595705
9.32673156564
9.32791286715
9.33026770198
9.30653817911
9.32096072788
9.31601036739
9.36370620114
9.32974887036
9.31076862
9.30727731475
9.35510367298
9.33426453972
9.31134590347
9.3189828761
9.35239682176
9.35426682743
9.36256668566
9.35489395693
9.35496658168
9.33722115384
9.37306277657
9.35506063037
9.37409139312
9.40910760115
9.36800435448
9.36150392827
9.35404758795
9.32206113846
9.29778194909
9.31931983416
9.27529802078
9.34005124489
9.3867228979
9.34506773174
9.36404681564
9.38144278093
9.39940357128
9.40414192932
9.36005059331
9.37730048601
9.39664572824
9.3957316552
9.38950992416
9.39660375581
9.41558111235
9.37334394005
9.38079691895
9.43010708588
9.41788384958
9.40605605935
9.40290725893
9.42866802132
9.42649540371
9.43687473113
9.45929090462
9.44938530055
9.47842196775
9.40467310761
9.48379356158
9.4612009977
9.42661149132
9.40590253915
9.44135255315
9.42632296684
9.45608356283
9.42086249122
9.44497580505
9.42594714595
9.43769443043
9.51065381811
9.4990857091
9.51185623211
9.51010468342
9.52653549933
9.56482756516
9.54699338725
9.49519597223
9.52347570363
9.52053211396
9.50316681088
9.4961349045
9.51695492209
9.53517724179
9.55395202176
9.59254361886
9.63514809321
9.59981634789
9.57667800278
9.60440930839
9.5838439329
9.57929686401
9.52649590152
9.54729033879
9.54335653683
9.53258868336
9.56851559726
9.55419494867
9.59284762284
9.57400652227
9.55847382509
9.63015585267
9.63136553602
9.60237934957
9.59747666825
9.6147058095
9.58191608249
9.58382042144
9.5158368122
9.56341785607
9.53369523487
9.50481587222
9.50129401203
9.51195736977
9.48923855213
9.49745330634
9.50420446106
9.51481997161
9.50515373329
9.51978904309
9.56310246769
9.49538416129
9.56873005525
9.56675970948
9.55124662502
9.62926915957
9.6171812678
9.58678734125
9.62321198776
9.598625119
9.62473431957
9.62170417422
9.64004590364
9.64347029104
9.6476128572
9.63381867246
9.61880840447
9.62424205255
9.61612733791
9.64715861394
9.65030107829
9.67734118931
9.69121842786
9.64173328627
9.656401005
9.61973282847
9.64613075996
9.68331632988
9.69612825641
9.72433389778
9.69235391369
9.73234786622
9.72670385306
9.7711894271
9.76731924969
9.80395040729
9.81962495888
9.85325109665
9.81595875135
9.80394546897
9.82497574705
9.7901026869
9.80304795786
9.75604768458
9.80419751979
9.79561928209
9.75323185087
9.7474753515
9.84261007854
9.82254235148
9.84233829404
9.78916517475
9.77960306419
9.78380330373
9.82495829992
9.80447847199
9.79692336142
9.81098917348
9.82862362592
9.82121588539
9.84650050434
9.87528492832
9.85865985346
9.92373583669
9.88254743063
9.9139939647
9.91319371635
9.91650964043
9.93643150985
9.90237449997
9.88938535431
9.82303412378
9.81728913693
9.80903256922
9.8200620751
9.8402356408
9.84281036331
9.86973221182
9.87567386646
9.89623267698
9.85824205515
9.90414734274
9.96044608562
9.93782234701
9.96920932077
9.96122441386
9.97435733913
9.98098811792
9.94810507757
9.96966534549
9.98431559512
10.0130331888
10.0378876473
10.0466050971
10.0542108182
10.0797753833
10.0808768043
10.0253672381
10.0552209223
10.0517639039
10.0622221971
10.0427396092
10.0054977723
10.0139993324
9.95890245165
9.97171372113
9.98880984573
10.0614501541
10.0432082015
10.0226517679
10.0434818605
10.0106311963
10.0184786931
10.0507149575
10.0463110587
10.0614572279
10.0436503604
10.0501239652
10.019981225
10.0313348975
10.0214223539
9.98714852333
10.0043623095
10.001023435
9.99203635687
10.0488372291
10.0770066357
10.0728474906
10.1702803806
10.14083872
10.1846249421
10.1537168835
10.1617389907
10.1968520496
10.212330032
10.2247821453
10.2000556516
10.1848821464
10.1684637208
10.1392910443
10.1604084473
10.1720684908
10.1174472186
10.1592046566
10.1521587004
10.1441611268
10.2150438408
10.1689752121
10.1747507173
10.230899199
10.2277021179
10.2249714361
10.2326705138
10.2754183128
10.2486002286
10.2306489171
10.2392863365
10.1883577202
10.2400927139
10.1895154129
10.1534428236
10.195740416
10.1027724822
10.1233521987
10.1407248515
10.1450563584
10.1649473531
10.1708688678
10.1580183019
10.1665534677
10.2023109942
10.206966903
10.1837418915
10.2237334344
10.20455699
10.219500061
10.2593107064
10.2542799574
10.2512748365
10.2073141741
10.2053302631
10.1614113948
10.2187287694
10.2043787512
10.1718152766
10.1917183349
10.2056746545
10.1906698677
10.2583848418
10.2610765826
10.3256409977
10.3310889419
10.425805583
10.4949189127
10.5416574176
10.5865301958
10.6064860566
10.5906446535
10.5482606083
10.6060696555
10.6158620727
10.6314161563
10.6048549888
10.638324361
10.6164165471
10.6619605046
10.6578175671
10.7144637096
10.7252025638
10.7265249291
10.7388319092
10.7762883893
10.714197841
10.7600791279
10.7082707184
10.7002455075
10.6894596208
10.6228153014
10.6364734244
10.6008957805
10.6079575098
10.6252477044
10.6863408421
10.6343058387
10.6984467964
10.7081657425
10.7451191363
10.7428151032
10.720361176
10.7392131416
10.7425485324
10.7527068394
10.7213568167
10.6978239566
10.7006620782
10.6842442319
10.6728958358
10.6816863032
10.6796744957
10.6990891937
10.701965277
10.689770553
10.697056364
10.7272677012
10.6441741853
10.6751364458
10.651723117
10.6666742685
10.6821195361
10.6877976043
10.6782072427
10.6843690809
10.7183701723
10.7547358349
10.739714137
10.7400420252
10.8062088525
10.7994711592
10.8414927769
10.8264628001
10.8886671467
10.8279091568
10.8379260542
10.877277276
10.8797362558
10.9088844376
10.9249403286
10.9378254183
10.9419423314
10.9609798386
10.9612606833
10.9924809356
11.0182315937
10.9581866969
10.9970486448
10.9624181126
10.9658014977
10.9289635019
10.9322968353
10.9339079374
10.9265328506
10.9378355846
10.9700482992
10.9167590039
10.9574040828
10.9740311222
10.9732765877
10.9742362691
11.0096035047
10.9511302292
10.9422039815
10.9230531752
10.9314369964
10.9707309534
10.9293508113
10.9475794291
10.9547793916
11.0151175092
11.0069733463
11.0105435324
11.0393404506
10.9894035548
11.0003987618
10.9697161492
10.9816664338
10.9478920413
10.9547911297
10.9923436733
10.995747347
11.0313924249
11.039274318
11.0765943828
11.0934867503
11.0811510282
11.0458224731
11.0856475023
11.0692942393
11.0216913901
11.0043231611
11.0065008583
11.0274215608
11.0764945446
11.071571941
11.0943513556
11.1091743497
11.1308010647
11.1936125175
11.1897612731
11.1895864211
11.1683707495
11.1715147392
11.194109287
11.1647450128
11.1534586135
11.2351988839
11.1388307477
11.2309858846
11.1953258561
11.2311107475
11.2805232054
11.2887552219
11.2929177304
11.3106648715
11.2991907158
11.3105969989
11.2724391791
11.2648820323
11.2527163056
11.2481835482
11.1929914648
11.1983306588
11.1753675419
11.1849690732
11.1907967577
11.196815057
11.244516088
11.2466220185
11.2313017339
11.2189613532
11.2328187864
11.2136365996
11.2111275123
11.2134283237
11.2535304374
11.2226563773
11.2574733718
11.271540327
11.2584970796
11.3371277297
11.4108182869
11.379231688
11.3814892283
11.4180270672
11.4470997011
11.4269691173
11.4048553706
11.3550100766
11.3508263926
11.3269421053
11.3442315124
11.3529577008
11.3771187347
11.343877386
11.35638123
11.3662319296
11.3572480179
11.329142604
11.3410892108
11.3544349925
11.3554085281
11.3434887115
11.3644418899
11.3471884442
11.3520378703
11.3546488244
11.3419635525
11.3455409424
11.4038706149
11.3961370052
11.3749179987
11.4193042673
11.4139912163
11.3985119414
11.4074732326
11.4365686426
11.5037156181
11.5185607489
11.5549521518
11.600382317
11.6432211083
11.6570561338
11.6854800667
11.6950658249
11.7212408198
11.7491196979
11.7549462901
11.7232565286
11.7083898205
11.6940939808
11.7123338358
11.673165641
11.6225884431
11.6148390503
11.6264193587
11.5743911107
11.5654393
11.6185084247
11.5977119233
11.6288249283
11.6503106659
11.6599441526
11.7031463642
11.6619028356
11.6628768007
11.6757839825
11.6857676047
11.6878106094
11.664090208
11.6701241823
11.6571498287
11.6615096394
11.6964487219
11.7151496423
11.7773938065
11.7608673236
11.7536005961
11.7676813554
11.7576384626
11.7463943555
11.7467941476
11.7665290221
11.6906014866
11.6961809377
11.6818904549
11.7024549832
11.6814721503
11.6638618188
11.6816999145
11.7420448229
11.6799336004
11.7147032479
11.6904709414
11.7260727591
11.6635242154
11.6814917785
11.6730972187
11.6547308218
11.6771566827
11.6960326035
11.6543529666
11.6593678223
11.6437317997
11.7112917561
11.7522474351
11.7380598702
11.7485227352
11.7856499676
11.7782231961
11.821530032
11.807904231
11.817706438
11.8229161261
11.7781209007
11.8318218173
11.7735526957
11.8104875124
11.8578948684
11.8230331367
11.8247262615
11.8665533033
11.8693363241
11.9072953193
11.9147571074
11.8899134302
11.8930716662
11.887795979
11.8812135758
11.8348148879
11.8625779788
11.8274500178
11.8454700495
11.7922021219
11.8430447992
11.8343047074
11.8888344211
11.8730616051
11.86360001
11.8994952278
11.9389362196
11.9486741029
11.9398593201
11.9876868148
11.9984336478
11.981234978
11.9982247243
11.942991867
11.9614202634
11.9644340096
11.979005222
11.9460188235
11.9710320467
11.9856224374
11.9694679499
12.0116888145
12.0182295048
12.0189005978
12.0199448681
12.0204033623
12.0334314697
12.0575764571
12.0397700615
12.0296387441
12.0168188194
12.0274987367
12.0353515882
12.0223664343
12.0293857885
12.0874112672
12.0870267999
12.0780024794
12.0481980871
12.0894629327
12.0762756716
12.0653950549
12.05294691
12.0783743445
12.0995544993
12.1212289558
12.082727168
12.1418063055
12.1095079611
12.1087541465
12.08577817
12.0776565094
12.0732795961
12.1122159922
12.1111415757
12.1260327438
12.0672929296
12.0497938923
12.0887589979
12.1362990594
12.1013702217
12.1411705814
12.1116066361
12.1004217636
12.0749588989
12.1107129181
12.0969426549
12.0972075521
12.1290468315
12.0965739374
12.11645361
12.1561334061
12.1562575046
12.1107856296
12.1194454182
12.1526471804
12.1424512306
12.1701797961
12.1823394121
12.2036086732
12.2301798442
12.3366601095
12.3589597624
12.3214008103
12.392054414
12.3805250311
12.404550237
12.4561852521
12.412890751
12.4218675899
12.396952406
12.4410875226
12.4362792977
12.4651752506
12.4859501426
12.5301195511
12.4886091638
12.5369224795
12.5254815379
12.5330007981
12.5172179422
12.4492494986
12.4079553609
12.4299227036
12.4289835839
12.4087539456
12.4132494653
12.4509931829
12.4141864936
12.4111525983
12.4211910751
12.4450555526
12.4441512515
12.4449499835
12.4327632588
12.445682684
12.4898441748
12.4851873416
12.4800168032
12.4543786836
12.5004285988
12.4707166979
12.4832145051
12.4689849282
12.4685414608
12.4522479877
12.4447503171
12.4741479772
12.4480732594
12.4403688557
12.4236676154
12.4263621724
12.3835843362
12.3460257658
12.3645962388
12.3723939396
12.3436233626
12.3206638316
12.3443094177
12.3121184453
12.2797985926
12.290553828
12.3176575211
12.2971668714
12.2813823258
12.3067869896
12.31273675
12.2967472345
12.3164636718
12.3418788024
12.382785966
12.3884613624
12.3713320911
12.4327827495
12.4091824533
12.4414819801
12.4752447366
12.4733367147
12.4716951761
12.5025042261
12.5380777935
12.5423521833
12.5490307944
12.5615603306
12.5327820871
12.5357492884
12.5851376702
12.5392339581
12.5098003298
12.5124993043
12.5385384468
12.4922789124
12.4589865487
12.4530904838
12.4502332727
12.4394472592
12.4327491311
12.4324964631
12.4236816101
12.4118996675
12.4127746125
12.3733850098
12.4057329596
12.3947825633
12.4328281364
12.4145214729
12.4065702933
12.3794583726
12.4104255393
12.4563018456
12.4603856152
12.4893474821
12.5050679809
12.5272677894
12.5367316409
12.546581197
12.4985241829
12.5128880012
12.4923882275
12.5117121625
12.5382092074
12.5241966836
12.5041385303
12.5218403574
12.5134675065
12.5439165317
12.5307999487
12.5454859978
12.5527693062
12.5394436031
12.5004560114
12.5408551021
12.5273021444
12.5532728811
12.5427524441
12.5739381445
12.5502786097
12.5924335614
12.6133961992
12.6112947025
12.6267370702
12.5986183119
12.5685534255
12.6258597777
12.6259775788
12.6049903801
12.5734194657
12.6085573887
12.6153267588
12.5879157713
12.6065611233
12.5657972314
12.594551393
12.5971484583
12.5788107804
12.5902904128
12.6007057516
12.5824636065
12.5589575005
12.5274687417
12.5067758037
12.5019003372
12.5020129261
12.4807608953
12.5067984899
12.4440090195
12.5366291171
12.5232499498
12.4896781383
12.5237411962
12.4961943093
12.5522677975
12.5606028394
12.5285961428
12.522169278
12.5575940981
12.6254386075
12.6126014211
12.569791568
12.6169400726
12.5962537615
12.6533600818
12.656064991
12.6524815176
12.6284991839
12.6087790296
12.5947549139
12.6120781243
12.5766453593
12.6069767394
12.5825830828
12.5832047064
12.5897249125
12.5775267215
12.5702176743
12.5809347474
12.5805315183
12.5935948153
12.6114246552
12.6005556582
12.6139064864
12.582741548
12.5760654322
12.5676261071
12.6471179932
12.6382204148
12.6490096426
12.6438669781
12.6681244259
12.7288470554
12.711567508
12.7170234567
12.676364684
12.7054053034
12.699074247
12.7145582108
12.7051889908
12.7147638683
12.7118350633
12.6895350844
12.6673476968
12.6841685407
12.6199610383
12.6037741549
12.6325232123
12.677256006
12.6421486046
12.712349534
12.7414623607
12.7297010539
12.7401841445
12.8434491717
12.8711948083
12.903603009
12.902549042
12.9773251148
12.9977268653
13.0294529998
13.0187793282
13.0627653372
13.0291909319
13.0586180775
13.0579319689
13.1048633228
13.0697279235
13.121433292
13.1717646997
13.1603237956
13.1755011352
13.1507403081
13.1576866206
13.1439427985
13.1299534817
13.0655629148
13.0402967654
12.9839544794
13.0018588097
12.9720749488
13.0030770822
13.0012008121
12.9412471734
12.9788402419
12.9697395341
12.9400088079
12.9397745579
12.9447991237
12.9389500393
13.0075284509
13.007054505
12.9497008262
12.9501184493
12.9723660951
12.9342423499
12.8821745377
12.9159887789
12.87253
12.8356713178
12.8844945131
12.8483045256
12.8506128967
12.8197625606
12.8420085967
12.8218994477
12.8373344622
12.7968833539
12.8024060014
12.8473241899
12.8427864333
12.8176385735
12.840468337
12.8408816595
12.8236316021
12.8165279685
12.8299910883
12.7979371796
12.7987230391
12.8310893484
12.7945193062
12.8115102531
12.8493537995
12.8302059112
12.8340360103
12.8490776281
12.855628995
12.8436420734
12.8586041257
12.9026964334
12.8924730121
12.9239902823
12.9629008261
12.9585640188
12.9011803648
12.9312652479
12.939403903
12.91820522
12.9339537432
12.9480118918
12.9577992778
12.9197637994
12.9405547653
12.9342919234
12.9348178616
12.9482202229
12.9872505602
12.9583951446
12.9485117517
12.9581458668
12.97828414
12.9308523376
12.940746234
12.940903975
12.9534933503
12.9351461045
12.944648483
12.9057057096
12.9333743897
12.9299943326
12.9447378505
12.9541733244
12.9544199623
12.9610204073
12.9283478279
12.966769985
12.9604381929
12.9390955487
12.8894846198
12.8878267421
12.914810954
12.9430122272
12.9695795084
12.9173965627
12.9562757092
12.9282990066
12.9580353789
12.9816648028
12.9718983082
12.9972827574
12.9551675289
12.9615029863
12.9406118237
12.9971818169
13.0135459504
13.0312908226
13.0280270412
13.0003133633
13.0246972084
13.0200243199
13.0318256067
13.0127679688
13.0124532014
13.0018080161
13.0364133957
12.9824343998
12.9888340222
12.9962079871
13.0185036853
12.9869691976
12.9861921654
13.005559215
12.9709930446
12.9688766056
12.9435739802
12.9192312469
12.9374044138
12.9837001826
12.9497431963
12.955751573
12.9848694371
12.9437044737
12.9818486365
13.0007935142
12.9993554185
13.0451416804
13.0713869102
13.0277009113
13.0028190705
13.0301663677
13.0477501375
13.027486807
13.0190194107
13.0680651399
13.0401672178
13.0866097926
13.0704502003
13.1080418743
13.1518811729
13.1084527147
13.1423397799
13.1454669264
13.151570895
13.1209846269
13.1556877714
13.1054811796
13.1197561006
13.1352410797
13.1311154039
13.1517067156
13.1266743752
13.145823212
13.1550223011
13.1261933689
13.1566497792
13.1545871831
13.1568447627
13.1358801081
13.1288808369
13.1288881364
13.1216295651
13.1341196562
13.1148389362
13.093597347
13.0773284931
13.0822742143
13.1169283399
13.0586255374
13.0746665193
13.0881912722
13.0744741668
13.1237159044
13.0873885558
13.1193975031
13.1214599117
13.0567202038
13.0996039132
13.1133847476
13.0427613012
13.0412996954
13.0515669562
13.0372913105
13.0582965435
13.0840111228
13.0631086724
13.0833533658
13.0987319019
13.1280863518
13.1493094161
13.1357307956
13.1957360814
13.1936943283
13.1907131849
13.1920358852
13.1909911806
13.1670073067
13.1923275429
13.164223484
13.1837124459
13.2395626208
13.2284439733
13.2349632161
13.2795212073
13.2674894657
13.225830921
13.2335818499
13.2155273547
13.169499209
13.1644697359
13.1876851065
13.2044873691
13.1786768048
13.1429777353
13.1569318646
13.1738835389
13.1892957997
13.159212415
13.2301083082
13.1664443435
13.1519032813
13.1223809612
13.1651507807
13.1729549208
13.1701984826
13.1589413822
13.12982174
13.1334111603
13.1204487802
13.1358626824
13.1292144032
13.1695392117
13.1664396129
13.2103921978
13.2024184402
13.2281411222
13.2144445139
13.1929507383
13.2311217111
13.1973200876
13.2171450036
13.25344066
13.2353695363
13.2180374978
13.2269938592
13.2319249792
13.2366872756
13.2657913264
13.275449488
13.301396377
13.2742368147
13.29390587
13.2983453274
13.2867519355
13.2965481012
13.2717498354
13.2785227099
13.2720928549
13.3079553155
13.3385641072
13.4144316751
13.4609072476
13.4805164709
13.5268435893
13.5620773361
13.5530971967
13.5512262173
13.5645487561
13.5648522221
13.5048804481
13.5090214755
13.5007271345
13.4695524822
13.4887241615
13.4225820927
13.4050652614
13.3607418347
13.3692721303
13.3317232443
13.2838547089
13.2819362528
13.2768005936
13.2705779879
13.2399620381
13.268547976
13.2295175046
13.2557499176
13.2717499923
13.2637025711
13.296086868
13.3219887173
13.3116025294
13.3452436629
13.3869847382
13.3407499001
13.3902488464
13.3696144394
13.4414564461
13.4374697339
13.4214681141
13.4988271547
13.5064335058
13.4941486654
13.4845693942
13.4708946946
13.4480335954
13.428662704
13.411307752
13.3991458561
13.3683496782
13.3989986204
13.3677788273
13.3482013743
13.3374430821
13.326492876
13.310339244
13.2942692676
13.2956538071
13.2888037617
13.3264088525
13.295376713
13.3121561836
13.3462920442
13.3556916701
13.3883318753
13.3899705754
13.4127378641
13.407893692
13.4350845102
13.4475163409
13.4908521768
13.5192487541
13.5569115983
13.5446948541
13.5459131771
13.5077101514
13.5141915217
13.4529730934
13.4435368151
13.4228409028
13.373107395
13.4024329903
13.4194123052
13.3964540202
13.383332054
13.3765190766
13.372624551
13.3567001263
13.3686203757
13.3909705929
13.379376396
13.400760187
13.3793403183
13.3696684257
13.3753471413
13.3820999976
13.4056667959
13.4242421174
13.4316340102
13.4301182848
13.4744151292
13.4342761471
13.4265706967
13.5024937072
13.5065904875
13.5102407906
13.4982847441
13.5316127952
13.5171793763
13.475246613
13.4457966974
13.4684543453
13.4397417825
13.4931791776
13.455921852
13.4523898218
13.4779401874
13.4561291513
13.4584017415
13.4564092966
13.4722138259
13.4650782823
13.4685832099
13.4935053138
13.4304028073
13.4701937057
13.427389678
13.448521955
13.4025980847
13.4596322633
13.4529392264
13.4638798991
13.4596062618
13.4829419846
13.4559747215
13.500840018
13.5305446215
13.5356221166
13.5606310822
13.5670389943
13.5883520366
13.5589322809
13.5643984802
13.5591364556
13.5639320784
13.5434270966
13.5686543479
13.5849535675
13.5777337968
13.6061135548
13.5512665799
13.5830384971
13.5673460682
13.5625080115
13.6102920313
13.5847422603
13.6320396573
13.6463269767
13.6166507148
13.6352795873
13.6835546638
13.6564144069
13.6753856617
13.7003927719
13.6635454513
13.6835037593
13.6949712464
13.6690050018
13.729838793
13.692968685
13.6901364394
13.7231070857
13.6747267384
13.6990903448
13.7057477786
13.7033898807
13.673085607
13.6429736021
13.6883750145
13.6151421111
13.6146596605
13.6083957502
13.5598217701
13.5735107272
13.553122052
13.5289437757
13.5431423857
13.5985703895
13.5782474347
13.615911266
13.5708670998
13.5452948357
13.5575441815
13.5334947964
13.5740406226
13.6134913346
13.6091985963
13.6546120401
13.6621613211
13.6792424434
13.6640267651
13.5825054674
13.5980425366
13.6207338659
13.5633617138
13.5717397158
13.5544319631
13.5763853439
13.5885597484
13.5603339998
13.6163006689
13.57783044
13.6070000955
13.6313263256
13.6176342965
13.6472869469
13.6761937574
13.6304241246
13.60986974
13.5628131962
13.5923868399
13.6186683978
13.6146129218
13.6496059524
13.7029396921
13.7376443555
13.7461599106
13.7567800418
13.7399167179
13.7433897696
13.7419760792
13.7093408511
13.735870903
13.7190676746
13.687702137
13.6370215221
13.6667380999
13.6414944921
13.5950642956
13.588157747
13.6046075239
13.5768397354
13.5554374746
13.5623134831
13.5281136675
13.5419776286
13.6153591272
13.6140932471
13.6594343681
13.6678140839
13.6450265411
13.7145660121
13.7049516472
13.7126489307
13.6812628427
13.6751464691
13.6772355714
13.6548910576
13.6721157492
13.6390163373
13.6196310826
13.6209909335
13.6309329893
13.6158198849
13.5832503453
13.6059203071
13.5220176971
13.5482715079
13.5340770683
13.5618300174
13.5682504853
13.6255170218
13.6413396506
13.6834529949
13.6669501905
13.7132482717
13.7096961334
13.7404215914
13.6711731298
13.6846616004
13.671198109
13.6622966477
13.6518919596
13.656943734
13.6492120204
13.6921220845
13.724272317
13.7552757419
13.7907104845
13.791996936
13.8083908547
13.7970791581
13.738153247
13.7848048392
13.7726206517
13.7499973989
13.7047031559
13.6924130811
13.719352009
13.7262155795
13.7417041022
13.7500493521
13.7583228896
13.8055656355
13.7944163941
13.7996107344
13.8369911685
13.8585439688
13.8715631237
13.8557641303
13.8289646719
13.8550432591
13.8970923645
13.8646954261
13.8828995536
13.8725878418
13.8944751216
13.8838598188
13.9205406663
13.8862102407
13.909506658
13.8764936522
13.8447299763
13.8670563327
13.8275686465
13.7803973035
13.7989304948
13.7830725878
13.8163893817
13.8092473325
13.7893333128
13.8742995432
13.8784722667
13.8547942097
13.8709790497
13.8754601101
13.8972653224
13.8893289165
13.8712435248
13.8608802369
13.8470651313
13.8873205213
13.855353746
13.8609592259
13.8848298101
13.8631871093
13.860208696
13.8763426709
13.8667725106
13.9056317549
13.8943860481
13.9294923102
13.9190866353
13.904304586
13.920992603
13.9520624698
13.9431070515
14.0103852006
13.9534708607
13.9535094327
13.9312546301
13.9236578155
13.9211394095
13.88727904
13.9047842148
13.8897762709
13.8554273431
13.8462172131
13.9129948262
13.9047037296
13.9374464445
13.9359731144
13.9282368293
13.9744310507
13.9631174322
14.0038263225
13.9717939677
13.9533012649
13.9402750008
13.9470602085
13.9341140473
13.9011043231
13.9236699064
13.9649039693
13.982202207
14.0130567102
14.0445670307
14.0533340827
14.0318405959
14.0745474888
14.0907633469
14.1044548591
14.0773894282
14.0555719466
14.0172283439
13.9587108351
13.9493021682
13.9490057208
13.9261326862
13.9285593264
13.941275974
13.916190334
13.9333857851
13.902756438
13.8938725566
13.9165812644
13.9041564923
13.9380657825
13.9536511812
13.9443237918
13.955026435
13.9733725991
14.00054579
14.0396344078
14.0336008648
14.0539497185
14.09033545
14.0556143865
14.0193312291
14.0203432954
14.0192180562
14.004066194
13.9838182063
13.9883284596
13.9355336562
13.9615605199
13.9510918446
13.9827485424
13.9537086475
13.9837839032
13.9674318522
13.8740770427
13.8356382226
13.8517396741
13.8763056167
13.8955933432
13.9199323969
13.9484369035
13.9878613445
14.0064246451
13.9662854818
13.9554474667
13.9829715742
13.9623570329
13.925697748
13.8678124232
13.9018194498
13.9158758151
13.8802325759
13.8876745611
13.9602115045
13.9083738825
13.9009424255
13.8991344784
13.8850213815
13.873349434
13.8411632115
13.8565269751
13.8573831305
13.8176790718
13.8351862994
13.8114536397
13.841076205
13.893816919
13.9522106431
13.95238364
13.9897231432
14.0294168538
14.0097064392
13.9856772679
14.0147368248
13.9936577693
13.9914004065
14.0061802577
13.9845770196
14.0262442559
14.0223278534
14.0487252115
14.0109371738
14.0550567172
14.040232658
14.0804365795
14.0442526868
14.0396570687
14.0168554095
14.0402863131
14.0488577463
14.0187749389
14.0041907087
14.0246624769
13.9866285329
13.9851133765
14.0408498084
14.0175072621
13.9843156047
14.0153593404
14.0065647601
14.0009672732
13.9935958291
14.0342239114
14.0169871549
14.0397622987
14.0760096018
14.0719546603
14.0975890857
14.1177620472
14.1643399716
14.1975392402
14.189424465
14.1435440275
14.135484552
14.1740402544
14.1694801562
14.1221500404
14.1060404952
14.0788178477
14.0783466542
14.0119675554
14.0417781554
14.0173930973
14.0483803463
14.0633108805
14.0983080015
14.0992609599
14.1620088292
14.1356865509
14.1798269382
14.2219086697
14.2163649632
14.2331803227
14.2646392853
14.2511853123
14.2627400228
14.2195951474
14.2535607552
14.2279592451
14.2343684148
14.2537939054
14.2310966989
14.2181337771
14.275864895
14.2307391032
14.2184952335
14.1934755988
14.2213500348
14.1835132827
14.150527154
14.1591626893
14.1583131968
14.1908499892
14.1509198055
14.1625805386
14.1406965389
14.1474212364
14.1232037504
14.0896289295
14.0664253112
14.0514845403
14.0614815875
14.0684056078
14.0602023677
14.0366586218
14.0846516905
14.1299186624
14.0792118595
14.1564031599
14.1451542001
14.1484802069
14.1405700335
14.1314118429
14.1286865051
14.116756804
14.0765675583
14.0800369789
14.0584030185
14.1135964773
14.0597280485
14.0580322262
14.1118669756
14.0796384309
14.0824291718
14.0926327248
14.0824253928
14.0465338642
14.0961899926
14.0209107107
14.0493443213
14.0276798777
14.0421560735
14.0382232126
14.0596414928
14.0896403711
14.061505955
14.0642675218
14.1262343229
14.1106061107
14.1533510813
14.1906714898
14.1530309122
14.1802332539
14.244639536
14.2195834074
14.206259374
14.2317512682
14.2368351035
14.2245059101
14.2403428964
14.1969269531
14.1496340253
14.156929167
14.1062165399
14.121821823
14.1023282232
14.0729366583
14.067825442
14.0929893676
14.0963855328
14.1043502864
14.1022995022
14.0777194535
14.0638296302
14.0345602654
14.0423499309
14.0683122774
14.0870952133
14.055269777
14.0618187997
14.0806507332
14.1488261806
14.1527467425
14.1347948871
14.1655786193
14.1942011226
14.177909419
14.189427901
14.1827987589
14.2044335874
14.224794616
14.2228534748
14.174620604
14.1835317466
14.1825183421
14.1345471158
14.1072311506
14.1279331021
14.1179657364
14.1107907094
14.0699656352
14.0666554883
14.0849903315
14.079481253
14.0860873732
14.0835995158
14.1197768182
14.104300463
14.1176459241
14.1688727718
14.1513458024
14.1898918225
14.1834458147
14.1896635552
14.1919897414
14.2242269828
14.2367006478
14.1837519909
14.1547179793
14.1570667484
14.1385216201
14.1290099605
14.1161413762
14.109505263
14.1430749027
14.1134647397
14.1464323591
14.136361347
14.1241884992
14.1771265785
14.1443851065
14.1708574242
14.1309146142
14.1729005446
14.1313593493
14.1050697391
14.1335429222
14.1477251274
14.1526216883
14.1595393256
14.1737942826
14.1741589395
14.1471520505
14.1398655396
14.1327508045
14.197083852
14.1785355494
14.1780189739
14.1960153698
14.1745871192
14.1628359095
14.1775806316
14.1761941851
14.1677846292
14.1723888933
14.1379300326
14.1236716663
14.1249757185
14.0774273129
14.1136888796
14.0856080878
14.0893173038
14.0740854034
14.0632027807
14.0352454113
14.0052711427
14.0103142389
13.9681410566
13.9749545414
13.9627074352
13.9650961002
13.9890046351
14.0013268612
13.9579434845
14.0096656053
14.0075022954
14.0018251161
14.0044345332
14.0306798754
14.0228930761
14.0028998358
14.0327830818
14.0461973829
14.0286267397
14.0293517599
14.0309117988
14.0144305255
14.0101167299
14.0196626049
14.0248919297
14.0189876638
14.0134792723
14.052924326
13.9899894676
14.0289300853
13.973860068
13.9982652907
14.0190271086
14.0300712176
14.0132129421
14.0094458142
14.035717301
14.0260328339
13.9977015511
14.0477977549
14.0102063822
14.0833021594
14.0508894107
14.0588517207
14.1062618797
14.0414160773
14.0829320679
14.0533412658
14.0896582404
14.1012910723
14.0580368125
14.1233822676
14.1536236399
14.1413725147
14.1390162129
14.1412832719
14.1647747423
14.145461871
14.1454664076
14.1230137571
14.0970838043
14.103096941
14.0768750057
14.0839393634
14.0454603357
