10.1213157177
10.1223096848
10.1233143806
10.1243100166
10.1253139973
10.1263055801
10.1275529861
10.1283106804
10.1295540333
10.1303496361
10.1313700676
10.132553339
10.1335549355
10.1345522404
10.1355476379
10.1365485191
10.1375491619
10.1383039951
10.1395988464
10.1405482292
10.1415486336
10.1425485611
10.1435477734
10.144541502
10.1455543041
10.1465423107
10.1475470066
10.1515386105
10.1525330544
10.1535353661
10.1542921066
10.1555798054
10.1565339565
10.1575336456
10.1585314274
10.1595282555
10.1605298519
10.1615264416
10.1625256538
10.1635324955
10.1645264626
10.1655318737
10.1665346622
10.1675758362
10.1685733795
10.1695234776
10.1702885628
10.1715478897
10.1725218296
10.1735289097
10.1745226383
10.1755204201
10.1765277386
10.1775257587
10.1785202026
10.1795196533
10.1805176735
10.181524992
10.1825203896
10.1835188866
10.1845200062
10.1855185032
10.186514616
10.1875135899
10.1885111332
10.1895115376
10.1905138493
10.1915106773
10.1925132275
10.1935148239
10.1945221424
10.19551301
10.1965138912
10.1975085735
10.1985037327
10.1995036602
10.200502634
10.201513052
10.2025179863
10.2035136223
10.2045061588
10.2055103779
10.2065601349
10.2075116634
10.2085056305
10.2095072269
10.2105002403
10.2115192413
10.2125992775
10.2135155201
10.2145056725
10.2155056
10.2165207863
10.2175376415
10.2185263634
10.2195515633
10.2205209732
10.2215647697
10.2225131989
10.2235095501
10.2245004177
10.2254977226
10.2264916897
10.2274923325
10.2284958363
10.2295188904
10.230499506
10.2315328121
10.2324948311
10.2344923019
10.2354893684
10.2364854813
10.2374973297
10.2384874821
10.2395012379
10.2404847145
10.2414836884
10.2424838543
10.2435019016
10.2444834709
10.2454833984
10.2464909554
10.2474803925
10.2484893799
10.2494897842
10.2504837513
10.2514915466
10.2524836063
10.253484726
10.2544853687
10.2594864368
10.2604765892
10.2614786625
10.2624809742
10.2634751797
10.2644731998
10.2694778442
10.2704663277
10.2714660168
10.2724919319
10.2734689713
10.2744662762
10.2754826546
10.2764976025
10.2774972916
10.2784683704
10.2794964314
10.2804684639
10.2814629078
10.2824633121
10.2834713459
10.2844660282
10.2854790688
10.2864770889
10.2875056267
10.2884643078
10.289462328
10.2905061245
10.2914817333
10.2924880981
10.2934670448
10.2944645882
10.2954642773
10.2964613438
10.2974574566
10.298459053
10.29945755
10.3004956245
10.3015022278
10.3024566174
10.3034579754
10.3044595718
10.3055057526
10.3064522743
10.3075115681
10.308450222
10.3094508648
10.3104491234
10.311447382
10.3134529591
10.3144495487
10.3154482841
10.3164489269
10.3174471855
10.3184478283
10.3194470406
10.3204493523
10.3214497566
10.3224470615
10.3244690895
10.3254532814
10.3264434338
10.3274540901
10.3284461498
10.3294496536
10.3304483891
10.3314435482
10.3324429989
10.3334443569
10.334445715
10.3354394436
10.3364534378
10.3404457569
10.3414354324
10.342438221
10.3464353085
10.347432375
10.3484284878
10.3494307995
10.3504242897
10.3514597416
10.3524284363
10.3534340858
10.3544249535
10.3554208279
10.3564622402
10.3574604988
10.3584322929
10.3594186306
10.3604605198
10.3614258766
10.3624255657
10.3634450436
10.3644237518
10.3654339314
10.3664236069
10.3674209118
10.3684198856
10.369456768
10.3704185486
10.3714137077
10.3724155426
10.3734180927
10.3744165897
10.3754138947
10.3764109612
10.3774065971
10.3784065247
10.3794033527
10.380402565
10.381401062
10.3824043274
10.3834044933
10.3843994141
10.3854386806
10.3864097595
10.3874418736
10.3884060383
10.3894031048
10.3904099464
10.3913977146
10.3924019337
10.3934042454
10.3944032192
10.3953969479
10.3964409828
10.3973948956
10.3984384537
10.3993885517
10.4003994465
10.4014012814
10.4024004936
10.4033994675
10.4044020176
10.4053971767
10.4064030647
10.4144020081
10.4153857231
10.4164028168
10.417381525
10.4183881283
10.4193780422
10.420394659
10.4213831425
10.4223871231
10.4233748913
10.4243848324
10.4253752232
10.4263851643
10.4273681641
10.4283869267
10.4293687344
10.4303665161
10.4313721657
10.4324686527
10.4333741665
10.4343655109
10.4353621006
10.4363665581
10.4373700619
10.4383728504
10.4393680096
10.4403600693
10.4423639774
10.4433670044
10.4443659782
10.4453558922
10.4463768005
10.4473567009
10.448372364
10.449365139
10.4503688812
10.4513635635
10.4523544312
10.4533519745
10.4543523788
10.455350399
10.4563467503
10.4573457241
10.4583544731
10.4593479633
10.4603540897
10.4614012241
10.4623985291
10.4633517265
10.4643628597
10.4653401375
10.4663579464
10.4673547745
10.468338728
10.4693517685
10.4703841209
10.4716205597
10.4723443985
10.4733412266
10.4743385315
10.4753422737
10.4765946865
10.4773485661
10.478582859
10.479380846
10.4804420471
10.4813456535
10.4823424816
10.4833426476
10.4843349457
10.485332489
10.4863419533
10.4873337746
10.4883413315
10.4893407822
10.4903454781
10.491348505
10.4923505783
10.4933381081
10.4943399429
10.4953372478
10.4963366985
10.4973404408
10.4983313084
10.4993462563
10.5003354549
10.5013682842
10.5023260117
10.5033240318
10.5043251514
10.5053224564
10.5063278675
10.5073227882
10.5083272457
10.5093257427
10.5103192329
10.5113222599
10.5123188496
10.5133154392
10.5143170357
10.5153150558
10.5163197517
10.5173227787
10.5183274746
10.5193226337
10.5203208923
10.5213153362
10.5223140717
10.5233180523
10.5243134499
10.5253138542
10.5263190269
10.527315855
10.5283112526
10.5293204784
10.5303115845
10.531317234
10.532335043
10.5333075523
10.5343096256
10.5353083611
10.5363099575
10.5373253822
10.5385444164
10.5395419598
10.5403757095
10.5413033962
10.5423045158
10.5435478687
10.5445435047
10.5455453396
10.546569109
10.5472977161
10.5485396385
10.5495758057
10.5505356789
10.5515398979
10.5525369644
10.5535340309
10.5545344353
10.5552866459
10.5565767288
10.5573298931
10.5585711002
10.5593261719
10.5605294704
10.5615301132
10.562527895
10.5632917881
10.5645284653
10.5655288696
10.5664591789
10.5675284863
10.5685269833
10.5695252419
10.5705256462
10.5715274811
10.5725245476
10.5735242367
10.574524641
10.5755238533
10.5765237808
10.5775969028
10.578451395
10.5795590878
10.5805191994
10.5815749168
10.582349062
10.5835626125
10.5845749378
10.5855650902
10.5865190029
10.5875561237
10.5885219574
10.589558363
10.5905277729
10.5915241241
10.5925531387
10.5935139656
10.5945131779
10.5955107212
10.5965099335
10.5975100994
10.5985052586
10.5995466709
10.6005604267
10.60151577
10.6025249958
10.603521347
10.6045193672
10.6055078506
10.6065132618
10.6075077057
10.6085038185
10.6095042229
10.6105048656
10.6115088463
10.6125078201
10.6135044098
10.6145036221
10.6155209541
10.6165251732
10.6175153255
10.6185195446
10.6195120811
10.6205728054
10.6215116978
10.6225082874
10.6235120296
10.624576807
10.6255528927
10.626553297
10.6275663376
10.6285057068
10.6295006275
10.6305139065
10.6315119267
10.632506609
10.6335022449
10.6345033646
10.6355061531
10.6365001202
10.6374995708
10.6384985447
10.6394958496
10.6404833794
10.6415038109
10.6425197124
10.6435003281
10.6444945335
10.6454937458
10.6464812756
10.6474957466
10.6484992504
10.6495192051
10.6505022049
10.6514811516
10.6524918079
10.653488636
10.6544904709
10.6554861069
10.6564867496
10.6574850082
10.6584823132
10.6594810486
10.6604795456
10.6614792347
10.6624755859
10.6634755135
10.6644723415
10.665481329
10.6664800644
10.6674659252
10.6684644222
10.6694874763
10.6704676151
10.6714851856
10.6724627018
10.6734752655
10.6744663715
10.6754653454
10.676459074
10.6774618626
10.6784617901
10.6794598103
10.6804652214
10.6814823151
10.6824598312
10.6834640503
10.684491396
10.6854584217
10.6864666939
10.6874706745
10.6884598732
10.6894648075
10.690518856
10.6915171146
10.6925246716
10.6935162544
10.6944849491
10.6955256462
10.696457386
10.6974556446
10.6984567642
10.6994884014
10.7004542351
10.7014601231
10.7024538517
10.7034573555
10.7044489384
10.7054502964
10.7064528465
10.7074928284
10.7084667683
10.7094602585
10.7104554176
10.7114570141
10.7124547958
10.7134482861
10.7144505978
10.7154481411
10.7164547443
10.7174465656
10.7184457779
10.7194595337
10.7204539776
10.7215921879
10.7224447727
10.723457098
10.7244441509
10.7254459858
10.7264418602
10.7274560928
10.7284421921
10.7294440269
10.7304449081
10.7314443588
10.7324376106
10.7334394455
10.7344374657
10.7354338169
10.7364661694
10.7374811172
10.738465786
10.7394423485
10.7405004501
10.7415108681
10.7424445152
10.7434399128
10.7444448471
10.7454409599
10.7464866638
10.7474396229
10.7484395504
10.7494702339
10.7504632473
10.7514486313
10.7525131702
10.754437685
10.7554352283
10.756439209
10.7574322224
10.7584307194
10.759431839
10.7604351044
10.761428833
10.7624964714
10.7634792328
10.7644336224
10.7654335499
10.7664365768
10.7674293518
10.7684304714
10.7694737911
10.7704310417
10.771437645
10.7724380493
10.7734291553
10.7744317055
10.7754254341
10.7764222622
10.7774209976
10.778418541
10.7794239521
10.7804203033
10.7814245224
10.7824184895
10.7834177017
10.784414053
10.7854132652
10.7864084244
10.7874593735
10.7884144783
10.789419651
10.7904143333
10.791467905
10.7924182415
10.7934160233
10.7944114208
10.7954082489
10.7964100838
10.7974059582
10.7984032631
10.7994072437
10.8004157543
10.8014111519
10.8024468422
10.8034081459
10.8044030666
10.8054053783
10.8064055443
10.8074014187
10.8084108829
10.8094031811
10.8104064465
10.8114068508
10.8124201298
10.813406229
10.814412117
10.8154020309
10.8164048195
10.8174006939
10.818403244
10.8194057941
10.8204052448
10.8213877678
10.8224043846
10.8233869076
10.8243992329
10.8253896236
10.82640028
10.8273794651
10.828401804
10.8293814659
10.8303787708
10.8313875198
10.832388401
10.8333961964
10.8343832493
10.8353817463
10.8363981247
10.8373994827
10.8384039402
10.8394291401
10.8404045105
10.841373682
10.842423439
10.8433806896
10.8443820477
10.8453762531
10.8463730812
10.8473732471
10.8483827114
10.849375248
10.850382328
10.8513767719
10.8553678989
10.8563687801
10.8573656082
10.8583724499
10.8593711853
10.8603749275
10.8613624573
10.8623709679
10.8633608818
10.8643729687
10.8653800488
10.8663783073
10.8673870564
10.8683726788
10.869363308
10.8703577518
10.871358633
10.8723592758
10.8733615875
10.8743574619
10.8754835129
10.8763594627
10.8773696423
10.878370285
10.8793609142
10.880371809
10.8813562393
10.8823568821
10.8833627701
10.8843829632
10.8853619099
10.8863573074
10.8873670101
10.8883571625
10.8893642426
10.8903570175
10.8913533688
10.8923518658
10.8933496475
10.8943517208
10.895352602
10.8963544369
10.897352457
10.8983511925
10.8993499279
10.9003503323
10.9013464451
10.9023594856
10.9033527374
10.9043517113
10.9053497314
10.906368494
10.9073591232
10.9083471298
10.9093461037
10.9103662968
10.9113528728
10.9124045372
10.9153478146
10.9163408279
10.917342186
10.9183380604
10.919331789
10.9203343391
10.9213316441
10.9223322868
10.9233319759
10.924325943
10.9253242016
10.9263267517
10.9273262024
10.9283294678
10.9293293953
10.9303262234
10.9313294888
10.9323365688
10.9333283901
10.9343225956
10.9353208542
10.9363100529
10.9373075962
10.9383111
10.9393105507
10.940308094
10.94130826
10.9425461292
10.9433035851
10.9443035126
10.9453029633
10.9463012218
10.9473009109
10.9483015537
10.9493045807
10.9505445957
10.9515447617
10.9533367157
10.9545459747
10.9553012848
10.9563004971
10.9575796127
10.9585382938
10.9595379829
10.9605367184
10.9615385532
10.9625813961
10.9633002281
10.9645357132
10.9655356407
10.9664554596
10.9675343037
10.9685313702
10.9695343971
10.9705767632
10.9712936878
10.9725341797
10.9735305309
10.9745292664
10.9755632877
10.9765279293
10.9775290489
10.9785301685
10.9792976379
10.9805276394
10.981523037
10.9825255871
10.9835267067
10.98452425
10.9855222702
10.9865210056
10.9875226021
10.9885225296
10.9895210266
10.9905383587
10.9915230274
10.9925270081
10.9955215454
10.996519804
10.997518301
10.998519659
10.9995379448
11.0005145073
11.0015239716
11.0025339127
11.0035178661
11.0044789314
11.005510807
11.0065147877
11.0075111389
11.0085122585
11.009509325
11.0105066299
11.011506319
11.0125057697
11.0135085583
11.0145058632
11.015458107
11.016456604
11.0175044537
11.018507719
11.019506216
11.0205030441
11.0215051174
11.0225024223
11.023506403
11.0245015621
11.025498867
11.0265002251
11.0275013447
11.0284965038
11.0295014381
11.0305211544
11.0315051079
11.0325016975
11.0334994793
11.0344979763
11.0355081558
11.0365064144
11.0375034809
11.0384986401
11.0394971371
11.0405113697
11.0414955616
11.0425071716
11.0435061455
11.0444960594
11.0454916954
11.0464923382
11.0474922657
11.0484902859
11.0494868755
11.0504860878
11.0514845848
11.0524857044
11.0534858704
11.0545055866
11.055482626
11.0565671921
11.0575184822
11.058480978
11.0594797134
11.0604815483
11.0614795685
11.0624809265
11.0634863377
11.0644783974
11.0655684471
11.0664796829
11.0674767494
11.068492651
11.0694828033
11.0704903603
11.0715630054
11.0724847317
11.0734858513
11.074483633
11.0754814148
11.0764870644
11.0774896145
11.0784835815
11.079482317
11.0804805756
11.0814759731
11.0824790001
11.0834751129
11.0844798088
11.0854790211
11.0864748955
11.0874698162
11.0884721279
11.0894672871
11.0904729366
11.0914685726
11.0924699306
11.0935196877
11.0944693089
11.0953433514
11.0964708328
11.097468853
11.0984725952
11.0994696617
11.1004664898
11.1014389992
11.1024744511
11.1034631729
11.1044616699
11.1054639816
11.106464386
11.1074581146
11.1084754467
11.1094639301
11.1104710102
11.1114971638
11.1124665737
11.113465786
11.1144678593
11.1154625416
11.1164653301
11.1174654961
11.1184563637
11.1194660664
11.1204652786
11.1214587688
11.1224579811
11.1234636307
11.124455452
11.1254520416
11.1264586449
11.127450943
11.1284537315
11.12946105
11.1304531097
11.1314983368
11.1324601173
11.133452177
11.1344885826
11.1354525089
11.1364488602
11.1374514103
11.1384477615
11.1394481659
11.1404492855
11.1414456367
11.1424939632
11.1434590816
11.1444559097
11.1454563141
11.1464688778
11.1474428177
11.148444891
11.1494445801
11.1504459381
11.1514451504
11.1524441242
11.1534407139
11.1544373035
11.1554379463
11.1564440727
11.1574509144
11.1584422588
11.1594340801
11.1604316235
11.1614317894
11.1624341011
11.1634438038
11.1644463539
11.1654355526
11.1664354801
11.1674287319
11.16843009
11.169431448
11.1704304218
11.1714298725
11.1724274158
11.1734268665
11.1744306087
11.1754260063
11.1764261723
11.1774201393
11.178425312
11.179418087
11.1805214882
11.1814217567
11.182413578
11.1834723949
11.1844842434
11.1854388714
11.1864144802
11.1874675751
11.1884684563
11.1894667149
11.1904129982
11.1914093494
11.1934156418
11.1944150925
11.1954374313
11.1964178085
11.1974170208
11.1984286308
11.1994307041
11.2004621029
11.2014243603
11.2024433613
11.2034780979
11.2044403553
11.205466032
11.2064633369
11.2075223923
11.2084345818
11.2094032764
11.2104067802
11.2114174366
11.2124392986
11.2134025097
11.2144110203
11.2154061794
11.2164020538
11.2174050808
11.2184069157
11.2194013596
11.220397234
11.2214782238
11.2224054337
11.2233960629
11.2243976593
11.2254447937
11.2263839245
11.227399826
11.228441
11.2294063568
11.2303850651
11.2315049171
11.2323873043
11.2343838215
11.2353839874
11.2363877296
11.2373771667
11.2383770943
11.2393715382
11.2403764725
11.2414438725
11.242398262
11.2434511185
11.2443854809
11.2453815937
11.2463951111
11.247386694
11.2483999729
11.2493708134
11.2503845692
11.2513768673
11.252379179
11.2533710003
11.2543723583
11.2553694248
11.2563672066
11.2573623657
11.2583811283
11.2593638897
11.2603638172
11.2613623142
11.2623660564
11.2634170055
11.2643663883
11.2653598785
11.2663588524
11.2673623562
11.2683653831
11.2693557739
11.270359993
11.2713651657
11.272362709
11.2733659744
11.2743663788
11.2753636837
11.2763617039
11.2773723602
11.2783503532
11.2794113159
11.2804141045
11.2813565731
11.2823543549
11.2833511829
11.2843573093
11.285415411
11.2864208221
11.2876377106
11.2883477211
11.2893483639
11.2903478146
11.2913513184
11.2923512459
11.2933495045
11.2943475246
11.295352459
11.2963488102
11.2973489761
11.29834795
11.2993495464
11.3003437519
11.301353693
11.3024146557
11.3033597469
11.3043999672
11.3056344986
11.3063514233
11.3073403835
11.3083415031
11.3093421459
11.3103859425
11.3113553524
11.313338995
11.3143386841
11.3153526783
11.3163294792
11.3173382282
11.3183355331
11.3193330765
11.3203334808
11.3233447075
11.3243355751
11.3253405094
11.326335907
11.3273448944
11.3283371925
11.3293364048
11.3303368092
11.3313262463
11.3323276043
11.3333275318
11.3343253136
11.3353321552
11.3363275528
11.337325573
11.3383266926
11.3393242359
11.3403244019
11.3413233757
11.3423202038
11.3433246613
11.3443226814
11.3453192711
11.3463182449
11.3473525047
11.3483197689
11.3493204117
11.3503170013
11.3513123989
11.352312088
11.3533201218
11.3543157578
11.3556008339
11.3563182354
11.357322216
11.358314991
11.3593151569
11.3603088856
11.361323595
11.3623127937
11.3635644913
11.3643107414
11.3653120995
11.3665578365
11.3675508499
11.3685543537
11.3695511818
11.3705496788
11.3715982437
11.3725483418
11.3735368252
11.3745467663
11.3755426407
11.3765451908
11.3775455952
11.3785607815
11.3795483112
11.380587101
11.3815536499
11.3823356628
11.3835458755
11.3845410347
11.385538578
11.386582613
11.3875370026
11.388543129
11.389537096
11.3905386925
11.3915343285
11.3925359249
11.3935337067
11.3945326805
11.3953282833
11.3965334892
11.3975274563
11.3985264301
11.399525404
11.4005281925
11.4015235901
11.4025261402
11.403532505
11.404545784
11.4055850506
11.406529665
11.4075410366
11.4085316658
11.4095242023
11.4105226994
11.4115247726
11.4125256538
11.4135255814
11.4145205021
11.4155211449
11.4165234566
11.4175238609
11.4185223579
11.4195203781
11.4205179214
11.4215190411
11.4225230217
11.4235184193
11.4245183468
11.425519228
11.426514864
11.4275159836
11.4285235405
11.4295182228
11.430562973
11.4315180779
11.4325120449
11.4335112572
11.4345095158
11.4355180264
11.4365108013
11.4375112057
11.4385144711
11.4395158291
11.440515995
11.441521883
11.442504406
11.4435033798
11.4445006847
11.445497036
11.4464948177
11.4474916458
11.4484937191
11.4494905472
11.4504902363
11.4514904022
11.4525003433
11.4534938335
11.4544913769
11.4554934502
11.4564898014
11.45748806
11.4584887028
11.4594855309
11.4604887962
11.461489439
11.4624872208
11.4634842873
11.4644868374
11.4654846191
11.4664866924
11.4674818516
11.4684884548
11.4694826603
11.4704988003
11.4714827538
11.472484827
11.4734852314
11.4754834175
11.4764816761
11.4774816036
11.4784796238
11.4794843197
11.4804844856
11.481477499
11.4824745655
11.4834811687
11.4844801426
11.4854774475
11.4864757061
11.4874799252
11.4884719849
11.4894711971
11.4904761314
11.4914684296
11.4924709797
11.4934704304
11.49446702
11.4954748154
11.4964847565
11.4974865913
11.4984762669
11.4994740486
11.5004715919
11.5014624596
11.5024628639
11.503464222
11.5044641495
11.5054652691
11.5064656734
11.5074727535
11.5084679127
11.5094618797
11.5104930401
11.5115094185
11.5124559402
11.5134572983
11.5144586563
11.5154576302
11.5164618492
11.5174744129
11.5184538364
11.5194549561
11.520455122
11.5214745998
11.5224640369
11.5234594345
11.5244557858
11.5254888535
11.5264678001
11.5274605751
11.5284543037
11.5294489861
11.5304563046
11.531460762
11.5324530602
11.5334541798
11.5344510078
11.535451889
11.5364508629
11.5374503136
11.5384500027
11.5394515991
11.540450573
11.5414507389
11.5424499512
11.5434424877
11.5444500446
11.5454490185
11.5464487076
11.5474436283
11.5484437943
11.549489975
11.5504500866
11.5514450073
11.5524833202
11.5534427166
11.5544412136
11.5554330349
11.556437254
11.5574359894
11.5584440231
11.5594527721
11.5604989529
11.561480999
11.5624637604
11.563450098
11.5644750595
11.5654537678
11.5664360523
11.5674288273
11.5684940815
11.5694360733
11.5704331398
11.5714304447
11.5724232197
11.5734257698
11.57442379
11.5754218102
11.5764200687
11.5774242878
11.5784189701
11.5794212818
11.5804216862
11.5814223289
11.5824189186
11.5834453106
11.5844788551
11.5854918957
11.5864186287
11.5874197483
11.5884227753
11.5894536972
11.5904495716
11.5914616585
11.592416048
11.5934207439
11.5944166183
11.5954191685
11.5964241028
11.5974121094
11.5984137058
11.5994076729
11.6004211903
11.6014094353
11.6024115086
11.6034107208
11.6044063568
11.6054039001
11.6064066887
11.6073999405
11.6084060669
11.6094415188
11.6104075909
11.6115169525
11.612405777
11.6134126186
11.6144037247
11.6153976917
11.6164274216
11.6174707413
11.6184000969
11.6194019318
11.6204018593
11.6214489937
11.6224031448
11.6234002113
11.6244125366
11.6253876686
11.6263897419
11.6274085045
11.6283864975
11.6293976307
11.6303858757
11.6314299107
11.6323857307
11.6333956718
11.6343848705
11.6353843212
11.6363790035
11.6373786926
11.6383807659
11.639383316
11.640383482
11.6413986683
11.6423802376
11.6433758736
11.6443743706
11.6453726292
11.6463754177
11.6473739147
11.6483783722
11.6493697166
11.650375843
11.6513726711
11.652381897
11.6533784866
11.6543800831
11.6553826332
11.6563746929
11.6573688984
11.6583883762
11.6593716145
11.6603717804
11.6613690853
11.6623671055
11.6633660793
11.6643733978
11.6653618813
11.6663599014
11.6673567295
11.668384552
11.6693787575
11.670372963
11.6714463234
11.6723701954
11.6733596325
11.6753528118
11.6763558388
11.6773703098
11.6783702374
11.6793575287
11.6803531647
11.6813499928
11.6823544502
11.6833529472
11.6843476295
11.6853752136
11.6863501072
11.6873495579
11.6883733273
11.6893615723
11.6903495789
11.691352129
11.6923453808
11.6933460236
11.6943485737
11.6953482628
11.6983473301
11.6993494034
11.7003521919
11.7013463974
11.7023460865
11.7033486366
11.7043478489
11.7053456306
11.7063422203
11.7073404789
11.7085893154
11.709348917
11.7103641033
11.7116324902
11.7123413086
11.7133500576
11.7143414021
11.7153460979
11.7163467407
11.7173442841
11.7183358669
11.7193315029
11.7203338146
11.7213308811
11.7223300934
11.7233974934
11.7243287563
11.7253291607
11.726328373
11.7273273468
11.7283291817
11.7293252945
11.7303266525
11.731348753
11.7323286533
11.7343213558
11.7353215218
11.7363245487
11.7373230457
11.7383277416
11.7393345833
11.7403333187
11.7413263321
11.742323637
11.7433226109
11.7443263531
11.7453222275
11.7463231087
11.7473182678
11.748316288
11.7493157387
11.7503209114
11.7513244152
11.7523174286
11.754322052
11.7553284168
11.7563169003
11.7573354244
11.7583179474
11.7593159676
11.7603130341
11.7613110542
11.7623205185
11.7633261681
11.7643120289
11.7653081417
11.7663075924
11.7673473358
11.7683053017
11.7743289471
11.7753007412
11.7763025761
11.7773013115
11.778301239
11.7795433998
11.7803256512
11.7815387249
11.7825396061
11.783539772
11.7845389843
11.7852959633
11.7865357399
11.7875320911
11.7885410786
11.789535284
11.7903239727
11.7915315628
11.7925362587
11.7932920456
11.7945373058
11.7955334187
11.7975370884
11.7985491753
11.7995328903
11.8005299568
11.8015270233
11.8023335934
11.8035740852
11.8045287132
11.8055233955
11.8065226078
11.8075237274
11.8085217476
11.8095214367
11.8105201721
11.8115210533
11.8125207424
11.8135223389
11.814522028
11.8155190945
11.816519022
11.8175170422
11.8185150623
11.8195180893
11.820514679
11.8215150833
11.8225166798
11.8235151768
11.8245139122
11.8255131245
11.8265216351
11.8275160789
11.8285198212
11.8295116425
11.8305101395
11.8315114975
11.8325197697
11.8335113525
11.8345053196
11.8355112076
11.8365068436
11.8375051022
11.8385047913
11.839502573
11.8405025005
11.8415014744
11.8425011635
11.8435070515
11.8445019722
11.8455035686
11.8465046883
11.8475027084
11.8485000134
11.8494951725
11.8504972458
11.8514950275
11.8524975777
11.8535051346
11.8544988632
11.8555080891
11.8564987183
11.8574943542
11.8584980965
11.8594965935
11.8605356216
11.8615334034
11.8624913692
11.863496542
11.8644959927
11.8652882576
11.8664951324
11.8674886227
11.8684909344
11.8694899082
11.8704936504
11.8714921474
11.8724892139
11.8734884262
11.8754880428
11.8764882088
11.8774869442
11.8784856796
11.8793332577
11.8804821968
11.8814811707
11.8824794292
11.8834929466
11.8844861984
11.8855373859
11.8865208626
11.8875222206
11.88849473
11.8894803524
11.8904800415
11.8914813995
11.8924775124
11.893475771
11.894474268
11.8954739571
11.8964719772
11.8974747658
11.8984732628
11.8994748592
11.9004714489
11.9015452862
11.9024665356
11.9034693241
11.9045097828
11.9054822922
11.9065485001
11.9084830284
11.9094741344
11.91051507
11.911468029
11.9124648571
11.9134638309
11.9144685268
11.9154629707
11.9164626598
11.9174585342
11.9184608459
11.9194872379
11.9204659462
11.9215481281
11.9224610329
11.9234769344
11.9244642258
11.9254627228
11.9264690876
11.9274654388
11.9284653664
11.9294793606
11.930472374
11.9314754009
11.9324605465
11.9334566593
11.9344568253
11.9354538918
11.9364528656
11.9374651909
11.9384572506
11.9394528866
11.9404547215
11.9414818287
11.9424529076
11.9434940815
11.9444606304
11.9454886913
11.9465034008
11.9474465847
11.9484624863
11.9494476318
11.9504420757
11.9514734745
11.9524419308
11.9534430504
11.9544417858
11.9554374218
11.9564721584
11.9574370384
11.9584412575
11.9595062733
11.96043396
11.9614789486
11.9624373913
11.9634625912
11.9644415379
11.9654364586
11.9664409161
11.9674377441
11.9684431553
11.969440937
11.9704346657
11.9714403152
11.9724369049
11.9734344482
11.9744386673
11.975446701
11.9764375687
11.977448225
11.9784405231
11.9794397354
11.9804348946
11.9814379215
11.9824388027
11.9834344387
11.9844324589
11.9884226322
11.9894211292
11.9904198647
11.991455555
11.993418932
11.9944162369
11.9954164028
11.9964163303
11.997418642
11.9984195232
11.9994146824
12.0004272461
12.0014169216
12.0024697781
12.0034332275
12.0044298172
12.0054314137
12.0114119053
12.0124118328
12.0134079456
12.014411211
12.0154049397
12.0164020061
12.0174310207
12.0184063911
12.0204098225
12.0214111805
12.0224070549
12.0234050751
12.0244019032
12.025439024
12.026403904
12.0273892879
12.0283968449
12.0294651985
12.0303986073
12.0313885212
12.0324060917
12.0333981514
12.0343976021
12.0353860855
12.0364460945
12.037386179
12.0383956432
12.0394768715
12.0404193401
12.0414648056
12.042416811
12.0434112549
12.0444049835
12.0453863144
12.0463881493
12.0473837852
12.0483868122
12.0493886471
12.0504012108
12.0513885021
12.0523836613
12.0533807278
12.0544037819
12.0553870201
12.056401968
12.0573875904
12.0583863258
12.0593781471
12.0603761673
12.0613718033
12.0623733997
12.063380003
12.0643725395
12.0653705597
12.0663692951
12.0673635006
12.0683805943
12.0693800449
12.0703749657
12.0713796616
12.0723850727
12.0733745098
12.0743963718
12.0753695965
12.0763819218
12.0773735046
12.0783855915
12.0793740749
12.080384016
12.0813713074
12.0823795795
12.0833711624
12.0843691826
12.0853683949
12.0863652229
12.087364912
12.0883724689
12.089363575
12.0903625488
12.09136343
12.0924091339
12.0933642387
12.0943894386
12.0953736305
12.0963830948
12.0973858833
12.0983710289
12.0993700027
12.1003594398
12.1013557911
12.1023581028
12.1033542156
12.1043596268
12.1053581238
12.1063594818
12.1073584557
12.1083688736
12.1093542576
12.1103513241
12.1113502979
12.1123564243
12.1143558025
12.1153571606
12.1163585186
12.1173613071
12.1183524132
12.1193666458
12.1203894615
12.1214146614
12.1223480701
12.1233494282
12.1243536472
12.1253597736
12.1263644695
12.1273508072
12.1293518543
12.1303665638
12.1313462257
12.1323521137
12.1333408356
12.1343417168
12.1363413334
12.1373410225
12.1383366585
12.1393315792
12.1403326988
12.1413357258
12.1423356533
12.1433317661
12.144412756
12.1455893517
12.1463901997
12.1474254131
12.1485753059
12.1493723392
12.1504013538
12.1513915062
12.1523315907
12.1533281803
12.1543290615
12.1553266048
12.156342268
12.1573307514
12.1583313942
12.1593322754
12.1603281498
12.1613264084
12.162322998
12.1633241177
12.1643247604
12.1653251648
12.1663253307
12.1673355103
12.1686058044
12.1695632935
12.1705708504
12.1713221073
12.172317028
12.1733186245
12.174315691
12.175308466
12.1763446331
12.1773078442
12.1783101559
12.1793079376
12.1805577278
12.181563139
12.182359457
12.1835682392
12.1845555305
12.1855635643
12.186549902
12.1875505447
12.1883029938
12.1893475056
12.1905517578
12.1913013458
12.1923036575
12.1935527325
12.1955471039
12.1965475082
12.1975479126
12.1985530853
12.1993458271
12.2003464699
12.2015433311
12.2025425434
12.203543663
12.2045960426
12.2056009769
12.2065825462
12.2075331211
12.2085382938
12.2095398903
12.2102930546
12.2115335464
12.2125377655
12.2135369778
12.2145349979
12.2155349255
12.216534853
12.21753335
12.2185356617
12.2195336819
12.2203321457
12.2215335369
12.2225322723
12.223528862
12.224531889
12.2255489826
12.2265365124
12.2275388241
12.2295413017
12.2305939198
12.231554985
12.2325341702
12.2345297337
12.2365267277
12.237528801
12.2385218143
12.239556551
12.2405178547
12.2415120602
12.2425253391
12.2435181141
12.244525671
12.2455172539
12.2465174198
12.2475161552
12.2485172749
12.2495179176
12.2503523827
12.2515079975
12.2525146008
12.2535150051
12.2545096874
12.2555031776
12.2565131187
12.2575128078
12.258513689
12.2595107555
12.2605087757
12.2615067959
12.2625246048
12.2635068893
12.2645058632
12.2655112743
12.2665085793
12.267513752
12.2685146332
12.2695505619
12.2705566883
12.2715117931
12.2725076675
12.2735145092
12.2745084763
12.275509119
12.2765104771
12.2775039673
12.2786474228
12.2794959545
12.2804934978
12.2814981937
12.2824938297
12.2835140228
12.2844991684
12.2854952812
12.2874939442
12.288492918
12.2894911766
12.2904982567
12.2915070057
12.2925012112
12.2935068607
12.2944948673
12.2955009937
12.2964987755
12.2975068092
12.2985184193
12.2995491028
12.3005077839
12.3015100956
12.3024861813
12.3035051823
12.3044960499
12.3055319786
12.3064966202
12.3074989319
12.3085036278
12.3094952106
12.3104965687
12.3114995956
12.3124849796
12.3134846687
12.3144805431
12.3154773712
12.3164784908
12.3174769878
12.3184769154
12.3194739819
12.3204755783
12.3214638233
12.3224687576
12.323472023
12.3244683743
12.3254742622
12.3264727592
12.3274698257
12.3284687996
12.3294661045
12.3304657936
12.3315479755
12.3324699402
12.3334667683
12.3344655037
12.3354697227
12.3364686966
12.3374774456
12.3385186195
12.3395328522
12.3404648304
12.3415141106
12.3424649239
12.3434660435
12.3444626331
12.3455369473
12.3464617729
12.3474543095
12.3484740257
12.3495173454
12.3504683971
12.3514633179
12.3524692059
12.3534595966
12.3544621468
12.3554558754
12.3564572334
12.3574922085
12.3584566116
12.3594527245
12.360499382
12.361489296
12.362462759
12.3634781837
12.364456892
12.365455389
12.3664567471
12.3674554825
12.3684639931
12.3694739342
12.3704576492
12.3714580536
12.3724553585
12.3734490871
12.3744452
12.3754451275
12.3764464855
12.377448082
12.3784508705
12.3814508915
12.3824484348
12.3834507465
12.3844463825
12.385437727
12.3864796162
12.3884723186
12.3894553185
12.3904566765
12.3914709091
12.3924889565
12.3934440613
12.3944346905
12.3954296112
12.3964335918
12.3974347115
12.3984365463
12.3994441032
12.4004309177
12.4014520645
12.402431488
12.4034750462
12.4045023918
12.4054541588
12.4064357281
12.4074544907
12.4094464779
12.4104800224
12.4114301205
12.4124526978
12.4134311676
12.4154193401
12.4164237976
12.4174237251
12.4184315205
12.4194369316
12.4204180241
12.4214174747
12.4224226475
12.4234242439
12.4244232178
12.4254117012
12.4264214039
12.429418087
12.4304127693
12.43141675
12.4324245453
12.433423996
12.4344201088
12.4354245663
12.436409235
12.4374127388
12.4384095669
12.439412117
12.4404139519
12.4414014816
12.4423995018
12.4434099197
12.4444818497
12.4454073906
12.4463992119
12.4474432468
12.448400259
12.4493944645
12.4503974915
12.4513866901
12.4523873329
12.4533879757
12.4543864727
12.4553794861
12.4563977718
12.4573862553
12.4583864212
12.4593865871
12.4603843689
12.4613831043
12.4624080658
12.4633979797
12.4663791656
12.467386961
12.4683821201
12.4693715572
12.4703757763
12.4713728428
12.4723763466
12.4743745327
12.4753701687
12.4763739109
12.4773738384
12.4783728123
12.479372263
12.4803712368
12.4813716412
12.482373476
12.4833722115
12.4843733311
12.4853608608
12.486374855
12.4873664379
12.4883704185
12.4893643856
12.4903745651
12.4913623333
12.4933633804
12.4943625927
12.4953613281
12.4963686466
12.4973595142
12.4983580112
12.499355793
12.5003707409
12.5013546944
12.5023663044
12.5073707104
12.5083656311
12.5093505383
12.5103654861
12.5113651752
12.5123701096
12.5133526325
12.5143716335
12.5153493881
12.5163514614
12.5173447132
12.5183465481
12.5193407536
12.5203409195
12.5213449001
12.522346735
12.5233476162
12.5243420601
12.5253989697
12.5263493061
12.5273418427
12.5293419361
12.5303478241
12.5313460827
12.5323576927
12.5333430767
12.5343437195
12.5353381634
12.5363397598
12.5373370647
12.5383374691
12.5393354893
12.5403327942
12.5413324833
12.5423321724
12.543333292
12.5443305969
12.545330286
12.5463330746
12.5473303795
12.5483326912
12.5493311882
12.5503282547
12.5513248444
12.5523297787
12.5533251762
12.5543231964
12.5553245544
12.5563223362
12.5573215485
12.5583238602
12.5593221188
12.5603260994
12.5613188744
12.5623195171
12.5633285046
12.5643200874
12.5653216839
12.5663187504
12.5673160553
12.5683200359
12.5693180561
12.5705616474
12.5713164806
12.5723180771
12.5733170509
12.5743172169
12.5753176212
12.5763232708
12.5773177147
12.5783195496
12.5793168545
12.5803263187
12.5813367367
12.5823361874
12.5833170414
12.5843207836
12.5853073597
12.5863068104
12.5873041153
12.5883059502
12.5893030167
12.5903069973
12.5913050175
12.5923082829
12.5953001976
12.5963013172
12.5975394249
12.5982956886
12.5993504524
12.6005427837
12.6012947559
12.602547884
12.6035506725
12.6043424606
12.6055395603
12.606556654
12.607363224
12.6083199978
12.6095411777
12.6105763912
12.6115477085
12.6125349998
12.6152992249
12.6165363789
12.6175312996
12.618532896
12.619530201
12.6205275059
12.6215362549
12.6225266457
12.6232860088
12.6245472431
12.625556469
12.6265311241
12.6275269985
12.6285266876
12.629527092
12.6305248737
12.6315279007
12.6325242519
12.6335229874
12.6345236301
12.635519743
12.6365189552
12.6375169754
12.6385157108
12.6395158768
12.640515089
12.6415131092
12.6425142288
12.6435170174
12.6445145607
12.6455130577
12.6465127468
12.6475129128
12.648516655
12.6495108604
12.6505100727
12.6515078545
12.6525149345
12.6535124779
12.6545133591
12.6555089951
12.6565086842
12.6575081348
12.6585102081
12.6595113277
12.6605157852
12.6615245342
12.6625220776
12.6635127068
12.6645286083
12.6655209064
12.6665196419
12.6675424576
12.6685056686
12.6695046425
12.6705026627
12.6715321541
12.672498703
12.6734979153
12.6745052338
12.6755023003
12.676497221
12.6775038242
12.6784994602
12.6794986725
12.6804962158
12.6815564632
12.6824986935
12.6835031509
12.6845095158
12.6854932308
12.6864926815
12.687494278
12.6884899139
12.6895503998
12.6904847622
12.6914885044
12.6924886703
12.6934921741
12.6944870949
12.695497036
12.6964855194
12.6974842548
12.6984927654
12.6994855404
12.7005271912
12.7014813423
12.7024843693
12.7034869194
12.7044849396
12.7054800987
12.706479311
12.7074780464
12.7084848881
12.7094888687
12.71048069
12.7114846706
12.7124838829
12.7134804726
12.7164769173
12.7174739838
12.7184739113
12.7194769382
12.7204732895
12.7214901447
12.7224898338
12.7234792709
12.7244768143
12.7254903316
12.7264757156
12.727468729
12.7364590168
12.7374603748
12.7384593487
12.7394604683
12.7404572964
12.7414870262
12.7424576283
12.7434592247
12.744458437
12.7454612255
12.7464666367
12.7474865913
12.7484669685
12.7494585514
12.7504587173
12.7514986992
12.7524697781
12.7534627914
12.7554564476
12.7564949989
12.7574512959
12.7584705353
12.7594547272
12.7604546547
12.7614560127
12.7624595165
12.7634592056
12.7644586563
12.7654557228
12.7664561272
12.7674548626
12.7684562206
12.7694563866
12.7704541683
12.7714498043
12.7724850178
12.7734487057
12.774450779
12.7754540443
12.7764561176
12.7774572372
12.7784538269
12.7794494629
12.7804579735
12.7814612389
12.7824451923
12.7834444046
12.7844438553
12.7854697704
12.7864434719
12.7874982357
12.7884385586
12.789444685
12.7904543877
12.7914705276
12.792440176
12.7934367657
12.7944386005
12.7954351902
12.7964315414
12.7974348068
12.7984325886
12.7994747162
12.8005132675
12.8015062809
12.8024930954
12.8034317493
12.8044261932
12.8054308891
12.8064460754
12.8074278831
12.8084335327
12.8094267845
12.8104255199
12.8114306927
12.8124277592
12.8134298325
12.8144276142
12.8154296875
12.8164305687
12.8174300194
12.8184309006
12.8204181194
12.8214204311
12.8224177361
12.8234143257
12.8244142532
12.8254573345
12.8264214993
12.8274152279
12.8284189701
12.8294222355
12.8304126263
12.8314156532
12.8324151039
12.8334124088
12.83441329
12.8354110718
12.836410284
12.8374297619
12.8384497166
12.8394186497
12.840528965
12.8415486813
12.8424441814
12.8434057236
12.844440937
12.8454654217
12.8464462757
12.8475301266
12.8484089375
12.8493983746
12.8504064083
12.8514449596
12.8524041176
12.8534042835
12.8544032574
12.8554008007
12.8563995361
12.8574175835
12.8584067822
12.8623981476
12.8634002209
12.8643891811
12.8653862476
12.866382122
12.8674252033
12.8683862686
12.8693885803
12.8704264164
12.8713872433
12.8723864555
12.8733830452
12.8743815422
12.8754014969
12.8764128685
12.8773875237
12.8783824444
12.8794085979
12.8803818226
12.8813872337
12.8823828697
12.8833916187
12.8843708038
12.885371685
12.8863823414
12.887488842
12.8883748055
12.8893704414
12.8903748989
12.891368866
12.8923752308
12.893368721
12.8943724632
12.8953630924
12.8963823318
12.89737463
12.8983750343
12.8993644714
12.9003767967
12.9013626575
12.9023644924
12.9033660889
12.9043722153
12.9054133892
12.9063875675
12.9074165821
12.9084181786
12.9093677998
12.9103798866
12.9113640785
12.9123730659
12.9133629799
12.9143769741
12.915366888
12.9163780212
12.9173648357
12.9183633327
12.9193601608
12.9203674793
12.9213480949
12.922369957
12.9233551025
12.924349308
12.9253997803
12.9263467789
12.927346468
12.9283499718
12.9293487072
12.930347681
12.9313871861
12.932346344
12.9333479404
12.9343414307
12.9353430271
12.9363441467
12.937343359
12.9383525848
12.9393529892
12.9403469563
12.9413464069
12.9423823357
12.9433467388
12.9443490505
12.9453492165
12.9463436604
12.9473419189
12.9483458996
12.9493424892
12.9504003525
12.9514091015
12.9523892403
12.9573369026
12.958340168
12.9593465328
12.960334301
12.9613368511
12.9623374939
12.9633388519
12.9643301964
12.9673295021
12.9683265686
12.973323822
12.9743211269
12.9753222466
12.9763195515
12.9773161411
12.9783191681
12.979316473
12.9803199768
12.98133111
12.982572794
12.9833817482
12.984313488
12.9853186607
12.9865567684
12.9873201847
12.9883124828
12.9893114567
12.9903097153
12.9943168163
12.9953184128
12.9963097572
12.9973127842
12.9983077049
12.9993095398
13.0023117065
13.0033128262
13.0043129921
13.005304575
13.0063054562
13.0073027611
13.0083065033
13.0093080997
13.0103034973
13.0113041401
13.0123050213
13.0135512352
13.0143008232
13.0153167248
13.0165450573
13.017544508
13.0185456276
13.0195426941
13.0205402374
13.0215611458
13.0225424767
13.0232923031
13.0245332718
13.0255899429
13.0263459682
13.0275325775
13.0285305977
13.0295317173
13.030534029
13.0313358307
13.0325365067
13.0335347652
13.0355293751
13.0365350246
13.0375375748
13.0385324955
13.0395247936
13.0405271053
13.0415239334
13.0425245762
13.0435795784
13.0443241596
13.0455198288
13.0465986729
13.0475223064
13.0485227108
13.0495223999
13.0505738258
13.0515735149
13.0523195267
13.0535223484
13.054517746
13.0555155277
13.0565178394
13.0575158596
13.058516264
13.0595109463
13.0605101585
13.0615086555
13.0625135899
13.0635123253
13.0645108223
13.0655210018
13.0665173531
13.0675106049
13.0685191154
13.0695161819
13.0705163479
13.0715093613
13.0725216866
13.0735146999
13.0745129585
13.0755238533
13.0765113831
13.0775156021
13.0785200596
13.0795207024
13.0805120468
13.0815098286
13.0825648308
13.0835669041
13.0845091343
13.0855808258
13.0865049362
13.0875661373
13.0885558128
13.0985116959
13.0995056629
13.1005365849
13.1015300751
13.1023101807
13.1035017967
13.104527235
13.1054999828
13.1065204144
13.1074945927
13.1084976196
13.1094961166
13.1104996204
13.1115293503
13.1124927998
13.1134939194
13.1144957542
13.1154940128
13.1184961796
13.1194870472
13.1204886436
13.1214978695
13.1224813461
13.1234893799
13.1245541573
13.1256220341
13.1264836788
13.1274809837
13.128480196
13.1294929981
13.1304905415
13.1314949989
13.1324901581
13.1344876289
13.1354913712
13.1364834309
13.1374800205
13.1384775639
13.1394784451
13.1405041218
13.1414785385
13.1424984932
13.1434731483
13.1444859505
13.1454787254
13.1464719772
13.1474685669
13.1484727859
13.1494708061
13.1504733562
13.15148592
13.1524908543
13.1534750462
13.1543471813
13.1554675102
13.156463623
13.157476902
13.1584823132
13.1594672203
13.1604702473
13.1614961624
13.1624639034
13.1634643078
13.1644742489
13.1654651165
13.1664760113
13.1674785614
13.168482542
13.1694772243
13.1704697609
13.1714668274
13.172475338
13.1734633446
13.1744675636
13.1754674911
13.1764688492
13.1774692535
13.1784653664
13.1814641953
13.1824572086
13.1834588051
13.1844570637
13.1854631901
13.186453104
13.1874508858
13.1884558201
13.189463377
13.1904528141
13.1914491653
13.1924550533
13.1944496632
13.1954598427
13.1964483261
13.1974508762
13.1984529495
13.1994557381
13.2004489899
13.201444149
13.202493906
13.2034504414
13.2044434547
13.2054486275
13.2064540386
13.2074458599
13.2084574699
13.2094490528
13.2104473114
13.2115259171
13.2124447823
13.2134444714
13.2144720554
13.2154397964
13.2164468765
13.2174680233
13.218452692
13.2194371223
13.2204422951
13.2214312553
