1.2645703125
1.5711328125
1.4178515625
1.1623828125
1.4689453125
1.3667578125
1.5328125
1.4178515625
1.2134765625
1.4178515625
1.3156640625
1.3156640625
1.4178515625
1.5200390625
1.4689453125
1.3667578125
1.4944921875
1.2645703125
1.5200390625
1.2645703125
1.4178515625
1.5200390625
1.4689453125
1.4178515625
1.3667578125
1.4178515625
1.6222265625
1.5200390625
1.3667578125
1.4178515625
1.4178515625
1.4178515625
1.3667578125
1.3156640625
1.4944921875
1.5711328125
1.2645703125
1.3156640625
1.4178515625
1.5200390625
1.4178515625
1.5711328125
1.3156640625
1.3667578125
1.4944921875
1.3667578125
1.4178515625
1.2134765625
1.3156640625
1.3667578125
1.3667578125
1.3156640625
1.4178515625
1.3156640625
1.5711328125
1.37953125
1.4689453125
1.6733203125
1.4689453125
1.3156640625
1.3667578125
1.3667578125
1.4689453125
1.3156640625
1.2134765625
1.37953125
1.4178515625
1.4178515625
1.3667578125
1.3156640625
1.3667578125
1.4178515625
1.5711328125
1.5200390625
1.3156640625
1.3667578125
1.37953125
1.1112890625
1.2645703125
1.3156640625
1.3156640625
1.3667578125
1.3156640625
1.3156640625
1.4178515625
1.4689453125
1.302890625
1.4178515625
1.3667578125
1.4689453125
1.5200390625
1.4178515625
1.3667578125
1.4689453125
1.3667578125
1.3667578125
1.3412109375
1.1623828125
1.4689453125
1.2645703125
1.5200390625
1.3156640625
1.2645703125
1.4178515625
1.5200390625
1.5200390625
1.4178515625
1.302890625
1.5200390625
1.3156640625
1.5200390625
1.5200390625
1.4689453125
1.1112890625
1.4178515625
1.3156640625
1.37953125
1.3156640625
1.2645703125
1.3156640625
1.5200390625
1.1623828125
1.2645703125
1.3156640625
1.2134765625
1.3156640625
1.4178515625
1.4178515625
1.3156640625
1.5200390625
1.1112890625
1.4178515625
1.3667578125
1.2645703125
1.2134765625
1.2134765625
1.2645703125
1.1112890625
1.4689453125
1.22625
1.4178515625
1.5200390625
1.3156640625
1.3156640625
1.3667578125
1.4178515625
1.5200390625
1.2134765625
1.4178515625
1.4178515625
1.2645703125
1.3156640625
1.1623828125
1.2134765625
1.2645703125
1.2645703125
1.2134765625
1.3156640625
1.2645703125
1.3156640625
1.456171875
1.2134765625
1.3667578125
1.1623828125
1.2645703125
1.6222265625
1.2134765625
1.2645703125
1.2645703125
1.3156640625
1.302890625
1.5200390625
1.4178515625
1.2645703125
1.2645703125
1.1112890625
1.4178515625
1.3156640625
1.0601953125
1.5200390625
1.302890625
1.1623828125
1.1112890625
1.2645703125
1.4178515625
1.4689453125
1.0601953125
1.3667578125
1.0091015625
1.37953125
1.3156640625
1.2134765625
1.1623828125
1.4178515625
1.3156640625
1.4689453125
1.4178515625
1.3667578125
1.3667578125
1.37953125
1.4689453125
1.1112890625
1.3156640625
1.4178515625
1.5711328125
1.3156640625
1.2134765625
1.3667578125
1.2645703125
1.4178515625
1.4178515625
1.1623828125
1.3156640625
1.4178515625
1.1879296875
1.4178515625
1.2645703125
1.1623828125
1.2134765625
1.0601953125
1.2134765625
1.3156640625
1.2645703125
1.1623828125
1.07296875
1.1623828125
1.2645703125
1.3156640625
1.1623828125
1.3156640625
1.1623828125
1.1112890625
1.1623828125
1.3156640625
1.0601953125
1.3412109375
1.4178515625
1.3156640625
1.2134765625
1.1623828125
1.4178515625
1.2645703125
1.5200390625
1.4178515625
1.4689453125
1.1879296875
1.3156640625
1.1623828125
1.1112890625
1.4689453125
1.0601953125
1.1623828125
1.1623828125
1.1623828125
1.1112890625
1.2645703125
1.1112890625
1.3156640625
1.2134765625
1.1623828125
1.0091015625
1.2134765625
1.4689453125
1.1112890625
1.1623828125
1.1112890625
1.0091015625
1.3156640625
1.3412109375
1.1112890625
1.3667578125
1.2134765625
1.3156640625
1.1623828125
1.0091015625
1.2645703125
1.4689453125
1.2645703125
1.3667578125
1.149609375
1.1623828125
1.2645703125
1.2645703125
1.4178515625
1.2645703125
1.3156640625
1.1623828125
0.9580078125
1.1112890625
1.22625
1.2134765625
1.2645703125
1.2645703125
1.1623828125
0.9069140625
1.2134765625
1.1112890625
1.1112890625
1.149609375
1.1623828125
1.1112890625
1.3156640625
1.1112890625
1.1623828125
0.9580078125
1.0601953125
1.2134765625
1.2645703125
1.1623828125
1.22625
1.2134765625
0.9580078125
1.1623828125
1.0091015625
1.2645703125
1.3667578125
1.2134765625
1.1112890625
1.1623828125
1.37953125
1.1112890625
1.0601953125
1.2645703125
1.3667578125
0.9069140625
1.2134765625
1.1112890625
1.22625
1.0346484375
1.0346484375
1.1623828125
1.2645703125
1.0091015625
1.3667578125
1.4689453125
1.2134765625
1.1623828125
1.1112890625
1.1623828125
1.07296875
1.1112890625
1.2134765625
1.1623828125
1.1112890625
1.1112890625
1.3156640625
1.1623828125
1.2134765625
1.1623828125
1.07296875
1.1623828125
1.1623828125
1.2134765625
1.1112890625
1.2645703125
0.9069140625
0.9069140625
1.1623828125
1.0601953125
1.1623828125
1.1879296875
1.1623828125
0.9069140625
1.0091015625
1.0091015625
0.9069140625
1.2645703125
1.3156640625
1.2645703125
1.0601953125
1.149609375
1.1623828125
1.2645703125
1.1623828125
1.1112890625
1.3156640625
1.0091015625
0.9069140625
1.2134765625
1.0091015625
1.0346484375
1.2134765625
1.2134765625
1.2134765625
1.1112890625
1.0601953125
0.9580078125
1.1623828125
1.1112890625
0.9580078125
1.149609375
1.0601953125
1.0091015625
0.8047265625
1.2134765625
1.0601953125
1.0601953125
0.8558203125
0.8047265625
1.0601953125
1.0091015625
0.843046875
1.0091015625
1.1112890625
0.9069140625
1.0601953125
1.0091015625
1.2134765625
0.8558203125
0.8047265625
0.7536328125
1.0346484375
1.1112890625
1.1112890625
1.2645703125
0.9580078125
1.0601953125
1.0601953125
0.9580078125
1.1112890625
1.1112890625
1.0091015625
1.1112890625
0.9580078125
1.1112890625
1.1112890625
0.9069140625
0.8558203125
0.8558203125
1.0091015625
1.1623828125
1.1112890625
1.0346484375
0.9069140625
0.7536328125
0.8047265625
0.8047265625
0.8558203125
1.0601953125
0.9069140625
1.0601953125
0.996328125
0.9580078125
0.9580078125
0.8558203125
1.0601953125
1.1112890625
0.9580078125
1.1112890625
0.9580078125
1.1623828125
0.9580078125
0.9069140625
0.9196875
0.8558203125
1.2134765625
1.0091015625
1.0091015625
1.0601953125
1.2645703125
1.1112890625
0.9580078125
0.9069140625
0.9196875
0.7536328125
0.9069140625
1.0091015625
1.0091015625
0.9580078125
1.2134765625
1.1112890625
0.9580078125
0.9580078125
1.0346484375
0.9580078125
0.7025390625
0.9069140625
1.0091015625
1.0091015625
0.9580078125
0.9069140625
0.9580078125
0.8558203125
0.9580078125
1.149609375
0.8558203125
0.9580078125
0.7536328125
0.8558203125
0.9069140625
0.8047265625
0.9069140625
0.8558203125
1.0091015625
0.8047265625
1.0091015625
0.7536328125
1.0091015625
0.9069140625
0.8558203125
1.0091015625
1.0601953125
0.9069140625
0.9069140625
0.996328125
0.7536328125
1.0091015625
0.8047265625
0.9580078125
0.8558203125
0.8047265625
0.7025390625
1.0091015625
0.9580078125
0.8047265625
0.6514453125
1.0091015625
0.9069140625
1.0601953125
1.0091015625
0.8558203125
1.0091015625
0.7536328125
0.9069140625
0.8047265625
0.8813671875
1.0601953125
0.7025390625
0.7536328125
0.7025390625
0.9580078125
0.9069140625
0.7536328125
1.0601953125
1.0091015625
0.996328125
0.8558203125
0.7536328125
0.8558203125
0.9069140625
0.8558203125
0.7025390625
0.9069140625
0.8558203125
0.7536328125
0.9196875
1.0091015625
0.7025390625
0.9580078125
0.9580078125
0.8558203125
1.0091015625
0.7025390625
0.8558203125
0.6003515625
0.8558203125
1.0346484375
0.9580078125
0.9580078125
1.0601953125
0.8558203125
0.7536328125
1.0091015625
0.9069140625
0.7536328125
0.8558203125
0.9580078125
0.8047265625
0.9069140625
0.9069140625
1.1112890625
0.7536328125
0.8558203125
0.9580078125
0.6514453125
0.9580078125
0.76640625
0.7025390625
0.9580078125
1.0091015625
1.0091015625
1.2134765625
0.9069140625
0.6514453125
0.9069140625
0.8047265625
0.8813671875
0.8558203125
0.8047265625
0.6514453125
0.9069140625
1.0091015625
0.7536328125
1.0601953125
0.9069140625
1.0091015625
0.7025390625
0.8813671875
1.1112890625
0.9069140625
0.9069140625
1.1623828125
0.7536328125
0.8047265625
0.7025390625
1.0091015625
0.843046875
0.7025390625
0.6003515625
1.0091015625
0.9069140625
1.0601953125
0.9580078125
0.8047265625
1.0091015625
0.9069140625
0.9580078125
0.6514453125
0.8558203125
0.7536328125
1.0091015625
0.8558203125
0.8047265625
0.7025390625
0.7536328125
0.6514453125
0.9580078125
0.76640625
0.8047265625
0.8047265625
0.7025390625
0.8047265625
0.6003515625
0.8047265625
0.6514453125
0.8813671875
0.8047265625
0.689765625
1.0601953125
0.7536328125
0.8047265625
0.8558203125
0.7025390625
0.9580078125
0.7025390625
0.8047265625
0.8558203125
0.6514453125
0.7536328125
0.9580078125
0.7025390625
0.9069140625
0.5492578125
0.5492578125
0.8047265625
0.8558203125
0.5492578125
0.7536328125
0.8047265625
0.7536328125
0.8558203125
0.8047265625
0.5492578125
0.7025390625
0.7025390625
0.6003515625
0.8047265625
0.6514453125
0.6514453125
0.7536328125
0.8047265625
0.8047265625
0.6003515625
0.8558203125
0.7536328125
0.6514453125
0.7025390625
0.7025390625
0.613125
0.5492578125
0.6514453125
0.8047265625
0.7025390625
0.6514453125
0.7025390625
0.8047265625
0.7025390625
0.4470703125
0.6003515625
0.7280859375
0.6514453125
0.7025390625
0.9069140625
0.9580078125
0.8047265625
0.7536328125
0.9580078125
0.8047265625
0.5492578125
0.536484375
0.3448828125
0.6514453125
0.8558203125
0.8047265625
0.7025390625
0.6003515625
0.4981640625
0.6514453125
0.5492578125
0.4981640625
0.6514453125
0.7025390625
0.5492578125
0.7025390625
0.7025390625
0.5492578125
0.613125
0.7025390625
0.6514453125
0.4470703125
0.7025390625
0.6003515625
0.3959765625
0.5492578125
0.6003515625
0.4981640625
0.689765625
0.6003515625
0.6514453125
0.6514453125
0.7025390625
0.4470703125
0.6003515625
0.7025390625
0.7536328125
0.6514453125
0.4981640625
0.76640625
0.6514453125
0.4470703125
0.7025390625
0.7025390625
0.5492578125
0.4981640625
0.8558203125
0.6003515625
0.4981640625
0.45984375
0.6514453125
0.4981640625
0.7536328125
0.6003515625
0.4981640625
0.5492578125
0.5492578125
0.4981640625
0.4981640625
0.613125
0.4981640625
0.6514453125
0.4470703125
0.4470703125
0.7025390625
0.2937890625
0.5492578125
0.5748046875
0.6003515625
0.2937890625
0.3959765625
0.7536328125
0.5492578125
0.3959765625
0.4981640625
0.3959765625
0.5492578125
0.3065625
0.3959765625
0.3959765625
0.2426953125
0.8558203125
0.4981640625
0.5492578125
0.4981640625
0.4470703125
0.4981640625
0.5492578125
0.536484375
0.2426953125
0.7025390625
0.6003515625
0.2937890625
0.3959765625
0.6003515625
0.6003515625
0.4470703125
0.4470703125
0.4215234375
0.4470703125
0.4981640625
0.3959765625
0.4981640625
0.4981640625
0.5492578125
0.5492578125
0.3448828125
0.5748046875
0.3448828125
0.2937890625
0.2937890625
0.2937890625
0.4470703125
0.2937890625
0.0383203125
0.2937890625
0.2426953125
0.4215234375
0.2937890625
0.3448828125
0.4981640625
0.3448828125
0.1916015625
0.2426953125
0.2937890625
0.1405078125
0.7025390625
0.3448828125
0.4215234375
0.3448828125
0.4981640625
0.1916015625
0.1916015625
0.3959765625
0.2937890625
0.1916015625
0.1405078125
0.3959765625
0.3448828125
0.2426953125
0.2937890625
0.3959765625
0.2937890625
0.1405078125
0.2426953125
0.1916015625
0.3448828125
0.4470703125
0.2426953125
0.1405078125
0.2937890625
0.3448828125
0.3448828125
0.2937890625
0.2426953125
0.2937890625
0.076640625
0.3959765625
0.1916015625
0.3959765625
0.3448828125
0.4981640625
0.2937890625
0.3448828125
0.2426953125
0.2426953125
0.3448828125
0.3065625
0.3448828125
0.2937890625
0.3959765625
0.3448828125
0.3959765625
0.2937890625
0.3448828125
0.3448828125
0.2426953125
5.20417042793e-18
0.0383203125
0.3448828125
0.3448828125
0.3448828125
0.2426953125
0.1405078125
0.1916015625
0.4470703125
0.1405078125
0.1916015625
-0.1149609375
0.3448828125
0.3959765625
0.1405078125
0.1405078125
0.4470703125
0.1916015625
0.0383203125
0.0894140625
0.2682421875
-0.0638671875
0.1916015625
0.2426953125
0.1916015625
0.3448828125
0.0383203125
0.1405078125
0.1916015625
0.1405078125
6.93889390391e-18
0.0894140625
0.1405078125
0.1405078125
0.0383203125
0.2426953125
0.1916015625
0.0894140625
-0.0638671875
0.2426953125
0.0383203125
0.076640625
0.0894140625
0.2426953125
0.0383203125
0.1405078125
0.1916015625
0.2426953125
0.0894140625
0.0894140625
0.1405078125
-1.73472347598e-18
0.0383203125
0.1405078125
0.4470703125
0.0383203125
0.1405078125
-0.1149609375
0.2426953125
0.1916015625
0.0894140625
0.076640625
-0.0127734375
0.1916015625
0.1405078125
0.1405078125
0.0894140625
0.0894140625
-0.0127734375
0.0383203125
-0.0638671875
0.1149609375
0.0894140625
0.0894140625
-0.0638671875
0.1916015625
0.1405078125
-0.1149609375
0.2426953125
0.0383203125
0.2426953125
-0.1149609375
-0.0127734375
-0.2682421875
0.1405078125
0.0894140625
0.0383203125
0.0894140625
0.1405078125
0.0894140625
-0.1149609375
-0.0127734375
0.15328125
0.0894140625
-0.1149609375
0.1405078125
0.0894140625
0.1405078125
0.0894140625
0.1405078125
-0.0127734375
-0.0127734375
3.46944695195e-18
-0.0127734375
-0.1149609375
-0.1149609375
-0.0127734375
0.1405078125
0.1405078125
0.1916015625
-0.1660546875
0.0894140625
0.0383203125
-0.1660546875
-0.1149609375
0.0383203125
-0.0638671875
0.1916015625
-0.1660546875
-0.0127734375
0.0383203125
-0.0127734375
-0.1916015625
-0.0638671875
-0.0638671875
-0.0127734375
0.0894140625
-0.0638671875
-0.1660546875
-0.0127734375
-0.1660546875
-0.1660546875
-0.0127734375
-0.15328125
0.1405078125
0.1405078125
-0.3193359375
-0.0638671875
0.0383203125
-0.2171484375
-0.0638671875
-0.0638671875
-0.1149609375
-0.15328125
-0.0638671875
-0.0127734375
-0.1149609375
-0.0638671875
-0.2171484375
-0.1149609375
0.0383203125
-0.2682421875
-0.0638671875
-0.15328125
0.0894140625
-0.1149609375
0.0383203125
-0.1660546875
0.1405078125
-0.2171484375
-0.3704296875
-0.2171484375
-0.1149609375
-0.076640625
-0.2171484375
-0.1660546875
-0.0638671875
-0.0638671875
-0.1149609375
0.0894140625
-0.0638671875
-0.0127734375
-0.0638671875
-0.076640625
-0.3193359375
-0.1660546875
-0.1149609375
-0.1660546875
-0.0638671875
-0.2682421875
-0.1660546875
-0.2171484375
-0.0638671875
-0.1149609375
-0.0127734375
-0.2682421875
-0.2682421875
-0.2171484375
0.0894140625
-0.3193359375
-0.1660546875
-0.2171484375
-0.1660546875
-0.0383203125
0.0894140625
-0.1660546875
-0.2171484375
-0.1660546875
-0.0127734375
-0.3704296875
-0.1660546875
-0.2171484375
-0.1660546875
-0.3448828125
-0.3193359375
-0.1149609375
-0.0638671875
-0.1660546875
-0.1660546875
-0.3193359375
-0.1660546875
-0.3704296875
-0.2171484375
-0.1149609375
-0.1149609375
-0.1660546875
-0.2682421875
-0.2171484375
-0.2171484375
-0.2682421875
-0.3193359375
-0.1660546875
-0.2682421875
-0.3448828125
-0.1660546875
-0.2171484375
-0.2171484375
-0.1149609375
-0.2682421875
-0.0638671875
-0.3193359375
-0.1660546875
-0.2682421875
-0.2682421875
-0.3448828125
-0.1149609375
-0.2171484375
-0.1149609375
-0.1660546875
-0.1660546875
-0.4726171875
-0.3193359375
-0.3704296875
-0.4215234375
-0.1916015625
-0.4215234375
-0.1660546875
-0.3704296875
-0.2171484375
-0.3193359375
-0.1660546875
-0.4215234375
-0.3448828125
-0.3448828125
-0.3448828125
-0.4215234375
-0.2171484375
-0.4215234375
-0.2682421875
-0.5237109375
-0.3193359375
-0.4215234375
-0.2682421875
-0.3193359375
-0.0638671875
-0.45984375
-0.3704296875
-0.4215234375
-0.3193359375
-0.4215234375
-0.3193359375
-0.4726171875
-0.2171484375
-0.3704296875
-0.1660546875
-0.383203125
-0.2682421875
-0.2171484375
-0.3193359375
-0.3193359375
-0.4215234375
-0.2171484375
-0.3193359375
-0.3193359375
-0.3448828125
-0.3704296875
-0.1660546875
-0.2682421875
-0.1660546875
-0.4215234375
-0.5748046875
-0.4215234375
-0.4215234375
-0.4726171875
-0.5748046875
-0.3704296875
-0.4215234375
-0.3193359375
-0.4215234375
-0.4215234375
-0.6258984375
-0.5237109375
-0.3704296875
-0.536484375
-0.3704296875
-0.4726171875
-0.4726171875
-0.6258984375
-0.4726171875
-0.5237109375
-0.5237109375
-0.4215234375
-0.5237109375
-0.4981640625
-0.3704296875
-0.4726171875
-0.4726171875
-0.5237109375
-0.4215234375
-0.3193359375
-0.3704296875
-0.4726171875
-0.3193359375
-0.45984375
-0.6258984375
-0.4726171875
-0.5748046875
-0.4215234375
-0.3704296875
-0.4215234375
-0.6258984375
-0.5748046875
-0.6258984375
-0.5237109375
-0.45984375
-0.6258984375
-0.7280859375
-0.6769921875
-0.5237109375
-0.3193359375
-0.3704296875
-0.3704296875
-0.4726171875
-0.8302734375
-0.45984375
-0.7280859375
-0.4726171875
-0.5748046875
-0.5237109375
-0.6258984375
-0.4215234375
-0.5237109375
-0.5748046875
-0.5748046875
-0.5748046875
-0.7280859375
-0.4215234375
-0.5748046875
-0.4726171875
-0.4215234375
-0.4726171875
-0.3704296875
-0.3704296875
-0.6769921875
-0.5748046875
-0.689765625
-0.6769921875
-0.4215234375
-0.5748046875
-0.5748046875
-0.5237109375
-0.4215234375
-0.4215234375
-0.5748046875
-0.4215234375
-0.536484375
-0.6769921875
-0.6258984375
-0.9324609375
-0.5748046875
-0.5748046875
-0.5237109375
-0.6258984375
-0.7280859375
-0.6769921875
-0.7791796875
-0.689765625
-0.8302734375
-0.7280859375
-0.8302734375
-0.8302734375
-0.8813671875
-0.4215234375
-0.8302734375
-0.6258984375
-0.8302734375
-0.689765625
-0.8813671875
-0.6769921875
-0.5748046875
-0.6769921875
-0.7280859375
-0.7791796875
-0.8302734375
-0.7280859375
-0.5748046875
-0.5748046875
-0.8302734375
-0.7280859375
-0.5748046875
-0.7791796875
-0.6258984375
-0.8302734375
-0.7791796875
-0.7280859375
-0.8813671875
-0.6514453125
-0.7791796875
-0.6769921875
-0.8302734375
-0.6769921875
-0.8813671875
-0.9324609375
-0.7280859375
-0.7791796875
-0.9324609375
-0.9324609375
-0.8813671875
-0.7280859375
-0.6258984375
-0.8302734375
-1.0857421875
-0.9324609375
-0.8813671875
-0.9835546875
-0.6769921875
-0.8047265625
-1.0346484375
-0.6769921875
-0.8302734375
-0.8302734375
-0.7791796875
-0.7791796875
-0.8302734375
-1.1368359375
-0.6258984375
-0.76640625
-1.0346484375
-0.9324609375
-0.8302734375
-0.7791796875
-0.8813671875
-0.7791796875
-0.7280859375
-0.6258984375
-0.8302734375
-0.843046875
-0.7791796875
-0.9835546875
-1.0857421875
-0.8302734375
-0.9324609375
-0.7791796875
-1.0346484375
-0.9324609375
-0.8813671875
-1.1879296875
-0.8813671875
-0.7280859375
-0.7280859375
-0.7791796875
-0.9324609375
-0.8302734375
-0.8813671875
-0.9835546875
-1.0346484375
-0.9835546875
-0.9580078125
-1.0346484375
-1.1879296875
-1.0346484375
-0.8302734375
-1.0346484375
-1.0857421875
-0.9324609375
-0.9835546875
-0.9835546875
-0.9580078125
-0.9324609375
-0.9324609375
-0.9835546875
-0.7280859375
-1.1368359375
-1.0346484375
-0.9835546875
-1.1879296875
-1.0857421875
-1.1368359375
-0.9580078125
-0.8302734375
-1.0857421875
-1.0346484375
-0.9324609375
-1.0857421875
-1.0857421875
-1.1368359375
-1.1879296875
-1.0346484375
-1.149609375
-0.9324609375
-0.7791796875
-1.2390234375
-0.9324609375
-1.1368359375
-1.0857421875
-1.0346484375
-0.8813671875
-1.2901171875
-0.996328125
-1.0857421875
-1.0857421875
-0.9835546875
-0.9835546875
-1.0857421875
-1.2390234375
-1.0857421875
-1.0857421875
-0.9324609375
-1.0857421875
-1.07296875
-1.1368359375
-1.2901171875
-1.0346484375
-0.9835546875
-1.0346484375
-1.0857421875
-1.3412109375
-1.0857421875
-0.9324609375
-0.9196875
-1.0857421875
-0.9324609375
-1.0346484375
-1.1368359375
-1.1368359375
-1.2390234375
-1.2901171875
-1.1879296875
-0.9324609375
-1.1879296875
-1.1879296875
-1.2390234375
-1.1879296875
-1.1879296875
-0.9324609375
-1.1879296875
-1.2390234375
-1.1879296875
-1.2901171875
-1.1879296875
-1.149609375
-1.0857421875
-1.1368359375
-0.9324609375
-1.0346484375
-1.1368359375
-1.3923046875
-1.2901171875
-1.2901171875
-1.3412109375
-1.1879296875
-1.0857421875
-1.2390234375
-1.1879296875
-1.1879296875
-1.2901171875
-1.2390234375
-1.1368359375
-1.3412109375
-1.2390234375
-1.3412109375
-1.3412109375
-1.0857421875
-1.3412109375
-1.2390234375
-1.1879296875
-1.3923046875
-1.1879296875
-1.2901171875
-1.2390234375
-1.3412109375
-1.3412109375
-1.1879296875
-1.3923046875
-1.3923046875
-1.5455859375
-1.4433984375
-1.5455859375
-1.3923046875
-1.2390234375
-1.1368359375
-1.37953125
-1.4944921875
-1.2390234375
-1.4433984375
-1.1368359375
-1.3923046875
-1.2901171875
-1.4433984375
-1.4433984375
-1.2390234375
-1.456171875
-1.3923046875
-1.4433984375
-1.3923046875
-1.3923046875
-1.4944921875
-1.2390234375
-1.2390234375
-1.4944921875
-1.4944921875
-1.4944921875
-1.4178515625
-1.5455859375
-1.5455859375
-1.5455859375
-1.3412109375
-1.3412109375
-1.5455859375
-1.6477734375
-1.3923046875
-1.4433984375
-1.609453125
-1.5966796875
-1.4944921875
-1.4433984375
-1.4433984375
-1.4944921875
-1.3923046875
-1.4433984375
-1.2390234375
-1.4178515625
-1.5455859375
-1.5966796875
-1.5455859375
-1.4944921875
-1.1368359375
-1.4433984375
-1.2901171875
-1.2901171875
-1.3923046875
-1.5455859375
-1.4944921875
-1.6477734375
-1.4944921875
-1.3923046875
-1.4944921875
-1.3412109375
-1.5455859375
-1.3923046875
-1.5328125
-1.5455859375
-1.3923046875
-1.4944921875
-1.3923046875
-1.6988671875
-1.5966796875
-1.6477734375
-1.3923046875
-1.4178515625
-1.4178515625
-1.609453125
-1.3923046875
-1.6477734375
-1.5966796875
-1.5966796875
-1.4433984375
-1.3923046875
-1.4944921875
-1.5455859375
-1.5966796875
-1.5328125
-1.7499609375
-1.5455859375
-1.5966796875
-1.5455859375
-1.5455859375
-1.6988671875
-1.3923046875
-1.7499609375
-1.5455859375
-1.4433984375
-1.6477734375
-1.6988671875
-1.5455859375
-1.6477734375
-1.5966796875
-1.5455859375
-1.7499609375
-1.5455859375
-1.7244140625
-1.6988671875
-1.3923046875
-1.7499609375
-1.7499609375
-1.6988671875
-1.7499609375
-1.9032421875
-1.7499609375
-1.6988671875
-1.839375
-1.7499609375
-1.8010546875
-1.8010546875
-1.8010546875
-1.6477734375
-1.6477734375
-1.8521484375
-1.6988671875
-2.0565234375
-1.916015625
-1.8010546875
-1.8521484375
-1.8010546875
-1.8010546875
-1.8010546875
-1.7499609375
-1.8010546875
-1.6477734375
-1.7499609375
-1.4944921875
-1.8521484375
-1.6988671875
-1.6988671875
-1.7499609375
-1.839375
-1.8010546875
-1.6988671875
-1.5455859375
-1.7499609375
-1.8521484375
-1.6988671875
-1.6988671875
-1.7499609375
-1.6988671875
-1.9543359375
-1.8776953125
-1.8010546875
-1.8010546875
-1.8010546875
-1.7499609375
-1.7499609375
-1.5966796875
-1.9543359375
-1.9032421875
-1.916015625
-1.9543359375
-1.9032421875
-1.6988671875
-1.9032421875
-1.8010546875
-1.8521484375
-1.9032421875
-1.7499609375
-1.7499609375
-1.7499609375
-1.916015625
-1.8521484375
-1.6477734375
-1.5455859375
-1.8010546875
-1.8010546875
-1.7499609375
-1.7499609375
-1.9543359375
-1.9032421875
-1.916015625
-1.8010546875
-1.8521484375
-1.9543359375
-1.9032421875
-1.8010546875
-2.0565234375
-1.8010546875
-1.8010546875
-1.9032421875
-1.916015625
-1.9032421875
-1.8521484375
-2.1076171875
-1.8521484375
-1.8521484375
-1.9543359375
-1.9032421875
-1.9032421875
-1.9543359375
-2.0565234375
-2.069296875
-2.1076171875
-1.8010546875
-1.7499609375
-1.8010546875
-1.7499609375
-2.0054296875
-1.9032421875
-1.8521484375
-1.8521484375
-1.99265625
-2.0565234375
-2.1076171875
-1.9032421875
-1.8010546875
-1.9543359375
-1.9032421875
-2.0565234375
-2.0054296875
-1.9543359375
-1.8521484375
-1.8776953125
-1.6988671875
-2.0054296875
-1.9543359375
-1.9032421875
-1.9543359375
-1.8521484375
-2.1076171875
-2.0565234375
-1.839375
-2.0054296875
-1.8521484375
-1.8521484375
-1.9543359375
-2.0565234375
-1.8521484375
-2.0054296875
-2.1587109375
-2.1076171875
-1.839375
-1.7499609375
-2.0054296875
-1.9032421875
-2.0054296875
-2.0054296875
-1.7499609375
-1.8521484375
-2.0054296875
-1.9543359375
-2.0565234375
-1.839375
-2.0054296875
-1.6988671875
-1.9543359375
-2.0054296875
-2.0565234375
-1.9032421875
-1.7499609375
-1.9543359375
-1.9543359375
-2.0054296875
-1.9032421875
-1.9032421875
-1.9543359375
-1.7499609375
-2.0565234375
-1.9543359375
-2.3119921875
-2.1076171875
-2.0054296875
-2.0309765625
-2.0054296875
-2.1587109375
-2.0054296875
-2.0054296875
-2.2098046875
-2.0565234375
-2.1587109375
-2.0565234375
-2.0054296875
-2.1076171875
-2.0054296875
-1.8521484375
-2.1076171875
-2.1076171875
-1.7499609375
-1.9543359375
-2.1076171875
-2.1587109375
-2.0565234375
-2.0565234375
-1.99265625
-2.0054296875
-2.2098046875
-2.1076171875
-2.1587109375
-2.4141796875
-2.2608984375
-2.1076171875
-2.0565234375
-2.2098046875
-2.222578125
-1.9543359375
-1.9543359375
-2.0054296875
-1.9032421875
-2.0054296875
-2.1587109375
-2.1587109375
-1.9543359375
-2.1587109375
-1.9543359375
-2.0054296875
-2.3119921875
-2.1587109375
-2.2098046875
-2.1076171875
-1.9543359375
-2.1076171875
-2.1587109375
-1.9032421875
-2.1587109375
-2.069296875
-2.0565234375
-2.1587109375
-2.1076171875
-2.2608984375
-2.1076171875
-2.0565234375
-1.9543359375
-2.1587109375
-2.0054296875
-2.069296875
-1.9543359375
-2.0565234375
-2.1076171875
-2.1076171875
-1.9543359375
-2.2098046875
-2.1459375
-2.1587109375
-2.1076171875
-2.2098046875
-2.2608984375
-2.2098046875
-2.0054296875
-2.3119921875
-2.0054296875
-2.1076171875
-2.069296875
-2.1587109375
-2.1076171875
-2.2098046875
-2.1587109375
-2.2098046875
-2.3375390625
-1.9543359375
-1.8521484375
-2.1587109375
-2.2608984375
-2.2608984375
-2.3630859375
-2.4141796875
-2.1587109375
-2.1076171875
-1.9543359375
-2.1076171875
-2.2608984375
-2.2608984375
-2.2608984375
-2.3119921875
-2.0565234375
-2.0054296875
-2.3630859375
-2.2608984375
-2.2608984375
-2.0565234375
-2.3119921875
-2.2098046875
-2.2608984375
-2.2098046875
-2.2098046875
-2.3630859375
-2.3630859375
-2.1076171875
-2.2608984375
-2.2608984375
-2.4652734375
-2.1587109375
-2.5163671875
-2.2608984375
-2.2098046875
-2.3119921875
-2.2098046875
-2.2608984375
-2.2608984375
-2.2098046875
-2.0565234375
-2.4141796875
-2.3119921875
-2.2098046875
-2.2608984375
-2.4141796875
-2.3119921875
-2.2098046875
-2.1587109375
-2.1076171875
-2.0054296875
-2.3119921875
-2.3630859375
-2.2608984375
-2.2098046875
-2.3630859375
-2.3630859375
-2.3119921875
-2.4141796875
-2.1459375
-2.2608984375
-2.2098046875
-2.2098046875
-2.0565234375
-2.2098046875
-2.2098046875
-2.1587109375
-2.2608984375
-2.3630859375
-2.1842578125
-2.3630859375
-2.3119921875
-2.2608984375
-2.3119921875
-2.4141796875
-2.3119921875
-2.1587109375
-2.1587109375
-2.2098046875
-2.0565234375
-2.29921875
-2.2608984375
-2.4141796875
-2.3119921875
-2.3630859375
-2.1587109375
-2.0565234375
-2.1076171875
-2.3119921875
-2.1587109375
-2.1459375
-2.2608984375
-2.3119921875
-2.2608984375
-2.1076171875
-2.2098046875
-2.3630859375
-2.2608984375
-2.3119921875
-2.3119921875
-2.3375390625
-2.2608984375
-2.3630859375
-2.2608984375
-2.3630859375
-2.2098046875
-2.2608984375
-2.0054296875
-2.1587109375
-2.3630859375
-2.3630859375
-2.3119921875
-2.2608984375
-2.2608984375
-2.3630859375
-2.2098046875
-2.2098046875
-2.3119921875
-2.29921875
-2.0565234375
-2.1076171875
-2.0565234375
-2.2098046875
-2.3119921875
-2.1076171875
-2.3119921875
-2.2098046875
-2.3630859375
-2.2608984375
-2.29921875
-2.4652734375
-2.2098046875
-2.1076171875
-2.2098046875
-2.3630859375
-2.3119921875
-2.3630859375
-2.1587109375
-2.1587109375
-2.4525
-2.1587109375
-2.3630859375
-2.4652734375
-2.4141796875
-2.2608984375
-2.5163671875
-2.4141796875
-2.2608984375
-2.2098046875
-2.3119921875
-2.222578125
-2.1587109375
-2.2098046875
-2.1587109375
-2.2608984375
-2.3630859375
-2.3630859375
-2.3119921875
-2.0565234375
-2.3119921875
-2.29921875
-2.2098046875
-2.5163671875
-2.3119921875
-2.4141796875
-2.3119921875
-2.3630859375
-2.2098046875
-2.4652734375
-2.4141796875
-2.3375390625
-2.0565234375
-2.5163671875
-2.2608984375
-2.1587109375
-2.2608984375
-2.3630859375
-2.3630859375
-2.1587109375
-2.3119921875
-2.2608984375
-2.3630859375
-2.3119921875
-2.3119921875
-2.3630859375
-2.4141796875
-2.1076171875
-2.3630859375
-2.3119921875
-2.4652734375
-2.3375390625
-2.2098046875
-2.3119921875
-2.2098046875
-2.2098046875
-2.0565234375
-2.1587109375
-2.2608984375
-2.3630859375
-2.2098046875
-2.4141796875
-2.3119921875
-2.2608984375
-2.0054296875
-2.4652734375
-2.2608984375
-2.1076171875
-2.1587109375
-2.4141796875
-2.3119921875
-2.4908203125
-2.4652734375
-2.4652734375
-2.3630859375
-2.2098046875
-2.2608984375
-2.1587109375
-2.2098046875
-2.4525
-2.2608984375
-2.2098046875
-2.3119921875
-2.2098046875
-2.4141796875
-2.2098046875
-2.1076171875
-2.4141796875
-2.5674609375
-2.529140625
-2.6185546875
-2.4652734375
-2.4652734375
-2.4141796875
-2.4652734375
-2.1076171875
-2.3119921875
-2.3119921875
-2.3630859375
-2.2098046875
-2.529140625
-2.3630859375
-2.4652734375
-2.5163671875
-2.4141796875
-2.4141796875
-2.3119921875
-2.5163671875
-2.6185546875
-2.2098046875
-2.529140625
-2.5163671875
-2.4652734375
-2.3119921875
-2.4141796875
-2.4141796875
-2.5163671875
-2.3119921875
-2.2608984375
-2.3119921875
-2.60578125
-2.4141796875
-2.1587109375
-2.4652734375
-2.5163671875
-2.7207421875
-2.6185546875
-2.3630859375
-2.5674609375
-2.4652734375
-2.3375390625
-2.4652734375
-2.5674609375
-2.6185546875
-2.4141796875
-2.3630859375
-2.6185546875
-2.4652734375
-2.4141796875
-2.5163671875
-2.222578125
-2.5163671875
-2.5163671875
-2.3119921875
-2.5163671875
-2.5163671875
-2.5674609375
-2.4652734375
-2.3630859375
-2.4141796875
-2.4908203125
-2.6185546875
-2.2608984375
-2.4141796875
-2.6185546875
-2.3630859375
-2.4652734375
-2.4652734375
-2.7207421875
-2.5163671875
-2.4141796875
-2.60578125
-2.4141796875
-2.4652734375
-2.4652734375
-2.5163671875
-2.6185546875
-2.4652734375
-2.3630859375
-2.3630859375
-2.3630859375
-2.60578125
-2.5163671875
-2.5163671875
-2.5163671875
-2.4652734375
-2.5674609375
-2.6696484375
-2.5674609375
-2.5674609375
-2.4141796875
-2.3375390625
-2.5674609375
-2.4652734375
-2.6185546875
-2.5163671875
-2.3119921875
-2.5674609375
-2.5163671875
-2.3630859375
-2.4141796875
-2.4652734375
-2.6441015625
-2.3630859375
-2.6185546875
-2.7207421875
-2.6696484375
-2.4652734375
-2.4652734375
-2.4652734375
-2.7207421875
-2.4652734375
-2.4908203125
-2.5163671875
-2.7207421875
-2.6696484375
-2.5674609375
-2.7207421875
-2.8229296875
-2.5674609375
-2.4652734375
-2.3630859375
-2.529140625
-2.6185546875
-2.4141796875
-2.2608984375
-2.2608984375
-2.4141796875
-2.6696484375
-2.5163671875
-2.529140625
-2.7718359375
-2.8740234375
-2.7207421875
-2.6185546875
-2.6185546875
-2.7718359375
-2.5163671875
-2.6185546875
-2.6696484375
-2.835703125
-2.5674609375
-2.6185546875
-2.5674609375
-2.6185546875
-2.7207421875
-2.6696484375
-2.5163671875
-2.7207421875
-2.7718359375
-2.7973828125
-2.8229296875
-2.5163671875
-2.7718359375
-2.7718359375
-2.8740234375
-2.4141796875
-2.6696484375
-2.60578125
-2.7718359375
-2.5163671875
-2.6696484375
-2.6696484375
-2.7718359375
-2.3630859375
-2.6185546875
-2.8229296875
-2.8740234375
-2.9251171875
-2.9762109375
-2.6185546875
-2.4141796875
-2.6185546875
-2.8229296875
-2.6185546875
-2.6185546875
-2.8740234375
-2.9251171875
-2.6185546875
-2.8740234375
-2.8740234375
-2.8229296875
-2.7207421875
-2.6185546875
-2.7718359375
-3.0273046875
-2.91234375
-2.7718359375
-2.8740234375
-2.7718359375
-2.7207421875
-2.7718359375
-2.7718359375
-2.9762109375
-2.7207421875
-2.9762109375
-2.7718359375
-2.7590625
-2.6696484375
-3.0783984375
-2.5674609375
-2.8740234375
-2.9251171875
-2.8229296875
-2.9251171875
-2.682421875
-2.7207421875
-2.8740234375
-2.8740234375
-2.7718359375
-2.8740234375
-2.9762109375
-2.6696484375
-2.6696484375
-2.7590625
-2.7207421875
-2.7207421875
-2.7718359375
-3.0783984375
-2.8229296875
-2.8229296875
-2.8229296875
-2.9251171875
-2.8229296875
-2.7207421875
-3.0783984375
-2.6696484375
-2.7207421875
-2.7718359375
-2.7207421875
-2.8229296875
-2.7718359375
-2.9251171875
-2.5163671875
-2.7590625
-2.7718359375
-2.7207421875
-2.7207421875
-2.8740234375
-2.7718359375
-2.5674609375
-2.7207421875
-2.9251171875
-2.7207421875
-2.6185546875
-2.7207421875
-2.7207421875
-2.5674609375
-2.5674609375
-2.7207421875
-2.7207421875
-2.8229296875
-2.7718359375
-2.8740234375
-2.7207421875
-2.6696484375
-2.8229296875
-2.8229296875
-2.6185546875
-2.6441015625
-2.6696484375
-2.6185546875
-2.7207421875
-2.8229296875
-2.5674609375
-2.7207421875
-2.6696484375
-2.4141796875
-2.7207421875
-2.5674609375
-2.60578125
-2.4141796875
-2.4652734375
-2.6185546875
-2.6185546875
-2.6696484375
-2.8229296875
-2.5674609375
-2.4141796875
-2.5163671875
-2.7207421875
-2.4652734375
-2.4141796875
-2.4652734375
-2.6696484375
-2.5163671875
-2.5163671875
-2.6185546875
-2.6185546875
-2.6696484375
-2.682421875
-2.4652734375
-2.5674609375
-2.4652734375
-2.5163671875
-2.8740234375
-2.6696484375
-2.4141796875
-2.5674609375
-2.4141796875
-2.4908203125
-2.4141796875
-2.7207421875
-2.5674609375
-2.4141796875
-2.8229296875
-2.3630859375
-2.4141796875
-2.4652734375
-2.5674609375
-2.5674609375
-2.375859375
-2.5674609375
-2.4652734375
-2.2608984375
-2.4652734375
-2.3630859375
-2.5674609375
-2.5163671875
-2.6696484375
-2.7207421875
-2.7973828125
-2.7207421875
-2.5674609375
-2.6696484375
-2.5674609375
-2.4652734375
-2.5674609375
-2.7718359375
-2.4908203125
-2.7718359375
-2.5674609375
-2.5674609375
-2.5163671875
-2.7207421875
-2.6696484375
-2.4652734375
-2.9762109375
-2.7207421875
-2.8740234375
-2.6185546875
-2.6185546875
-2.6696484375
-2.5163671875
-2.7207421875
-2.7207421875
-2.5674609375
-2.7718359375
-2.60578125
-2.5674609375
-2.7718359375
-2.6696484375
-2.6185546875
-2.8229296875
-2.7207421875
-2.7207421875
-2.4652734375
-2.5163671875
-2.6441015625
-2.6696484375
-2.6185546875
-2.5163671875
-2.4652734375
-2.5163671875
-2.6696484375
-2.6185546875
-2.7207421875
-2.7207421875
-2.529140625
-2.5163671875
-2.4652734375
-2.5163671875
-2.8740234375
-2.8229296875
-2.8229296875
-2.5674609375
-2.7207421875
-2.5163671875
-2.7207421875
-2.6696484375
-2.6185546875
-2.3630859375
-2.7718359375
-2.6696484375
-2.4141796875
-2.4141796875
-2.8229296875
-2.5163671875
-2.6696484375
-2.7207421875
-2.6185546875
-2.6696484375
-2.6185546875
-2.6696484375
-2.6696484375
-2.7718359375
-2.6696484375
-2.6696484375
-2.7718359375
-2.7590625
-2.7207421875
-2.5163671875
-2.6185546875
-2.6696484375
-2.9251171875
-2.6185546875
-2.6696484375
-2.8229296875
-2.7207421875
-2.682421875
-2.7207421875
-2.7718359375
-2.7718359375
-2.8740234375
-2.9251171875
-2.7207421875
-2.7207421875
-2.5674609375
-2.6696484375
-2.6441015625
-2.6696484375
-2.7718359375
-2.8229296875
-2.6185546875
-2.8229296875
-2.7207421875
-2.8229296875
-2.8740234375
-2.7207421875
-2.8229296875
-2.682421875
-2.6696484375
-2.7207421875
-2.8740234375
-2.7207421875
-2.6696484375
-2.9762109375
-2.5674609375
-2.6696484375
-2.7207421875
-2.7207421875
-2.5163671875
-2.6185546875
-2.8229296875
-2.6185546875
-2.7207421875
-2.6185546875
-2.9251171875
-2.6441015625
-2.5163671875
-2.4652734375
-2.6696484375
-2.8229296875
-2.8740234375
-2.4141796875
-2.7207421875
-2.5674609375
-2.8229296875
-2.7718359375
-2.4652734375
-2.6185546875
-2.7207421875
-2.7207421875
-2.8740234375
-2.7207421875
-2.6185546875
-2.8229296875
-2.9251171875
-2.7718359375
-2.8229296875
-2.6441015625
-2.8740234375
-2.5163671875
-2.9762109375
-2.6185546875
-2.8229296875
-2.9251171875
-2.5163671875
-2.9762109375
-2.9251171875
-2.8740234375
-2.5674609375
-2.7718359375
-2.7207421875
-2.8229296875
-2.6696484375
-2.7718359375
-2.5163671875
-2.5674609375
-2.7207421875
-2.8740234375
-2.6441015625
-2.7207421875
-2.6696484375
-2.7207421875
-2.7718359375
-2.8740234375
-2.6696484375
-2.8740234375
-2.6696484375
-2.8229296875
-2.835703125
-2.8740234375
-2.8740234375
-2.8740234375
-2.7207421875
-2.7207421875
-2.8740234375
-2.9251171875
-2.4141796875
-2.6185546875
-2.835703125
-2.7207421875
-2.7718359375
-2.8229296875
-2.9251171875
-2.7207421875
-2.5163671875
-2.8229296875
-2.9251171875
-2.9251171875
-2.6696484375
-2.7207421875
-2.8740234375
-3.1294921875
-2.8229296875
-2.7207421875
-2.8740234375
-2.6185546875
-2.6185546875
-2.6185546875
-2.7718359375
-2.7973828125
-2.7207421875
-2.8740234375
-2.8229296875
-2.6696484375
-2.6696484375
-2.6696484375
-2.7207421875
-2.9251171875
-2.8740234375
-2.7590625
-2.7718359375
-2.6696484375
-2.7207421875
-2.7718359375
-2.6696484375
-2.7207421875
-2.7718359375
-2.8229296875
-2.8740234375
-2.7207421875
-2.7207421875
-2.8740234375
-2.9251171875
-2.7207421875
-2.9251171875
-2.9251171875
-2.8229296875
-2.8229296875
-2.8229296875
-2.682421875
-2.9762109375
-2.9762109375
-2.8740234375
-3.0273046875
-2.7718359375
-2.8740234375
-3.0273046875
-2.7207421875
-2.9251171875
-2.835703125
-2.7207421875
-2.7207421875
-2.6185546875
-2.7718359375
-2.7207421875
-2.6696484375
-2.835703125
-2.7207421875
-2.8740234375
-2.8229296875
-2.7718359375
-2.7718359375
-2.9251171875
-2.7207421875
-2.9762109375
-2.7718359375
-2.8229296875
-2.835703125
-2.7207421875
-2.8229296875
-2.5674609375
-2.8740234375
-2.8740234375
-2.6185546875
-2.7207421875
-2.9762109375
-2.7207421875
-2.6441015625
-2.7718359375
-2.5674609375
-2.9251171875
-2.9251171875
-2.7718359375
-2.9251171875
-2.8740234375
-2.9762109375
-2.6185546875
-2.9251171875
-2.7590625
-3.0273046875
-2.5163671875
-2.8229296875
-2.8229296875
-2.8229296875
-3.0273046875
-3.0783984375
-2.8229296875
-2.7718359375
-2.8740234375
-2.8229296875
-2.9251171875
-2.9251171875
-2.7207421875
-3.0273046875
-2.6696484375
-2.8740234375
-2.6696484375
-2.8229296875
-3.065625
-2.9251171875
-2.9762109375
-2.7718359375
-2.9251171875
-2.8229296875
-2.9762109375
-2.6696484375
-2.6696484375
-2.9762109375
-2.9762109375
-2.7590625
-2.6185546875
-2.8229296875
-2.6696484375
-3.0273046875
-2.7718359375
-2.8229296875
-2.9251171875
-2.7718359375
-2.8740234375
-2.7207421875
-2.7718359375
-2.8229296875
-3.0783984375
-2.8229296875
-2.9251171875
-2.9762109375
-2.8740234375
-2.5674609375
-2.7718359375
-2.682421875
-2.9251171875
-2.7718359375
-2.8229296875
-2.8229296875
-3.0783984375
-2.8740234375
-2.7718359375
-2.8229296875
-2.6185546875
-2.5163671875
-2.9762109375
-2.8740234375
-2.8740234375
-2.9251171875
-3.0783984375
-2.8229296875
-2.8740234375
-2.8740234375
-2.8740234375
-2.8740234375
-2.835703125
-2.9762109375
-2.8229296875
-2.9762109375
-2.9251171875
-2.8740234375
-2.8740234375
-2.9762109375
-2.9251171875
-2.8740234375
-3.0783984375
-3.0783984375
-2.8740234375
-2.8740234375
-3.0273046875
-2.7718359375
-2.8740234375
-2.8740234375
-2.8740234375
-2.9762109375
-2.8229296875
-2.9251171875
-2.8229296875
-2.9251171875
-2.7207421875
-2.9251171875
-2.9506640625
-3.1294921875
-2.9762109375
-2.9251171875
-3.1805859375
-2.8740234375
-2.8740234375
-2.9251171875
-3.0783984375
-2.9251171875
-2.8740234375
-2.9762109375
-2.8229296875
-2.9251171875
-2.9251171875
-3.0273046875
-2.9251171875
-2.9762109375
-2.9762109375
-2.9762109375
-3.0783984375
-2.9762109375
-2.9762109375
-3.0783984375
-3.0783984375
-2.9251171875
-2.9762109375
-3.0273046875
-3.0273046875
-2.8229296875
-2.9506640625
-3.1805859375
-3.1294921875
-2.9762109375
-3.2316796875
-3.1294921875
-2.9762109375
-3.0783984375
-2.9762109375
-3.1294921875
-2.988984375
-3.1294921875
-3.0783984375
-3.1805859375
-2.9251171875
-2.7207421875
-3.0273046875
-3.0783984375
-2.9251171875
-2.9762109375
-2.8740234375
-2.8740234375
-3.0273046875
-2.9251171875
-2.8740234375
-3.0273046875
-3.0783984375
-3.1294921875
-2.8740234375
-2.8740234375
-2.9251171875
-2.7590625
-3.0273046875
-3.0273046875
-3.1294921875
-2.9251171875
-3.0783984375
-2.9762109375
-2.8229296875
-2.9762109375
-2.9762109375
-2.7973828125
-3.0273046875
-3.1294921875
-3.2316796875
-2.9251171875
-2.9251171875
-3.0273046875
-3.3338671875
-3.0273046875
-3.0783984375
-2.8740234375
-3.2316796875
-2.9506640625
-2.8740234375
-3.0273046875
-2.9251171875
-2.9762109375
-3.1294921875
-2.9762109375
-2.7207421875
-3.1805859375
-3.0783984375
-3.1805859375
-2.9762109375
-3.0273046875
-3.0783984375
-3.0783984375
-2.9762109375
-2.9762109375
-3.1805859375
-2.7590625
-2.9251171875
-2.9251171875
-2.9251171875
-3.2827734375
-2.9762109375
-3.0783984375
-2.8740234375
-3.0273046875
-2.9251171875
-3.3338671875
-3.0273046875
-3.1805859375
-3.0273046875
-3.1294921875
-3.2827734375
-3.0273046875
-3.0783984375
-3.0783984375
-2.8740234375
-3.0273046875
-3.1805859375
-3.1294921875
-2.7718359375
-2.9251171875
-3.2316796875
-3.0783984375
-3.0273046875
-2.9762109375
-3.1294921875
-3.0273046875
-3.1805859375
-3.0273046875
-2.9251171875
-2.9251171875
-3.0783984375
-2.9762109375
-3.0783984375
-3.2316796875
-3.0783984375
-3.0273046875
-3.065625
-3.0273046875
-3.1805859375
-3.0273046875
-3.1805859375
-3.0273046875
-3.0273046875
-2.9251171875
-3.0783984375
-3.2316796875
-3.2572265625
-3.1805859375
-3.0783984375
-3.0273046875
-3.1805859375
-3.0783984375
-3.0783984375
-3.0273046875
-2.91234375
-2.8229296875
-3.0273046875
-2.8740234375
-3.0783984375
-2.9251171875
-3.2316796875
-2.8740234375
-2.8229296875
-3.0273046875
-2.9506640625
-3.1805859375
-3.0783984375
-2.9762109375
-2.8740234375
-2.8740234375
-3.1294921875
-3.0783984375
-3.0273046875
-2.9762109375
-3.1039453125
-3.0783984375
-2.9251171875
-3.0783984375
-2.8229296875
-3.0783984375
-3.0273046875
-2.9251171875
-3.1294921875
-3.0273046875
-3.065625
-3.1294921875
-2.9251171875
