0.00749763833688
0.00855746291573
0.00922369090612
0.00993724892197
0.00951504999497
0.00949659943634
0.00898331993936
0.00896877364051
0.00770594570322
0.00704943763685
0.00705878343957
0.00694626627587
0.00770579483376
0.00792468453606
0.00826941967598
0.00782821556211
0.00740802099598
0.00740467436714
0.0072694478045
0.00696776785988
0.00696307137838
0.00694009121237
0.00737118924553
0.0072743443032
0.00790770063335
0.00801649204439
0.00865593154994
0.00728864782277
0.00748125055601
0.00768623585449
0.00738161565275
0.00778639335946
0.00800718088646
0.0092814281787
0.00991339278672
0.00979456264861
0.0104337893882
0.00969336205866
0.00864178227036
0.00820330190606
0.00704380672499
0.00660581931612
0.00650836556478
0.00683561520744
0.0074753243378
0.00684659021195
0.0078068462915
0.00741208198982
0.00697642073823
0.00706572535927
0.0068443012811
0.00651111827354
0.00682560321206
0.00724499831766
0.00798231679995
0.00819111859692
0.00831643722722
0.00853862794247
0.00822203575737
0.00791242675712
0.00792438507716
0.00761178528017
0.00792496791154
0.00717946123022
0.00666305778244
0.00636289600475
0.00700549227974
0.00636810055372
0.00657506983594
0.00647227066187
0.00626656048648
0.00644815349242
0.00690162299188
0.00678149005689
0.00656990821592
0.0070060710971
0.00648071879189
0.00669589282054
0.00658077082419
0.00592221354292
0.00530180876123
0.00528376313419
0.00497097117154
0.00562798711278
0.00572889383653
0.00678159465867
0.00679664440768
0.00625623675596
0.00581981946251
0.00636209483747
0.00636484130095
0.0063580985891
0.00538639641434
0.0057047236286
0.00550263490197
0.00509277602297
0.00615473507914
0.00688646977934
0.00742741177028
0.00932200608391
0.00973801367137
0.00822694700863
0.007390101866
0.00609864157682
0.00449564489998
0.00355857674984
0.00366813817252
0.00442229360057
0.00558223258933
0.0066523709078
0.00845658143604
0.00803255662476
0.00864384306597
0.00832338732658
0.00863202838994
0.00811041009584
0.00745808678066
0.00722961727102
0.00692763142961
0.00788403174935
0.00779238972804
0.00768754190806
0.00746275699042
0.00768891545482
0.00673637876814
0.00653675899361
0.00664843698482
0.00684192065073
0.00661328592546
0.00725481330771
0.00639130229531
0.00649791622609
0.00703255803959
0.00735186935294
0.00796585886949
0.00732715154962
0.00754120552463
0.00820195615527
0.00796246846729
0.00839323694009
0.00798309082536
0.00788193056024
0.0071184967929
0.00747411358735
0.00629325723204
0.00715555331335
0.00631171191749
0.00725661813657
0.00738199102161
0.00726997767994
0.00801273347307
0.00823049086323
0.00854510178659
0.00780266768058
0.0069687094112
0.00696965579817
0.00655010191482
0.00622881634206
0.00633943402258
0.00706450964059
0.00781757473527
0.00888190120988
0.0091737511405
0.0088449743154
0.00789946833335
0.00663382446529
0.00704556503731
0.00629849055162
0.00673024630066
0.00672221840285
0.0075745787309
0.00777850228333
0.0079910043183
0.00840642936849
0.0085001550609
0.0085039877216
0.00775506550862
0.00722216633494
0.00745366038392
0.00744798857798
0.00872089708131
0.00915414268587
0.00862198561481
0.00894950602455
0.0080868260095
0.00925286961832
0.00895251730293
0.0089574683893
0.00830249685784
0.00756956808937
0.00768667319857
0.00682415052592
0.00629202192835
0.00608605386164
0.00513057354329
0.00639727090374
0.0083090492511
0.00893976206106
0.00936136016158
0.00988237817649
0.0101008915252
0.00936003666397
0.00861727625353
0.00757157206983
0.00754551489978
0.00640007354782
0.00607662511234
0.00555950680987
0.00588224963783
0.0078866723948
0.00863369501077
0.00917221200223
0.0106443865571
0.0115886580456
0.0111730367769
0.0107254059575
0.00913621068014
0.00806042164168
0.00681415160292
0.00607265907396
0.00533625752974
0.00536805339538
0.0077963868473
0.00875185637782
0.00928813682435
0.00896821590986
0.00906443027894
0.0083032238267
0.006605789946
0.00629385343189
0.00629517787917
0.00619112565949
0.00664756574065
0.00779555149922
0.00950763166324
0.00984520946113
0.0108880965453
0.0117519870839
0.0121758843869
0.0111202184753
0.0107961882596
0.00887731299625
0.00782301040805
0.00613919040901
0.00569578417111
0.00554134752203
0.00605709366485
0.00724078560151
0.00775150039805
0.00871495365065
0.00932612366927
0.00911671901547
0.0085774705954
0.00665277118624
0.0056985748111
0.00570584838311
0.00622537820099
0.00663714474285
0.00601238915397
0.0068490101784
0.00655099757434
0.0062268103227
0.00665551303319
0.00643852042903
0.00695112134731
0.00760032704055
0.00758271615345
0.00781601298759
0.00811153786466
0.0083302575109
0.00758100717292
0.007258355476
0.00663711355216
0.00653173419374
0.00726952946925
0.00717764939047
0.00716248928009
0.00642926192361
0.0050527208333
0.0044001577234
0.00440362539213
0.00461063882436
0.00555142281023
0.0059643224213
0.00648232146386
0.00690891010468
0.00584123256797
0.00520886389927
0.00446073084468
0.0044779557677
0.00447760965992
0.00544421180872
0.00651793806942
0.00735751755685
0.00724830879365
0.00757394020161
0.00778879602219
0.0070520643133
0.00641120499732
0.00652261721464
0.00692548146838
0.00703553315904
0.00821029808051
0.00822961321701
0.00812461327549
0.00834812447329
0.00697971905972
0.0056034093964
0.00580394110647
0.00526987952399
0.0049517255912
0.0056795640275
0.00663581587163
0.00747702529219
0.0086396387518
0.00896970739335
0.00737896577346
0.00609411012314
0.00598070275307
0.00576439152838
0.00566283423543
0.00714748778218
0.00800560422412
0.00895366661765
0.00802991943264
0.00748337223233
0.00664879061517
0.00676068394992
0.00578093529026
0.00664502394672
0.0069533297689
0.00726133787397
0.00789880474807
0.00790735880996
0.00663346390128
0.00600861911576
0.00591887003045
0.00739525811241
0.00759292729111
0.00716396679859
0.00717144726311
0.0065462501728
0.00641699083149
0.00705466297013
0.00728520467996
0.00832171711689
0.00823663930031
0.00875803608435
0.00750026576962
0.00717055152481
0.00655535477115
0.00643949067218
0.00623812122497
0.00602085130203
0.0054728299227
0.00505256895262
0.00673328741314
0.00662561086542
0.00663786084587
0.00651683118787
0.00748603873379
0.0079268376447
0.00887150271246
0.00907031226914
0.00938744697313
0.00927714912865
0.00799715314058
0.00756613832135
0.00650194730705
0.00648834277785
0.00670779941969
0.00630742036355
0.00693451819314
0.00684009313849
0.00693134816274
0.00747283497882
0.00812312130229
0.00889897874249
0.00879957412796
0.0082805956824
0.00804550134938
0.00803622175801
0.00825786895249
0.00985287902318
0.0098481759112
0.0106782656283
0.00995502396042
0.00930720726734
0.00858426131673
0.00848758707824
0.0081846134966
0.00721930808799
0.00605553260479
0.00552331836438
0.00391547873479
0.00486758981566
0.00592811626041
0.00686734235884
0.00781926346648
0.00833629083053
0.00886612299587
0.00885068179457
0.00830396116843
0.00901913711255
0.00911766109151
0.00903466952367
0.00988431783964
0.0101905760794
0.0100892265499
0.00988197987009
0.00990943481495
0.00864681657546
0.0086695719707
0.0075132786057
0.0072913980584
0.00665635095814
0.00592227219665
0.00644658970584
0.0067859993402
0.00792942891321
0.00783457689136
0.00858135816342
0.00879391766561
0.00781754335121
0.00825428789877
0.00792076446424
0.00728281136567
0.00767673127402
0.00769294881101
0.00779003594242
0.00854371438465
0.00949307264747
0.00852824327048
0.0102432412756
0.00968893944338
0.00915842597735
0.00863989248176
0.00789435241253
0.00642869318604
0.00671955075912
0.00716382263839
0.00782186462671
0.00812792784728
0.00751402839827
0.00664970081346
0.00644075833533
0.00611994752091
0.00717379909313
0.00780376577815
0.00883820590107
0.00970816921245
0.0099065427559
0.00925125021561
0.0097026173829
0.0095823698459
0.0105408452804
0.0101182578905
0.0110816997027
0.0118110705423
0.011408080522
0.0105393700722
0.00855343229473
0.0072699183174
0.0065393743069
0.0066826772673
0.00668481749941
0.00742584787842
0.00846515565066
0.00879134948611
0.00918288811555
0.00908603325629
0.00948808835569
0.0090839256245
0.0100304303232
0.0107869223112
0.0113405318973
0.011674874106
0.0116464097705
0.0112170517597
0.0108799209249
0.0102383464563
0.00895543386996
0.00842671270769
0.00842847075265
0.00864598663681
0.00940779035317
0.0108106059968
0.0118698765118
0.0132412169134
0.0139912096254
0.0134462822527
0.012255182015
0.0102207733859
0.00841878978753
0.00768373635418
0.00650074851089
0.00673633602246
0.00696775715083
0.00857959379518
0.00985440632022
0.0110282558271
0.0105795926848
0.00992290312677
0.00850189394499
0.00765396305607
0.00656598723345
0.00646898669052
0.00732390823995
0.00903597579557
0.0104357316608
0.0112773019511
0.0118227078542
0.0119255635153
0.0108505298405
0.00970061628729
0.00777380742979
0.00736357950598
0.00629219787103
0.00608496020677
0.00629591052482
0.00631203693933
0.00747687110525
0.00855022759459
0.00918581221122
0.0103618984861
0.00994644246358
0.00940109988769
0.00875981909273
0.00854488331414
0.00810294796426
0.00873016202383
0.00799467086597
0.00755599286952
0.0080990661518
0.00832958276269
0.00800787389037
0.0078134949368
0.00780054377353
0.00737845944855
0.00684815855583
0.00568341051842
0.00672872055838
0.00555629931299
0.00642418792053
0.00676563715475
0.00760985998069
0.00940992838429
0.00867441326497
0.00823114615903
0.00747420827143
0.00756284941699
0.0062198606833
0.0059502101848
0.00511197528494
0.0057333822318
0.00656503013423
0.0064709524349
0.00741681925157
0.0086442883661
0.00885870749516
0.00992694197117
0.00989494806646
0.00914396191173
0.00946305807413
0.0083906224876
0.00873112574177
0.00810651920632
0.00802084999904
0.00782293928383
0.00761006839665
0.00694772156692
0.00640423074466
0.00566609924779
0.00427619157192
0.00394207913172
0.00351602388044
0.00479651003198
0.00671192292219
0.00904757126782
0.0109852013586
0.0120529115262
0.0122529992359
0.0116254100789
0.0108667640029
0.00924127846097
0.00765563689758
0.00702513038514
0.00630631375338
0.00708110164904
0.00656843041831
0.00699285948287
0.00730997763945
0.00701034460347
0.00709390890095
0.00658312857135
0.00603927604357
0.00716189090025
0.00739039955739
0.00834820486022
0.0099064402718
0.0114064027064
0.0122479904938
0.0108342874361
0.00999121392484
0.00872643088824
0.00788175735275
0.0080978923026
0.00853974258746
0.00833981036898
0.00961102502553
0.00993630222935
0.00877557921091
0.0101326131917
0.00929137499118
0.00875391607813
0.00854669082966
0.00832822078578
0.00781799250679
0.00729645757097
0.00751674868922
0.00785095918402
0.00795839528924
0.0080717966814
0.00838768836199
0.00935844225045
0.00989374946047
0.0102992995639
0.00954920724808
0.00891470092491
0.00912436594317
0.00889594743235
0.00866260940249
0.00981452326368
0.0092038857637
0.00973940092973
0.0096384187865
0.00984754294889
0.00944215575489
0.00900646053759
0.00860377891778
0.00868480372758
0.00879404047379
0.00941811786515
0.00963105484985
0.00930561674983
0.00877772292207
0.00951684291625
0.00886943691433
0.00928402248559
0.00863155107119
0.00980905916969
0.00979823815952
0.00961698955462
0.00982060106547
0.00974293212768
0.00943956440229
0.00898900495398
0.0093161058146
0.0104897320648
0.0104578236103
0.0102392079616
0.00971210674074
0.00832174816272
0.00790933189204
0.0067477863538
0.00771028718846
0.007834336795
0.00943667616766
0.0101743871657
0.0106844534063
0.0110102596497
0.0112277764835
0.010367877576
0.00942848210454
0.0083652492147
0.00645672865423
0.00717613016004
0.00656175573838
0.00685978287668
0.00632322269581
0.00548352537615
0.00156730292382
-0.00264648351094
-0.006427037514
-0.00777760742724
-0.00752967970559
-0.00413702820009
-0.00159146591214
0.00304637524678
0.005341049503
0.0100644108158
0.0128864915901
0.0144294364772
0.0139876607409
0.0136829497934
0.0113744830479
0.00980393503338
0.00758637440361
0.0067766034891
0.00679848786457
0.00894015015762
0.0105173391928
0.0115794226541
0.0130644717582
0.0142963988899
0.0129905943494
0.0129634871403
0.0109202162414
0.0108171725415
0.00957200179401
0.00872512594189
0.00789757332262
0.0076959811443
0.00825215831493
0.00963466211453
0.0104036185556
0.0106840487461
0.0101495361476
0.00961778186393
0.00885871498721
0.00760569918566
0.00443111572875
0.00222370571012
-0.000494682948569
-0.00175328559554
-0.00163399933443
-0.000785322727487
0.000365982596073
0.00333034906289
0.00552436728773
0.00814816295414
0.0102331210055
0.0110736908068
0.0125528231199
0.0126637450693
0.0121156399815
0.0117016529476
0.0110762011737
0.0100361629576
0.00983098685
0.00966417910179
0.0106319158642
0.0112798204276
0.0076135409448
0.00728013797638
0.0070523262614
0.00736967342487
0.00638653088798
0.00640051945541
0.00713002038093
0.00746313888389
0.00734437408623
0.00704122901317
0.0071629072272
0.00706457973813
0.00770253169442
0.00791121003595
0.00886044793716
0.00928255584695
0.0105835394915
0.0125000733062
0.0131653815883
0.0129655489691
0.0139225000967
0.0131757808786
0.0125374352643
0.0119984094965
0.0112570801483
0.00954352917507
0.00741661950892
0.00551064990224
0.00381493499778
0.00381039710143
0.00584533593818
0.00712584260188
0.00892969854078
0.0100976708151
0.0101118222131
0.0093815270479
0.00938766007984
0.00993324465222
0.0092933199857
0.00928062323471
0.00904830443365
0.00959439032919
0.00892918021101
0.00829200776757
0.00681865368269
0.00585923871002
0.00415330263715
0.00510938328294
0.00563035953767
0.0079553188584
0.00943304638107
0.00986266391118
0.00795897543686
0.0076434070231
0.00715380833218
0.00792640037961
0.0104626968579
0.012062007831
0.013655999929
0.0129011557339
0.0124764366369
0.0115393419126
0.0112989187043
0.00971055317219
0.00525010531755
0.00506123200462
0.00509323033404
0.00520040143176
0.0036373742323
0.00343202722831
0.00332810009205
0.003854578241
0.00532328213377
0.0060885629501
0.00694624644693
0.00736615290645
0.00808769396608
0.00827901197254
0.00870451921673
0.00986255350549
0.00997052304851
0.00921904529495
0.00911985640516
0.00892185149079
0.00828228114224
0.00810113070124
0.00788930194937
0.00682826233013
0.00536259579487
0.00429248326699
0.00405417298603
0.00321329051314
0.0033087522149
0.00289656669292
0.00310009658729
0.00321471070877
0.00858586640841
0.00857747218777
0.00784535662649
0.00670124271116
0.00503117882412
0.00491161535805
0.0034286713563
0.0029907094621
0.00311355093011
0.00268297231671
0.00260081193883
0.00269212901709
0.00438134668523
0.00457579019167
0.00519129140675
0.00508813254033
0.00445602781563
0.00425031946081
0.00458921777176
0.00617786493272
0.00807049933713
0.0100968576517
0.0107398689373
0.0107455074598
0.00903606350719
0.00842082749221
0.00650872303302
0.0055682639902
0.00483335325117
0.00694635930108
0.00695908887552
0.00653421458961
0.00610648771977
0.00484411791463
0.00306078090081
0.00292718044612
0.00262301019687
0.00272755181816
0.00464600975986
0.00688507026689
0.00634914902701
0.00600946851175
0.00461167354045
0.00321925881514
0.00228144212451
0.00157046785538
0.0020707151676
0.00378834368211
0.00823905930143
0.00790451182819
0.00738811511617
0.00611302584614
0.00663565700993
0.00664857372178
0.00663183320266
0.00631736239599
0.00567507848618
0.00536522814202
0.00483391718037
0.0037996749827
0.00294225070806
0.00271046344545
0.00282280566919
0.00408053287169
0.0047099128621
0.00510142434889
0.00604873665274
0.00652428663637
0.0070618269468
0.00705893613453
0.00664306449708
0.0064145464915
0.00703584682743
0.00777872337975
0.00789863654648
0.00823636070633
0.00878718650204
0.00901137244882
0.00870840723946
0.00827659954192
0.00786497357192
0.00807882374827
0.00754974770357
0.0071243465753
0.00627512329213
0.0043544051114
0.00340292123403
0.00275492940838
0.00392895404781
0.00550127706161
0.00658668402645
0.00731431540817
0.00963414033482
0.00801365388956
0.00759267893968
0.00801123081994
0.00768868978148
0.00746765984707
0.00842638219248
0.00855790283631
0.00845163849236
0.00803575194479
0.00770949412093
0.00720270129556
0.00623350010874
0.00657129230051
0.00583789904532
0.0059430806711
0.00689342957539
0.00669697755073
0.00679953450999
0.00635061993999
0.00635135807786
0.00687692140719
0.00677080899219
0.00632265690193
0.00727800028553
0.00728773126474
0.00855428850851
0.00898145055726
0.00981670439402
0.0101552982436
0.00928658344377
0.00844160726743
0.00824071078372
0.00685523045024
0.00569165291801
0.0056208274336
0.00530526140487
0.00563451119348
0.00659431069007
0.0078539768554
0.00873003662887
0.00958336219755
0.00894129787194
0.00897014548861
0.00927289959507
0.00769793710862
0.00769690220331
0.00728381833033
0.00622616036513
0.00462295266417
0.00494554450884
0.00431887316075
0.00401169374678
0.00442169811685
0.00376626258915
0.00376442572444
0.00395448761342
0.00502798804464
0.00544971979345
0.00576813457638
0.00609239716872
0.005546925763
0.00501162547654
0.00449637183397
0.00482543483129
0.00491922173255
0.00535251564447
0.00683196646281
0.00745747146308
0.00926063428903
0.00842413691266
0.0084160599411
0.00852088081104
0.00828520875065
0.00755467137063
0.00745594215766
0.00577506540507
0.00683603854158
0.00526412526927
0.00809732983493
0.00757794895665
0.00692547023347
0.00681045370979
0.0071311723125
0.00638030203307
0.00786749843725
0.00746507913347
0.00714544700389
0.00630187697463
0.00661792327563
0.0062177399523
0.00621577319427
0.00748669917974
0.00790204329173
0.00894739952059
0.00830188509809
0.00789963465108
0.00745183861605
0.00533398751689
0.0056496249473
0.00631692527896
0.00664176543657
0.00801449677269
0.00835272101295
0.00760963978628
0.00751431982917
0.00666064497077
0.00539321939417
0.00537003214305
0.00654770458629
0.00686821420002
0.0078105707214
0.00782000620645
0.00664335470807
0.00570196565959
0.00548275093546
0.00424019634723
0.00360013012866
0.0041036908439
0.00451721716798
0.00493497981106
0.0052509371868
0.00490202384287
0.00461281319179
0.0051514774161
0.00516196128575
0.00591956696826
0.00581953398224
0.00568448966834
0.00537735576498
0.00545710106031
0.00534809756165
0.00473406667013
0.0036763019014
0.00337563002588
0.0040145014191
0.00349709301018
0.00488753665323
0.00533347563903
0.00542868387819
0.00605409063125
0.00624362991851
0.00624642631731
0.00537961187161
0.00464522653505
0.00432758047714
0.00368886161237
0.00327060649956
0.00399664081582
0.00466475742279
0.00584468366717
0.00774114562526
0.0078474217067
0.00848305375979
0.00772518651833
0.00675379619253
0.006320306933
0.00547166322828
0.00568820405939
0.00718636870659
0.00720814540763
0.00891694658952
0.00892589017785
0.00817116520211
0.0049874873702
0.00232878454025
-0.00138802476321
-0.00158400154384
-0.000519732313319
0.00243179962713
0.00498161874222
0.008068705287
0.00880681474826
0.00774081269034
0.00613672413548
0.00519415909363
0.00399702004492
0.00358090195654
0.00495480157035
0.00633847468062
0.00685877689517
0.00750024127374
0.00717423604159
0.00636147141977
0.00550935330653
0.00435666223875
0.00362580453222
0.00288483824611
0.00299638538499
0.00398454057581
0.00515348770979
0.00666591240032
0.00721020045085
0.00702445418631
0.0068439084227
0.00589972547829
0.00472220208848
0.00260940273847
0.00219207002543
0.00165517278281
0.00210727509461
0.00347350900181
0.00494881511788
0.00623845319042
0.00665332445274
0.0066527678901
0.00611957387483
0.00523597848068
0.00492584128602
0.00511124576221
0.00512591964813
0.0063713767604
0.0070051663818
0.00783832511187
0.00859245695512
0.00785099904444
0.00731713693639
0.00626672599957
0.00603955216661
0.00561432454293
0.00550201299846
0.00580497975701
0.00580107819349
0.00559362287942
0.00493743293781
0.0052535490913
0.00484124935251
0.00492975375593
0.00515426472455
0.00610165315668
0.00641859069249
0.00777738665243
0.0069442197427
0.00759656471231
0.00695748778317
0.0060046576155
0.00538728780629
0.00420691729023
0.00273059167398
0.00221178412486
0.00242000819447
0.00359515666447
0.00529114157894
0.00583837285019
0.00698830727019
0.00741611401473
0.00759748365953
0.00759797295211
0.00662582658444
0.00705028582924
0.00712615757458
0.00777910711709
0.0091638484418
0.00925894930894
0.010337419794
0.00961689910547
0.00963199784014
0.0077198335287
0.00761068184751
0.00687966949484
0.00718466199731
0.00654506969193
0.00676305802338
0.00667875260348
0.00613444254307
0.00561899760573
0.00604206852867
0.00656673100336
0.00772405620555
0.0102766382177
0.0110099540138
0.0113066642849
0.0105610642496
0.00853815543245
0.00672431803706
0.00587570435502
0.00483450910447
0.00516618598048
0.00622877886584
0.00791306691396
0.00949870097597
0.00992648993034
0.0104735657103
0.00951025167296
0.0084411329685
0.00746843704909
0.00599070778462
0.00652412637807
0.00684622689528
0.00866096149937
0.00982513632145
0.0104718699112
0.00995112977951
0.00972794757761
0.00867577137036
0.00751313519684
0.00791712366637
0.00602260843985
0.00612833942478
0.00643195504578
0.00612449755596
0.00593542957371
0.00518842399083
0.0056407999843
0.0057338186205
0.00616838780145
0.00740295008555
0.00764040991117
0.00910215246611
0.00889754397185
0.00961604970432
0.00898245800816
0.00888106612345
0.0087728332009
0.00781795188846
0.00718123904305
0.00728529118395
0.00667388840347
0.00487355297919
0.00519556823878
0.00444428466003
0.00422247983007
0.00454720940799
0.00548491986889
0.00602000758203
0.00696065330231
0.00664907368379
0.00641601479329
0.00672991862991
0.00717698615091
0.00706778480579
0.00706335401007
0.00686776781939
0.00697287621813
0.00665085933058
0.00645771399969
0.00540421568193
0.00487686390907
0.00531214748554
0.0049763569889
0.00481249958161
0.00468979463741
0.00540719262273
0.00573140516591
0.00719827712173
0.00708156547799
0.00645179402675
0.00561102618639
0.00678026332711
0.00721443097676
0.00680656963553
0.00627951664329
0.00596280985616
0.0054373920179
0.0051042408841
0.0034999993368
0.00404780670744
0.00329416551336
0.00329546570208
0.00329092416459
0.00467580723395
0.00554512179671
0.00755050710285
0.00882835109481
0.00933985396455
0.00964597950571
0.00899673058641
0.0068754182564
0.00494766667957
0.00156949268392
0.000623998658475
0.000299870690601
0.0014930390016
0.00340091070414
0.00478366017188
0.00757338035758
0.00902714720802
0.00817843082355
0.00732299061142
0.00570922907851
0.00485953533473
0.00527065687839
0.00642205987537
0.00781748682872
0.00866566683431
0.00973716461593
0.00944506114394
0.00849676974351
0.00628195886368
0.0053504698743
0.00387872641345
0.00398327431054
0.00345088176897
0.00346301945367
0.00272051269843
0.00335831250745
0.00303579168404
0.00345416131557
0.00301187069805
0.00343440774576
0.00383882382572
0.00551948452594
0.00710097597763
0.00836744516702
0.00913084429035
0.0095428814372
0.00901207835042
0.00891279920049
0.00826441978279
0.00657716637382
0.00552780813702
0.00319260284201
0.00309778182304
0.00249116010339
0.00165350053251
0.00154580830828
0.00210058250898
0.00199115147866
0.00262102185088
0.00336224186617
0.00494729548286
0.00565920168349
0.00704525251433
0.00786363033662
0.00690387047321
0.00637196195033
0.00702794135829
0.00638092064669
0.00639140152298
0.00619928879113
0.00426420522541
0.00418687989653
0.0020378983416
0.00215156549832
0.00162981798919
0.00279982233146
0.00364337869738
0.00353176064173
0.00523794745924
0.00532495758244
0.00616500171868
0.00711533358987
0.00786728034219
0.00820310327706
0.00798670111394
0.00629100623192
0.00511111742829
0.00437776593808
0.00404127770716
0.00491375982719
0.00490685988677
0.00566914414678
0.00609472434664
0.00704317539571
0.00629772520141
0.00628337106823
0.00585856326505
0.00585978311056
0.00533151372134
0.00584543560785
0.00585929889927
0.00649504536177
0.00734701866223
0.00809018495392
0.00842315432468
0.00756552315753
0.00638736139598
0.00491395487692
0.00363654591799
0.00193648664422
0.000580781325677
0.00194915201645
0.00416573860438
0.00629942531997
0.0071444013037
0.00777074972191
0.00598088533979
0.00480881039478
0.00375393853026
0.00365254028645
0.0052274961114
0.00720183678385
0.00858145052825
0.00975670993263
0.0105015049404
0.00987069214599
0.0085985534617
0.00702149280573
0.00609915752739
0.00492170428794
0.00377620316251
0.0039629263264
0.00499943106935
0.00436022194062
0.00426897569102
0.00631082155863
0.00692248779743
0.00632347979057
0.00653781532049
0.00505764144581
0.00476455512227
0.00520878266372
0.00555119858326
0.00651530272865
0.00724508263144
0.00734685344737
0.00689862321968
0.00508719220618
0.00464328385299
0.00370176681053
0.00404362499865
0.00584463471272
0.00575117622956
0.00747389488363
0.00842855112818
0.00855360732862
0.00748427335938
0.00625971294633
0.00392136894344
0.00401018038592
0.00306400218426
0.00383903948969
0.00448279586723
0.00480918679209
0.00609029226909
0.00704912008718
0.0073565039781
0.00809668844031
0.00957401950818
0.00891935482317
0.0086215798954
0.00765271520132
0.0061712937647
0.00457177804329
0.00456961229651
0.00448638922291
0.00296689157785
0.00255872588904
0.00396675176241
0.00460706799503
0.00621251950143
0.00696888330281
0.007991544072
0.00863333471995
0.00881171231593
0.0085795290625
0.00750533388182
0.00633042077783
0.00581445035471
0.00646477498983
0.00648056059217
0.00743798525704
0.00810183264279
0.00841192490465
0.00840331696842
0.00702888562356
0.00648930041766
0.00364587707341
0.00396825547387
0.00333299485063
0.00343492838333
0.00385567701324
0.00427898781421
0.00489380101934
0.005958477002
0.0062693720591
0.00766480469326
0.00799063883638
0.00852750182018
0.00744906233797
0.00744960870777
0.00638217903615
0.00638969251671
0.0064920536949
0.00681330204602
0.00641552157726
0.00632032893584
0.0062104033921
0.00664223853015
0.00577134537922
0.00585960544939
0.00416188183411
0.00479721048928
0.00491138109616
0.00573655966651
0.00659112923476
0.00672022094488
0.00735191209435
0.00775985668003
0.00701843465613
0.00753509664702
0.00774361235056
0.00773006881187
0.00775194130951
0.00773587967099
0.00808742294652
0.00745969946742
0.00807942835784
0.00765920830756
0.00679980024178
0.00679878910935
0.0068904058086
0.00731119100837
0.00699362194963
0.00744293153428
0.00723611671039
0.00701335413639
0.0072257164704
0.00765461960499
0.00805798124768
0.00859057797311
0.00877616961245
0.00803997860187
0.00728541634289
0.0064714693951
0.00731438317889
0.00796076919494
0.00732847733282
0.00722437161546
0.00714335411443
0.00596059058196
0.00586300239474
0.00522700064907
0.00406967670298
0.00395909991175
0.00428614053491
0.00502441385521
0.00584047968258
0.00658777230857
0.00680962506067
0.0072301296552
0.00626924145774
0.00595269257747
0.00627820427639
0.00659550256805
0.0073346705982
0.00743391415444
0.0072207135143
0.00744497757202
0.00531084552126
0.00595952535685
0.00618767587084
0.00594766789219
0.00648585762954
0.00647402008204
0.00646321357559
0.00669520974465
0.00710765709295
0.00635500337251
0.00645333613146
0.00592486506203
0.00549747109659
0.00517676624053
0.00528357302005
0.00508135678514
0.00337067046093
0.00265225691368
0.00234475573304
0.00258975840934
0.0040787522243
0.00442396763649
0.00526877465819
0.00517034286445
0.00515529626609
0.00503914898424
0.00429788622858
0.00336543362653
0.00270862408809
0.00323079364999
0.0032475346596
0.0050454961145
0.0047260136076
0.00447322869684
0.00404853791123
0.00435157123582
0.00412377492598
0.00454917594043
0.00530686418909
0.00605831366176
0.00658881221237
0.00702041698215
0.00734251249685
0.00669238495113
0.0064871025
0.00680930810468
0.00639908442631
0.00597586993816
0.0054123225856
0.00511229839521
0.00437667435468
0.00361740887442
0.0036112574745
0.00468355960535
0.00521595802032
0.00522684611274
0.00628959622666
0.00670686370854
0.00616688397368
0.00680921619085
0.0073274804335
0.00679643032199
0.00699393447766
0.0065585943354
0.00698352250017
0.00720214775945
0.00807277753085
0.00733378694431
0.00613241494635
0.00636599364183
0.00582309405272
0.00571106454885
0.00543452437702
0.0050027802867
0.00502874969547
0.00545084730714
0.00535253223386
0.00493119894823
0.00471659273001
0.00534840358851
0.00534149633933
0.00565238976846
0.00566021077377
0.0062064357225
0.00683494352436
0.00693605480385
0.00734130544832
0.00651375290783
0.00647160000254
0.00669731889135
0.00596533436567
0.00647236508642
0.00648583260612
0.0069099663386
0.00700686045918
0.00743858936749
0.00669378061305
0.00647693599882
0.00606256867235
0.00532847124501
0.00649467325116
0.00629730168028
0.00672017649854
0.00660526870346
0.00777134089506
0.00902404829617
0.00817278723371
0.00784474191599
0.00774799347908
0.0077503120257
0.00709854605672
0.00658323101271
0.00690044385414
0.00752552229891
0.00710467803448
0.00647886781573
0.00550102356299
0.00489523208362
0.00510824547252
0.00499760345012
0.00563130569545
0.00637025142796
0.00679691320772
0.0069111231547
0.00731244848398
0.00740201501866
0.00664880769363
0.0069642786523
0.00433877384857
0.00297172423985
0.00348589958896
0.00233801536404
0.0020472659551
0.00255413597226
0.00448889940005
0.00585577637507
0.00701867119697
0.00826871508598
0.00751863950543
0.00774121411937
0.00655065764338
0.00676852243608
0.00643820676981
0.00688537476097
0.0064649409951
0.00628417660149
0.00679115046335
0.00513167224698
0.00459451317403
0.00394875648846
0.00371887727391
0.00340687292047
0.00329580922649
0.00328272476962
0.00339090419449
0.00401647934513
0.00412652842762
0.00530354299289
0.00658228438617
0.00626498976617
0.00796190199483
0.00710906169162
0.00700177955424
0.00688602785553
0.00657329748693
0.00646750175653
0.00614541202714
0.0063868827492
0.00659584813383
0.00628674700846
0.00566378304506
0.0052340886296
0.00469301261851
0.00406730879158
0.00489286091022
0.00468068197201
0.00488611134956
0.00518706092907
0.00497242922669
0.00560919404709
0.00657743423393
0.00614269385465
0.00583441941122
0.0051970392301
0.00561887346224
0.00552654544415
0.00509697296068
0.00563903500525
0.00680747203286
0.00736093996166
0.00829323215799
0.00785737517359
0.00755563480772
0.00752929078716
0.00730499659746
0.00667457746109
0.00626039160056
0.00594516312406
0.00637888544332
0.00605134954967
0.00553869304578
0.00574192435214
0.00553705827299
0.00531950698774
0.00511562913451
0.00465553124931
0.00498791593861
0.00359079992189
0.00496542737144
0.00474994994486
0.00582695855745
0.00628358107993
0.00704272378303
0.00714531954366
0.00714213410812
0.00724003463
0.00713462505628
0.00659254961974
0.00595722191425
0.00585380844296
0.00458784645014
0.00477687180584
0.00490913338428
0.00544151362388
0.00532780584524
0.00539737472168
0.00572670685811
0.00550248820171
0.00667730227091
0.00572436318203
0.00722357313717
0.00617575904115
0.0066873659434
0.00628376806382
0.00670648988964
0.00649737901394
0.00598358221084
0.00597437747448
0.00585411059333
0.00616848180073
0.00586357523418
0.00671781608244
0.00576494964279
0.00619205626802
0.00586178129843
0.00511630059174
0.00532079918007
0.00572963518914
0.00551757481769
0.00625345599248
0.00616698088678
0.00617987317798
0.00663741627967
0.00664184207287
0.00696029660684
0.00716599319766
0.00618729348706
0.00426260513711
0.00468933992079
0.00489931711162
0.00576122366649
0.00608842124683
0.00652525010234
0.00769848436232
0.00834595494763
0.00802577386128
0.00813259957778
0.00801756851986
0.0072740032745
0.00655110774491
0.00572202155358
0.00530500859327
0.00465925198168
0.00497768746938
0.00550412779237
0.00538556361143
0.00581247075743
0.00625057681183
0.00613987175524
0.00637380821722
0.00544362902706
0.00490316019222
0.00473043206416
0.00451593218951
0.0047424489061
0.0044320429747
0.00530097485982
0.00551542086014
0.00634714592383
0.00773346841838
0.0083656973556
0.00825111401789
0.00857289447594
0.00772766665757
0.00718992262726
0.00528021993342
0.00482799030191
0.00408692634238
0.00492892753883
0.0055813783623
0.00675531421679
0.0075175179503
0.00702121148942
0.00733343504665
0.00649870302401
0.00498255883011
0.0036045208421
0.0033499833786
0.00345124726933
0.00364581037098
0.00492180394419
0.00513377087834
0.00683559716433
0.00685914641405
0.00771018297311
0.00857011538239
0.00963497698834
0.00963633675792
0.0080333055244
0.00665327692217
0.00567347014752
0.00408443671605
0.00281926051187
0.00250655584652
0.00336877140134
0.00529450120831
0.00647356585937
0.00615438348967
0.00711242926553
0.00698832192921
0.00612468269971
0.00601121354701
0.00471522236785
0.0041836379959
0.00437839731605
0.00596847189811
0.00598406052487
0.00683755373405
0.00780845707832
0.00825285551621
0.00836299515194
0.00763125863117
0.00708798769099
0.00644999734428
0.00474089170097
0.00397772870071
0.00291712382142
0.0022813084561
0.00268568095985
0.00365961606892
0.00526317433741
0.00622476777053
0.00697077127153
0.00720187995141
0.00633887469543
0.00653892746812
0.00527517615489
0.00526217790532
0.00566894149511
0.00630572468349
0.00649872970509
0.0059638051727
0.00605178254569
0.00690367039592
0.0076603579241
0.0079813074946
0.00777605672464
0.0080985234859
0.00707317570311
0.0067249131515
0.00460500617644
0.00340418756398
0.00266222321379
0.0029895611822
0.00447884828555
0.00513536453159
0.00611415691309
0.00645634794803
0.00677597594599
0.00675995402798
0.00652953941474
0.00588907519219
0.00599277945702
0.00597674655859
0.00608852347076
0.00610029749837
0.00599644437271
0.00589266428149
0.006508509705
0.00671808275637
0.00832742829919
0.00781493633264
0.00823158690914
0.00727142358859
0.00664310292414
0.00495502590537
0.00386639538192
0.00313163524097
0.00313572318484
0.00348150572917
0.00443427202226
0.0053750658463
0.0066782835369
0.00775140378934
0.0085859978223
0.00804451611324
0.00837033572212
0.00793946378982
0.00633304298994
0.00581312046368
0.00545645096921
0.00481448026495
0.00505656576991
0.00549871937391
0.00561829721667
0.00626970582606
0.00564643104667
0.00543588316134
0.00597194198852
0.0049987396296
0.0050048508973
0.00488275563301
0.00519764693848
0.00605533065363
0.00648285316035
0.00702372961823
0.00711222296647
0.00658922903366
0.00583270278689
0.00604518028738
0.00656885548583
0.00613689439347
0.00625833841027
0.00542764276822
0.0046745903872
0.00255123425171
0.00151224468755
0.00116402630766
0.00235312802732
0.00303117125821
0.00555820056572
0.00725205388694
0.00759158168113
0.00747738189195
0.00648778376509
0.00381576273571
0.00378637056049
0.00378150962043
0.00537613217785
0.00686164223663
0.00878986485188
0.00868018038546
0.00817394268335
0.00741985309076
0.00614901401738
0.00573593745318
0.00584660336228
0.00596064225527
0.00564582707809
0.00455750832484
0.00319327543447
0.00235528184801
0.00160885130104
0.00246238895734
0.00237097121631
0.00342204475771
0.0044755127814
0.00500923515797
0.00668776323196
0.00700551366853
0.00838490332524
0.00838939223594
0.00809533469309
0.0072249910939
0.00637677614643
0.00581928281748
0.00645294069446
0.00634679469895
0.00633477288954
0.00594083776464
0.00478113620728
0.00468273329873
0.00545732375484
0.00536894810246
0.00536982358199
0.00567072814059
0.00535298837802
0.00494406873928
0.00345581566555
0.00269319798494
0.0019784532924
0.00302301574153
0.00299379592862
0.00438022541931
0.00586196728695
0.00650945672593
0.00725231704206
0.00801927814231
0.0081309396954
0.00759694701573
0.00653058745791
0.00514677537323
0.00394142261082
0.00383929103905
0.00385192043641
0.0042788223133
0.00516395617273
0.00507041515392
0.0048691633238
0.00500452163084
0.00414839186411
0.00393433566161
0.00358910793814
0.00460830728385
0.00408470663399
0.00428467811379
0.00440764787288
0.00441636878316
0.00473448818576
0.00506310596173
0.0059241667924
0.00549192731776
0.00549941710422
0.00644384737044
0.00538331774854
0.00419430666542
0.00442354925003
0.00294728174877
0.00210943992917
0.00233418917435
0.00222279746919
0.00253986386988
0.00245299442783
0.0024408018053
0.00287634884007
0.00340772091008
0.002973853669
0.00348397166542
0.0041214567149
0.00507859845896
0.00559839181845
0.00551036988452
0.00549248716685
0.00549957435851
0.00510618618121
0.00423034830301
0.00402258939841
0.00424496562312
0.00340031594381
0.00357724077487
0.00328467501338
0.00360423354406
0.00339812808264
0.00446507903117
0.00521941073406
0.00563049505608
0.00615820834184
0.00581762830682
0.00602328400836
0.00623684230117
0.00613269059153
0.00537223979595
0.00420114231955
0.00335645250803
0.00358082578483
0.00410794403876
0.00442949097788
0.00507074963272
0.00602591481565
0.00573072596734
0.00508467664116
0.00442791079277
0.00400141154119
0.00367460223119
0.00324729863039
0.00388735501079
0.00346747375952
0.00354887480908
0.00431069026293
0.00495129630891
0.00623549582306
0.00675793819095
0.00645706808375
0.00592749060206
0.00612498725635
0.00471372734298
0.00417905222035
0.00396615601111
0.0039663110339
0.00491694709513
0.00589769882138
0.00536951903572
0.00528677373553
0.00520370308058
0.00464598631171
0.00410985018747
0.00439279695908
0.0043968743865
0.0039611738736
0.00419341789843
0.00451613358376
0.0057815596094
0.00568140672174
0.00579635869255
0.00609551482602
0.00600663638006
0.00565215765254
0.00586572885163
0.00617866918941
0.00555339743669
0.00556094786752
0.00473539325002
0.0041908250052
0.00449044176515
0.00352320654425
0.00297376994129
0.00327238219929
0.00346945006582
0.00472548108476
0.00472579092056
0.00461062042904
0.0059842111527
0.00664701255222
0.00782306988965
0.00815592727108
0.00816833777107
0.00776654942096
0.00754086335559
0.00595773356798
0.00533130701234
0.00259431621624
0.00268460262531
0.00269995422306
0.00257613422294
0.00268933315131
0.00384293134473
0.00481163764626
0.00544107086297
0.00586329905105
0.00680520936636
0.00765451105835
0.00764210778835
0.00807137080789
0.00774553011307
0.00795595003092
0.0075407975989
0.00719167160288
0.00562832719807
0.00647874030005
0.00488513792109
0.00488911982782
0.0048008848566
0.00470341676362
0.00449722865274
0.00439047018057
0.00361942015626
0.00332042768923
0.00330518990138
0.00445740091522
0.00520515658777
0.00637516017297
0.00660542399955
0.00768557563493
0.00769662731501
0.00715626153276
0.00649859518441
0.00596709242896
0.00564516473805
0.00553227690158
0.00478905999627
0.00354189912508
0.00342244919752
0.00161699716934
0.00193838571592
0.0016278252217
0.00363098185615
0.00531801644653
0.00713052746024
0.00860071428496
0.00976486897077
0.00924462862164
0.00794095886011
0.00729409317531
0.00678090624473
0.00690362341212
0.0075572304779
0.00819346202259
0.0081052262943
0.00736831524723
0.00577343373499
0.00545433151589
0.0037692022821
0.00355405115996
0.00314221465632
0.00336093153232
0.00389824400463
0.00327196767118
0.00307154393264
0.00314931603206
0.00324537757557
0.00429281417976
0.00480913994929
0.00775863369421
0.00733876323076
0.00755458728132
0.00692870797569
0.00747476512636
0.00748634905371
0.00835304159315
0.00804092418689
0.0076104438207
0.00686560974419
0.00420643723719
0.00377843802056
0.00217466160776
0.00120013703382
0.00261852415724
0.00314213143759
0.00464191298009
0.00560511912919
0.00592306048866
0.00591113602052
0.00535701575424
0.00587385121921
0.00563629860809
0.00553098755296
0.00615242164246
0.0063956364397
0.00587566333034
0.00533772955445
0.00607071529563
0.00554319148406
0.00588194612049
0.00546472023671
0.00581923890385
0.00531042275464
0.00594055639709
0.00445390579824
0.00382066849882
0.00367750073137
0.00337701050507
0.0032443750767
0.00272318518516
0.00356184493856
0.00355830094893
0.00538673768166
0.00547545071938
0.00676774787933
0.00762221236011
0.00834823300849
0.00823921255551
0.00833665070911
0.00715281741301
0.00554469565472
0.00449156460946
0.00396124554136
0.00438539305101
0.00462361318565
0.00551046571489
0.00614566882267
0.00551815291436
0.00436489881554
0.00307826702366
0.00317682292464
0.00243022205904
0.00230610498505
0.00379297815292
0.00408882615247
0.00556042219239
0.00716016790542
0.00726412544025
0.00790305600743
0.00788365906184
0.00734778381827
0.007248127072
0.00745940532245
0.00820968480616
0.0074693320602
0.00489191879576
0.00444862628898
0.00347805321389
0.00347416338787
0.00336808436077
0.00593240003601
0.00612678243811
0.00642899929959
0.00587931868698
0.00471352237427
0.00524731017461
0.00355285168551
0.00354749452528
0.00377024786064
0.00440827766128
0.00503964136405
0.00580592842413
0.00624762726573
0.00689477953367
0.00489137821127
0.00414260485911
0.00243801507654
0.00115691209839
0.0018750415911
0.00189294875995
0.00399215232491
0.00483566567907
0.00602222022589
0.00614274151932
0.00572086984642
0.00538285201298
0.00503924991176
0.00533681976307
0.00490866032853
0.00499955959946
0.00479889038539
0.00491922434879
0.00471773291201
0.00441304603495
0.00495938955043
0.00507125183406
0.00633824199241
0.00624537895681
0.00580782060709
0.00493025057045
0.00355252829165
0.00237891597135
0.00248834988574
0.0018656582386
0.00280432076726
0.00444187836031
0.00390518078473
0.00430334510844
0.00418146317453
0.00429286941393
0.00429743010297
0.00525108271647
0.00566744624986
0.0059216700961
0.00525633921394
0.00440980148252
0.00450462578795
0.00414773361063
0.0038109985476
0.00424641296707
0.00498438829435
0.00426243605787
0.00438975059798
0.00460268623062
0.0047271081379
0.00460250371051
0.00545794402715
0.00704663064203
0.00693645973205
0.00684168123032
0.00652213829738
0.00481611139991
0.00409020670559
0.00410140088739
0.00292990831757
0.00251053513377
0.00281432414554
0.00322034286247
0.0029018255962
0.00291584168746
0.00353593084803
0.00440174676568
0.00471229041538
0.00546514766789
0.00557061527329
0.00523462962164
0.00513214498801
0.00416132306762
0.00383220290498
0.00405979568755
0.00405776600461
0.00396086794502
0.00470753722775
0.00513798836338
0.00514326026598
0.00535618195937
0.00512448101789
0.00471303411946
0.00513226575122
0.00471376448458
0.00558616221787
0.00475678332912
0.00507410134534
0.00518450319661
0.00495879006739
0.00409006708794
0.00375895544018
0.00384338265705
0.00521396451789
0.00554619284953
0.00578545527703
0.00653484216934
0.00685448247859
0.00745398323346
0.00597566746698
0.00542447333528
0.00510121551628
0.00487844582611
0.00455033497533
0.00521800250071
0.0050299055492
0.00537407633175
0.00601932006595
0.00643017538106
0.00558876821853
0.00505130495554
0.00452265576421
0.00260625540515
0.00239245247265
0.00290596548856
0.00363360311555
0.0055524840597
0.00713573347758
0.00778030053292
0.00768888175892
0.00778815167021
0.00693654382167
0.00587076115083
0.00425018069901
0.00371661487271
0.00370553961236
0.00414412457843
0.00467413171878
0.00556426303755
0.00516825908222
0.00589723300782
0.0056958185397
0.0055779604653
0.00471100063783
0.00515011964524
0.00525641623884
0.00482997578055
0.00473925077129
0.00474901467844
0.00453964428345
0.00434158251019
0.00528601758633
0.00527070763494
0.00559502516511
0.00545778123083
0.00587140867763
0.00607783052655
0.00620225656544
0.00589645827839
0.0047255607669
0.00472503218728
0.00480933760718
0.00416228252294
0.00434936238983
0.00498352999278
0.00456882405992
0.00522418368245
0.00589085979997
0.00579695897499
0.00634817062951
0.00612821342157
0.00517195079364
0.00473623006569
0.00344751797726
0.00311010039248
0.00374961898514
0.00483176903399
0.00578828031461
0.00783244380968
0.00772859981337
0.00729288775557
0.00611285815696
0.00461237781669
0.00418663085201
0.00321787488654
0.00320525529682
0.00363864718003
0.00448812305491
0.00514395859977
0.00591289368352
0.00715652252169
0.00770579157224
0.00790325551692
0.00747931251473
0.00684175720105
0.00567751616763
0.00535020303559
0.00461760902261
0.00471660229341
0.00389181893031
0.00399437716285
0.0041945533122
0.00536132622263
0.00539190636959
0.00602117619124
0.00590689462348
0.00515816476876
0.00515124306411
0.00472918403068
0.00460444315826
0.00473710502045
0.00589744516866
0.00684153587881
0.00771293065934
0.00824012906388
0.00313655874445
0.0018669545148
0.00249722403328
0.0030284632166
0.00474516305555
0.00591874421088
0.00634884690195
0.00717077045566
0.00693837215176
0.00567211031885
0.00546298308834
0.00515536402403
0.00514175582317
0.00557082401131
0.00654238523355
0.00633638543741
0.00708280571277
0.00594528648885
0.00507482742128
0.00453644945249
0.0034959418307
0.00347999967809
0.00348071578035
0.00336821659942
0.00411362590443
0.00445585695776
0.00466551458847
0.00519054705764
0.00561177093158
0.00592117632576
0.00539144237258
0.00555716788831
0.00662003915142
0.00664797925724
0.00696791470597
0.00653905246066
0.00686204567454
0.00665847046216
0.0053984399084
0.0047621928798
0.00412154594454
0.00326389830875
0.00293004213191
0.00238367774958
0.00314350278182
0.00411893774665
0.00391203372612
0.00551245051648
0.0065290704397
0.00515995109461
0.00458733620779
0.0036313819803
0.00245255337353
0.00363972721528
0.0043864259517
0.00577274076159
0.00705241362718
0.00757385149311
0.00704244149666
0.00607745015997
0.00533317457195
0.00480287367922
0.00386455535899
0.00428582976777
0.00526946295785
0.00578336272997
0.00655040015111
0.0063359609996
0.00590623743235
0.0053775489797
0.00410557903835
0.00378107211276
0.00365772485781
0.0040988765375
0.00388225460611
0.0048356426978
0.00548059571723
0.00558064592896
0.00611227627148
0.00663046623694
0.00650660119018
0.00629570369152
0.00555849056808
0.00544019506226
0.00490287009539
0.0056709152792
0.0053611311464
0.00587648564434
0.00660656152697
0.00607847208023
0.00587512193573
0.00418184653448
0.00396081747096
0.00437640773678
0.00480785921701
0.00481214846067
0.00546637243183
0.00598765401888
0.00565622079783
0.00597933407544
0.00587448076726
0.00608022539405
0.00576621684183
0.0056516520912
0.00437367991266
0.00384590049431
0.00458460797676
0.00478220181476
0.00541141813872
0.00595138814925
0.00637135014612
0.00575392211263
0.00597396382112
0.00682260089536
0.00629797267947
0.00587142242908
0.00512122244341
0.00552149496337
0.00392834780601
0.00371601511829
0.00225250883758
0.00363398447165
0.0044848258757
0.00522633277202
0.00605523524394
0.00628733956782
0.00585446066649
0.00531891172735
0.00541819136297
0.00512574944213
0.00489631933489
0.00597653321688
0.00577833632945
0.00556239009672
0.00501712229705
0.00417239851981
0.00383957551102
0.00415554079051
0.00373989971848
0.0038340048278
0.00446496379159
0.00522439929739
0.00489624736473
0.00553341584343
0.00552150832961
0.00529134392304
0.00445329115808
0.00434687534516
0.004767505894
0.00509439939813
0.0068900160339
0.00679134694909
0.0065777871023
0.00636003201839
0.00638316297509
0.00532767749165
0.00521563076207
0.00544190874291
0.0044924005603
0.00544876768474
0.00556202762934
0.00482994497028
0.00534052813171
0.00535028625355
0.00523285802186
0.00565544579701
0.00502043689457
0.00554103528158
0.00639266342394
0.00638953675596
0.00521309377805
0.00522781203231
0.00583643216064
0.00499499997392
0.00522286431569
0.00585205947494
0.00596918343781
0.00661458988877
0.00565864345574
0.0056940756848
0.0057868940847
0.00556919655132
0.00475081304822
0.00432027600241
0.00486816037223
0.0053717489084
0.00496469662104
0.00486116025877
0.00452733350509
0.00344952649547
0.00270386747428
0.00183624406683
0.00289375490899
0.00427753186396
0.00481907891348
0.00651968698193
0.00725106845818
0.00692001397574
0.00713086276014
0.00583035132202
0.00476995515581
0.003610178306
0.00320075877946
0.00299734995551
0.0036468468492
0.0035349398511
0.00471523839622
0.00568576557951
0.0058952285409
0.00547741142397
0.00482192372867
0.00418991985934
0.00430951614885
0.00452859568004
0.00588189477879
0.00639744625229
0.00556692234252
0.00492379914639
0.00428485048261
0.00396230599562
0.00343091042411
0.00354114186463
0.00482262472367
0.00533800269258
0.00565510294517
0.00628740627341
0.00544516656031
0.00562390021203
0.00511726181446
0.0059701580309
0.00584516551244
0.00533363560936
0.00607960628692
0.00375028257444
0.00408083629817
0.00470553175888
0.00526086301271
0.00632842431944
0.00675130973292
0.00569217248093
0.00516117298304
0.00354893065004
0.00333227771578
0.00342742927531
0.00503010763957
0.00630696052155
0.0077919477908
0.00736649048193
0.00746176761989
0.00692650428849
0.00648851256019
0.00629198940977
0.00595992137935
0.00583956924057
0.00498555566194
0.00488755129536
0.00403548542849
0.00444887905849
0.00404028409622
0.00456932031513
0.00511181470128
0.00596620634023
0.00627435243499
0.00647438385035
0.00647032630504
0.00634872766783
0.00626201401898
0.00561637749762
0.0061632617902
0.005972228901
0.00598865295385
0.00651443847152
0.00714330426301
0.00567307336705
0.00546000455463
0.00524445447883
0.00438393692411
0.00396252118162
0.00301079095781
0.00375716501777
0.00460277271703
0.00576744000884
0.00566207681262
0.00661872549196
0.00649967183062
0.00555146133788
0.00597275805365
0.00586397201699
0.00564226138141
0.00627860578632
0.00574359023672
0.00564084917763
0.00447827055465
0.00510940283043
0.005113836125
0.0050002823142
0.00597785327048
0.00544222505163
0.00532348391756
0.0051146754901
0.00530641046352
0.00586434344684
0.00532420099521
0.00499022117032
0.0057565935668
0.00672387391311
0.00705711492184
0.00715941352982
0.00706209978134
0.0062030972116
0.00450089055903
0.00384504683903
0.00257545907801
0.00299969741228
0.00470027170761
0.00546722300022
0.00629280541293
0.00554240469672
0.00457358752241
0.00422843283337
0.0049584163117
0.00462317420282
0.00579705709759
0.00603853406492
0.00688656184446
0.00741741315982
0.00754061203964
0.00806022469959
0.00784996106063
0.00729941011057
0.00603911761264
0.00530528587588
0.00480178164766
0.00470316116329
0.00249635320937
0.00227143499812
0.00194703612284
0.00226935909978
0.00287834172122
0.00352203745438
0.00469788635012
0.00521605996077
0.0066147573359
0.00672764517238
0.00777586439258
0.00702962283411
0.00637121441366
0.00467024233345
0.00371655633204
0.00308168936685
0.00277888695304
0.00298185816632
0.0044737159223
0.00489622718396
0.0051235847058
0.0043675336548
0.00554052108266
0.0064731177404
0.00625281371588
0.0058266070744
0.00593533306167
0.00540124691418
0.00401567447829
0.00357958625951
0.00291163149842
0.00278743523281
0.00298317770239
0.00383038034464
0.00575991768284
0.00757948755504
0.00929774827076
0.00952708179381
0.00930675624988
0.00877145153872
0.00707286353338
0.00568948735264
0.00356818581045
0.00273752450597
0.00274718237599
0.00297914938847
0.00310416537791
0.00340952333231
0.00426633263144
0.00550428792188
0.00676564811804
