10.2197477905
10.2436326782
10.1778191833
10.1866243946
10.1949301714
10.2401247331
10.1916497175
10.1691031788
10.1696626694
10.2065145271
10.1890100263
10.1943889379
10.2309290853
10.227832038
10.2123739689
10.2464823428
10.2326699192
10.2107430042
10.2329879763
10.2362014964
10.192347432
10.2225835978
10.2320891815
10.1959282085
10.1746068787
10.1975886415
10.1829070465
10.1569046921
10.1847688143
10.2059392595
10.183119906
10.2049466931
10.196812342
10.2184053968
10.1973267903
10.1760471105
10.1708868862
10.1855672656
10.1943176891
10.1797849921
10.1573517944
10.2014967766
10.2001855132
10.185475391
10.2134645714
10.2553503905
10.262493977
10.2252495146
10.2028945777
10.2251676455
10.2042660326
10.2074556661
10.1636972175
10.1787881198
10.1710154693
10.185031726
10.1833620376
10.211732327
10.2175979904
10.2390105958
10.2041359513
10.2140841821
10.1951684158
10.2036528693
10.1888556088
10.2099322932
10.2243916522
10.2379723613
10.2599358388
10.251608724
10.2303659102
10.2507411513
10.2352940981
10.255300215
10.2693561996
10.2761213827
10.2750223158
10.2603885252
10.268872141
10.268218674
10.2253446985
10.2993929553
10.2709661204
10.2475216653
10.2829003463
10.2534749293
10.2405951267
10.2553468039
10.2552876601
10.2356283361
10.2139013325
10.2143353411
10.256241115
10.2802335671
10.2555365915
10.2473504659
10.2317860609
10.2758271123
10.2321575495
10.2332133447
10.2259639181
10.2402914046
10.2049166861
10.2323889103
10.2422619577
10.2341912877
10.2164264624
10.2204484373
10.3212067304
10.2887870593
10.2660749076
10.2528822635
10.2834542966
10.2332612025
10.250648655
10.2011280837
10.1796503113
10.1882828616
10.1680245377
10.1912937104
10.1737879941
10.1937260282
10.2366082651
10.2199839584
10.2189711675
10.2107819585
10.1886105835
10.2406634771
10.2340213654
10.1778670287
10.1987558653
10.1859630034
10.1489887399
10.1567384672
10.1488023774
10.1703149925
10.153772909
10.1181112427
10.168537141
10.1544762949
10.161743364
10.1400536165
10.1980740511
10.1626141642
10.1695893649
10.1713990967
10.1501473203
10.186072389
10.167924515
10.1987218008
10.1631306068
10.1863056544
10.1710294606
10.1918051163
10.2059243511
10.2418402111
10.2112504044
10.2254892206
10.2115266062
10.2412281013
10.2197861181
10.1989799232
10.1999580868
10.2144639573
10.1999658806
10.1893537457
10.1741814294
10.2008932493
10.2231616771
10.2067575123
10.19905923
10.1898322253
10.1909936144
10.205490008
10.1895728412
10.2049759858
10.1902582116
10.2050616626
10.168090655
10.1900803727
10.1614127312
10.1776011975
10.1927958453
10.1647156178
10.2228025294
10.2031820133
10.1952684435
10.2031950695
10.202188039
10.2233600158
10.2086865381
10.2436661436
10.249346323
10.2410251294
10.2621947294
10.2516992801
10.2296473789
10.2146067604
10.2499664806
10.2512521567
10.2517866297
10.2152802234
10.2312590724
10.1881187493
10.2390987754
10.2459601294
10.2379416239
10.2689347975
10.232377971
10.1896693846
10.1912224793
10.1794495858
10.1891719593
10.1762244765
10.1353639886
10.1577169927
10.1502964494
10.222235094
10.1103492794
10.1766498492
10.1808702503
10.1582338058
10.2020638831
10.1803512125
10.1588909338
10.1452056463
10.16248278
10.1194000454
10.1282262915
10.1437302299
10.1515970055
10.1530461334
10.1385170931
10.1537955526
10.1460782145
10.1552209428
10.1571255193
10.151030004
10.1683552655
10.1415891021
10.1577183344
10.1791265151
10.2096985278
10.1867046577
10.2075271076
10.1774344801
10.1968281578
10.1799476279
10.229538844
10.2008111061
10.2591400543
10.2143235724
10.2216673632
10.2493421147
10.2195222784
10.1963859651
10.2173726094
10.2478839834
10.2453182772
10.2580479793
10.2193902984
10.2339864143
10.2183057084
10.2181997297
10.2113974416
10.1901818857
10.1983070894
10.2143632334
10.1930071323
10.1800082818
10.1803302884
10.1796508026
10.1944500858
10.2008861316
10.2292338272
10.2117700844
10.2629037083
10.2673624925
10.23448202
10.2332275902
10.2470099352
10.2165905852
10.2027404042
10.2093816007
10.2317985975
10.236892147
10.2346593322
10.2338671377
10.2827535063
10.2600592239
10.2723782591
10.2344095071
10.2426444005
10.2591425179
10.2689450421
10.2574646049
10.2514307717
10.2336439385
10.199639927
10.1894269113
10.2211207904
10.1930185312
10.1994644257
10.1851227013
10.2359182488
10.2129452025
10.2472156079
10.2437388035
10.2872062161
10.2568455547
10.2572883335
10.2585987592
10.2014864061
10.2319638819
10.175623835
10.1485104963
10.1558224841
10.1614650426
10.146915947
10.159667398
10.1517421187
10.1733511412
10.1650938696
10.1943003806
10.172488949
10.1938344375
10.195483703
10.1463562872
10.1706963462
10.1373259619
10.1337731446
10.1204900289
10.137181789
10.1450736796
10.1443949413
10.1638099364
10.1846783459
10.1837850052
10.2140573432
10.2130934889
10.2122833639
10.1769816669
10.1755252723
10.2051584092
10.1979214762
10.2124531759
10.233893877
10.247570957
10.238976177
10.2379458456
10.2168963574
10.2249887764
10.2033351108
10.2122425033
10.1967995942
10.1980795635
10.2347398141
10.2101523321
10.2086582371
10.2427629649
10.2333128253
10.2333745311
10.2171143562
10.2302751683
10.2092331649
10.2239806334
10.1801390389
10.2100664934
10.2313196632
10.2250766395
10.2092997552
10.2170157574
10.2094412533
10.2097802447
10.2391915824
10.2259347844
10.2490565132
10.2313364758
10.2332633097
10.212899007
10.2370510565
10.2686845634
10.1771436133
10.2163607257
10.2019523028
10.2047519208
10.2057094154
10.2352997464
10.1757580125
10.1814669405
10.2171245165
10.2374577228
10.1901908592
10.2597025899
10.2497167312
10.2320087749
10.2162736794
10.2142110413
10.1991361473
10.176157887
10.1418560972
10.113571582
10.1016646677
10.1318806165
10.118543296
10.0891264439
10.1037928214
10.1062666481
10.1276504512
10.1485027207
10.1554985268
10.170111489
10.1568280729
10.1939379552
10.2236091988
10.2388364265
10.2247721731
10.2185741939
10.1835654083
10.2216297836
10.2024053059
10.1809945559
10.150920089
10.1852706772
10.1633071461
10.1761896548
10.1952430643
10.207944856
10.190677564
10.1809832163
10.1781062442
10.1826943155
10.2025987933
10.2170814886
10.2250204126
10.2126623969
10.214582309
10.2001906012
10.1860382867
10.2233200052
10.2111118876
10.2211654808
10.2315755294
10.224513812
10.2509432757
10.2287298368
10.1704761197
10.1786888504
10.1795042016
10.1880593074
10.1296176582
10.1366377185
10.1866505195
10.1657013108
10.1936277551
10.1804536478
10.1578226403
10.168149598
10.1774144826
10.163819009
10.1939841653
10.1878996512
10.2017278135
10.2225578052
10.1651014836
10.1607895194
10.1476879661
10.1497218636
10.1582518704
10.1650800662
10.1353589167
10.149785894
10.1559089295
10.1676815845
10.164189509
10.1766524603
10.1618187453
10.1615862668
10.1805270527
10.1446105527
10.1333157482
10.1351017299
10.1505873728
10.148571976
10.1822407732
10.1875288101
10.1795202307
10.2156364703
10.2376873022
10.1747327176
10.1638499804
10.1300197067
10.1312820507
10.1113338314
10.1235155938
10.1801676207
10.1897080466
10.20185605
10.1981181142
10.2314488963
10.208832168
10.1644537721
10.1588926582
10.1921912849
10.112072322
10.1136044748
10.1145165961
10.1119176941
10.1234938729
10.136547982
10.1770408975
10.2038626118
10.203537157
10.2169757152
10.1691704271
10.1553629724
10.1575670187
10.1509786439
10.1541720007
10.1480516584
10.1202990293
10.1499723208
10.1704316637
10.1788585491
10.140944002
10.1195943711
10.1489767554
10.1220045138
10.1073749318
10.1078328039
10.1017227837
10.0980342013
10.1762020654
10.1939458821
10.1480081528
10.1891153265
10.1897672545
10.1955197617
10.1959052109
10.2032472236
10.1751680729
10.1899977717
10.2120178774
10.2073787696
10.1575275525
10.1740808442
10.1899303674
10.1630659724
10.1488984173
10.1569257596
10.2028645189
10.1737108822
10.2253196176
10.1791682066
10.2088649843
10.2229582863
10.2072399879
10.193370152
10.2089123609
10.1605334829
10.1561815028
10.1722904406
10.1361162191
10.1416005882
10.1767991071
10.1902600979
10.1804117205
10.2077995603
10.1837847766
10.1637921603
10.1933932857
10.1660892909
10.1393846119
10.0956381657
10.126254542
10.1190625885
10.1105670654
10.1311931778
10.1660451276
10.1135294177
10.1362364765
10.1306001927
10.0888818292
10.1197176403
10.1230147195
10.1306258806
10.1321331758
10.1541105471
10.1156775226
10.1584003469
10.164242393
10.1790858545
10.1742155948
10.1587602696
10.1312443404
10.1253253642
10.1610298498
10.1388449252
10.1029800916
10.1314047013
10.1234740463
10.1012620152
10.1657009482
10.1481795936
10.155790845
10.1533818742
10.1878364653
10.1635459474
10.1616753174
10.1982100655
10.1856518993
10.1821295599
10.161755292
10.1654327069
10.1611712238
10.1742924628
10.1901943278
10.1995050334
10.1982346721
10.2134402819
10.210789043
10.2236317696
10.2280287405
10.2626257824
10.2384431117
10.2818350594
10.2747019874
10.2665042473
10.252589347
10.2250498547
10.1984345964
10.2066054609
10.2443035202
10.1768932739
10.220372905
10.2177455295
10.2531505411
10.2299691704
10.2724022693
10.2270804812
10.2560231293
10.2428463088
10.2135607197
10.2431013655
10.2369159878
10.1716020149
10.1447927114
10.1668082017
10.1891525543
10.1822851287
10.1439982015
10.1853361621
10.17705945
10.2392319349
10.2237192425
10.2310661941
10.2306760941
10.1602248684
10.1593647247
10.1408635103
10.1535962704
10.1414346643
10.1410539379
10.1407426645
10.1368450227
10.1716537351
10.1757032066
10.1807295187
10.1918826811
10.2198693123
10.2044454289
10.2112947445
10.2190709098
10.1758701737
10.2067627926
10.2100433169
10.2161454251
10.1531267741
10.2049569766
10.2194077024
10.2678623489
10.3406986484
10.3617245019
10.3866090221
10.4634062253
10.4229971546
10.4439671274
10.4179783065
10.3573680327
10.3017514528
10.2210360104
10.131046212
10.0991412896
10.0836976078
10.0396717685
10.0426204003
10.0817950818
10.1688939606
10.2198011785
10.2577579742
10.2537448668
10.2599913716
10.225485839
10.1563408304
10.1165510095
10.115028585
10.1050985551
10.1009739239
10.0886768301
10.060053339
10.0735798433
10.0861613873
10.1185074866
10.0877791449
10.1296485317
10.0907234263
10.1279918425
10.1364159244
10.1014175684
10.1754894425
10.2111361875
10.2652426232
10.2694677832
10.302673282
10.3421427068
10.3278068739
10.2928417992
10.3023657932
10.2051698394
10.1809440898
10.1414204188
10.1062466746
10.1312630286
10.1008170682
10.1009414863
10.1340745177
10.1459992722
10.1804273894
10.1855282599
10.1983913351
10.2117397484
10.2646538703
10.2506234683
10.2590251517
10.269558481
10.2571514997
10.251228548
10.219650145
10.207996209
10.1956938061
10.1539576023
10.1398240345
10.1269735969
10.114473454
10.0911510941
10.1281385653
10.134276468
10.1832134025
10.2167249146
10.2307531093
10.2602704087
10.2446652322
10.2797997696
10.2720679675
10.2776190113
10.2777466079
10.2648930095
10.2378553618
10.232134902
10.2493974201
10.2450273348
10.2315881828
10.2324544218
10.2480875394
10.2629166627
10.29756958
10.3174587867
10.3092927837
10.3306238725
10.3580566794
10.3120403735
10.3402286329
10.3392751007
10.3680451899
10.3310795526
10.3450836859
10.3151164062
10.3019107758
10.2963040418
10.2689734827
10.2580002072
10.2518895754
10.2528732351
10.252339882
10.2298622873
10.2862610228
10.284271825
10.3273497808
10.308864184
10.3594266313
10.3755809732
10.342738957
10.3529032765
10.3230654925
10.2708703277
10.2521210609
10.2514896902
10.3158229528
10.3060299828
10.3387547891
10.3285390854
10.4114957986
10.4117103719
10.4304226654
10.4012376847
10.4688189863
10.4160238526
10.3780509871
10.4003337112
10.3659195622
10.3562662016
10.3520392559
10.3545948324
10.3273005842
10.3048572697
10.3032540712
10.340050442
10.373897407
10.3640196517
10.3623189283
10.3906987895
10.3697878234
10.3578250702
10.3743424288
10.3464827005
10.3378403628
10.3307284642
10.3586165273
10.3367255088
10.3090366784
10.2944051872
10.3208330943
10.3457887574
10.3423591406
10.3702893213
10.3982804162
10.4269195917
10.3907643958
10.397611203
10.3761710269
10.3897226585
10.3807463166
10.380602388
10.3865175098
10.3505174271
10.3950221679
10.3539427665
10.3159783542
10.3415461788
10.3592627887
10.3274604974
10.3308761339
10.3280099386
10.3226879139
10.3106098233
10.2986435187
10.3164477844
10.2877687424
10.3014118296
10.2936182066
10.3285157205
10.3480145316
10.3457693296
10.3362120419
10.3936092971
10.3542437053
10.3696214066
10.385233708
10.3643649519
10.3480725065
10.3918704207
10.3737193676
10.4240665376
10.4158289134
10.3863897421
10.4421923547
10.404606945
10.401307121
10.4031994592
10.4112591832
10.3811463817
10.4176880445
10.4112978809
10.4180835815
10.409933641
10.4229580788
10.4214068396
10.3993078868
10.3926993111
10.4143570832
10.4566291608
10.4131940116
10.3761310546
10.3687035139
10.3816527049
10.3675050745
10.3299291282
10.3115914305
10.2786894252
10.2699427124
10.2483219703
10.2470332137
10.3037399314
10.2618561113
10.2765698618
10.3044756035
10.3238056285
10.343983351
10.3837822135
10.3910342022
10.4043931476
10.3825967685
10.3898022634
10.4099549659
10.3803244986
10.3935656945
10.4143211869
10.4005392971
10.4226918217
10.3922871572
10.4047289888
10.4093567956
10.3854081009
10.3575925918
10.367902002
10.3417469796
10.3491559911
10.3517385918
10.3449746473
10.3392328932
10.3383377497
10.3609230599
10.3093352637
10.3523635365
10.3613697056
10.3859153989
10.348311424
10.3784322117
10.3707056283
10.3490860043
10.3932070457
10.3343881312
10.3120000393
10.3046221708
10.3262231764
10.3094858452
10.2999123105
10.3128429955
10.3092686607
10.3293185657
10.3064885199
10.3358863629
10.328775171
10.3302676191
10.3531301541
10.38361188
10.3486294658
10.3584269969
10.36706724
10.4202027064
10.4293327149
10.3944415768
10.4323627942
10.4487646849
10.4286982862
10.4658100982
10.3934772138
10.4157463483
10.4133482492
10.4584972913
10.4918574975
10.5119861103
10.4736983915
10.4785904776
10.4853647313
10.4815912455
10.488771153
10.4886246623
10.4644849463
10.4724065796
10.4650335189
10.4514884731
10.4509782409
10.4727877429
10.4508822474
10.4431616873
10.4802039797
10.4739983308
10.4477306976
10.4574462521
10.4236493441
10.3895765971
10.4305833371
10.3875448991
10.4238337148
10.4152180649
10.4198502038
10.433116741
10.4536316483
10.4507237647
10.4147842051
10.3819339129
10.3683078357
10.3819490599
10.3761538855
10.4041231411
10.4046847899
10.3952751256
10.4093238306
10.4447086176
10.4648158517
10.433470256
10.432996052
10.4463777841
10.4627940491
10.4519849933
10.4399660233
10.4061578458
10.413236188
10.4284473997
10.4362928868
10.4306413115
10.4384170937
10.4535870898
10.4095238993
10.4473011806
10.4419021955
10.4352938789
10.426602555
10.4637339316
10.4337387722
10.4543306145
10.4464463889
10.4723868788
10.4611449916
10.5224743331
10.5554196714
10.480055804
10.4930639872
10.5144597593
10.5227743675
10.5032820107
10.4823461714
10.5263434475
10.4887510788
10.4895321016
10.4808928344
10.4457309186
10.432363334
10.4994231953
10.4424722336
10.4893692556
10.5121131566
10.4542101405
10.4975950472
10.4600200058
10.5098229332
10.4790568803
10.5032702525
10.4970616513
10.4683058714
10.4792776876
10.4817726716
10.4470363644
10.4920008044
10.4182604137
10.4321105952
10.4506782222
10.476918592
10.5104641457
10.4864936586
10.4707409076
10.5006914315
10.4801567747
10.4592066508
10.4608583603
10.4605860436
10.4474104923
10.4398260362
10.4763148408
10.4480924452
10.4773022116
10.5003931751
10.5169833451
10.5388396821
10.5219511815
10.5366127496
10.4981411379
10.4833477134
10.4687921706
10.4780412758
10.5294389426
10.5010585134
10.5370534182
10.5253402663
10.5007093255
10.4768825513
10.5124791823
10.4775993942
10.4719387864
10.4665028693
10.4585296544
10.4450545055
10.4807703637
10.4761832979
10.5138283189
10.5146991728
10.5114388409
10.5354247609
10.569837463
10.5177541514
10.5537418074
10.5409358587
10.5591357588
10.5917364658
10.5928223481
10.6233868958
10.646099384
10.6840038842
10.647182242
10.6605292856
10.6524024354
10.6743783365
10.7041070483
10.7015682299
10.6994193579
10.6952830041
10.7060027135
10.746963073
10.7024222303
10.6786716766
10.6632832222
10.6694706246
10.6629075448
10.6838691643
10.6539941779
10.6159089456
10.6306820015
10.6128064305
10.6260419401
10.632697462
10.5883387572
10.6113482218
10.5946697646
10.5792300576
10.6071371765
10.6017002416
10.5440658725
10.5652155016
10.5546972356
10.548238788
10.5276521719
10.5602364234
10.5255332582
10.5142947963
10.5145742667
10.5000175139
10.492027145
10.5216999743
10.5343958126
10.5266800118
10.5528330348
10.5578250839
10.5554922131
10.534150461
10.5426014022
10.5434212248
10.5435533669
10.4842333552
10.5062568318
10.4781668453
10.5092473088
10.4669728007
10.4959462862
10.5156718611
10.5137433873
10.5127158803
10.5136462556
10.5211290781
10.5581385444
10.4935659609
10.5247647656
10.5340995808
10.5212526043
10.5137334463
10.5806258315
10.5273281644
10.5270676959
10.5645915622
10.5287873876
10.5179916092
10.4891502063
10.47684851
10.4773249526
10.4675414358
10.514444951
10.5405332138
10.5224842343
10.4982362526
10.5203253099
10.5340746639
10.5489262504
10.5178039283
10.5039690899
10.4980516043
10.4926277019
10.4941922493
10.4807598143
10.4823087542
10.4531444993
10.4575680652
10.4650937011
10.4506004392
10.4719247084
10.486840868
10.4645668237
10.4939928033
10.4860178233
10.4986425493
10.5107189025
10.5306925297
10.5421960696
10.5492261925
10.577213325
10.5178774721
10.5380662765
10.5551386243
10.5586951027
10.4968352249
10.4869319512
10.4891723255
10.4825535631
10.491063173
10.4691911565
10.4828117859
10.4801524764
10.4902229097
10.5225761575
10.5201058209
10.5302558541
10.5064803525
10.5552229237
10.5752240887
10.5746730319
10.5753511303
10.5338416
10.5278171609
10.5315451347
10.5108660405
10.5274596226
10.4781132804
10.4651082756
10.4805169346
10.4521832845
10.4883387431
10.5027294332
10.5238440266
10.5435285065
10.5552833674
10.5472445907
10.6047759742
10.5326939793
10.5470576451
10.5780246526
10.5729079338
10.560772259
10.5675520679
10.5815369402
10.5499930795
10.5341744141
10.5499798616
10.5783425763
10.5775892308
10.5913752217
10.6123514418
10.6336134017
10.6328570802
10.5899937504
10.6329573113
10.6048699897
10.6454094038
10.6603415664
10.6095167313
10.625281338
10.6136063059
10.5913693039
10.5944617359
10.5654385782
10.5666432024
10.5633517144
10.5682339442
10.5843430593
10.6297355382
10.6392089121
10.6731113824
10.6629098676
10.6434531021
10.6877640354
10.6620386206
10.6506870491
10.6317809083
10.5632863962
10.5321752288
10.5462383518
10.4996245259
10.5172208113
10.5249288885
10.5376396584
10.5291995606
10.617577254
10.6199493437
10.6555429564
10.7041540094
10.6645372535
10.7165525907
10.7234234828
10.715466408
10.6998577472
10.6653522684
10.6869709164
10.6233831598
10.6327925898
10.6060416052
10.5940291743
10.57289968
10.5434629881
10.594061851
10.585370301
10.6279863089
10.6247879111
10.6178707514
10.6438153479
10.6848865761
10.6767515307
10.6765422122
10.7257548197
10.7440356967
10.7233833747
10.6949404901
10.6817564921
10.6864261037
10.6401631481
10.6585432821
10.5829829537
10.570988232
10.5697260834
10.5726435437
10.5620834116
10.5966108448
10.6596128505
10.6128692049
10.6907693677
10.6465699345
10.6454962884
10.675353607
10.6543832173
10.6776565449
10.6360821303
10.6391491598
10.6133418529
10.5917376994
10.571404506
10.5719850665
10.5583643833
10.5505286428
10.571295007
10.5976236157
10.6242415566
10.5846176936
10.6359557132
10.6148149027
10.642937194
10.6151062213
10.6001436169
10.6310655132
10.6308973972
10.6467259242
10.6327286695
10.6424207308
10.6215235479
10.6288036162
10.6291079137
10.6294588613
10.6294300052
10.6154853697
10.6148342128
10.6141657965
10.6276789082
10.6111148759
10.6515139462
10.678158821
10.6609312988
10.6890470118
10.7024370128
10.680797166
10.7171297569
10.7024054044
10.6663260845
10.646805756
10.6402323057
10.5847821561
10.5663085231
10.5920228352
10.6033921341
10.5540320291
10.5620412017
10.598519451
10.6156619033
10.6122656752
10.5965216869
10.6167712331
10.6092793384
10.629824096
10.6960399422
10.6430761966
10.6632659161
10.6109547335
10.5932963131
10.5916542503
10.5622851322
10.5686438093
10.5938590493
10.591689294
10.5886450801
10.631347227
10.6236524595
10.6244582856
10.6055592885
10.6151683892
10.5861549008
10.5861911675
10.5489464789
10.6017788266
10.6443438447
10.6134974315
10.6203312062
10.5781684174
10.5658981802
10.5881537672
10.5690024114
10.5575830039
10.5213857567
10.5150771458
10.5291115125
10.5709885077
10.5912101205
10.5989503297
10.6003615078
10.5953321559
10.592464938
10.5881102701
10.5259846072
10.5043460887
10.5129290903
10.5534952589
10.5733130297
10.5482948853
10.5836329262
10.631710984
10.6491163128
10.6666733478
10.6877977491
10.652233998
10.6356040126
10.5885423181
10.5468011831
10.4944942221
10.4885209506
10.4963406215
10.4877595215
10.5287293343
10.5691123785
10.5787312994
10.6251173083
10.6438370016
10.6655463627
10.6869263811
10.664289872
10.6265588894
10.6200045798
10.6423512608
10.6420640432
10.6436451149
10.6235060854
10.646009419
10.6404709838
10.6428794457
10.5936394599
10.5744964987
10.5312903998
10.544308306
10.5837611007
10.6046126694
10.5658339902
10.6213145349
10.6530941316
10.6287082731
10.6483980696
10.6715249894
10.6486863587
10.6353266829
10.6232849338
10.631196669
10.6031424066
10.5975733839
10.6196792713
10.6612469635
10.631405772
10.6365509643
10.6518574829
10.6530161175
10.604991049
10.5784196197
10.5785553949
10.5521026232
10.5553780479
10.5469768638
10.5306394513
10.5872512361
10.5931808144
10.5848241552
10.5776216948
10.5814118188
10.5868751863
10.6153974446
10.6065699217
10.6035742307
10.6270590128
10.5974399332
10.600073463
10.5858440946
10.5371170235
10.5905719886
10.5774454029
10.5982086962
10.5609923832
10.589834315
10.5448176826
10.587918964
10.608248195
10.5860641984
10.6361398428
10.6556285537
10.6550007514
10.6393450219
10.6537210502
10.6611617497
10.6400227302
10.6468557338
10.6326368057
10.6486843236
10.6401552441
10.6050877883
10.6273897896
10.6206604492
10.6055082963
10.6193286523
10.6321158688
10.6177782218
10.5915032478
10.649301678
10.6119579737
10.6052872683
10.6323778816
10.6426276629
10.6505127055
10.7007869927
10.6420860592
10.7015531958
10.6800587674
10.6833957061
10.6956441915
10.6862579727
10.6985875561
10.6888081888
10.6682438306
10.6686601425
10.6532227948
10.6964298525
10.6690617806
10.7006363186
10.7150830148
10.7235114929
10.7147927033
10.6941395029
10.705674145
10.7161915119
10.6823289134
10.7445426711
10.7526859004
10.7397600278
10.7407979927
10.7076214788
10.7380803486
10.7321856905
10.706645168
10.7143936024
10.7026071309
10.6749101554
10.6776465392
10.6534060248
10.6504910853
10.6601572835
10.6525344591
10.6532570318
10.6876931835
10.6486648593
10.6828032381
10.7098902592
10.6869369086
10.6653666812
10.7012877321
10.7295769777
10.6925951466
10.7003643435
10.680138283
10.6745390576
10.6746484071
10.6821440718
10.6467255189
10.662979547
10.6339503124
10.6197265895
10.6702203114
10.6398687029
10.6453365417
10.6450225987
10.6140603216
10.7008145173
10.6794032043
10.7137568222
10.7219967748
10.6984618277
10.6837193647
10.6933262505
10.7098515775
10.6964570999
10.7133772089
10.7223140567
10.722708152
10.7440717918
10.7370954422
10.7311734186
10.693020152
10.706768702
10.7146482715
10.6838191129
10.6625982812
10.6535370825
10.6366428235
10.6146839614
10.6996873783
10.6622962399
10.6701947164
10.6909444683
10.6605463117
10.6460027301
10.6608525851
10.693000808
10.71157738
10.6943327022
10.7033568432
10.6813132571
10.7188817127
10.6601805477
10.6562601173
10.6714186637
10.6565512613
10.6051682385
10.5906972474
10.6618627478
10.6162191922
10.6356771916
10.6534914805
10.6741153526
10.6771322471
10.7050279316
10.7396147707
10.7479679816
10.7256317173
10.7212127514
10.6925515034
10.6951067021
10.646763906
10.6703827872
10.6634870681
10.633544682
10.6775754113
10.777029975
10.7675775951
10.7949711056
10.8014422026
10.7564643991
10.7935028731
10.7736054357
10.7905906827
10.7506450002
10.7174737155
10.7157349757
10.6458252693
10.6646462653
10.6435761533
10.6503518073
10.6449935266
10.6872639571
10.6923000621
10.725111333
10.7536370372
10.7964976492
10.7925705113
10.7987250393
10.79071516
10.8046320646
10.7751436655
10.7804031391
10.7876557517
10.7727519675
10.7634515581
10.7738822081
10.7535973812
10.7205931281
10.7111649299
10.7234301617
10.7200128322
10.6861026584
10.7027397047
10.7324470302
10.7096336457
10.7295397528
10.764359761
10.7534334203
10.7658199148
10.7760828489
10.753201675
10.779948759
10.7267759828
10.7632477488
10.7333666209
10.7620454705
10.7760127487
10.7176984699
10.7467651997
10.7403833583
10.7569090555
10.7597607638
10.7097852727
10.7626649934
10.7209037235
10.7459613031
10.6909415521
10.6999204347
10.7166270956
10.6735192692
10.6815096918
10.7036781275
10.7030413089
10.7018004441
10.7065614854
10.686959652
10.7286868395
10.7553607864
10.766535657
10.7570572292
10.7495702573
10.7496016218
10.7864389735
10.7284869381
10.7445890977
10.7449921969
10.7525218489
10.7532990404
10.7543634902
10.7467683784
10.7265537239
10.7361486374
10.7399075281
10.7418922541
10.7144401217
10.7156749025
10.7156022582
10.7139348621
10.7266726944
10.7005387679
10.7348086183
10.7233829177
10.7740123739
10.743536897
10.7375350038
10.724333482
10.7150708967
10.7235652355
10.73118788
10.74706814
10.7415028944
10.7433339276
10.7248396924
10.7348227896
10.7020816745
10.7264446513
10.6975894243
10.6972061595
10.7179541209
10.7225962992
10.705436029
10.7418464959
10.7244487755
10.715938698
10.743198774
10.7413157816
10.7475624712
10.7764530322
10.7675663656
10.725405391
10.7488271851
10.7160396123
10.6972904229
10.7186740412
10.6838680887
10.6376490577
10.6668147613
10.6599262138
10.7027024052
10.7021696024
10.7146268261
10.6973555304
10.7268048179
10.7270738717
10.7275425743
10.7227856394
10.7156602941
10.6902232581
10.6538416886
10.6876780393
10.6744082258
10.6928008534
10.6677601223
10.677031999
10.6503744248
10.6664811531
10.6402767696
10.6327621367
10.670356414
10.6421696731
10.6632470233
10.7072553384
10.7505503232
10.7081622275
10.716686129
10.7119939136
10.7058484332
10.6716239638
10.647720812
10.642756907
10.5956956854
10.6101320363
10.5515619145
10.6164687896
10.6359155807
10.6793800173
10.6967251723
10.7325861874
10.7343372896
10.7723467383
10.7706110044
10.7412815121
10.7295764852
10.7045594122
10.6817601114
10.6423390532
10.6328630511
10.5926121184
10.5861423185
10.5778617051
10.6139924012
10.6346316364
10.654312609
10.6453737983
10.6608611243
10.6177938893
10.6214294258
10.6450372428
10.6295407618
10.668126909
10.6713583359
10.7027501427
10.7196436949
10.7548315044
10.7815553702
10.7616714872
10.6984469756
10.6830279414
10.6213147772
10.5991835079
10.5652697831
10.5821578753
10.6043823784
10.6159994109
10.6477995072
10.681415076
10.6918938225
10.7274179232
10.7032134594
10.7023681445
10.681334965
10.6733783679
10.7180286972
10.6804855054
10.6788592451
10.7348561119
10.7465470934
10.7880849483
10.8068830206
10.7924178673
10.7767372926
10.8077888925
10.7360892602
10.7404252427
10.6787286088
10.6477094649
10.6059546905
10.6374876304
10.5856589433
10.6424851095
10.6770664057
10.6637341314
10.7080219345
10.7560382327
10.75890368
10.7127306312
10.7042893018
10.7072046352
10.745523186
10.7326367614
10.6889630439
10.7633029428
10.7401926307
10.7621785944
10.7715061538
10.8032707958
10.7768955133
10.7523376253
10.7198247565
10.6644262496
10.6667292955
10.6453587947
10.6104910525
10.6439508316
10.6328725762
10.680107626
10.7212049042
10.7056684509
10.7114127666
10.7329750615
10.6979799743
10.6856348837
10.6144759249
10.6892748265
10.6623531433
10.6780331425
10.6505786027
10.7008316493
10.7143440206
10.7216918948
10.7223566238
10.7306352404
10.7470612691
10.7147457863
10.6745910374
10.6198581078
10.6091670497
10.6008067693
10.6440617027
10.6784195399
10.6950355362
10.7478826285
10.7807382663
10.7855153161
10.8041216479
10.7763840583
10.8031474135
10.7768466715
10.7633435219
10.7870449789
10.7956527737
10.774431675
10.7528373993
10.7545989258
10.7616807866
10.7353138067
10.729397716
10.7305923084
10.7291848795
10.7339371377
10.7239121368
10.7783632292
10.8024601435
10.7918262887
10.8886729977
10.9085377176
10.9071531806
10.9277111529
10.9227524823
10.8398054127
10.8144484155
10.7632698498
10.7108689532
10.7090646768
10.6523378679
10.6337987143
10.6771000051
10.6813745106
10.7189231855
10.714734339
10.7458654612
10.8225847891
10.8269453416
10.8243909877
10.831004441
10.8149921667
10.8814153534
10.8897727117
10.8623489501
10.8910530099
10.8832485635
10.8549302694
10.8421572548
10.8518238307
10.802034111
10.7991320268
10.8084417635
10.8014022411
10.7867258241
10.7458664975
10.7529657508
10.7408719813
10.7479089125
10.7492921136
10.7482594829
10.7603876229
10.780177823
10.8050803244
10.81450927
10.8395554075
10.8821007706
10.9180776552
10.9335964607
10.920248818
10.9077623067
10.8757362435
10.8627903588
10.8102856449
10.7981289078
10.851815539
10.8182127949
10.846274159
10.8387065029
10.835092399
10.8347737385
10.8189216479
10.7898362991
10.7914583072
10.764279478
10.8160937188
10.8098534296
10.8527188363
10.8922790767
10.8800730246
10.9194092976
10.9758648973
10.9456736444
10.9418702547
10.8790208578
10.8966459632
10.8952307894
10.8543019974
10.8472012297
10.8851173932
10.8461028931
10.8788248337
10.9118438335
10.8838060884
10.9136505357
10.8705410757
10.8730924973
10.8362555942
10.8671635407
10.8657754244
10.8792035047
10.883601223
10.9299245861
10.9634622482
11.011151601
11.0409529366
11.0407773562
11.0126098226
10.9637997443
10.9448709018
10.9400116417
10.9302027483
10.9176588248
10.9188614936
10.8970588935
10.9407927076
10.9186548523
10.89023365
10.9025254814
10.909203035
10.9295919722
10.898056188
10.9700863548
10.9556131051
10.954479118
10.9609665604
10.9533974137
10.9102133465
10.9251205918
10.9212021114
10.9396497042
10.920487101
10.9254507009
10.8603284809
10.8533927512
10.8470753394
10.8175280588
10.8090401442
10.8507419775
10.8992347667
10.8934975505
10.8915002229
10.9404347065
10.9257103056
10.9459176032
10.8896219533
10.9070039452
10.8953982037
10.8550274682
10.8418793597
10.8626095109
10.8416211369
10.8262903072
10.855308287
10.8768254837
10.8619443345
10.8265163102
10.8347553348
10.8365607499
10.8168564764
10.7831482678
10.8337393707
10.8822093394
10.8559111719
10.9122613555
10.9007802707
10.8576828975
10.8782791053
10.8682633911
10.8634411658
10.8155543196
10.8021707804
10.8039729375
10.7735371063
10.7947375765
10.8153424879
10.8011932643
10.7995093585
10.7560144901
10.8003396106
10.8090909207
10.7940307912
10.7938823172
10.7721089999
10.7289942104
10.7141611247
10.6918930746
10.6946102817
10.645857916
10.586941764
10.5954539069
10.5737680396
10.5806479356
10.5691812014
10.6116900225
10.5851550039
10.6490000989
10.6772179518
10.7051885494
10.7277857905
10.7359328943
10.745209625
10.7194339748
10.7026439993
10.7346511019
10.6856882506
10.7308790347
10.6799147548
10.7239311586
10.6716279747
10.7083441056
10.6971619731
10.7184534366
10.6757769621
10.6883673918
10.6894524906
10.7042387176
10.7104443128
10.6669774215
10.7250770449
10.6802097988
10.7179452453
10.7302641418
10.7091632161
10.7599057614
10.7162005773
10.714878298
10.7022635502
10.7094854979
10.6832568784
10.6835141324
10.6993191736
10.7146861826
10.7355575928
10.7057107145
10.7290944508
10.7147582408
10.7073400452
10.7247803077
10.7251510048
10.7175609935
10.7239452654
10.7146949115
10.7085838577
10.7508322158
10.7965685407
10.7711196273
10.7534471421
10.7979063317
10.7561263065
10.7166116266
10.712911517
10.6760884155
10.6155545167
10.6215082413
10.6247579708
10.5776528535
10.6024384689
10.602148204
10.6227948628
10.6711354907
10.6525636775
10.7062629564
10.7244288383
10.7429450074
10.7552714662
10.7798704416
10.8135276604
10.846020497
10.8430262966
10.8210841979
10.8677312584
10.8038595529
10.7740405029
10.7276584511
10.6701040394
10.6574990016
10.7073122017
10.6905535331
10.7261261389
10.7657324055
10.7560767987
10.7991744342
10.8047649797
10.7765058057
10.7910270784
10.7764726125
10.8043106723
10.831032868
10.8005201172
10.8120032677
10.8316663097
10.8164032628
10.7962604557
10.7617660877
10.7441684505
10.6913572139
10.6949635908
10.6326682804
10.6562440629
10.6498660765
10.6202162241
10.6464475905
10.6820487364
10.737195976
10.7626756545
10.8034202071
10.7863279819
10.7767209269
10.8067767282
10.8140445577
10.7944104974
10.8334687621
10.770701941
10.7452692291
10.7539183375
10.744822714
10.7525725854
10.7300148154
10.7874564209
10.7653347127
10.7433019984
10.7365107674
10.6959120655
10.7062893123
10.678768367
10.6874049334
10.6784972582
10.7123399244
10.7310090051
10.7632918295
10.7534608018
10.8003885476
10.8425816165
10.835304164
10.835660397
10.802356832
10.7307481927
10.7640296191
10.736219619
10.7386541901
10.7538752173
10.7041065061
10.6980428405
10.6921923478
10.7014710494
10.6887612484
10.667181167
10.6752424429
10.6890798375
10.7024093697
10.7921572573
10.7980764855
10.8284678348
10.7855129667
10.8010112595
10.7768745631
10.7657708591
10.7162047832
10.7331443257
10.7100787518
10.6677799256
10.6679151306
10.6871756903
10.7063350247
10.6891754074
10.7455646736
10.7433834301
10.7861547187
10.8070495609
10.7920779863
10.79929894
10.7997663297
10.7959124224
10.797506157
10.7605050412
10.7617223794
10.7983587181
10.7608708871
10.7298018709
10.7160849728
10.7170486594
10.7044003557
10.6902160856
10.6931223689
10.6782687905
10.6791761944
10.6759251178
10.6892355039
10.744532318
10.7576688351
10.7354905578
10.7739006415
10.7166387428
10.697486832
10.757132969
10.7071482331
10.7227400938
10.709107886
10.7279986271
10.7619664256
10.7088914803
10.7381508421
10.7364424328
10.7450412289
10.7246760885
10.716921541
10.6940901077
10.7018841982
10.6667907998
10.6600628856
10.6183074101
10.6494482736
10.6570491872
10.6588281231
10.6316239763
10.6296312759
10.6061945733
10.6316889137
10.6229681304
10.6353970531
10.641177016
10.6945282712
10.6819032991
10.6983135408
10.6999767207
10.6920447244
10.6773100552
10.7144423877
10.6884667723
10.6806582177
10.651696113
10.6665387905
10.681784519
10.6942275048
10.6998785819
10.6964991377
10.7069075269
10.7476871925
10.7307385025
10.729141237
10.7380700212
10.6747111224
10.7046013745
10.6847702111
10.6438990308
10.6523016389
10.6481438351
10.6556020949
10.6571241003
10.6432522939
10.6572185006
10.67186332
10.6713581991
10.6851402276
10.6980258068
10.6892566436
10.7387825648
10.7403169456
10.6878846798
10.6683504031
10.6840067005
10.6858452524
10.6876217577
10.7156006773
10.6923198186
10.6752897845
10.657412443
10.6571052836
10.7150190941
10.664122368
10.6870472864
10.6742166595
10.661721391
10.6689292755
10.6684879208
10.6889452029
10.7028794579
10.6944661575
10.7301398161
10.7059131182
10.7008843218
10.6940704353
10.6663364481
10.6528218924
10.6478402138
10.6892792019
10.6652448611
10.6850194092
10.6837058056
10.6818622116
10.6818903203
10.6731636088
10.6599021517
10.6675432125
10.6534403563
10.6680267622
10.6807341735
10.7228719736
10.7114540433
10.7531992258
10.7808095552
10.8045558229
10.7702286023
10.7870387335
10.7477470323
10.7505370218
10.731177907
10.7478834299
10.7715624237
10.7566049972
10.741209222
10.7341515895
10.785929772
10.7205449695
10.7191207482
10.7318256516
10.7365748394
10.7031904149
10.678075308
10.7107514414
10.7032407914
10.7107599494
10.7108473505
10.7488375425
10.748027754
10.7700322646
10.7411313639
10.7501740824
10.7572564106
10.747428605
10.7565567381
10.731257214
10.7073273131
10.6928911647
10.7378535515
10.7368524776
10.732202084
10.7872241043
10.7514976073
10.7718794504
10.7555509231
10.7693907051
10.7657728041
10.7222735595
10.7245622724
10.7048232227
10.7262379297
10.7192157753
10.7194523266
10.7260217402
10.770489857
10.754142261
10.7757094174
10.7675797961
10.7752706548
10.7536160128
10.7455796305
10.7222661849
10.7675119579
10.7514781898
10.8019223706
10.7719034681
10.8011890647
10.794613076
10.7962179575
10.7700341327
10.7644700252
10.7388587677
10.748723614
10.7424927313
10.7213639598
10.7625444376
10.7817716285
10.7795415505
10.8126854
10.7952695183
10.8026082552
10.7789044286
10.7940815117
10.7863247623
10.7931010633
10.7571168042
10.7513379993
10.8206341703
10.7718446791
10.7600145098
10.7165702127
10.7457641689
10.7971299548
10.8100507734
10.7924744252
10.8328891821
10.8382188078
10.8804026518
10.8867517209
10.8286885212
10.8521980528
10.8026693642
10.8107690214
10.8105237236
10.8132818027
10.8127860346
10.8131002474
10.807614478
10.7868815024
10.7815436783
10.7902752281
10.7469652521
10.7404543938
10.7673122029
10.7650920869
10.8199451942
10.8246787798
10.8020658339
10.7950661351
10.809983551
10.811398224
10.8197081685
10.8459259983
10.8243688346
10.8238848126
10.842869823
10.8708411631
10.815025203
10.7821615591
10.7909202282
10.7338943896
10.7477225932
10.7347157029
10.7100762079
10.718196167
10.7382470893
10.7231161839
10.6956353803
10.7190348192
10.7273780374
10.7347200501
10.7420721796
10.7935837754
10.7563819464
10.8067546163
10.7849037395
10.7935148568
10.7792115265
10.7813690377
10.7695320003
10.7498856679
10.7716419053
10.7341751295
10.7330637905
10.7525996191
10.7658550942
10.7795415069
10.7412358167
10.7342002697
10.7489889278
10.7000248739
10.7083741562
10.752823682
10.7442053389
10.7062063229
10.7187840898
10.7262348487
10.7484517487
10.7267803503
10.7273394708
10.6909399761
10.7053318816
10.7351029372
10.7432843324
10.7126955971
10.6909523869
10.6766902827
10.6979253495
10.6853483666
10.6786911617
10.7005716319
10.6812223588
10.6584807571
10.6380841136
10.5940712122
10.5946733368
10.6238946047
10.6443795892
10.6141023489
10.6545519851
10.6753955547
10.658476751
10.6955068486
10.6878420377
10.6667941965
10.6839965842
10.6933614786
10.6588457733
10.627145699
10.6416905294
10.6468172285
10.6188538645
10.6707492748
10.6800948802
10.6511165687
10.6462784951
10.6383655008
10.6611751851
10.5961374913
10.6545649463
10.6328675775
10.6020674834
10.6164397341
10.6152498721
10.6504906273
10.6567128064
10.6783951303
10.6546504843
10.6830928193
10.6814069914
10.6511515484
10.6871674181
10.6579245866
10.6867728215
10.6635587526
10.6576412541
10.6431592471
10.6588762272
10.658343987
10.6766538901
10.6329602844
10.6563753615
10.6787894185
10.6210892124
10.6589745257
10.6668956502
10.6747416457
10.7046005087
10.6757721211
10.7069886994
10.6908670756
10.7188383921
10.7031438622
10.6940266675
10.658214877
10.686709212
10.6794262656
10.6648969631
10.6356263523
10.6560954649
10.6349048435
10.6786458963
10.663784833
10.6503288172
10.6870869217
10.6821170837
10.6726107397
10.6877692448
10.6879742262
10.7321932601
10.7237162426
10.7383371242
10.7818016384
10.7536103853
10.8050894553
10.7268505816
10.7505228998
10.7224988943
10.7007616766
10.6935229832
10.6919991223
10.7207459471
10.7110828269
10.7018029102
10.6932150472
10.7135950831
10.7429853586
10.7151154597
10.7218314612
10.6867778702
10.6725907305
10.6896597612
10.6578633232
10.680404684
10.7233424723
10.7159691725
10.7239948624
10.7403221872
10.719409127
10.7208193287
10.750869333
10.7141919971
10.6996447157
10.7207090582
10.7569258287
10.7281488715
10.7197998692
10.7183486397
10.7026453933
10.7179032917
10.7182482161
10.6742164514
10.7109831949
10.6893035352
10.6829496176
10.660206464
10.7199586293
10.6831024243
10.6896734435
10.7253613377
10.7241531544
10.7184351564
10.7177677627
10.7109501351
10.7618415859
10.7391854456
10.7399537766
10.7476746602
10.7425631318
10.7367288866
10.70921121
10.6970104386
10.7061286272
10.6628558536
10.6837461217
10.687344422
10.6785620639
10.7329504033
10.7001994029
10.747813267
10.6935670479
10.6997319388
10.7294836688
10.7081506632
10.7086189756
10.7072779334
10.7503583041
10.733283788
10.7324282484
10.7322447102
10.7255286313
10.7332963912
10.707091278
10.7040599065
10.7137974562
10.6773042985
10.7298155607
10.7138099497
10.7047654763
10.7205455213
10.7702052139
10.7541754896
10.7764560509
10.7545169045
10.748141793
10.7634051155
10.7432941038
10.7724019082
10.752350418
10.7515259676
10.7523035905
10.7812969694
10.7396415472
10.7315763625
10.7169801982
10.6961777934
10.6952102931
10.7259661679
10.724726711
10.7147153128
10.70712044
10.7056553451
10.7326409433
10.7335999899
10.7472822477
10.7121527678
10.7197806515
10.7057416694
10.7211710543
10.7371762048
10.6966068502
10.7051955586
10.7348485481
10.6934761757
10.687358719
10.6803203508
10.6819987143
10.65268034
10.7048006923
10.6955412855
10.7157103458
10.7209659935
10.7270391843
10.754017958
10.7305729404
10.7279689685
10.751497543
10.7008267967
10.6739138675
10.6613032751
10.6376636024
10.6379230353
10.6441068073
10.6505609223
10.6706607328
10.6923914598
10.6919664267
10.6848920304
10.7074072713
10.7097269172
10.7160003484
10.6859520067
10.7145113771
10.7087514925
10.716392823
10.6844694289
10.6643291839
10.6933233307
10.6860215548
10.6843532743
10.6839817932
10.6854080753
10.6790238034
10.671033455
10.6855405817
10.7068258426
10.6912096196
10.6911648915
10.6763965047
10.6616788079
10.6821858779
10.6897596416
10.7047014664
10.7033211923
10.7079259421
10.6708240821
10.6646685982
10.6456752782
10.5959406961
10.6114315654
10.5697572291
10.499004692
10.4570862859
10.4729808353
10.4505820569
10.4780469059
10.5347429005
10.524102606
10.5626505175
10.5533337586
10.5439307291
10.6038895223
10.5768652801
10.5962686432
10.6047967462
10.6065444412
10.59257612
10.5794741889
10.5656492949
10.5592773854
10.5817206225
10.5321130278
10.5846050741
10.5470329435
