-0.00599165123533
-0.00637649387275
-0.00283596667727
-4.35082568477e-05
0.00178560752389
0.00499791778157
0.00567096583815
0.00678705590011
0.00810827201819
0.0102716273016
0.0114290496976
0.0120134691318
0.0133264569843
0.012419294092
0.0142492115993
0.0130179387246
0.0122819077536
0.0125530626031
0.0121095324448
0.012778811565
0.0109193852566
0.0109567908676
0.0118634372897
0.0110737776553
0.0120700484146
0.0112360958851
0.0107494383261
0.0116933861765
0.0113343012685
0.0111093592273
0.0106284891045
0.0108685095029
0.0114164397059
0.012540832457
0.0122933309022
0.0121015962907
0.0117074745446
0.0119156877021
0.0123666620287
0.011132358086
0.0107999431916
0.00911340316842
0.00831112252392
0.00768978797004
0.00796182011224
0.00762228703533
0.00762540868478
0.00674341532015
0.00722384053277
0.00659168939604
0.0059181735238
0.00520966011799
0.00467991327474
0.00265500441359
0.00100754376563
0.00150609183084
0.00121454649561
0.000673505903911
0.000333980715236
-0.00044960057987
-0.00439489071739
-0.00585443393927
-0.00829504623904
-0.00995568005427
-0.0126311271935
-0.0134323918296
-0.014015441812
-0.0149183559903
-0.014489422391
-0.0136881770137
-0.0110926687709
-0.010248850362
-0.00852376979719
-0.00655504216714
-0.00526852611637
-0.00387980594072
-0.00260740185134
-0.000589097786668
-2.12642202171e-05
0.00152877227417
0.00430200820752
0.00541132757144
0.0062525353291
0.00620487750281
0.00783690937106
0.00751099279096
0.00936758106893
0.00935618747836
0.0111246185321
0.0121618603651
0.0131272204807
0.0141304199621
0.014129872065
0.0158769964601
0.0159891177233
0.0165870664416
0.0165584697292
0.0169118733089
0.0168278642518
0.0169936525681
0.0154037449611
0.0139849416371
0.0127325965845
0.00973261875043
0.00877177423867
0.00727770952822
0.0077681014518
0.00656958605561
0.00600177554073
0.0063053103318
0.00657750545498
0.00856776097796
0.00948766947888
0.0106743151535
0.0112338517526
0.0107444901155
0.0111410097344
0.00987629418454
0.00836283320116
0.0079237238634
0.00766649413411
0.00570346636285
0.0055301294001
0.00381969586656
0.00266747240758
0.00252550843239
0.0020882964693
0.00158801357267
0.00118085354451
0.000513520873102
0.00163270570033
0.0023737735382
0.00303887234174
0.00341028318811
0.00469267209193
0.00633713477083
0.00849367783259
0.00883110548192
0.00990531055627
0.00978624795394
0.00998802404857
0.00839055901446
0.00955988146207
0.0094643005569
0.00870581036517
0.00890440383263
0.00768836114286
0.00741319093237
0.00523098593895
0.00492108845389
0.0034617531169
0.00330989751346
0.000807005588601
0.000130963872064
-0.000164813971695
-0.00215487573066
-0.0026503600416
-0.00429116651025
-0.00584153238897
-0.00621858256721
-0.00664531688848
-0.0075087228684
-0.00816456021048
-0.00865189291883
-0.00790228265271
-0.00732248823192
-0.00847522268921
-0.0085218077909
-0.00741380307895
-0.00680371817613
-0.00528238823467
-0.00603608276803
-0.00681477237332
-0.00685415278667
-0.00751811140304
-0.00805908073039
-0.00965032536195
-0.00993107297187
-0.0110301007742
-0.0121570176904
-0.0120060810893
-0.0134503725991
-0.0124986756527
-0.0115158180807
-0.0100276643554
-0.00829149693798
-0.00760011753424
-0.00637393012066
-0.00536402331737
-0.00451513233867
-0.00529306475646
-0.00750891857454
-0.00761204456166
-0.00811653992122
-0.00873617777815
-0.00874001345047
-0.0101535008078
-0.0105503423865
-0.0114541285919
-0.0115459980142
-0.012714115946
-0.0124192689883
-0.0147296944214
-0.0131429275548
-0.0134421995567
-0.0148627844412
-0.0145730518199
-0.0152209467824
-0.0159266822232
-0.0168267111586
-0.017582398607
-0.0172368903821
-0.0178532810272
-0.0167862503712
-0.0162996653049
-0.016031719757
-0.0159439167372
-0.015881229108
-0.0149249924716
-0.0150620449288
-0.0154246757029
-0.0143171590658
-0.0131730483557
-0.0126359604772
-0.0121647440834
-0.0129383536868
-0.0122854263549
-0.0140789554476
-0.0143793356966
-0.0156056039182
-0.0157800095499
-0.0161523486705
-0.0171791075359
-0.0173222221362
-0.0190488575376
-0.0202079933071
-0.0216418572131
-0.022517799816
-0.0228892807567
-0.0232523543421
-0.0232112460291
-0.0223882728679
-0.0236881382299
-0.0238725887506
-0.0253458561215
-0.0259456983544
-0.0277490540113
-0.0276146779978
-0.0264310695894
-0.0264999554348
-0.0248653636653
-0.0260539498079
-0.0247100175358
-0.0247135417266
-0.0231370978288
-0.0222373536587
-0.0214139596391
-0.0223119394541
-0.0230800547858
-0.0231424666842
-0.0234686244233
-0.025992691944
-0.0270264235795
-0.0289615126495
-0.0287795014871
-0.0301687595727
-0.0388374743152
-0.0386589513101
-0.0376841991118
-0.0361498742771
-0.0363791564881
-0.0341008890926
-0.0325931335072
-0.0311142548844
-0.0297195037645
-0.0291103299758
-0.0285521678093
-0.0274674443343
-0.027117375423
-0.0268653241434
-0.026074131326
-0.0268995849859
-0.0284889382237
-0.0296573493199
-0.0308020405916
-0.0309206887581
-0.0335813868537
-0.034675412852
-0.0356133700555
-0.0370202314008
-0.037279019553
-0.0366486660949
-0.0376871884279
-0.0384641565381
-0.0392041228488
-0.039829570237
-0.0392314158602
-0.0386816772344
-0.040477485245
-0.0401041534633
-0.0404861025605
-0.0404769759365
-0.0402515117399
-0.0388016740845
-0.03904384156
-0.0385642495427
-0.0385251284486
-0.0383943354849
-0.0373360160623
-0.0362515823828
-0.0372204507211
-0.0387417889706
-0.0396470747399
-0.0414085358637
-0.0421221750586
-0.0446131073575
-0.0458156171766
-0.0449526925859
-0.0459280809139
-0.0444296690417
-0.045076188106
-0.0445568682385
-0.0447877531941
-0.0443391986219
-0.0444001195016
-0.0445399646436
-0.0454869342794
-0.044451178017
-0.0459684143593
-0.0470558128838
-0.0471785998636
-0.04973383448
-0.0511741010925
-0.051810141555
-0.0532378105045
-0.0516412975789
-0.0525076977279
-0.0513968637846
-0.0510436744522
-0.0510827423838
-0.0504739520456
-0.049483995835
-0.049240650036
-0.0485319814661
-0.0490364036176
-0.0491111764677
-0.0483581004169
-0.0481558223783
-0.0501998669449
-0.0493516985252
-0.0519705233231
-0.0526609160466
-0.0544758986542
-0.0539752633143
-0.0545755519231
-0.0556018348037
-0.0548193912793
-0.0545911979784
-0.0553168926245
-0.0552350635045
-0.0544709714001
-0.0537723336545
-0.0526616660724
-0.0525829190911
-0.0534659155695
-0.0529845024391
-0.0539365495051
-0.0552761744893
-0.0552291960961
-0.0552321671461
-0.0550187557214
-0.0550747414986
-0.0540151072416
-0.05423704148
-0.054381510752
-0.0546286564946
-0.055187449038
-0.0557694041787
-0.0558763526956
-0.0566383584853
-0.0540808835766
-0.0530243492336
-0.0525244479622
-0.0533445921382
-0.0553606756911
-0.0565003217569
-0.0580583556006
-0.0581794573361
-0.05757280509
-0.0559217433106
-0.0544328159881
-0.0544552914248
-0.0555028895569
-0.0562406574622
-0.0548021881648
-0.0544083985921
-0.05358062882
-0.0529482147888
-0.0517809751005
-0.0501378525196
-0.0496013416382
-0.0483162274407
-0.0493594841786
-0.0506718797319
-0.0538155384297
-0.0560626782986
-0.0588980882804
-0.0603574517355
-0.0627430697385
-0.0651021018195
-0.0660812183176
-0.0664651407151
-0.0650643703393
-0.0632800255118
-0.0611521987655
-0.058915148149
-0.0577353132233
-0.0567503359349
-0.0559103734575
-0.0573611308437
-0.0603384785787
-0.0616662501836
-0.0609958578462
-0.061335880894
-0.0618769953309
-0.0655033762975
-0.0698204621936
-0.0722468745949
-0.0713884393589
-0.0683300697911
-0.0648105303976
-0.0622149306205
-0.0628402960511
-0.0663616875304
-0.0689891210583
-0.0668506459486
-0.0627423642572
-0.0615742797165
-0.06241270616
-0.0657865872903
-0.0684650905311
-0.0696979428376
-0.0738931793106
-0.0784043785821
-0.0842306698142
-0.0886630636691
-0.0926408552931
-0.0938749500055
-0.0983692010518
-0.107237913681
-0.110501169768
-0.118663626035
-0.120406885913
-0.118959560248
-0.115681355901
-0.113529408289
-0.109575772618
-0.106283897446
-0.104080341636
-0.102553064706
-0.100165173522
-0.0984311062096
-0.0956484290587
-0.093965179857
-0.0925963209101
-0.0889426052261
-0.0881503635003
-0.0858045764096
-0.0822947098579
-0.0798048376245
-0.077370520547
-0.0752947738147
-0.0727875469181
-0.0718911525158
-0.0723242196848
-0.0713280194395
-0.0722164800656
-0.0723574089614
-0.0732934330616
-0.0735175108711
-0.0759503758108
-0.0792330274411
-0.0844220070533
-0.0892810174626
-0.0963568255011
-0.100329580258
-0.105305617636
-0.106552582391
-0.10907696757
-0.110859459169
-0.110873220352
-0.111352538768
-0.111199506079
-0.110801865385
-0.110730035674
-0.110789811613
-0.110689232419
-0.110407507903
-0.10889343917
-0.108172914666
-0.108461918334
-0.107339775401
-0.108267535427
-0.108078354294
-0.106950183039
-0.106453443674
-0.105370886299
-0.104972988262
-0.104718754822
-0.102920736298
-0.102137416445
-0.101828764027
-0.0984504830815
-0.0993359088398
-0.0984026841338
-0.0979753411036
-0.0977521849355
-0.0972882130363
-0.0982274577447
-0.0975547393079
-0.0975164701953
-0.0968024158381
-0.0956480628817
-0.0954957394626
-0.0952294703895
-0.095105739381
-0.0944232358747
-0.0935452803112
-0.0941391290117
-0.0937481992049
-0.0938271301873
-0.0952689016202
-0.0977512402244
-0.0990356811085
-0.0992763652855
-0.0995338363913
-0.100975843521
-0.100708912359
-0.102343282277
-0.103775579599
-0.104811596133
-0.105883411947
-0.106358148967
-0.10869739989
-0.109217188615
-0.110018799077
-0.109232803008
-0.109807582002
-0.10948874262
-0.108535845469
-0.108569098397
-0.107523779625
-0.106109393752
-0.105603140019
-0.103548214963
-0.102742227816
-0.102868492033
-0.102807610469
-0.102785731576
-0.103684675672
-0.106080875698
-0.107570874361
-0.108496443634
-0.107123353808
-0.106768664932
-0.106106258757
-0.104687674939
-0.102220432136
-0.100414640472
-0.0998139135715
-0.0981680637717
-0.096923071207
-0.0968789711907
-0.0976564648253
-0.0975519946864
-0.0976849068647
-0.0993588955304
-0.100091905904
-0.101297568358
-0.100106372704
-0.10020601738
-0.097461786849
-0.0951759518329
-0.0924640869511
-0.0907599293703
-0.088912441248
-0.0870422035806
-0.0862840694186
-0.0856222018695
-0.0857118367267
-0.0869403192617
-0.0874152359811
-0.0877477154199
-0.08698870878
-0.0876445820683
-0.0888059793326
-0.0884052303189
-0.0881016219291
-0.088256796215
-0.0890206426305
-0.090041285973
-0.0903149840404
-0.0902074572487
-0.0901769400426
-0.0895820248759
-0.0887363112734
-0.0889594722344
-0.0883506216429
-0.0880656515518
-0.085529806481
-0.0849548322813
-0.0854943778244
-0.0871719109144
-0.0878988605469
-0.0889927199284
-0.0908854301726
-0.0929230250681
-0.0922489510267
-0.0922360580784
-0.0920181260691
-0.0912833930317
-0.0880498408839
-0.0866071614506
-0.083721995178
-0.0833294199605
-0.0834356966863
-0.0840618664767
-0.0851727295127
-0.0867949062186
-0.0886525934045
-0.0908325323674
-0.0913651994253
-0.0926084467478
-0.09229051807
-0.0913622081802
-0.0916722486613
-0.0915108889718
-0.0929999549993
-0.0931126262804
-0.0935216955777
-0.0942536015152
-0.0951957628738
-0.0953565837206
-0.0954502915985
-0.0960360985864
-0.0943381015965
-0.0942848823208
-0.0943777605898
-0.0944378482742
-0.093996419957
-0.0958992449597
-0.0975972531651
-0.097888804983
-0.098588034232
-0.0989912861772
-0.0997599146775
-0.0994319127154
-0.097646379833
-0.0952764179709
-0.0927377741922
-0.091531677257
-0.0890256284063
-0.0881949307594
-0.0877470740047
-0.0884192487787
-0.0890009479494
-0.0899158460336
-0.0893601903705
-0.0891313793334
-0.0892866537463
-0.0902648019397
-0.0904981593597
-0.092110028339
-0.0937398070985
-0.0956589108989
-0.097981993562
-0.10003408152
-0.100856244342
-0.099819692019
-0.097409289187
-0.0942353378262
-0.0921203455928
-0.0901531957121
-0.0895378732943
-0.0897495730067
-0.0898821057407
-0.0912401528598
-0.0935897634732
-0.0932334942157
-0.0952389805895
-0.0947197476497
-0.0947189227934
-0.0933174260586
-0.0941399502214
-0.0949858176136
-0.0948048093169
-0.0965381041321
-0.0976948182012
-0.0980772765501
-0.0991825006357
-0.0967473515821
-0.0959664362198
-0.0946195717711
-0.0931155975076
-0.0938557044069
-0.0954363807458
-0.0967494162215
-0.0976504720851
-0.0983914731976
-0.0980386618366
-0.0988414086744
-0.0989904438766
-0.0988396014891
-0.0995996932571
-0.0996537673635
-0.0999112632781
-0.100405202249
-0.100489905305
-0.0999792781677
-0.0981691851781
-0.0978611190287
-0.0966701631698
-0.0975213986308
-0.0982016595269
-0.100180458534
-0.101057404298
-0.103786934646
-0.106986799579
-0.110831386598
-0.115650976543
-0.117616610426
-0.119542078119
-0.121078019546
-0.120008418536
-0.119590373499
-0.118260513154
-0.11822057507
-0.116339251992
-0.115140491281
-0.116060242497
-0.115239217692
-0.116282483484
-0.115167357898
-0.111795141749
-0.110259079265
-0.108955773152
-0.107543346793
-0.104100415356
-0.10257037686
-0.100921170461
-0.101260732844
-0.102339185886
-0.101657739351
-0.102957580406
-0.104298551214
-0.104918235811
-0.104664129684
-0.104095574444
-0.104061870827
-0.104818964861
-0.106620203933
-0.107660985367
-0.108277417006
-0.108867954321
-0.108398799689
-0.108223838755
-0.109030422952
-0.10878487095
-0.108704315997
-0.107777576484
-0.108946097186
-0.109896492114
-0.110484418091
-0.110685083809
-0.110210836044
-0.109372178201
-0.105755568278
-0.104100677249
-0.102519317805
-0.101724920407
-0.102579354279
-0.10251334292
-0.103839564213
-0.104596860615
-0.106038639873
-0.105605690639
-0.106960552978
-0.107120255804
-0.107197275123
-0.107374604327
-0.107263643954
-0.10750866501
-0.107382183685
-0.10776800155
-0.108118940817
-0.110498861821
-0.112826675292
-0.114204152978
-0.116507722879
-0.116921456326
-0.116561695247
-0.117328941459
-0.116979859228
-0.118090193861
-0.117141408839
-0.117296330022
-0.116580942973
-0.115411555479
-0.113458600697
-0.11203313628
-0.108634327321
-0.107781533614
-0.106304168129
-0.104582922795
-0.104517870695
-0.103099347894
-0.103399307727
-0.103243906766
-0.10368673238
-0.104897965533
-0.106628018656
-0.108182556682
-0.107454230446
-0.10693587028
-0.105889521662
-0.106478833091
-0.107068117541
-0.107652506714
-0.107895652053
-0.108910965346
-0.109188436651
-0.109431229269
-0.109040976313
-0.108010876538
-0.10727870322
-0.107844052199
-0.109076977977
-0.110273997875
-0.110224774457
-0.112348679782
-0.114388681567
-0.116705223516
-0.118210177587
-0.119906647119
-0.118549667008
-0.118121728173
-0.118631722703
-0.117672951914
-0.116155389261
-0.115070437481
-0.113835758808
-0.111646939892
-0.111325760584
-0.110910459915
-0.110435307231
-0.108014157645
-0.108056012134
-0.107674330223
-0.107232256093
-0.10827213191
-0.110293846228
-0.113048553507
-0.11459422092
-0.115739688689
-0.11856057315
-0.119478053805
-0.11945119381
-0.117623997057
-0.117657478831
-0.115691652401
-0.115640095977
-0.115102995713
-0.116353338767
-0.11514692052
-0.113143132168
-0.111891585739
-0.109772387907
-0.108669600949
-0.10815144242
-0.107909262311
-0.108426623394
-0.111124979239
-0.111348640987
-0.114103316761
-0.116246471207
-0.116929349383
-0.117007645236
-0.117537326276
-0.116579814383
-0.117185979249
-0.116795210824
-0.117546425301
-0.118562949295
-0.118942991472
-0.119722030184
-0.118896000224
-0.118354170764
-0.117279235677
-0.11494522325
-0.113653956336
-0.11246954619
-0.11258053798
-0.112863525203
-0.113026404716
-0.114775540392
-0.117197706692
-0.117784573283
-0.120634688191
-0.121892715523
-0.124524858174
-0.126357479546
-0.12772300285
-0.12678779121
-0.127560308534
-0.12842979577
-0.128428352431
-0.129623219525
-0.13014493655
-0.129138915685
-0.129480585872
-0.130107642009
-0.130698257285
-0.130236347421
-0.13063794767
-0.12886555362
-0.128600720972
-0.127681656653
-0.126600145625
-0.125522498611
-0.125409214319
-0.123734253754
-0.12386073389
-0.125346490695
-0.124902642132
-0.126401887691
-0.126207300099
-0.127544634507
-0.127708838167
-0.127469991513
-0.127395768976
-0.1271368519
-0.127531521543
-0.126267734541
-0.127565427289
-0.12604560697
-0.125595640763
-0.125408280506
-0.125232867256
-0.126043497045
-0.126095034641
-0.126769612081
-0.127263041053
-0.130348877639
-0.131215779219
-0.131214986018
-0.130314752083
-0.129948589485
-0.128922186226
-0.127250728392
-0.125695286126
-0.123953244344
-0.123508913186
-0.124273307794
-0.124521374638
-0.126900718154
-0.128009173543
-0.12951677685
-0.130413079729
-0.131625946192
-0.132674452898
-0.133844320169
-0.133775884536
-0.133236891477
-0.133477593724
-0.133854094326
-0.133110127672
-0.133802638442
-0.133487205271
-0.13246535481
-0.131842301434
-0.130083346345
-0.12874849223
-0.126370868825
-0.1268527931
-0.126647691114
-0.126578177454
-0.125276439744
-0.125281976404
-0.125353353759
-0.127083021251
-0.126596122297
-0.127327465074
-0.127538480511
-0.127903747668
-0.127706314639
-0.127565105493
-0.128403825092
-0.127704664682
-0.128519815861
-0.128572527792
-0.129256623318
-0.128162785605
-0.128913266965
-0.128233883134
-0.127801405789
-0.127672744445
-0.124798111335
-0.12401794005
-0.123449201801
-0.123740244536
-0.123106857671
-0.123063654196
-0.123946158993
-0.122525027655
-0.122515228216
-0.121953697769
-0.121074073608
-0.120040114601
-0.118708155037
-0.117581461191
-0.116832023964
-0.117854023118
-0.118138974156
-0.119952111581
-0.120095432555
-0.12107533103
-0.121326249569
-0.120958519984
-0.122154536065
-0.122531390849
-0.122482294683
-0.122340654898
-0.122147185964
-0.121982084485
-0.121689759088
-0.121752306578
-0.120491933888
-0.119864665838
-0.119181284971
-0.119482682908
-0.118620630066
-0.118294265012
-0.118210312906
-0.118393063185
-0.118097192855
-0.119837701011
-0.121623086859
-0.122993474934
-0.122926260945
-0.122816668344
-0.123034893498
-0.122179057331
-0.122559441523
-0.122418891854
-0.12320666373
-0.124350597814
-0.123601902964
-0.124120224996
-0.12352811323
-0.124718794044
-0.124990504668
-0.125417869374
-0.125899776069
-0.126861240447
-0.127141121715
-0.128948323316
-0.130698035499
-0.13133113352
-0.131729083286
-0.131088915676
-0.130225285615
-0.129358320882
-0.129485587032
-0.129789917145
-0.131168344317
-0.133323385263
-0.134380813073
-0.136473069846
-0.136409905062
-0.135035834302
-0.133554624108
-0.130530142883
-0.128248129464
-0.125586845276
-0.125145799331
-0.125473506221
-0.124856866472
-0.123823809026
-0.123179941592
-0.123072580023
-0.121722195458
-0.121091080578
-0.122216241016
-0.123155588907
-0.126445813475
-0.128433493261
-0.132171471607
-0.135455060036
-0.135885837859
-0.136040724961
-0.135375320885
-0.133932735598
-0.13307849482
-0.132299964416
-0.131316337999
-0.130478480163
-0.130316260127
-0.130861490955
-0.13052446682
-0.129453272562
-0.129002443363
-0.128902591815
-0.127004183832
-0.125911714136
-0.124370897921
-0.122739574312
-0.123672877911
-0.124484119032
-0.125790981785
-0.125759531552
-0.1267694848
-0.127520495016
-0.12871532921
-0.129237778182
-0.128439556074
-0.126468915611
-0.12477259212
-0.124322625423
-0.124659301357
-0.125844826409
-0.125682404939
-0.126320837742
-0.124958542628
-0.125688801465
-0.125815391001
-0.127266351921
-0.130747268342
-0.13376663311
-0.136529303422
-0.138723607968
-0.139680945191
-0.140247055651
-0.139965557326
-0.140044169402
-0.137824148613
-0.13655542106
-0.134873496928
-0.133153217276
-0.132529553726
-0.131820934017
-0.130238145545
-0.1259310164
-0.123011358053
-0.124314109149
-0.124714631499
-0.12449674835
-0.12420524064
-0.123666625766
-0.125237388317
-0.127339500546
-0.128704166831
-0.128601239863
-0.129982366826
-0.13008869686
-0.129934300462
-0.129530549932
-0.128905688073
-0.128734697942
-0.129129588346
-0.131206953324
-0.132610755749
-0.134012891463
-0.133484487408
-0.133055358141
-0.132483686436
-0.131249527603
-0.129409899609
-0.128346566401
-0.125576817475
-0.125556178601
-0.125116585224
-0.124538762976
-0.125457636437
-0.125704444663
-0.126417213696
-0.127517320883
-0.128232967271
-0.128746037221
-0.127673936354
-0.127338487338
-0.128070042223
-0.129181951545
-0.130432261706
-0.133145416213
-0.134988883953
-0.134577001347
-0.134838023132
-0.134328337233
-0.134953306309
-0.134885780584
-0.135832220689
-0.137342182486
-0.138428077429
-0.140881510903
-0.142052450171
-0.140423163799
-0.139680971067
-0.138473429605
-0.136746142091
-0.136144032674
-0.134925662952
-0.133812661375
-0.133579001969
-0.133977891522
-0.134527173785
-0.135360688701
-0.134284662328
-0.133931801173
-0.133208598546
-0.131177530045
-0.130838925309
-0.130241945905
-0.130412057527
-0.133387514086
-0.134094817505
-0.136498142197
-0.139315950826
-0.141014370176
-0.141174172589
-0.140655598152
-0.138406263502
-0.137348869518
-0.135469492173
-0.135274533967
-0.135490698548
-0.137039056938
-0.137279176012
-0.137251719416
-0.137298695621
-0.137696094436
-0.137432253947
-0.135582052415
-0.135096229051
-0.13658758377
-0.137924521086
-0.138350178374
-0.138565969424
-0.138698644449
-0.137453716931
-0.136894105216
-0.134491283184
-0.134761646797
-0.135245778512
-0.136665135272
-0.137541486175
-0.140158956505
-0.140977414269
-0.141565308965
-0.141322639544
-0.140952835753
-0.1398564763
-0.138167236441
-0.137494150257
-0.13621165219
-0.135944729869
-0.137243787503
-0.137776135224
-0.138967483873
-0.139264253445
-0.138017551289
-0.138252267241
-0.139121052348
-0.139746530508
-0.140808255686
-0.142562485871
-0.142903568305
-0.143417895914
-0.143433036255
-0.143982999925
-0.143839216075
-0.143975700589
-0.143439199695
-0.143117998268
-0.14361727393
-0.143388799172
-0.144609159924
-0.143670101848
-0.144434875368
-0.144656179016
-0.144530671986
-0.143984977075
-0.144021354285
-0.143413136191
-0.143401047405
-0.141971606932
-0.142983827225
-0.141686366795
-0.142815661756
-0.142934746312
-0.143227257898
-0.144458726433
-0.145915517158
-0.146926780518
-0.147304772818
-0.147729167466
-0.147859748517
-0.146861751537
-0.146239576383
-0.14667318868
-0.146814991282
-0.145608285852
-0.143773630799
-0.14313321057
-0.141422648308
-0.13994165427
-0.139001639547
-0.137910263081
-0.137812702345
-0.138130057384
-0.138561375511
-0.138577979469
-0.139438130625
-0.140134972293
-0.14009962085
-0.140450428583
-0.139993363227
-0.140250500489
-0.140088621935
-0.140537609327
-0.140341589103
-0.141069641002
-0.14215663983
-0.141617816697
-0.142246416004
-0.142588647178
-0.144141802464
-0.144840400404
-0.147362904247
-0.148567873185
-0.149969027011
-0.15220406403
-0.153429678246
-0.153018825268
-0.152271723412
-0.151619604534
-0.150867583568
-0.148850857039
-0.147440019146
-0.146962039647
-0.147882811376
-0.146285396882
-0.14490464789
-0.144465345006
-0.144562540108
-0.144503964167
-0.144947749058
-0.146034220497
-0.146890863438
-0.146614837593
-0.147223147712
-0.148933334329
-0.149821936283
-0.150238087581
-0.149896513024
-0.150521961878
-0.150415394904
-0.150028641832
-0.150660849204
-0.149562410547
-0.149066415238
-0.14817226088
-0.148351565566
-0.146159150735
-0.145165682
-0.143633644924
-0.142772466322
-0.142713604592
-0.141408668961
-0.14119713398
-0.13999895718
-0.142793126871
-0.142667412721
-0.144858465014
-0.145551620226
-0.145786043447
-0.146784566206
-0.146867509977
-0.146431289633
-0.146174888834
-0.1469111064
-0.145555770265
-0.144015817769
-0.144095947285
-0.144187951847
-0.143630198645
-0.145122111761
-0.144822242215
-0.14507127316
-0.14472477302
-0.145222335298
-0.145520882581
-0.147751109592
-0.147684878513
-0.148330482664
-0.14964862292
-0.150328565126
-0.151340266317
-0.150835043372
-0.151488562905
-0.151693085791
-0.150804588896
-0.149428167512
-0.150185209377
-0.149506663316
-0.14777125234
-0.148026653818
-0.147894192531
-0.14697488552
-0.146766486273
-0.14698664449
-0.147240896983
-0.147417751458
-0.148421835401
-0.148396586489
-0.149260153656
-0.149890254648
-0.151150352582
-0.152042737113
-0.150943009576
-0.15078914392
-0.149719407279
-0.147695508954
-0.14687094658
-0.144502605102
-0.143162226349
-0.144005173222
-0.14467481119
-0.146162477773
-0.146325339863
-0.148070983522
-0.148103288644
-0.147578050295
-0.147500287372
-0.145934264191
-0.145715274268
-0.145160757358
-0.145463689132
-0.146185730361
-0.146780294313
-0.146938001818
-0.147526756452
-0.148639967252
-0.147355690814
-0.14793989096
-0.14699719958
-0.146996113725
-0.146904238322
-0.148031574211
-0.147268827439
-0.14835717926
-0.148575772426
-0.148927209354
-0.149302385573
-0.150144841002
-0.150455232749
-0.152095047058
-0.15260072568
-0.153105673816
-0.152085159191
-0.151241658508
-0.151026972777
-0.15140105388
-0.151695487786
-0.154818260488
-0.158087169017
-0.159359156992
-0.160951393047
-0.162154389577
-0.162202411535
-0.161100497564
-0.159658128669
-0.158261146342
-0.156701507336
-0.156260825728
-0.15739441731
-0.158678348875
-0.158149990753
-0.158342218922
-0.158041019052
-0.156080129372
-0.15580858079
-0.154652626531
-0.155121345288
-0.154679648106
-0.1553944196
-0.156042699661
-0.155211542282
-0.156500339371
-0.156129768406
-0.155728164297
-0.156233645835
-0.155894991512
-0.156109104045
-0.155359388181
-0.15441811149
-0.154350997864
-0.155237613121
-0.15667802654
-0.159120387009
-0.159398910974
-0.159285348044
-0.16027880512
-0.160396965201
-0.16072351193
-0.160722800981
-0.162203189668
-0.163280930081
-0.163521991787
-0.164620566724
-0.163949017279
-0.163946566322
-0.16291109345
-0.161343444877
-0.160396146572
-0.159261021593
-0.158007668626
-0.157006006334
-0.155719731229
-0.154593924445
-0.153559530661
-0.154148077036
-0.15530417766
-0.15742587199
-0.159528539031
-0.16306800304
-0.164400084612
-0.166009768093
-0.16598544605
-0.166370128247
-0.164395455952
-0.163314115782
-0.161991772098
-0.162235388689
-0.16455217825
-0.164727698534
-0.166285197327
-0.167609515099
-0.167037524057
-0.168410985165
-0.168946557725
-0.16886029432
-0.168954529382
-0.168999844923
-0.172035580532
-0.172330797153
-0.173931717021
-0.17424681582
-0.173777784639
-0.172691725751
-0.172510735102
-0.171760858159
-0.169507700469
-0.168191776138
-0.166010191257
-0.16451323988
-0.159934661248
-0.159073195462
-0.157858915988
-0.157126659443
-0.158022617243
-0.158907611643
-0.161631534599
-0.163155833616
-0.165564609118
-0.16774038877
-0.16868604908
-0.169809003513
-0.169560795311
-0.168652250326
-0.167964783798
-0.167353596835
-0.166879533798
-0.167198408702
-0.169085362289
-0.171921545408
-0.17204191121
-0.172525552227
-0.17242691518
-0.171646234576
-0.173489452554
-0.172225381659
-0.174690161119
-0.174816503297
-0.177441339247
-0.179460549389
-0.18008328722
-0.179924252669
-0.178567313257
-0.176487853352
-0.178942639613
-0.18066275315
-0.180997597562
-0.179728106054
-0.175844321206
-0.173158130416
-0.170264106857
-0.170230095798
-0.171669305145
-0.174305586837
-0.178822447097
-0.180694413371
-0.183479821267
-0.182955060042
-0.182116514652
-0.178882837441
-0.178099374581
-0.175816296285
-0.174734846716
-0.175718159268
-0.176574399433
-0.17787195873
-0.18066525558
-0.180889330031
-0.179793468003
-0.178530622621
-0.179006407812
-0.178442447552
-0.17845396103
-0.17836183659
-0.179944491769
-0.180260350318
-0.180086637564
-0.180256336871
-0.180396872034
-0.181347919277
-0.182455825837
-0.183589033969
-0.185222621175
-0.185600563888
-0.186608620341
-0.186929950995
-0.186346619301
-0.187015922473
-0.18731640234
-0.187316173349
-0.186615641342
-0.186713600774
-0.184858954871
-0.183401433938
-0.180894087367
-0.178899034301
-0.17769748922
-0.175895349021
-0.176145580171
-0.176608856875
-0.178005391178
-0.180733661679
-0.182170030136
-0.183198049527
-0.183743701558
-0.185675712585
-0.187345191332
-0.188328539111
-0.190070993442
-0.190533801822
-0.191208806318
-0.191436745819
-0.193548385673
-0.19391003742
-0.1938319644
-0.190767184024
-0.190070297501
-0.187149346475
-0.187230022493
-0.187650459411
-0.187403563953
-0.1886937825
-0.189223116793
-0.190357195213
-0.190050846956
-0.189354500229
-0.18662965782
-0.184914673872
-0.18295006173
-0.182698239
-0.182990066342
-0.185650555001
-0.188279128389
-0.190777480336
-0.191918583314
-0.192484116295
-0.19048793142
-0.191265027814
-0.192362515295
-0.193149222313
-0.194011536074
-0.195814847575
-0.194503794064
-0.193999138559
-0.190697948027
-0.19015120139
-0.189468291993
-0.188919557627
-0.190704287161
-0.190064807079
-0.190099683045
-0.19075856715
-0.190664876919
-0.191954248885
-0.192146100252
-0.192892295491
-0.193730066988
-0.195508609225
-0.196021870809
-0.196697654157
-0.195269554508
-0.196008006156
-0.196730309335
-0.196282344145
-0.1961788714
-0.196957342661
-0.197744650956
-0.198439190655
-0.200212274125
-0.201440402733
-0.203343687457
-0.205523324719
-0.205949136964
-0.207681383913
-0.209057328634
-0.209307887283
-0.209539212416
-0.208880837631
-0.206386716684
-0.204353478446
-0.201988384222
-0.199896646246
-0.197126736182
-0.194975300014
-0.195454268314
-0.194691719608
-0.194864860412
-0.195576708764
-0.196087212595
-0.197416960476
-0.198053505956
-0.2000589011
-0.200787273123
-0.202291045738
-0.203127601121
-0.205514105913
-0.20689986006
-0.20873089151
-0.209636653051
-0.209736095122
-0.211044774175
-0.209759005549
-0.209056554013
-0.20926923466
-0.207717351803
-0.206160338768
-0.204718892882
-0.205115037084
-0.204730877043
-0.204977333785
-0.204601551046
-0.204350019055
-0.204721944692
-0.204579893043
-0.204160885388
-0.205384835868
-0.20539380874
-0.205179630414
-0.206094052581
-0.206483956827
-0.20551110696
-0.206074439201
-0.204914163757
-0.205517859086
-0.207489249084
-0.20783646304
-0.210252744056
-0.21222837941
-0.213019029378
-0.214885063333
-0.213315645672
-0.214114067739
-0.213625232117
-0.211997128377
-0.211451090715
-0.212740294875
-0.210480218747
-0.210727214332
-0.209912989816
-0.208105197153
-0.208269316471
-0.208483579582
-0.208822578541
-0.209187096909
-0.20918927453
-0.210620980576
-0.211341325616
-0.219514620417
-0.219445187116
-0.220104990674
-0.219958341667
-0.22043930792
-0.220502639272
-0.220746534647
-0.221876682611
-0.221403876514
-0.22170744609
-0.222045601376
-0.222088762178
-0.220369230146
-0.219311008438
-0.217859193836
-0.215852994087
-0.215424066892
-0.216250935488
-0.216217621313
-0.216416437367
-0.217529030431
-0.217448021442
-0.219056386737
-0.220566737966
-0.22263630529
-0.225716724384
-0.229884887081
-0.231091632041
-0.232740180429
-0.232813730889
-0.234764292552
-0.236810723816
-0.236325081291
-0.235632630155
-0.23450643008
-0.232576324234
-0.229385933863
-0.226002301005
-0.223370806378
-0.220476218431
-0.21883639602
-0.217361639073
-0.216563089967
-0.216506354809
-0.218945875362
-0.220969002926
-0.222162672419
-0.226213210391
-0.227680066953
-0.230204949556
-0.231883634706
-0.232599892643
-0.233077976062
-0.233980327532
-0.234256408643
-0.234195765402
-0.234359032667
-0.234097927961
-0.233819180179
-0.234106561462
-0.23501923094
-0.235650150661
-0.23683535562
-0.235947118505
-0.236289856369
-0.234797691082
-0.233360701521
-0.231810409301
-0.229748762201
-0.229335972555
-0.229752303766
-0.231237158274
-0.232423184082
-0.233493128983
-0.234786748916
-0.235664552642
-0.235977127276
-0.236388622789
-0.236866839441
-0.239511559927
-0.241904061602
-0.243906798897
-0.24844822833
-0.250664875064
-0.25207871136
-0.251472039297
-0.251809511505
-0.251751516361
-0.250144730085
-0.246715533826
-0.243557977666
-0.241945801233
-0.240969543714
-0.239305075316
-0.23873720173
-0.236833197955
-0.237406680457
-0.236513675832
-0.236548226971
-0.236625948901
-0.236819473591
-0.236250890194
-0.237090833117
-0.238134341788
-0.239990014177
-0.241031452718
-0.241550356038
-0.242993248562
-0.243206735699
-0.244902567244
-0.246139422075
-0.246142677195
-0.247612982865
-0.248523760235
-0.248320878966
-0.247591251466
-0.246695730268
-0.245930694296
-0.245388535537
-0.245323070445
-0.244727669726
-0.244398854853
-0.245012259687
-0.245664697223
-0.24441742193
-0.244609219399
-0.242883594943
-0.243169747873
-0.245196072211
-0.244804129697
-0.246937159927
-0.247769561863
-0.247470963616
-0.247838704151
-0.248272660808
-0.249028002225
-0.249815916322
-0.252384932561
-0.253660677805
-0.257963075199
-0.259667275944
-0.260575267257
-0.25989267696
-0.260308844227
-0.260786784639
-0.259006714964
-0.259829004597
-0.258029060385
-0.25667146247
-0.25430372993
-0.251623869641
-0.249392926887
-0.24659888549
-0.243702499787
-0.24041702683
-0.239824288273
-0.239895591037
-0.239896011682
-0.240644242272
-0.242165654622
-0.242271193921
-0.245039782213
-0.247720609184
-0.24834801426
-0.251901010824
-0.252606469808
-0.256130570592
-0.25699564517
-0.258475708538
-0.258979302967
-0.259812821743
-0.260601039718
-0.260803574022
-0.261849049364
-0.260920187073
-0.260719040842
-0.261403162643
-0.261011353149
-0.257809126818
-0.2558449332
-0.251908387552
-0.248576732329
-0.247727788131
-0.247781956892
-0.247321254893
-0.249382030752
-0.251572717174
-0.253653645403
-0.255086860047
-0.256243066476
-0.256414788289
-0.257148834429
-0.257830964994
-0.258401168775
-0.26010549868
-0.261221998208
-0.264038921678
-0.266050902578
-0.265591070001
-0.266755296201
-0.265025008833
-0.263541596944
-0.263182655771
-0.261781592733
-0.262096755645
-0.26164800226
-0.262475609767
-0.26273228606
-0.263025669911
-0.262430135966
-0.261633344065
-0.261931512121
-0.260551238605
-0.260164967942
-0.259867194256
-0.2583774738
-0.257936216874
-0.258522509335
-0.258238002562
-0.259920882094
-0.260444156136
-0.261599763637
-0.261339786733
-0.26255106971
-0.263403260187
-0.26335412182
-0.264671347376
-0.26669409864
-0.267571532048
-0.270312473124
-0.272608278733
-0.274379185091
-0.27440660085
-0.274530393112
-0.273815891664
-0.272909875391
-0.271115083887
-0.269432041303
-0.267410364443
-0.266827409049
-0.265862159766
-0.265057589932
-0.264427441473
-0.265937473806
-0.264940725458
-0.263456028039
-0.263947976502
-0.263200707351
-0.26376507038
-0.264363166115
-0.264460220154
-0.264962899882
-0.265691034456
-0.266673859431
-0.26859222537
-0.272134653947
-0.274974435397
-0.278651195143
-0.281021060532
-0.284140549465
-0.285656363695
-0.285719760093
-0.284635239436
-0.2843490758
-0.282151979225
-0.281096332181
-0.279179832845
-0.278766831787
-0.27900437257
-0.277783471525
-0.277632377411
-0.276708526255
-0.276426188262
-0.274525862185
-0.274491967213
-0.274765620928
-0.275203823431
-0.275666125545
-0.27595970199
-0.275968809501
-0.277165199997
-0.27874056905
-0.278916160811
-0.280439462883
-0.281413622862
-0.281182731424
-0.279696799459
-0.279576386937
-0.277908846281
-0.27710746818
-0.276334398657
-0.277166361131
-0.276824806335
-0.278185035112
-0.277405401265
-0.277365789442
-0.277359978004
-0.278083713069
-0.278125925769
-0.27801556674
-0.279377990789
-0.280009193902
-0.28070903186
-0.281748833085
-0.282021004374
-0.281944525064
-0.282609120038
-0.28221327112
-0.281144178497
-0.279056442811
-0.2781458935
-0.277436340262
-0.277109421034
-0.276846022392
-0.277373410008
-0.278433400149
-0.279053799495
-0.278979970887
-0.2803824632
-0.282624537091
-0.282001840952
-0.282772131577
-0.2848038564
-0.286182562889
-0.28907565346
-0.291943894088
-0.294890026799
-0.297647789454
-0.298319178008
-0.30010133283
-0.298927191605
-0.296609348342
-0.292152110064
-0.290241002915
-0.287069919424
-0.28565469535
-0.28453539352
-0.283339758533
-0.281537111637
-0.281888670567
-0.280571951914
-0.281745999502
-0.281633897989
-0.283464961182
-0.284646492097
-0.288660708379
-0.291842542485
-0.292737978571
-0.295739646375
-0.297207582085
-0.296215496581
-0.295956567101
-0.294263687739
-0.2939185599
-0.293430951674
-0.29386972592
-0.294902458041
-0.297469859845
-0.298411582185
-0.299483406094
-0.299591021001
-0.298972178399
-0.298068073287
-0.297630380614
-0.29608523635
-0.296273032992
-0.294844471205
-0.295032449218
-0.294121768116
-0.294736563144
-0.29552935799
-0.295015291606
-0.297412414719
-0.297475838096
-0.299118484486
-0.299107596119
-0.30081184004
-0.302281298874
-0.303967394692
-0.303796045663
-0.30652022408
-0.306266534805
-0.306849745865
-0.306567978675
-0.304814424359
-0.303438644302
-0.299950614225
-0.298970122803
-0.297406279642
-0.295990532625
-0.295450776191
-0.29462439799
-0.293741775928
-0.293637811739
-0.294912141065
-0.295804799424
-0.297536059692
-0.298816764305
-0.298719314616
-0.300909511273
-0.30042061584
-0.302707941601
-0.302692224263
-0.302379444189
-0.305009042629
-0.305333948968
-0.307609904554
-0.308905454476
-0.30864564363
-0.309391868411
-0.308699330729
-0.307354058997
-0.307442781766
-0.308332485338
-0.307522380818
-0.307918157029
-0.307595593271
-0.307905189489
-0.306681102475
-0.306286265478
-0.306362665429
-0.306379852583
-0.306962243088
-0.308693453251
-0.309976101918
-0.310692895858
-0.312414670576
-0.31122322997
-0.310746148484
-0.310281939941
-0.309344591379
-0.309356200683
-0.308705998153
-0.307916539658
-0.308372066577
-0.307590072804
-0.307281626997
-0.307368535804
-0.309282105871
-0.30868936635
-0.310368116105
-0.310826907875
-0.312359733861
-0.313796145493
-0.31522391669
-0.315705851739
-0.31692270739
-0.316439826851
-0.315797668931
-0.316110568452
-0.315655709318
-0.314465490356
-0.314373305603
-0.312764166946
-0.311077381904
-0.310089919323
-0.310231657321
-0.312863980409
-0.312633502955
-0.313051988455
-0.312133258932
-0.311421148629
-0.31176046008
-0.311725809304
-0.313708208255
-0.314489948245
-0.317479351364
-0.317249444476
-0.318434462821
-0.317823253248
-0.316560186172
-0.316511638443
-0.31542095959
-0.313521146632
-0.312863982785
-0.312724775826
-0.312019751335
-0.31149157029
-0.310734971727
-0.31123254522
-0.311463382563
-0.312177942653
-0.312424885136
-0.31399200127
-0.31485141762
-0.315373355357
-0.315789237112
-0.31697616114
-0.317045813946
-0.317429721376
-0.317338790726
-0.316859768093
-0.313797141012
-0.315115692139
-0.31443504897
-0.314731191025
-0.315079406915
-0.313959869907
-0.315581940817
-0.315643866957
-0.31633598641
-0.316229290505
-0.316485573065
-0.315227225208
-0.314285040731
-0.313778654697
-0.313710216669
-0.313513388272
-0.313489106567
-0.314095258087
-0.313744931085
-0.313146549838
-0.311123884618
-0.309326858756
-0.308319015895
-0.307343165436
-0.30547570434
-0.304428255341
-0.303333326095
-0.303164866316
-0.301873616088
-0.300096618269
-0.299773995663
-0.299173336882
-0.297640611525
-0.298509426684
-0.298356854955
-0.296930274189
-0.296199758439
-0.295349463871
-0.296465214804
-0.296209923717
-0.297176440432
-0.296166651837
-0.295285620853
-0.292664980956
-0.290863193495
-0.288316233728
-0.288003819524
-0.285932310053
-0.284615662427
-0.282477860396
-0.281949284234
-0.280886288258
-0.278621551592
-0.278212307576
-0.276672069291
-0.275300017472
-0.27382400547
-0.272756780608
-0.274237725785
-0.274272004268
-0.274952685062
-0.274913031312
-0.27642538449
-0.276959868418
-0.277429314476
-0.27886181985
-0.278956360244
-0.279851971286
-0.28030682276
-0.280542989643
-0.280756181495
-0.282885581493
-0.283258323892
-0.284054953969
-0.283974869454
-0.284669103094
-0.284145627421
-0.283745386783
-0.283657242691
-0.283873904187
-0.283330327764
-0.283596166205
-0.284289511103
-0.283455930334
-0.284238619095
-0.285524279578
-0.286899288158
-0.287558050254
-0.288855306399
-0.289600155068
-0.290307020638
-0.290508851791
-0.290780836976
-0.291576669176
-0.292001412703
-0.29119110181
-0.292065841067
-0.292886649963
-0.29324497077
-0.294125712892
-0.293446653741
-0.294377101876
-0.294786560868
-0.29433011969
-0.294735997539
-0.294264588552
-0.293876302296
-0.293876539449
-0.293327588485
-0.292310600172
-0.29168579292
-0.291978590737
-0.291887110511
-0.291948965623
-0.290699237203
-0.29050573137
-0.291547983552
-0.290304823462
-0.289691349487
-0.289362004111
-0.28800307917
-0.287645504346
-0.286621660969
-0.286444815342
-0.286763199735
-0.287622262922
-0.28805732825
-0.288475381438
-0.290209872666
-0.290996510564
-0.291352835824
-0.291606303768
-0.292128467442
-0.291582717472
-0.292198466505
-0.292340666405
-0.293876589978
-0.294178068929
-0.294497500529
-0.295180967881
-0.294798526909
-0.295132201081
-0.295032988716
-0.294591858829
-0.29404269434
-0.292684122878
-0.292305461556
-0.292003634168
-0.291911404856
-0.291869473358
-0.291586943067
-0.29279359388
-0.293678429814
-0.292830520205
-0.293948999801
-0.294498859993
-0.295151828526
-0.29528528262
-0.296032588227
-0.296295370802
-0.296003343067
-0.29629057587
-0.295180732407
-0.29652603581
-0.296365396844
-0.296168895163
-0.296275547462
-0.295528226329
-0.295941436627
-0.294835838314
-0.292704683741
-0.291734558236
-0.290401480644
-0.290357065297
-0.291279579214
-0.291024057397
-0.291538550179
-0.292117547097
-0.291846742866
-0.293174678483
-0.294538072288
-0.293714140358
-0.295717997804
-0.296901168362
-0.29770492881
-0.29818225286
-0.298921422177
-0.299842431059
-0.299020150972
-0.299521331135
-0.299315781076
-0.298824851243
-0.298086291815
-0.297892102454
-0.296485362676
-0.294217063898
-0.293764591402
-0.292587886483
-0.29250298487
-0.29128273614
-0.29103128809
-0.289462741013
-0.288441674414
-0.288509323385
-0.28684771213
-0.285540665878
-0.285048598697
-0.28440457827
-0.282849629088
-0.283056635618
-0.284402992426
-0.283511324826
-0.282722438995
-0.283403107404
-0.283892335808
-0.28554419509
-0.286234140928
-0.286957689381
-0.287725386042
-0.287020769053
-0.286891012357
-0.28705757718
-0.287651557434
-0.287161060845
-0.287360413621
-0.287541398357
-0.287981043697
-0.288241573085
-0.28855552266
-0.289025377469
-0.289054144826
-0.289512483307
-0.291308054164
-0.291269062504
-0.292281196752
-0.291373359603
-0.293155204868
-0.293792349216
-0.293829358244
-0.294172377819
-0.293126117869
-0.293243586761
-0.291825100653
-0.291192982399
-0.289968706139
-0.28907685812
-0.287426718634
-0.287588916525
-0.287076803436
-0.287098211452
-0.287968289445
-0.28852420158
-0.28781506371
-0.288431202448
-0.289868177721
-0.289126832245
-0.289124219701
-0.290180015183
-0.288717889232
-0.28867911797
-0.287314064228
-0.287234214243
-0.288273200599
-0.288690029954
-0.2900346553
-0.290587502002
-0.290848596927
-0.29157432584
-0.2920273937
-0.290868330619
-0.290140131194
-0.289357189811
-0.289770163448
-0.290441488635
-0.29086651366
-0.290909938969
-0.291317412648
-0.292107624767
-0.292978717607
-0.292343407413
-0.291965202758
-0.292198857143
-0.292043343464
-0.292252642927
-0.292436978303
-0.294506239351
-0.293393545954
-0.29403312369
-0.294241754404
-0.293631004043
-0.291174320479
-0.290716483429
-0.288841146952
-0.288601663047
-0.28785544089
-0.288683607213
-0.289426993718
-0.289164223105
-0.288267817239
-0.28792701745
-0.286689723629
-0.286280884799
-0.286369247169
-0.286054708948
-0.28612303139
-0.286357017508
-0.285825913175
-0.286180146139
-0.285875164505
-0.285669857284
-0.285505024662
-0.285750760674
-0.284799215327
-0.285735960866
-0.286533658196
-0.285563852529
-0.285480400666
-0.285133357569
-0.284554818479
-0.284043152275
-0.283671719262
-0.283736564684
-0.283470359293
-0.282928131561
-0.281992049505
-0.281073874146
-0.281889460994
-0.281756065032
-0.282207063919
-0.284163355497
-0.286244960849
-0.286227922174
-0.288019507212
-0.286877955433
-0.287848465627
-0.288875650634
-0.290498483753
-0.288838798688
-0.289904163369
-0.287768337546
-0.286342425291
-0.284479523424
-0.283545766074
-0.283096986015
-0.281309522438
-0.280580087956
-0.28099794352
-0.281648801872
-0.281985757838
-0.281984341707
-0.281568582021
-0.279738568167
-0.279009943091
-0.27832473741
-0.277480800046
-0.277394534283
-0.278649820058
-0.280481201411
-0.281584705978
-0.282693069638
-0.2833512061
-0.283498550301
-0.282845730247
-0.281162316165
-0.279683448766
-0.278636817995
-0.277359809613
-0.278416415662
-0.277746708042
-0.27884590695
-0.278106251238
-0.277489557903
-0.277095664706
-0.276444391476
-0.276371592222
-0.276402135601
-0.276257365809
-0.277774765136
-0.27893701943
-0.280100261131
-0.281742121301
-0.282013336894
-0.28366561352
-0.284827815584
-0.286330058877
-0.286998523847
-0.287778403155
-0.288704919597
-0.289001126699
-0.287018728681
-0.287166955223
-0.285338481486
-0.284182413761
-0.282640011702
-0.280941146182
-0.278987145204
-0.275816035448
-0.274806193478
-0.27377396446
-0.272907372945
-0.273170653369
-0.27311130308
-0.272966071877
-0.273399412951
-0.273816996136
-0.274026018167
-0.273982624513
-0.273661023372
-0.271872792834
-0.271650063281
-0.271188000637
-0.270992636303
-0.271466578001
-0.273602098994
-0.27387296952
-0.273849062425
-0.274012172619
-0.274264047066
-0.273043194665
-0.273245309209
-0.272686137015
-0.273680482766
-0.273830176207
-0.273766859891
-0.274400290144
-0.27447002325
-0.275378816751
-0.274525918004
-0.272713606368
-0.27326887858
-0.273226554301
-0.272315068103
-0.27127071028
-0.269268922019
-0.269110918
-0.268712673636
-0.270142483749
-0.279472869196
-0.280010740221
-0.28189785139
-0.282093881819
-0.282770769839
-0.283428452787
-0.282960336308
-0.282749093765
-0.283785661104
-0.284546515973
-0.283392223839
-0.283532750389
-0.282521992252
-0.280811716003
-0.279505426427
-0.278894916589
-0.277408159021
-0.278005459441
-0.274140034541
-0.272964613709
-0.27150456861
-0.27181609911
-0.271737009444
-0.272064883631
-0.276050134971
-0.279574640204
-0.28171950828
-0.282652189095
-0.284930853788
-0.28507818253
-0.286045766291
-0.286227012911
-0.28764912925
-0.287144706607
-0.288046058061
-0.287758103368
-0.286725684173
-0.285280843087
-0.285248853296
-0.283948940467
-0.282309794876
-0.279536200241
-0.278978321465
-0.278010980542
-0.276720893621
-0.276547912962
-0.276002682575
-0.275980306767
-0.27588747399
-0.274816563841
-0.274750740047
-0.272720151324
-0.272872636567
-0.271259344294
-0.270651072821
-0.270501288819
-0.269929489863
-0.271066487438
-0.272966904521
-0.272511119234
-0.272423956568
-0.272330941273
-0.271677990174
-0.271676563973
-0.272557219608
-0.273970127129
-0.275674047852
-0.277241514331
-0.278286234667
-0.278766299548
-0.277854570284
-0.278757343341
-0.277278510719
-0.277822171006
-0.276201031001
-0.275253356839
-0.275012176994
-0.274177559744
-0.273213956833
-0.271829843795
-0.269447925634
-0.266336361885
-0.264076292169
-0.262631776401
-0.261763169598
-0.260442731597
-0.261299041561
-0.26292531806
-0.264870035178
-0.266723207464
-0.267897894228
-0.270006672491
-0.269730450258
-0.271395464864
-0.271258288513
-0.271697924375
-0.273382322515
-0.273490902663
-0.276283654248
-0.277297359088
-0.278478522452
-0.278278775452
-0.277978808687
-0.276786057694
-0.275781323655
-0.273865483713
-0.273144864621
-0.271881780406
-0.272016286295
-0.271785922748
-0.27384549027
-0.274908156558
-0.276090494896
-0.276690048503
-0.275578705985
-0.276011095844
-0.276709874209
-0.276684871782
-0.275878763068
-0.276019069681
-0.276989995981
-0.277437385863
-0.277158265789
-0.27565914559
-0.273035480575
-0.271930719275
-0.268621462225
-0.268349614575
-0.264254180291
-0.260504656806
-0.258404920499
-0.257459025218
-0.254784738986
-0.255152049391
-0.254142180213
-0.253264523795
-0.255225250913
-0.255645959329
-0.257399824389
-0.259404162055
-0.259717053413
-0.261866834184
-0.264426822982
-0.265838980975
-0.272977830559
-0.275919735996
-0.279147137303
-0.281743009737
-0.282918738454
-0.283340560579
-0.283641878647
-0.281678843501
-0.279928914673
-0.278134929658
-0.274726263594
-0.271285794134
-0.270266817887
-0.269882610426
-0.267311664659
-0.266918755511
-0.26575495732
-0.265066429079
-0.264795618866
-0.265683094993
-0.267052368416
-0.267645504488
-0.268338373469
-0.268737808059
-0.268894906649
-0.268456741112
-0.267770895441
-0.266824238738
-0.265905807408
-0.266389942687
-0.264506357684
-0.264908357648
-0.264984146702
-0.264218330491
-0.264936602783
-0.264982066064
-0.263604579106
-0.26275548861
-0.263023958641
-0.263869395344
-0.262870199977
-0.263427130013
-0.263782448106
-0.262807470716
-0.263351836922
-0.267828509991
-0.269597994746
-0.269848368903
-0.270828348629
-0.271072868909
-0.270067021575
-0.269816098588
-0.271015811862
-0.27062260291
-0.270504569935
-0.270054322458
-0.268893268152
-0.26884911519
-0.268333996333
-0.267461020182
-0.267243099839
-0.266540671924
-0.266121561815
-0.265636607358
-0.265222029786
-0.26482723997
-0.264132095637
-0.261746344959
-0.25999299132
-0.257736263484
-0.256084505262
-0.255570104946
-0.252637957669
-0.251359142771
-0.250621442985
-0.249874987475
-0.250998295393
-0.250799416414
-0.250819799809
-0.251596947619
-0.252648246126
-0.254418644844
-0.255156607229
-0.256679717935
-0.256917789272
