-1.6556843667
-1.6566560377
-1.65518265981
-1.6560301699
-1.65692011995
-1.65492021823
-1.65342072607
-1.64941258593
-1.64835688082
-1.64686459623
-1.6461133272
-1.64746476242
-1.6495825525
-1.65263979373
-1.65583182361
-1.65839811123
-1.66148821214
-1.66362552235
-1.66336833042
-1.66240819181
-1.66016532411
-1.65649129117
-1.65643335809
-1.65413962295
-1.6528168043
-1.651704746
-1.65016469364
-1.64095551956
-1.63859698861
-1.63677384573
-1.6362875008
-1.63763454817
-1.64149294212
-1.6433521062
-1.64660303999
-1.64849616968
-1.64861570114
-1.65083593666
-1.64989899188
-1.64807009639
-1.64601495327
-1.64359669226
-1.64318044502
-1.64420738861
-1.64593978887
-1.64675225916
-1.64801955418
-1.64764752587
-1.64714689705
-1.64699288819
-1.64682777711
-1.64727833992
-1.64921488397
-1.65224340749
-1.6550862786
-1.6570041579
-1.66013930545
-1.66203181667
-1.66092179679
-1.66037568418
-1.65479701012
-1.65004437734
-1.64503061725
-1.64087039541
-1.63942852773
-1.63959463313
-1.64188342
-1.64494570673
-1.64762498639
-1.65078130084
-1.65463031268
-1.65620911458
-1.65737155292
-1.65781021075
-1.65908764283
-1.65873038486
-1.65813675711
-1.65564072919
-1.65328089877
-1.64804068785
-1.64343215948
-1.64030665433
-1.63671993622
-1.6354725366
-1.63463305422
-1.63453720952
-1.63410988781
-1.63391530982
-1.63416321629
-1.63498354073
-1.63593252425
-1.63701651455
-1.6382386279
-1.64210874887
-1.64577691023
-1.64710649779
-1.64718652408
-1.64650456024
-1.64399058203
-1.64141800794
-1.63729183637
-1.63380084607
-1.63078907627
-1.62948672914
-1.63040489083
-1.63127585155
-1.6328589878
-1.63455655145
-1.63647213582
-1.6406270685
-1.6444871731
-1.64659187081
-1.647590717
-1.64915422565
-1.65015075252
-1.64957122064
-1.64677436436
-1.64443925024
-1.64262545946
-1.64158128304
-1.64045207315
-1.6392697155
-1.63741935548
-1.63388848604
-1.63243351417
-1.62907703839
-1.62901259065
-1.62972335719
-1.63013108122
-1.63202797429
-1.63855775872
-1.64039723815
-1.64390701173
-1.64545213441
-1.64635584049
-1.64673442463
-1.63066209461
-1.62756580026
-1.62538478543
-1.62301091377
-1.62353080875
-1.62366590136
-1.6249936621
-1.62734104551
-1.62987607292
-1.63461252769
-1.63913012953
-1.64175104164
-1.64708018231
-1.64993744725
-1.65321373533
-1.65473205682
-1.65477550679
-1.65309690855
-1.65220528488
-1.64926633766
-1.64692064215
-1.64502888104
-1.64213184543
-1.64162626309
-1.64022436157
-1.63959825188
-1.63876078685
-1.63951149318
-1.64051580341
-1.6437512954
-1.64619454852
-1.6490487756
-1.65196239306
-1.65509077138
-1.65638089468
-1.657118868
-1.65814967999
-1.65672848017
-1.6551136974
-1.65288006398
-1.65007443461
-1.64630865792
-1.64380966777
-1.63845775956
-1.63470810043
-1.62940719112
-1.62627030627
-1.62672275592
-1.62767268313
-1.63135384604
-1.63259494459
-1.63710468239
-1.63950969217
-1.64100789091
-1.64112344077
-1.63838603883
-1.63857179305
-1.63671581969
-1.63645626793
-1.63664301416
-1.63635977923
-1.63568186156
-1.63382815623
-1.63295906207
-1.63190262392
-1.63292320116
-1.6345177874
-1.63397425832
-1.63356159773
-1.62989916925
-1.6305582014
-1.63203328085
-1.63079559038
-1.62966259844
-1.63068945279
-1.63063489126
-1.63083615298
-1.63092897273
-1.63279473136
-1.63301086608
-1.63270185048
-1.63377420305
-1.63437894804
-1.63515965247
-1.63724469011
-1.6386325547
-1.64090843153
-1.64110871339
-1.64065276411
-1.63844674499
-1.63597936534
-1.63515279527
-1.63366197714
-1.63459819914
-1.63555010575
-1.63581525531
-1.63567826947
-1.63548730819
-1.63423899553
-1.63257530783
-1.63271997584
-1.63300244974
-1.63506323367
-1.63880297777
-1.64059666555
-1.64290279273
-1.64453563809
-1.64442945074
-1.64359716498
-1.6436890164
-1.64225040736
-1.6413292444
-1.64015789631
-1.63744443792
-1.63547534882
-1.63241498363
-1.63169376548
-1.62999350722
-1.63021668925
-1.63069088163
-1.63124465912
-1.63178006117
-1.63032944104
-1.62977668425
-1.62857880633
-1.62795239192
-1.62683384358
-1.62750106823
-1.6277665443
-1.63006510564
-1.63368300102
-1.6307867487
-1.63109797468
-1.6314429148
-1.63340271528
-1.63471361704
-1.63684919695
-1.63822627676
-1.63768035859
-1.63665490911
-1.63775488548
-1.63931369618
-1.64201976407
-1.64583323338
-1.64875371975
-1.64985330915
-1.64858751055
-1.64723276396
-1.64539904985
-1.64281494338
-1.64181852121
-1.64018896043
-1.64006959284
-1.64019365561
-1.64232021643
-1.64276691731
-1.64278234087
-1.63962614836
-1.63724606064
-1.63745569115
-1.63730783115
-1.63766998371
-1.63747073928
-1.63809232566
-1.63585007181
-1.63383467809
-1.63195854799
-1.62984778587
-1.63092236123
-1.63502599711
-1.63812569426
-1.64054921868
-1.64050482301
-1.63952390452
-1.63703375067
-1.63304518038
-1.62940230013
-1.6278377686
-1.62758797157
-1.62942630557
-1.63058041472
-1.63216437618
-1.63385875077
-1.63354540725
-1.63453666192
-1.63547293597
-1.63637094092
-1.63803532895
-1.64075411375
-1.64378383252
-1.64627330678
-1.64730293845
-1.6475706161
-1.64546932034
-1.64377155481
-1.63849433755
-1.63493409129
-1.62734917791
-1.62221582704
-1.62005145895
-1.61770627778
-1.61594904924
-1.61612197379
-1.61599733896
-1.61794133188
-1.62042581839
-1.6229251013
-1.62654638426
-1.62912550453
-1.63095060625
-1.63039806447
-1.62996112006
-1.62934624374
-1.62898316785
-1.63000161928
-1.63020735876
-1.63162960442
-1.63079313783
-1.63027839079
-1.62780763019
-1.623637345
-1.61851705416
-1.61931821323
-1.61897113787
-1.62149952054
-1.62608284294
-1.63175937393
-1.63450243386
-1.63608842434
-1.63603738938
-1.63302272966
-1.6302812781
-1.62629867419
-1.62365835053
-1.62403748905
-1.6264082571
-1.62912648964
-1.6337416576
-1.63669140755
-1.63757522054
-1.63730387376
-1.63656844768
-1.63701759908
-1.6389735848
-1.64032303849
-1.64297184354
-1.64212938689
-1.64063715217
-1.63924874417
-1.63464242489
-1.63159455416
-1.62827147854
-1.62715169677
-1.62598065699
-1.62519239722
-1.62694195627
-1.62697219361
-1.62955060278
-1.63118144124
-1.63276585262
-1.63385491196
-1.63630882157
-1.64021120139
-1.64429161124
-1.64719536073
-1.64807833962
-1.64762741458
-1.6438290461
-1.64011856276
-1.63478035713
-1.62739443602
-1.61931041417
-1.61223600524
-1.60657375119
-1.60606605811
-1.60827182256
-1.61440026107
-1.6243705157
-1.63635438242
-1.64500046717
-1.65494883194
-1.65982345055
-1.66172784905
-1.66114549877
-1.65580575677
-1.65014915162
-1.6448064058
-1.63813546817
-1.63207217287
-1.62666722461
-1.62339190296
-1.61932585272
-1.61354603397
-1.61238052374
-1.61168022723
-1.61298133723
-1.61934249558
-1.62617636648
-1.63451406753
-1.63997279446
-1.64392696539
-1.64676269613
-1.64950032958
-1.65289587371
-1.65716116371
-1.65922611131
-1.66178334414
-1.66037927526
-1.65531509249
-1.64648954334
-1.63365897736
-1.62479523872
-1.61400731862
-1.6069017949
-1.60600206098
-1.60696799261
-1.61171219213
-1.62124275162
-1.63477032404
-1.64367971112
-1.6538328483
-1.65937113634
-1.6619608303
-1.66133209174
-1.65633976295
-1.65022210047
-1.64323739842
-1.63610228593
-1.63061327141
-1.6247832136
-1.62186417161
-1.62048389508
-1.62104184867
-1.62484409103
-1.62986573029
-1.63089191853
-1.63190942106
-1.63143278108
-1.62992189031
-1.62758404111
-1.62753491582
-1.6312437877
-1.63530049845
-1.64377167539
-1.64900356081
-1.65239562587
-1.6490634308
-1.64340782635
-1.63396689831
-1.62606591267
-1.61876969005
-1.61481964682
-1.61213761332
-1.61544997246
-1.61764822013
-1.62182313234
-1.6248759133
-1.62617459215
-1.62684965787
-1.62710289301
-1.62898823527
-1.63188277828
-1.63843178008
-1.64301332742
-1.6470579692
-1.64806310464
-1.64736663858
-1.64506100073
-1.64247906414
-1.64165171475
-1.64175273639
-1.64321231212
-1.64558372029
-1.64849938189
-1.65066424362
-1.65169921361
-1.65329536793
-1.65270089904
-1.65099152996
-1.64988992823
-1.64840538488
-1.64772756945
-1.64840241444
-1.64596750738
-1.64561124379
-1.64309156281
-1.64346807483
-1.64361435658
-1.64409164622
-1.64573710912
-1.64619388749
-1.64708256387
-1.64527000497
-1.64298635942
-1.64167852755
-1.63685232581
-1.63487289789
-1.63308319965
-1.63262698128
-1.63149596245
-1.63126432687
-1.63111295131
-1.63188189227
-1.6325911121
-1.63265999151
-1.63412305434
-1.63514005028
-1.63921336254
-1.64211245511
-1.64536487133
-1.6470533227
-1.64768940629
-1.64681121889
-1.6473241843
-1.64762928405
-1.64920838514
-1.65124493918
-1.65467060906
-1.65623795077
-1.65718139202
-1.65670166375
-1.65412817432
-1.65044593948
-1.643353794
-1.64022795247
-1.63479546582
-1.6337781552
-1.63991977007
-1.64496245891
-1.64927291031
-1.65112099047
-1.65208070808
-1.64949984182
-1.64804095182
-1.64463663906
-1.6451727682
-1.64588233326
-1.6486668345
-1.64866212992
-1.64817611813
-1.64650426303
-1.64080906809
-1.63793667462
-1.63628216536
-1.6360521683
-1.63837563055
-1.642364277
-1.64530711908
-1.64724054101
-1.64874652945
-1.64880771227
-1.64974002994
-1.65123098481
-1.65581763125
-1.6589779628
-1.66284934166
-1.66653910902
-1.66660772341
-1.66367413299
-1.66069939042
-1.65388830513
-1.64935694172
-1.64832077553
-1.64893044986
-1.65163996776
-1.65555215212
-1.66182457267
-1.66180302287
-1.66203584047
-1.66021394643
-1.65563674648
-1.65213376722
-1.64878484136
-1.64517737243
-1.64590859603
-1.64977000898
-1.65474327917
-1.65824047699
-1.66102157672
-1.66192755112
-1.66061584148
-1.65870079882
-1.65446473289
-1.65296734504
-1.65093427948
-1.65093886225
-1.65187789154
-1.6540699616
-1.65656300281
-1.65867990946
-1.65762348297
-1.65304336528
-1.64665385075
-1.6414843989
-1.63582714196
-1.63483987559
-1.6375138852
-1.6419004897
-1.64735414872
-1.65123918255
-1.65311482756
-1.65463291792
-1.65514813965
-1.65521933305
-1.65382572919
-1.65383806867
-1.65368169592
-1.65412962182
-1.65623917149
-1.65664835603
-1.65802174917
-1.65720705542
-1.65532157553
-1.64995329835
-1.6444881606
-1.63955934766
-1.63689491572
-1.63397694033
-1.63213346744
-1.63191774084
-1.63283737829
-1.63525626118
-1.64072778211
-1.64775449847
-1.65187668844
-1.6555618028
-1.6570353135
-1.65613201707
-1.65544864977
-1.65219555774
-1.65010676811
-1.64810958189
-1.64844369211
-1.64883421118
-1.6511317504
-1.65239110623
-1.65155368573
-1.64976568895
-1.64832862809
-1.64396176415
-1.64140403623
-1.63944061607
-1.64039170304
-1.64628643584
-1.65427023014
-1.66032562259
-1.66781947713
-1.66943846924
-1.66735193706
-1.66261719074
-1.6540432177
-1.64468462141
-1.64127284283
-1.6380806322
-1.63832614316
-1.64142406397
-1.64447325038
-1.6461721335
-1.64660074462
-1.646360519
-1.64476710806
-1.6430472075
-1.64224691553
-1.64495096466
-1.66239081711
-1.66427239286
-1.66535478095
-1.66403032403
-1.66116052298
-1.65643356358
-1.65176262187
-1.64566751164
-1.64246354635
-1.63868612962
-1.63682012149
-1.63672719407
-1.63432112426
-1.63225310014
-1.62992324124
-1.62997563839
-1.63163921559
-1.6376422599
-1.6439476125
-1.65448941232
-1.66226945981
-1.66951152328
-1.67428258056
-1.67795427026
-1.67962019141
-1.67925710088
-1.67582317667
-1.672260565
-1.6610564693
-1.64931984355
-1.64021030709
-1.628563355
-1.62403626166
-1.62015471996
-1.6210183919
-1.62354027588
-1.62605743406
-1.62643578476
-1.62838128475
-1.62849301456
-1.63122477536
-1.63371523591
-1.63970366363
-1.64733037291
-1.65294780469
-1.6598604481
-1.66212368376
-1.66540467765
-1.66562770384
-1.66453595254
-1.66060995827
-1.65714609501
-1.64874444058
-1.64283418837
-1.6340722436
-1.62929551464
-1.62539387376
-1.62383832558
-1.62727607234
-1.6291884246
-1.63023259162
-1.63171850325
-1.63404431731
-1.63698846175
-1.64114714911
-1.64671619111
-1.65483488669
-1.66342911445
-1.6684556283
-1.67046656171
-1.66836029142
-1.66392238378
-1.65905052127
-1.65184983153
-1.64811022759
-1.64637230622
-1.64699819443
-1.6471825233
-1.64721922771
-1.64602079754
-1.64454525441
-1.64395141694
-1.64335809547
-1.6432663875
-1.64518200974
-1.64884587978
-1.65133506147
-1.65457491796
-1.65638515966
-1.65837176977
-1.65824478552
-1.65809000273
-1.65693244078
-1.65679608848
-1.65501347209
-1.64797776515
-1.64152000074
-1.63708518374
-1.63054987794
-1.62764269116
-1.62529108296
-1.62693527348
-1.62819450334
-1.63291652378
-1.63565588285
-1.64070315305
-1.64584440749
-1.64778693933
-1.65257612679
-1.6544329584
-1.65836576293
-1.66186144296
-1.66407180286
-1.66443897464
-1.66289620182
-1.65980585304
-1.65754469801
-1.65304182686
-1.64915238472
-1.64459265767
-1.63995756014
-1.63753205874
-1.63659474287
-1.63756409436
-1.64112881261
-1.64285827258
-1.64606764803
-1.64751230304
-1.64837946844
-1.65021526777
-1.6532476508
-1.66023058625
-1.66781990629
-1.67635183575
-1.68425012772
-1.68622227811
-1.67982641256
-1.67469216463
-1.66550184606
-1.65584615904
-1.65097096308
-1.63871677557
-1.63127258424
-1.62176783202
-1.61513958102
-1.61379178714
-1.61666283079
-1.62147950994
-1.63173036232
-1.64227311856
-1.65715846431
-1.67050393477
-1.67873453321
-1.68572698469
-1.68830019232
-1.69041645634
-1.69085885822
-1.69109914963
-1.68910228171
-1.68563657112
-1.67820238685
-1.67045467024
-1.65810915733
-1.64837374827
-1.63679397724
-1.62795533321
-1.6262633909
-1.62671448917
-1.6298952948
-1.63608723654
-1.6407239308
-1.64492360303
-1.64738675718
-1.64974591505
-1.65717065939
-1.66420425645
-1.67535051648
-1.68281078189
-1.68875262362
-1.68921371814
-1.68758898771
-1.67744310522
-1.66856439549
-1.65479682442
-1.64396964742
-1.63779811315
-1.63130111122
-1.62992968697
-1.62941663601
-1.63073555709
-1.62912098153
-1.62743525105
-1.62636102903
-1.62679970667
-1.62960065473
-1.6370620315
-1.64485485502
-1.65790277797
-1.66818051614
-1.67472597317
-1.67757379808
-1.67764068071
-1.67263984113
-1.66911387157
-1.66209334336
-1.65635101996
-1.65100140753
-1.6442888063
-1.64067757343
-1.63598286461
-1.63215247352
-1.62923049261
-1.62779234459
-1.62650539507
-1.62710816398
-1.63002065325
-1.63520811947
-1.64170997014
-1.65046788836
-1.65750176079
-1.65979162984
-1.66266122112
-1.66085522963
-1.65857052159
-1.65758468775
-1.65824996165
-1.65995031303
-1.66194758049
-1.66169020905
-1.66009063894
-1.65642839876
-1.65096411533
-1.64675687706
-1.64342985547
-1.64370487527
-1.6475590608
-1.65074891717
-1.6571854686
-1.66261928265
-1.66483770129
-1.66748193868
-1.66882358349
-1.66722615716
-1.66571573856
-1.66447584565
-1.66103405806
-1.6587022774
-1.65389553201
-1.65055470921
-1.64529470106
-1.64122691528
-1.63580869801
-1.63137169631
-1.629022993
-1.62972685012
-1.63146463157
-1.63943978303
-1.64816370851
-1.65988444855
-1.67378558797
-1.67921122139
-1.68432973636
-1.68602166128
-1.68203245644
-1.67693587029
-1.6719964995
-1.666508634
-1.66272027897
-1.65896048595
-1.6564965629
-1.654009632
-1.6511333923
-1.64865216825
-1.64489652435
-1.6411895717
-1.63621131745
-1.63481331354
-1.63520783243
-1.63924863831
-1.64411750027
-1.65283040757
-1.65926608662
-1.66643055756
-1.67150169304
-1.67781641198
-1.68364452333
-1.68527504691
-1.68704622679
-1.68641765744
-1.68319354213
-1.67863379609
-1.67313346008
-1.66583643488
-1.66199588604
-1.65715749985
-1.65428715435
-1.65192879682
-1.65135382729
-1.65120868705
-1.6497557201
-1.64811418619
-1.6436582128
-1.64139848613
-1.63874857526
-1.63994555608
-1.64338779213
-1.65108433705
-1.65784368266
-1.66597747747
-1.66859590914
-1.6693762991
-1.66649315082
-1.66318265977
-1.66040040024
-1.66065439927
-1.66502262073
-1.66928972553
-1.67573164378
-1.68048058503
-1.68192827819
-1.6800640428
-1.67603387748
-1.66984056466
-1.66374585557
-1.66027154194
-1.65878193759
-1.65780393647
-1.6549393432
-1.65089078321
-1.64194709318
-1.63382541996
-1.62370209596
-1.62063933936
-1.62722054084
-1.63424839314
-1.64246646719
-1.64566311898
-1.64707851298
-1.64665337526
-1.64655946146
-1.64946890096
-1.65281302432
-1.65900956009
-1.66295877168
-1.66188247976
-1.65610158478
-1.65004836834
-1.63968768391
-1.63210358917
-1.62635712587
-1.62447561591
-1.62536359943
-1.62566515435
-1.62510479272
-1.62206793218
-1.61931895593
-1.61475028349
-1.6124387815
-1.61373964865
-1.61999870793
-1.62272309441
-1.62996852299
-1.63369649559
-1.63691920853
-1.63876938874
-1.63837556632
-1.63870109416
-1.63988044714
-1.6454660663
-1.65342470567
-1.66285569307
-1.66939730613
-1.67207245181
-1.67017493177
-1.66710925113
-1.6571835393
-1.64856073742
-1.64212099533
-1.64033933511
-1.64128605848
-1.6464698939
-1.65237588389
-1.66028850314
-1.66606235584
-1.66620222115
-1.66421850406
-1.66100268609
-1.65717327883
-1.65535680705
-1.65681654055
-1.65879690092
-1.66022450068
-1.65952177024
-1.65790297665
-1.65179882211
-1.64554645601
-1.63641941764
-1.63098639594
-1.62858535675
-1.62840760109
-1.62997360338
-1.63177921585
-1.63372386458
-1.6377425472
-1.64081735033
-1.64522037593
-1.65105632936
-1.6562225566
-1.66073728068
-1.66184093289
-1.66317593358
-1.66351317089
-1.66482476642
-1.66674882816
-1.66903318255
-1.67018786362
-1.6681621039
-1.66392637252
-1.65595565651
-1.64976329401
-1.64298096976
-1.63972116087
-1.63848674609
-1.64202133695
-1.64493993421
-1.64797642759
-1.64999094231
-1.65119174313
-1.65247385852
-1.65427080461
-1.65845024264
-1.66178326529
-1.66510282652
-1.66822374563
-1.66822775734
-1.66666024227
-1.66087359865
-1.65236788401
-1.64603206931
-1.63867701763
-1.63445475605
-1.63112533115
-1.62989335939
-1.63136099559
-1.63286780924
-1.63440321497
-1.63528714102
-1.63624749232
-1.63823247575
-1.64029785124
-1.64671164998
-1.65952168648
-1.66541821834
-1.66660375395
-1.66615870874
-1.66310541343
-1.65985339745
-1.6550207138
-1.65173641921
-1.63327998819
-1.62787619713
-1.6265255513
-1.62362379543
-1.62388751529
-1.62695980677
-1.6318049542
-1.64051926913
-1.65098328602
-1.65778087223
-1.66275832092
-1.66507636352
-1.66653227267
-1.66537614863
-1.66536013331
-1.66561675086
-1.66361598447
-1.6625860433
-1.65921028344
-1.65400037803
-1.6499897004
-1.64257514699
-1.63629511753
-1.63193933524
-1.62703839041
-1.62438343418
-1.62350574587
-1.62312357814
-1.62768250493
-1.63483680493
-1.64198643703
-1.65040495336
-1.65506277586
-1.65892274952
-1.65973538978
-1.6601497912
-1.66037460768
-1.66070600353
-1.6637372451
-1.66487164994
-1.66724497076
-1.66507304339
-1.66164020119
-1.65528732935
-1.64892447161
-1.64279768877
-1.63992368463
-1.63783758309
-1.63825041695
-1.63986796755
-1.64088586355
-1.64293667611
-1.64177985519
-1.64255689325
-1.64227227553
-1.64323591147
-1.64531304258
-1.64827776513
-1.64971683147
-1.65245958038
-1.65339632599
-1.65487113409
-1.65500960241
-1.65526115707
-1.65256147012
-1.65116125437
-1.64510344675
-1.64125441228
-1.63305432637
-1.6258612167
-1.62339374782
-1.62408745106
-1.62765285779
-1.63185525394
-1.63452030204
-1.63464600081
-1.63202119864
-1.62950471069
-1.62755134486
-1.62809567287
-1.63315848456
-1.63929670411
-1.64314225658
-1.64610300414
-1.64593034844
-1.64305130126
-1.6393514808
-1.635311541
-1.63464827031
-1.63456962834
-1.63863886078
-1.64089270789
-1.64301574219
-1.642989177
-1.64029838935
-1.63431143788
-1.62899037721
-1.6223315764
-1.62035878423
-1.62134838745
-1.62521024228
-1.63186610257
-1.63924638262
-1.64422344048
-1.64686068304
-1.64805181139
-1.64834604511
-1.64743514087
-1.64768113582
-1.64956335183
-1.65135335706
-1.65335225646
-1.65314418217
-1.64899572341
-1.64503178741
-1.6402099697
-1.63401678198
-1.63224873449
-1.62801168223
-1.62558470884
-1.62578375796
-1.62680238036
-1.62898693982
-1.63311271659
-1.63527133355
-1.64039295741
-1.64287158777
-1.64503124154
-1.64693095007
-1.64911860676
-1.65051359715
-1.65147549372
-1.65191256915
-1.65219948923
-1.65156333985
-1.65052433768
-1.64932909099
-1.64839497244
-1.64828064463
-1.64580912973
-1.64365478138
-1.64109766346
-1.63792243045
-1.63441757003
-1.63260190224
-1.63148538448
-1.63276712311
-1.63379604939
-1.63590790306
-1.63789566193
-1.6386677987
-1.64188536711
-1.64268545594
-1.64426624276
-1.64806518476
-1.65244527866
-1.65387254912
-1.65731857298
-1.65892633399
-1.65579477578
-1.65255349702
-1.64862339523
-1.64331515673
-1.64165848631
-1.6405367371
-1.64218521961
-1.64233746793
-1.64232093183
-1.64397881164
-1.64518697748
-1.64597500494
-1.64783394313
-1.649163763
-1.65185499357
-1.65279892137
-1.65401181004
-1.65418130613
-1.65409527679
-1.65221223278
-1.65048836891
-1.6473293728
-1.64337515121
-1.6411024725
-1.63824144754
-1.63751098326
-1.63894145847
-1.64028582148
-1.64324610858
-1.64486880044
-1.64559256908
-1.64701876624
-1.64730702313
-1.64625843772
-1.64756858891
-1.64851536205
-1.65083209549
-1.65209532535
-1.65480560272
-1.65583621709
-1.65285261454
-1.65047100788
-1.64736385809
-1.64464615156
-1.64247925212
-1.6427939455
-1.6433839513
-1.64454185422
-1.64288781843
-1.64214003075
-1.63916228449
-1.63760975502
-1.63859715811
-1.64065136192
-1.64448732586
-1.64993213757
-1.65224690726
-1.65626056258
-1.65983773309
-1.66307226866
-1.66498870221
-1.66653719629
-1.66641506706
-1.66545357722
-1.66215736182
-1.65956785409
-1.6550283742
-1.65111673959
-1.64582616494
-1.63950390691
-1.63673291
-1.63347531295
-1.63209063241
-1.63215744173
-1.63303920315
-1.63516124449
-1.63737037251
-1.63866100166
-1.64418990752
-1.64969226389
-1.65616427088
-1.66245493774
-1.66484979006
-1.66857855365
-1.66802874463
-1.66823330039
-1.66661910957
-1.66512935534
-1.65953552978
-1.65559791371
-1.64886823311
-1.64299038414
-1.63437620767
-1.62958744796
-1.62347259254
-1.6182649788
-1.61722157124
-1.61515637555
-1.61521551569
-1.61716051886
-1.61887011336
-1.6232348088
-1.63040563932
-1.6371573262
-1.64366019332
-1.64860864099
-1.65315432695
-1.65527034959
-1.65761625728
-1.65853736545
-1.65744396944
-1.65527561682
-1.65304552803
-1.65033356871
-1.6476404071
-1.64605160101
-1.64449460999
-1.64318921173
-1.63971555792
-1.63663080795
-1.63116645787
-1.62970882571
-1.63062404606
-1.634423556
-1.63911818972
-1.64789555786
-1.65411949589
-1.66024757608
-1.66210780552
-1.66170118329
-1.65754222728
-1.65595470256
-1.65292544596
-1.65329840952
-1.6533407787
-1.6547324779
-1.65470132521
-1.65414149173
-1.65445048379
-1.65509148715
-1.65624196503
-1.65873323916
-1.66451986785
-1.66819383509
-1.66944937086
-1.66742830472
-1.66310010004
-1.65573539328
-1.64536569389
-1.638842287
-1.63758178971
-1.63758197868
-1.63928435297
-1.6432584885
-1.64414679616
-1.64306917367
-1.63924647236
-1.63765060834
-1.63296099886
-1.6335508248
-1.63929214211
-1.64907512973
-1.65727883231
-1.66614716867
-1.6704564459
-1.67136520929
-1.67026991477
-1.66656124851
-1.66258980905
-1.66034117585
-1.6598501843
-1.65796876726
-1.65799568784
-1.65723243869
-1.6539215213
-1.6485759496
-1.64450867159
-1.64053181791
-1.64108969635
-1.64340085968
-1.64706664241
-1.6517525181
-1.65480938829
-1.65528086063
-1.65581554543
-1.65629208723
-1.65764678632
-1.65869120848
-1.66042553667
-1.66111649284
-1.65415200198
-1.65146220024
-1.65220340732
-1.65331722919
-1.65397596877
-1.65532562255
-1.6562528648
-1.65332778157
-1.64881190359
-1.64342333116
-1.63951181844
-1.63680313761
-1.6358607881
-1.63891018305
-1.64010491673
-1.64099188909
-1.64111505315
-1.64041184692
-1.63958979387
-1.63816631104
-1.63819949983
-1.64603107734
-1.65052573496
-1.65455817375
-1.65705917486
-1.65583020674
-1.651885308
-1.64848706003
-1.64532965384
-1.64436630409
-1.64580601202
-1.6506030526
-1.65411219907
-1.65815392602
-1.66007491507
-1.65866144172
-1.65397569832
-1.64976892604
-1.64539276624
-1.6457257459
-1.64765318808
-1.65100005075
-1.65640408136
-1.66169136859
-1.66241067139
-1.66193995441
-1.65966748287
-1.65533856065
-1.6515189162
-1.65180572217
-1.65354624148
-1.6551261849
-1.65959147651
-1.66158378161
-1.66692433279
-1.66938448184
-1.6726214065
-1.67966798583
-1.68454005168
-1.68889324987
-1.69154519302
-1.69031035975
-1.68772236966
-1.68243207185
-1.67666223067
-1.67052766593
-1.66617917974
-1.66060873902
-1.65498345204
-1.65124060563
-1.64554055584
-1.64297110804
-1.64151792716
-1.64177279447
-1.64567445104
-1.65109474411
-1.6604902309
-1.6644942966
-1.66939189611
-1.67175963879
-1.67660001638
-1.68095476076
-1.68369725274
-1.68579457599
-1.68524029455
-1.67908403544
-1.67148846467
-1.66381779103
-1.655546883
-1.65118304707
-1.64873059395
-1.64974900932
-1.64683963693
-1.64678484809
-1.65162734076
-1.66270390581
-1.67314922072
-1.68468583686
-1.68884314378
-1.68776641735
-1.68334118058
-1.67398173525
-1.66398958201
-1.65797836874
-1.65423125897
-1.6542413089
-1.65661552224
-1.65946970825
-1.66170188707
-1.65974273839
-1.65584538054
-1.65010712652
-1.64586773622
-1.64454476032
-1.64905742333
-1.6569890536
-1.6604412234
-1.66645559765
-1.66896332758
-1.66715817312
-1.66492961507
-1.66422876329
-1.66526766351
-1.66668794018
-1.66969052978
-1.67128901203
-1.6697978413
-1.66729693279
-1.66323219587
-1.65762612234
-1.65480711879
-1.6504418909
-1.64922415368
-1.64689486051
-1.64511567569
-1.64359252389
-1.63959494247
-1.6371169933
-1.63526168614
-1.63469989596
-1.63547995137
-1.63970691205
-1.64425511754
-1.64907185672
-1.65146232747
-1.65331483358
-1.65316192165
-1.65332155929
-1.65277633347
-1.65358739462
-1.65572453684
-1.65687864982
-1.65925640316
-1.66015165811
-1.65941763217
-1.65844279543
-1.65849546781
-1.65784035809
-1.65777965151
-1.65435641008
-1.65260894429
-1.65102091752
-1.65003894972
-1.65197223547
-1.65481259086
-1.65651443909
-1.65948508303
-1.66041897115
-1.65989363719
-1.65737938456
-1.653761093
-1.64977011689
-1.64940414414
-1.65114608426
-1.65829562352
-1.66491918894
-1.67174822688
-1.674784018
-1.67297257151
-1.669154512
-1.66304500345
-1.65814864991
-1.66155602835
-1.6652791264
-1.67040864224
-1.67175508835
-1.66913939473
-1.66209066026
-1.64355148357
-1.64249043948
-1.64467458703
-1.64850332018
-1.65152682589
-1.65325573612
-1.65351421352
-1.65361225282
-1.65204355998
-1.65229055336
-1.65264162998
-1.65401387311
-1.65606723431
-1.65828918043
-1.65725159197
-1.65564321779
-1.65300259726
-1.65063682126
-1.64972075741
-1.65494282416
-1.65869077543
-1.66136192126
-1.66173038656
-1.66211889713
-1.66051517474
-1.65724675642
-1.65451851431
-1.64955515458
-1.64610780346
-1.64327539114
-1.64123175851
-1.63967991113
-1.63774694167
-1.63503910018
-1.63299492164
-1.63162600175
-1.63319389315
-1.63700118102
-1.64167867185
-1.6483125916
-1.65449309275
-1.66061363152
-1.66486746269
-1.66565812577
-1.66622369829
-1.66632063171
-1.66391775615
-1.66260616047
-1.66005339837
-1.65580660789
-1.65472431522
-1.65172444013
-1.64979349998
-1.64465236962
-1.64190626901
-1.63822523845
-1.63293792271
-1.63002993554
-1.62762318505
-1.62678829378
-1.62958196652
-1.6339025507
-1.63701091003
-1.64455642258
-1.64877889791
-1.65347197073
-1.6563437503
-1.65860331537
-1.66081538477
-1.66049462164
-1.65940626159
-1.6588811901
-1.65728859638
-1.65514268975
-1.65066370232
-1.64112773464
-1.63556798836
-1.63162243012
-1.62837093061
-1.62886416751
-1.63266989141
-1.63718893145
-1.63940590962
-1.64256401983
-1.64376587293
-1.64414778571
-1.64334233649
-1.64342041449
-1.64420953738
-1.64513391439
-1.64520855041
-1.64708618763
-1.64703787087
-1.64729474011
-1.64713691644
-1.64765595973
-1.64814875688
-1.64860191854
-1.64831240674
-1.6428591127
-1.63916387619
-1.6351568693
-1.63076154945
-1.6294419518
-1.62786895572
-1.62763485709
-1.62479983245
-1.62727319029
-1.63117262462
-1.63439990308
-1.64141721809
-1.644412819
-1.6451149064
-1.64396399831
-1.64315134865
-1.6411777351
-1.63792824197
-1.63670758095
-1.63468144726
-1.63274367246
-1.63018494137
-1.62668530469
-1.62480509188
-1.63277527153
-1.63802546961
-1.64184608873
-1.64767345334
-1.6507672066
-1.65423261522
-1.65432931751
-1.65248695961
-1.64992765887
-1.64271354061
-1.64124014925
-1.64040229196
-1.63827439815
-1.63516842636
-1.63132821949
-1.62726295551
-1.62160341077
-1.62050822273
-1.62081197531
-1.62461886076
-1.63151889584
-1.63886240328
-1.64357794993
-1.64742128485
-1.6493235555
-1.64977915582
-1.65015436024
-1.65010062066
-1.64927486284
-1.64861216014
-1.64655602364
-1.64590728031
-1.6445010168
-1.64261954427
-1.64244269224
-1.64026743506
-1.63848790927
-1.6353561119
-1.63348011939
-1.63150443735
-1.63058451248
-1.63153869667
-1.62990498134
-1.62822908447
-1.62556520866
-1.62351577744
-1.62064270047
-1.61935426847
-1.62048650009
-1.62288841923
-1.62713005653
-1.63247867463
-1.63605503293
-1.63834139809
-1.63704855957
-1.63318049966
-1.62788667423
-1.62429515734
-1.62103620815
-1.62070930783
-1.62101644089
-1.62046993114
-1.61990858252
-1.61520670564
-1.61020871434
-1.6029877808
-1.59796929131
-1.59273136697
-1.59245474762
-1.59541428939
-1.60537501717
-1.61384790622
-1.62583002694
-1.63423152157
-1.63750559541
-1.63892768272
-1.63864536507
-1.63918394602
-1.63942222874
-1.63679972028
-1.63419092975
-1.62931159475
-1.62249240869
-1.61479717696
-1.60638260569
-1.60129565009
-1.59424105062
-1.58885870972
-1.58722961498
-1.58791951892
-1.59161416513
-1.59506389192
-1.59869339091
-1.60373625587
-1.60827852193
-1.61288808268
-1.61751281647
-1.62149215249
-1.62643857724
-1.62938488376
-1.63076708876
-1.63114893125
-1.62417334896
-1.61817064467
-1.61069202406
-1.60428930905
-1.59761964528
-1.59430501522
-1.5921450979
-1.59080613077
-1.59076092517
-1.5903928493
-1.59045597101
-1.59125870449
-1.59313404205
-1.59543543478
-1.60432089489
-1.6090145893
-1.61317495166
-1.614231218
-1.61327781313
-1.61096123572
-1.60561976848
-1.60314756742
-1.60084558292
-1.59831731738
-1.59599133001
-1.59450539711
-1.59113103934
-1.58925425173
-1.58688583655
-1.58523498046
-1.58553280872
-1.58700995779
-1.59027017973
-1.59696092414
-1.6026238658
-1.60909982798
-1.61291371058
-1.61460111516
-1.61475458317
-1.61392887138
-1.61226691558
-1.61043129836
-1.60759192936
-1.60352439034
-1.60085956998
-1.5973374373
-1.5940600994
-1.58895605975
-1.58495152163
-1.58154269843
-1.57861863717
-1.57829460062
-1.58089261171
-1.58370735933
-1.58577848213
-1.58811320782
-1.58850137085
-1.5884236282
-1.58851661565
-1.59184538544
-1.59566114912
-1.60192788806
-1.60799781514
-1.61027697689
-1.6102727201
-1.60735623741
-1.6021411602
-1.59721866529
-1.59035873009
-1.58685735531
-1.58519774369
-1.5853279802
-1.58554896457
-1.58716159785
-1.5885158421
-1.58847467445
-1.58723228465
-1.58665880002
-1.58388680738
-1.58555435181
-1.58739031799
-1.59002697521
-1.59366678177
-1.59487421368
-1.59494127904
-1.5941674391
-1.59077689991
-1.587054745
-1.58512533246
-1.5822358057
-1.58242305451
-1.58078872028
-1.58003506236
-1.57986123277
-1.57906206864
-1.57840540331
-1.5787980068
-1.57898255953
-1.57953058182
-1.58043893326
-1.58100723952
-1.58304279124
-1.58438030519
-1.58556477987
-1.58618920223
-1.58710980263
-1.5862669654
-1.58546495735
-1.58275009725
-1.57816214788
-1.57489479578
-1.57202416656
-1.56983942341
-1.56907301929
-1.56969095908
-1.57253867647
-1.57392624186
-1.57671924575
-1.57830029508
-1.57889278544
-1.57845259454
-1.57484961599
-1.57378049719
-1.57362240855
-1.57477748574
-1.57743734204
-1.58212233023
-1.5850145086
-1.58353187837
-1.57997431632
-1.57617745496
-1.56925231409
-1.56714043561
-1.56410316437
-1.56490767149
-1.56635477449
-1.56556913158
-1.56516869085
-1.56386373305
-1.56078417804
-1.55946263055
-1.55998591102
-1.56236674082
-1.56770118662
-1.57372503956
-1.58141197136
-1.5868270857
-1.58875834329
-1.58968028305
-1.58689154469
-1.58353606072
-1.58151384649
-1.57967905832
-1.57792530818
-1.57601517986
-1.5736213836
-1.5714505017
-1.56753804826
-1.56497244674
-1.56239693146
-1.56221178087
-1.56127186705
-1.56218904197
-1.5632283249
-1.56586598188
-1.5686502088
-1.57355178334
-1.57766629748
-1.58125999837
-1.58775103717
-1.59073762312
-1.59222161417
-1.59160307665
-1.5888805083
-1.58810827798
-1.58542628168
-1.58304951104
-1.5812179407
-1.581315412
-1.58084473434
-1.58054203152
-1.57977171519
-1.57912760265
-1.57871313051
-1.57756339385
-1.57754283697
-1.57503221844
-1.57480616735
-1.57459734909
-1.57629535103
-1.57825193791
-1.58128536116
-1.58353960554
-1.58524137621
-1.58629424534
-1.58533361606
-1.58496085305
-1.58419740855
-1.58402349114
-1.58306406992
-1.58289118352
-1.58182400223
-1.58231233354
-1.58304303272
-1.58279940134
-1.5833113055
-1.58278129849
-1.57998769116
-1.57538788901
-1.57278491144
-1.56813364483
-1.56674309929
-1.56837878757
-1.57265992547
-1.57667131194
-1.58128740318
-1.58318255413
-1.58389878367
-1.58377470266
-1.58084779355
-1.57805375356
-1.57795332263
-1.57993630393
-1.58228429673
-1.5871976491
-1.59111528011
-1.59278908927
-1.58955029914
-1.58559820567
-1.57938241921
-1.57617416405
-1.57438138985
-1.57492341027
-1.57845255749
-1.5837838374
-1.58515160854
-1.58594176385
-1.58146873061
-1.57773512234
-1.57321458158
-1.57038031574
-1.57003897748
-1.57207893573
-1.57670810913
-1.58097753156
-1.58602004746
-1.58896307709
-1.5887310114
-1.5886889804
-1.58789209953
-1.58765356493
-1.58843208293
-1.59071865526
-1.59187923323
-1.59278014756
-1.5925857818
-1.58989866384
-1.58517059049
-1.5820764254
-1.57760143139
-1.57599700086
-1.57176535007
-1.57089535101
-1.56919538807
-1.56798612179
-1.56983924088
-1.57189997759
-1.58231877773
-1.58736560973
-1.59154317987
-1.594521509
-1.59678473956
-1.59833839849
-1.59986105419
-1.59953389688
-1.59963190606
-1.59817237297
-1.59768624155
-1.59457723913
-1.59323191975
-1.58957301392
-1.58698569175
-1.58546831642
-1.58700190105
-1.5869515781
-1.58720964472
-1.58665737308
-1.58611596518
-1.58638937019
-1.58732876664
-1.58875454526
-1.59210947078
-1.60327153713
-1.60698904768
-1.60787088757
-1.60686998311
-1.60515421342
-1.60359991989
-1.60323412142
-1.60431994681
-1.60654681246
-1.60922861501
-1.60966230722
-1.60964111022
-1.60189494155
-1.60063072763
-1.6010327909
-1.60420514521
-1.60653084298
-1.61186097409
-1.61246491869
-1.61461078339
-1.61565146907
-1.61784740503
-1.62193751832
-1.62441116235
-1.62969439996
-1.63162683125
-1.6322700111
-1.63032117833
-1.62739500406
-1.62391674763
-1.61993104669
-1.61661448158
-1.61516967044
-1.61442427458
-1.61399376888
-1.61477025186
-1.61426942226
-1.61243916141
-1.6098968951
-1.60703478795
-1.60465263069
-1.60431879484
-1.60631703087
-1.61223849278
-1.61976913809
-1.62213805877
-1.6211398829
-1.62047199692
-1.61891863056
-1.61892451294
-1.61824962045
-1.61774373112
-1.61655379244
-1.60992603688
-1.6055634092
-1.60079761717
-1.59649340138
-1.59469006078
-1.59377464664
-1.59543145068
-1.60039154223
-1.60446868249
-1.60941804891
-1.61225673261
-1.61371687803
-1.61402732625
-1.61630868154
-1.61943565499
-1.62120669345
-1.62294075685
-1.62403776082
-1.62016392592
-1.61612897203
-1.60998457354
-1.60544012575
-1.59813310535
-1.59265158908
-1.58853532111
-1.58771660401
-1.58811478135
-1.58977894256
-1.59595951324
-1.59681686214
-1.59851466859
-1.60035065685
-1.60470738389
-1.60708574875
-1.61118596718
-1.61061750735
-1.60993052083
-1.60804052145
-1.60400071929
-1.6010664689
-1.60013287722
-1.59826922405
-1.59817452729
-1.59714058773
-1.59572089584
-1.59380049302
-1.59102762521
-1.58984345354
-1.58990352497
-1.59193245062
-1.59457167243
-1.59524186592
-1.59658927548
-1.59755169149
-1.59965462029
-1.60096617631
-1.6020930881
-1.60266791838
-1.60338872233
-1.60369634473
-1.60207991353
-1.60277320726
-1.60294118211
-1.60235479941
-1.60209388315
-1.5998131788
-1.59653431029
-1.59306553113
-1.58802346369
-1.58683864004
-1.58603943328
-1.58880602763
-1.59118233567
-1.59571108855
-1.59728704512
-1.5986470026
-1.59849190265
-1.59765551731
-1.59570736327
-1.59653913081
-1.59517166614
-1.5959897614
-1.59731700779
-1.59765268298
-1.59638190873
-1.59465846619
-1.59183427973
-1.58985582401
-1.58804114914
-1.5872004018
-1.58744678134
-1.58771266428
-1.5886181059
-1.58802323033
-1.58791259448
-1.58725202601
-1.5875747741
-1.58872353715
-1.58951030262
-1.59050351315
-1.59117784951
-1.59116110096
-1.59112459974
-1.5912350375
-1.59204569605
-1.59253124757
-1.59349646161
-1.59343891143
-1.5937790774
-1.59386750978
-1.59341319494
-1.59365269673
-1.59542000532
-1.59425688895
-1.593419235
-1.59241961834
-1.5891977265
-1.58854079866
-1.58614895867
-1.58573348261
-1.58741803528
-1.58901929207
-1.59028977926
-1.59257222715
-1.59364626167
-1.59418196286
-1.59400864332
-1.59368700365
-1.59504154563
-1.59546468798
-1.59503970634
-1.59436025787
-1.59195297693
-1.59118301616
-1.5901557316
-1.59033299049
-1.59041319663
-1.59041371083
-1.59093038876
-1.58849761613
-1.58569442315
-1.58518063233
-1.58358698422
-1.58320033926
-1.58299295211
-1.58428599922
-1.58650282136
-1.5884456585
-1.59207511328
-1.59596623019
-1.59971815504
-1.60212767259
-1.60165308565
-1.60064244442
-1.59913838674
-1.59617148543
-1.59380639804
-1.5926077615
-1.5907462902
-1.5901580669
-1.5903105064
-1.59116798405
-1.59197965522
-1.5926008767
-1.59247343317
-1.59160566033
-1.58938839483
-1.58814075666
-1.58696823667
-1.58790707061
-1.58955060261
-1.589204919
-1.59148813736
-1.59292456151
-1.59413144825
-1.59359422894
-1.59339714568
-1.59244931072
-1.59024168636
-1.58790171182
-1.58762115289
-1.5874775554
-1.58646083483
-1.58646736277
-1.58483947591
-1.58501547536
-1.58586099912
-1.58744410546
-1.58825176879
-1.58820629458
-1.58994275472
-1.58900300775
-1.5876333388
-1.58698650835
-1.58843327407
-1.58872885103
-1.59312466126
-1.59711738081
-1.60263439352
-1.60680893323
-1.6071354032
-1.60664203826
-1.60555740255
-1.60345347938
-1.60249734604
-1.60138486605
-1.60054674379
-1.59997949732
-1.59900007453
-1.59761254865
-1.5969772804
-1.59715700424
-1.59798884382
-1.59927874914
-1.60048069233
-1.60208414838
-1.60225973317
-1.6019370296
-1.60077748269
-1.60041931557
-1.60052402049
-1.6005667151
-1.60081133283
-1.60140085759
-1.60265511427
-1.60301313581
-1.60223758528
-1.60182883823
-1.60122602711
-1.60245698673
-1.60127531947
-1.60124993611
-1.60049797337
-1.60067377974
-1.59991241588
-1.5995044584
-1.59788118966
-1.59776868952
-1.59674659037
-1.59545834205
-1.59327044534
-1.59545516083
-1.59324688152
-1.59229490931
-1.59164822831
-1.59199179023
-1.5922270963
-1.59276766349
-1.59474768563
-1.59421624732
-1.59205317889
-1.58944797109
-1.5885880482
-1.58692500884
-1.58645974772
-1.58665546193
-1.58789103004
-1.58830674162
-1.58829976522
-1.58802113627
-1.58764463295
-1.58743255082
-1.5888920928
-1.59030580102
-1.59123152534
-1.59132930367
-1.59039345199
-1.5891455263
-1.58665704405
-1.58520576414
-1.58565912256
-1.58613340508
-1.58606605036
-1.58718287643
-1.5872620068
-1.58552776488
-1.58330010308
-1.5815275465
-1.57815582984
-1.57631100042
-1.57511490398
-1.57371330694
-1.5734497327
-1.57444641985
-1.57603380121
-1.57945272952
-1.58251329805
-1.58742001391
-1.59113365469
-1.5946728242
-1.59590181832
-1.59420449615
-1.59279517191
-1.58854326932
-1.58396256539
-1.5806883421
-1.57869826477
-1.57618493307
-1.57533424975
-1.5767248823
-1.57630084522
-1.57629189572
-1.57600400755
-1.5739856966
-1.57361709367
-1.57270354742
-1.57302692263
-1.57566531923
-1.58020423728
-1.58610581139
-1.59039546418
-1.59451475749
-1.59558200452
-1.59547810222
-1.59444387118
-1.59242374297
-1.59019144253
-1.59044973489
-1.59038939694
-1.59066450375
-1.58994613094
-1.58722950519
-1.58240531474
-1.57552550752
-1.56762196137
-1.56715905923
-1.56873832717
-1.57131144556
-1.57515735082
-1.57774702096
-1.57893933516
-1.57984183985
-1.5801279582
-1.58023668665
-1.58306056886
-1.58512336385
-1.58711039633
-1.58682807315
-1.58556786863
-1.58320655146
-1.57825912577
-1.57430972266
-1.57109026424
-1.56882876025
-1.5683999285
-1.5687099544
-1.56887702119
-1.56750177986
-1.5675456641
-1.56771396947
-1.56853795767
-1.57145873279
-1.57643882765
-1.57980415589
-1.58503106453
-1.5873407675
-1.58699740778
-1.58503784643
-1.58230806412
-1.58028613079
-1.57761477222
-1.57549863468
-1.57529078154
-1.56620181368
-1.56453868207
-1.5627111145
-1.56259831134
-1.5643887629
-1.56597316029
-1.56897724769
-1.57064747723
-1.57339467331
-1.57499234104
-1.57513318271
-1.57373319955
-1.57002859628
-1.56937196102
-1.57018766593
-1.57150368523
-1.57512896718
-1.57858767745
-1.57994498083
-1.57947378358
-1.57773573077
-1.5744027214
-1.5709007731
-1.56823619398
-1.56525164702
-1.5629862587
-1.5605897076
-1.56062935335
-1.56207825764
-1.5637333916
-1.56627559075
-1.56799935876
-1.57045871115
-1.57130847114
-1.57278508047
-1.57508814712
-1.57996698602
-1.58286302319
-1.58537537886
-1.58785843271
-1.58810192882
-1.58756894804
-1.58521026395
-1.58300023836
-1.58190261795
-1.57978864191
-1.57845571547
-1.57589279666
-1.57299725776
-1.56929190118
-1.56737131327
-1.56753212147
-1.56942540311
-1.57064662026
-1.57361380019
-1.57584283676
-1.57882148332
-1.58121092553
-1.58073741188
-1.58332427742
-1.58495548078
-1.58629068758
-1.58648204458
-1.58511211212
-1.58334284343
-1.58108212518
-1.57651949645
-1.57309162644
-1.56796000738
-1.56321943342
-1.5602761156
-1.55990036285
-1.5613556479
-1.5643561252
-1.56530224514
-1.56650364964
-1.56626001593
-1.56501959923
-1.56226738917
-1.56177089132
-1.56197813791
-1.56271191356
-1.56464516368
-1.56767068427
-1.56927497149
-1.5715174026
-1.57271897092
-1.57393878319
-1.57444466997
-1.5730072894
-1.57287796229
-1.57233650013
-1.57113882946
-1.57047504211
-1.56950278592
-1.56888559307
-1.56814937127
-1.56904170081
-1.56962913313
-1.5723541349
-1.57708708139
-1.5742922573
-1.56538496428
-1.56472300919
-1.56587184553
-1.56546485232
-1.56744902901
-1.56900892417
-1.56848354738
-1.56754242928
-1.56701224063
-1.56594257459
-1.56588338334
-1.56552249278
-1.56614565726
-1.5685659507
-1.57121901825
-1.57389599026
-1.57546859262
-1.57723301914
-1.58387423566
-1.58840965024
-1.59268244978
-1.59647951151
-1.59899455025
-1.5977629991
-1.59058841906
-1.58641380424
-1.58345409151
-1.58266205513
-1.58120023807
-1.58042179384
-1.57839683537
-1.57933455791
-1.57869072245
-1.58075419059
-1.58197986147
-1.58425175421
-1.58538921727
-1.58748875628
-1.58777646593
-1.58810155457
-1.59141722258
-1.59236436217
-1.59548410181
-1.59838628402
-1.59853945718
-1.59811434958
-1.59393013513
-1.59043114924
-1.58744851478
-1.58531247296
-1.58389255862
-1.58428490518
-1.58578970621
-1.58807958467
-1.5902413428
-1.59149659239
-1.5906845646
-1.58976175208
-1.58968017393
-1.58796906429
-1.58948658142
-1.59155070154
-1.59339987576
-1.59667351512
-1.59802465134
-1.59733613634
-1.59508559276
-1.59381801911
-1.59059345516
-1.58904589377
-1.58804931712
-1.58756036626
-1.5865991368
-1.58798460677
-1.5870939313
-1.58707381417
-1.58699343249
-1.58607755487
-1.58493660384
-1.58526010251
-1.5860843889
-1.58905291822
-1.59283116957
-1.59541444855
-1.59807487923
-1.59843843051
-1.59644594585
-1.59065761415
-1.58551800985
-1.57917199647
-1.57464257195
-1.57198625494
-1.57156681472
-1.57280908192
-1.57491824609
-1.57663119393
-1.57713386344
-1.57640369192
-1.57525787339
-1.57487357143
-1.57518566596
-1.57857778764
-1.58085882682
-1.58564987347
-1.59003917784
-1.59601916373
-1.59875211511
-1.60004776905
-1.59863916551
-1.59580060096
-1.58031336967
-1.57994001088
-1.58053843373
-1.58369025237
-1.58867490637
-1.59233427091
-1.5976618677
-1.59948748976
-1.60006225052
-1.59864516413
-1.59582912021
-1.59301935108
-1.59080514088
-1.58802062777
-1.58534187483
-1.58285415209
-1.57988578414
-1.57841082403
-1.57389614925
-1.57288892954
-1.57451584812
-1.57552860533
-1.57927693473
-1.58236843527
-1.58465657663
-1.58580704666
-1.58519523088
-1.58302766433
-1.58221939969
-1.58202174518
-1.5832998014
-1.58454184702
-1.58837740249
-1.58931298442
-1.58712447965
-1.58327791305
-1.579897564
-1.57569557471
-1.57142261276
-1.568995065
-1.56761331629
-1.56783354531
-1.56993332944
-1.57306770079
-1.57833274669
-1.58253918736
-1.5859944921
-1.58760840792
-1.58875949307
-1.58880942149
-1.58980614512
-1.59001749649
-1.58861927214
-1.58563656027
-1.58091352584
-1.57804895223
-1.57573786878
-1.57589296258
-1.57802175345
-1.57973510139
-1.58148797186
-1.58348162794
-1.58432929024
-1.58204142014
-1.58103171974
-1.57839648545
-1.57513650886
-1.57515920569
-1.57421322992
-1.57552315953
-1.57591636665
-1.57540334489
-1.57562793407
-1.57442816789
-1.57438937641
-1.575540333
-1.57560371826
-1.57685788953
-1.57919704689
-1.57887599719
-1.57840587579
-1.57956905762
-1.58148640789
-1.58391604171
-1.58516282589
-1.58643810635
-1.58774436882
-1.58545026651
-1.58473829673
-1.58223801562
-1.57969796667
-1.57544568204
-1.57415403092
-1.57279025098
-1.57255293006
-1.57143508485
-1.57112104204
-1.56938809727
-1.56727310247
-1.56596480371
-1.5653872566
-1.56666733583
-1.5662542309
-1.56715915973
-1.56587724158
-1.56572070113
-1.56561148593
-1.56520140061
-1.56438950384
-1.56432858121
-1.56432896411
-1.56408438586
-1.56093480911
-1.56063299953
-1.55845406523
-1.55632961103
-1.5549814698
-1.55350467693
-1.55477570267
