1.1623828125
1.1623828125
1.1623828125
1.2134765625
1.3156640625
1.1112890625
1.2645703125
1.2645703125
1.1879296875
1.2134765625
1.2134765625
1.3667578125
1.1112890625
1.1623828125
1.2134765625
1.3156640625
1.3667578125
1.4689453125
1.1879296875
1.2645703125
1.3667578125
0.9069140625
1.2645703125
1.4178515625
1.3667578125
1.2645703125
0.8558203125
0.8558203125
1.302890625
0.9069140625
1.2645703125
1.4689453125
1.2134765625
1.0091015625
1.0601953125
1.3156640625
1.0601953125
0.9580078125
1.1623828125
1.149609375
1.2645703125
1.2645703125
1.0601953125
1.1112890625
1.0091015625
1.4178515625
1.2645703125
1.1879296875
1.3156640625
1.3156640625
1.2134765625
1.1623828125
1.5200390625
1.2645703125
1.3667578125
1.1623828125
1.1623828125
1.149609375
1.3156640625
1.3667578125
1.2134765625
1.2134765625
1.3156640625
1.1623828125
1.3667578125
1.2645703125
1.3667578125
1.1112890625
1.3667578125
1.2645703125
1.5200390625
1.2134765625
1.1623828125
1.2134765625
1.3667578125
1.2134765625
1.2134765625
0.9580078125
1.22625
1.2645703125
1.0601953125
0.9580078125
1.2134765625
1.0601953125
1.2645703125
1.2645703125
1.2134765625
0.7025390625
1.07296875
0.9580078125
0.9580078125
1.1623828125
0.9069140625
1.4689453125
1.4689453125
1.2134765625
1.2645703125
1.2134765625
1.2134765625
1.22625
1.3156640625
1.4689453125
0.9069140625
1.3667578125
1.2134765625
1.3156640625
1.2645703125
1.149609375
1.4178515625
1.1879296875
1.2134765625
1.1112890625
1.4689453125
1.1623828125
1.2645703125
1.4689453125
1.4178515625
1.2645703125
1.1112890625
1.302890625
1.2134765625
1.1112890625
1.1623828125
1.0091015625
1.1623828125
0.9580078125
1.0601953125
1.0091015625
1.0091015625
1.0601953125
1.149609375
1.1623828125
1.3156640625
0.9580078125
1.2134765625
1.0601953125
1.0091015625
1.2645703125
1.1112890625
1.0601953125
1.2645703125
1.2645703125
1.1112890625
1.2645703125
1.1623828125
1.2134765625
1.4689453125
1.1623828125
1.3156640625
1.1112890625
1.22625
1.3156640625
1.0601953125
1.1112890625
1.3667578125
1.2134765625
1.2134765625
1.2134765625
1.1112890625
1.4178515625
1.1112890625
0.8558203125
1.2134765625
1.3667578125
1.1623828125
1.1623828125
0.9580078125
1.0601953125
1.2134765625
1.2134765625
1.1623828125
0.996328125
1.1623828125
1.1623828125
1.0601953125
1.1112890625
1.3156640625
0.9069140625
1.2645703125
1.2134765625
1.2645703125
1.0346484375
1.1112890625
1.3667578125
1.1112890625
0.9580078125
1.3667578125
1.2134765625
1.1623828125
1.22625
1.1112890625
1.3156640625
1.22625
1.2134765625
1.3156640625
1.1112890625
1.1623828125
1.1112890625
0.9069140625
1.2645703125
1.2645703125
1.0346484375
1.1623828125
1.3156640625
1.1623828125
1.2645703125
1.2134765625
1.1112890625
1.0601953125
1.2134765625
1.3667578125
1.3156640625
1.22625
1.0091015625
1.1623828125
1.3156640625
1.1112890625
0.8047265625
1.3667578125
1.1623828125
0.9580078125
1.2645703125
1.3412109375
1.1623828125
1.4689453125
1.2134765625
1.2134765625
1.1112890625
1.0601953125
1.2134765625
1.4689453125
1.2134765625
1.4689453125
1.3412109375
1.2645703125
1.0601953125
0.9580078125
1.3156640625
1.4689453125
1.3667578125
1.0601953125
1.4178515625
1.6733203125
1.3412109375
1.3156640625
1.1112890625
1.1623828125
1.4178515625
1.1112890625
1.2645703125
1.2134765625
1.3156640625
1.1623828125
1.3412109375
1.3156640625
1.1112890625
1.1112890625
0.9580078125
1.2134765625
1.5200390625
1.3156640625
1.1623828125
1.2134765625
1.609453125
1.1112890625
1.3667578125
1.3156640625
1.1623828125
1.4689453125
1.3156640625
1.2134765625
1.2645703125
1.3156640625
1.3667578125
1.1879296875
1.2134765625
1.3156640625
1.3667578125
1.1112890625
1.0091015625
1.0601953125
0.9580078125
1.1112890625
1.1623828125
1.0601953125
1.2134765625
1.3667578125
1.3667578125
1.1623828125
1.4178515625
1.1112890625
1.2645703125
1.149609375
1.2134765625
1.3156640625
1.1623828125
1.0601953125
1.1112890625
1.2134765625
1.2645703125
1.3156640625
0.9580078125
1.07296875
1.2645703125
1.4178515625
1.3667578125
1.6222265625
1.3156640625
1.2134765625
1.2645703125
1.1623828125
1.3156640625
1.302890625
1.2134765625
1.3156640625
1.2134765625
1.3156640625
1.2134765625
0.8558203125
1.2134765625
1.4178515625
1.2645703125
1.1879296875
1.2134765625
1.1623828125
1.3667578125
1.2645703125
1.0601953125
1.2645703125
1.2134765625
1.2645703125
1.2645703125
1.1879296875
1.2134765625
1.2134765625
1.2134765625
1.3156640625
1.4178515625
1.1623828125
1.2645703125
1.2134765625
1.1112890625
1.2645703125
1.37953125
1.4689453125
1.1112890625
1.5711328125
1.5200390625
1.4178515625
1.5200390625
1.2645703125
1.2645703125
1.2645703125
1.302890625
1.6733203125
1.4689453125
1.4178515625
1.5200390625
1.0091015625
1.2645703125
1.2134765625
1.4178515625
1.3412109375
1.5200390625
1.3156640625
1.5200390625
1.2645703125
1.4178515625
1.6222265625
1.3156640625
1.1112890625
1.5711328125
1.0346484375
1.3156640625
1.2134765625
1.3156640625
1.2134765625
1.3667578125
1.3667578125
1.3667578125
1.5200390625
1.5711328125
1.3667578125
1.3412109375
1.6222265625
1.3156640625
1.4689453125
1.4178515625
1.0601953125
1.6733203125
1.456171875
1.4944921875
1.3667578125
1.456171875
1.3156640625
1.5200390625
1.4178515625
1.6222265625
1.3667578125
1.2645703125
1.37953125
1.1112890625
0.9580078125
1.3667578125
1.4178515625
1.0091015625
1.3156640625
1.0601953125
0.9069140625
1.1623828125
1.5711328125
1.1112890625
1.4178515625
1.1879296875
1.4178515625
1.4689453125
1.2645703125
1.6222265625
1.6222265625
1.6222265625
1.2134765625
1.3156640625
1.5200390625
1.4689453125
1.4944921875
1.4689453125
1.4689453125
1.7244140625
1.4689453125
1.4689453125
1.4178515625
1.1623828125
1.5200390625
1.2645703125
1.3412109375
1.3156640625
1.2645703125
1.2645703125
1.3667578125
1.4689453125
1.3667578125
1.2645703125
1.149609375
1.2645703125
1.4689453125
1.4178515625
1.1623828125
1.4689453125
1.5200390625
1.4178515625
1.3667578125
1.2134765625
1.5200390625
1.1112890625
1.37953125
1.2645703125
1.3156640625
1.3156640625
1.4178515625
1.2134765625
1.3667578125
1.5711328125
1.7244140625
1.3667578125
1.2645703125
1.302890625
1.6733203125
1.3667578125
1.3667578125
1.3156640625
1.4178515625
1.5200390625
1.5711328125
1.3667578125
1.3156640625
1.22625
1.0601953125
1.4689453125
1.3667578125
1.4689453125
1.2134765625
1.0601953125
1.1623828125
1.1623828125
1.3156640625
1.3156640625
1.1112890625
1.2134765625
1.2645703125
1.3667578125
1.0601953125
1.2134765625
1.2645703125
1.4178515625
1.2134765625
1.1112890625
1.1623828125
1.5200390625
1.37953125
1.4178515625
1.3156640625
1.1623828125
1.1112890625
1.1623828125
1.2134765625
1.4178515625
1.3156640625
1.3667578125
1.302890625
1.4689453125
1.3156640625
1.3667578125
1.3156640625
1.3156640625
1.3667578125
1.1623828125
1.2645703125
1.3156640625
1.609453125
1.2645703125
1.4689453125
1.1623828125
1.4178515625
1.5200390625
1.3156640625
1.4689453125
1.0091015625
1.22625
1.3667578125
1.3156640625
1.1112890625
1.1112890625
1.4178515625
1.1112890625
1.6733203125
1.3156640625
1.2134765625
1.5711328125
1.4178515625
1.3156640625
1.1112890625
1.0601953125
0.8558203125
1.3156640625
1.5328125
1.4689453125
1.4689453125
1.0091015625
1.1112890625
0.9580078125
1.0091015625
1.3156640625
1.1623828125
1.149609375
1.1623828125
1.3156640625
1.3667578125
1.6222265625
1.4178515625
1.1112890625
1.149609375
1.2134765625
1.1623828125
1.2134765625
1.2134765625
1.5711328125
1.1623828125
1.4689453125
1.2134765625
1.2134765625
1.4689453125
1.5711328125
1.5200390625
1.5200390625
1.2645703125
1.6222265625
1.4178515625
1.6222265625
1.5200390625
1.6222265625
1.3667578125
1.2645703125
1.3156640625
1.6222265625
1.8776953125
1.4689453125
1.4178515625
1.4178515625
1.3667578125
1.4689453125
1.3667578125
1.5711328125
1.1112890625
1.4689453125
1.3412109375
1.2645703125
1.3156640625
1.6222265625
1.3667578125
1.0091015625
1.6222265625
1.6733203125
1.5711328125
1.3412109375
1.1879296875
1.4178515625
1.2134765625
1.3667578125
1.4178515625
1.3667578125
1.2645703125
1.4178515625
1.2645703125
1.0601953125
1.37953125
1.3667578125
1.4178515625
1.5200390625
1.4689453125
1.3156640625
1.2134765625
1.6477734375
1.6733203125
1.6222265625
1.5200390625
1.7244140625
1.8266015625
1.5200390625
1.4178515625
1.2645703125
1.4178515625
1.6222265625
1.5711328125
1.4178515625
1.5200390625
1.4689453125
1.6733203125
1.2645703125
1.4178515625
1.4689453125
1.3156640625
1.5711328125
1.3156640625
1.5711328125
1.6222265625
1.5200390625
1.3667578125
1.2134765625
1.6222265625
1.1623828125
1.2134765625
1.3412109375
1.4178515625
1.0601953125
1.4689453125
1.1112890625
1.1623828125
1.0601953125
0.9580078125
1.4689453125
1.1112890625
1.2645703125
1.6222265625
1.2645703125
1.5711328125
1.6222265625
1.4178515625
1.3156640625
1.3667578125
1.6222265625
1.5200390625
1.37953125
1.5200390625
1.3156640625
1.1112890625
1.5711328125
1.6222265625
1.5711328125
1.7244140625
1.6733203125
1.5200390625
1.4178515625
1.1879296875
1.3667578125
1.1623828125
1.3667578125
1.2645703125
1.3667578125
1.4689453125
1.2134765625
1.2645703125
1.3667578125
1.22625
1.3156640625
1.0601953125
1.3667578125
1.4689453125
1.1112890625
1.2645703125
1.3156640625
1.3156640625
1.4178515625
1.302890625
0.7025390625
1.2134765625
1.3156640625
1.6222265625
1.2645703125
1.1623828125
1.2645703125
1.1623828125
1.5711328125
1.37953125
1.6733203125
1.2134765625
1.5200390625
1.2134765625
1.5200390625
1.4689453125
1.5711328125
1.3156640625
1.1623828125
0.9580078125
1.1623828125
1.4689453125
1.6733203125
1.2645703125
1.6222265625
1.3156640625
1.3667578125
1.3156640625
1.5200390625
1.3667578125
1.22625
1.3667578125
1.2134765625
1.1623828125
1.4178515625
1.4178515625
1.3667578125
1.4178515625
1.4689453125
1.4689453125
1.3412109375
1.4689453125
1.4689453125
1.5200390625
1.3667578125
1.5200390625
1.6222265625
1.4689453125
1.6222265625
1.6733203125
1.5711328125
1.7244140625
1.4689453125
1.6733203125
1.5200390625
1.3156640625
1.5200390625
1.4689453125
1.6222265625
1.3667578125
1.4944921875
1.1623828125
1.5200390625
1.3667578125
1.4178515625
1.5711328125
1.6733203125
1.4178515625
1.4178515625
1.5711328125
1.4689453125
1.4944921875
1.6733203125
1.6222265625
1.4689453125
1.4689453125
1.5711328125
1.4178515625
1.7244140625
1.2645703125
1.4689453125
1.4944921875
1.4178515625
1.6222265625
1.7755078125
1.3667578125
1.5711328125
1.4178515625
1.6222265625
1.7755078125
1.5200390625
1.5711328125
1.3667578125
1.7755078125
1.3667578125
1.4178515625
1.4178515625
1.7244140625
1.6222265625
1.6222265625
1.7755078125
1.5711328125
1.5200390625
1.5711328125
1.4178515625
1.6733203125
1.4689453125
1.8776953125
1.6733203125
1.5711328125
1.8266015625
1.4944921875
1.3156640625
1.5711328125
1.5200390625
1.7755078125
1.7755078125
1.5200390625
1.8266015625
1.3156640625
1.5711328125
1.6222265625
1.4944921875
1.8776953125
1.7244140625
1.7244140625
1.8266015625
1.5711328125
1.5200390625
1.916015625
1.8776953125
1.4689453125
1.6222265625
1.6222265625
1.6222265625
1.6733203125
1.6733203125
1.5200390625
1.7755078125
1.4178515625
1.5711328125
1.5711328125
1.4689453125
1.3667578125
1.5200390625
1.4689453125
1.6733203125
1.7755078125
1.7244140625
1.4944921875
1.5200390625
1.5200390625
1.5711328125
1.3667578125
1.4689453125
1.6733203125
1.6733203125
1.6222265625
1.609453125
1.4689453125
1.5200390625
1.7244140625
1.4178515625
1.4178515625
1.9287890625
1.7244140625
1.7755078125
1.7755078125
1.8266015625
1.9287890625
1.7755078125
1.4178515625
1.4689453125
1.4689453125
1.4689453125
1.5711328125
1.68609375
1.8266015625
1.6222265625
1.4178515625
1.6733203125
1.1623828125
1.3156640625
1.4689453125
1.5200390625
1.7755078125
1.5711328125
1.6222265625
1.4689453125
1.4689453125
1.6222265625
1.5200390625
1.4178515625
1.4689453125
1.3667578125
1.5711328125
1.7244140625
1.4689453125
1.6733203125
1.2645703125
1.6733203125
1.5200390625
1.5200390625
1.7755078125
1.7244140625
1.4178515625
1.8010546875
1.7755078125
1.5711328125
1.5711328125
1.8776953125
1.6733203125
1.6733203125
1.7244140625
1.8266015625
1.4689453125
1.5200390625
1.5711328125
1.5200390625
1.5200390625
1.4178515625
1.4178515625
1.3156640625
1.9287890625
1.4944921875
1.3667578125
1.5200390625
1.6733203125
1.3667578125
1.6733203125
1.5711328125
1.7755078125
1.5200390625
1.6733203125
1.5711328125
1.609453125
1.5711328125
1.7244140625
1.8266015625
1.7755078125
1.7755078125
1.4689453125
1.4178515625
1.6733203125
1.9287890625
1.7244140625
1.5200390625
1.8776953125
1.8776953125
1.7244140625
1.6733203125
1.6222265625
1.8266015625
1.7244140625
1.762734375
1.5711328125
1.7244140625
1.5200390625
1.7244140625
1.5711328125
1.6222265625
1.5711328125
1.6733203125
1.5711328125
1.5711328125
1.4178515625
1.6733203125
1.6733203125
1.4689453125
1.8776953125
1.8266015625
1.9287890625
1.8776953125
1.5200390625
1.6222265625
1.6222265625
2.0820703125
1.6222265625
1.7755078125
1.6733203125
1.8266015625
1.8776953125
1.5200390625
1.68609375
1.5711328125
1.7244140625
1.6222265625
1.5711328125
1.7244140625
1.6222265625
1.5711328125
1.5200390625
1.6733203125
1.456171875
1.4689453125
1.8266015625
1.6733203125
1.7244140625
1.4178515625
1.5711328125
1.7755078125
1.7244140625
2.0309765625
1.8010546875
1.8776953125
2.0820703125
2.0309765625
1.7755078125
1.8776953125
2.0820703125
1.8266015625
2.1459375
1.9798828125
1.7755078125
1.8776953125
1.8266015625
1.8776953125
2.0309765625
1.7755078125
1.9287890625
1.9287890625
1.8776953125
1.99265625
2.2864453125
1.8776953125
1.8776953125
1.8266015625
2.0820703125
1.9287890625
1.8776953125
2.1331640625
1.7755078125
1.8010546875
1.7244140625
2.0309765625
1.9287890625
1.7244140625
1.7755078125
2.0309765625
1.9798828125
1.8776953125
1.8776953125
1.839375
2.1331640625
1.9798828125
2.0309765625
1.9798828125
1.8266015625
1.8266015625
1.9287890625
2.0309765625
1.8776953125
1.99265625
1.8776953125
1.7244140625
1.9287890625
1.7244140625
1.6733203125
1.7244140625
1.9798828125
1.7755078125
1.8776953125
1.9798828125
1.8776953125
1.916015625
1.9287890625
1.5711328125
1.9798828125
1.7755078125
1.9287890625
2.1331640625
1.9798828125
1.7755078125
1.8776953125
2.0309765625
1.8266015625
2.0309765625
1.8776953125
1.8266015625
1.9798828125
1.8266015625
2.0309765625
1.6222265625
1.7755078125
1.9287890625
1.7755078125
1.6222265625
1.6222265625
1.8266015625
1.6733203125
1.8010546875
2.0820703125
1.9798828125
1.8266015625
1.7755078125
1.7244140625
1.6733203125
1.8266015625
1.5711328125
1.8776953125
1.7244140625
1.8266015625
2.0309765625
1.8266015625
2.0309765625
1.7244140625
1.8776953125
1.8266015625
1.7244140625
1.8776953125
1.8776953125
1.839375
1.8266015625
1.9798828125
1.6222265625
1.8266015625
1.9798828125
2.0309765625
1.7755078125
1.8776953125
1.6222265625
1.8010546875
1.6733203125
1.7755078125
2.2353515625
1.8776953125
1.8266015625
1.8776953125
1.8776953125
1.9287890625
1.762734375
1.7755078125
1.6733203125
1.7244140625
1.9287890625
1.7244140625
1.7755078125
1.7755078125
1.8266015625
1.8776953125
1.68609375
1.7244140625
1.5200390625
1.7244140625
2.1331640625
1.9287890625
1.9287890625
1.8266015625
2.0309765625
1.7755078125
1.9798828125
2.069296875
1.8776953125
2.0820703125
1.9543359375
1.6222265625
1.8266015625
1.7755078125
1.9287890625
1.7244140625
1.8776953125
1.8776953125
1.7755078125
1.8776953125
1.9543359375
2.0309765625
2.0820703125
2.0820703125
1.8776953125
1.8266015625
2.1331640625
1.9798828125
2.1842578125
2.0309765625
1.9798828125
1.9287890625
2.0309765625
1.609453125
1.9798828125
1.8266015625
2.0309765625
1.8266015625
1.6733203125
1.6222265625
1.9798828125
1.8266015625
1.7755078125
1.839375
1.9287890625
2.0820703125
1.9287890625
1.8776953125
2.2864453125
2.2353515625
1.6733203125
1.9798828125
1.9798828125
2.0309765625
1.9543359375
1.8776953125
1.9798828125
1.8266015625
2.1842578125
2.0820703125
1.6733203125
2.0820703125
2.0309765625
2.0820703125
1.916015625
1.8776953125
1.6222265625
1.7755078125
1.9287890625
1.9798828125
1.7244140625
1.6222265625
1.916015625
1.8010546875
1.916015625
2.1331640625
2.0820703125
1.6733203125
1.7755078125
2.2353515625
1.9287890625
1.99265625
1.7244140625
2.0309765625
1.99265625
1.9798828125
1.9798828125
2.2864453125
1.4178515625
1.6733203125
1.6733203125
1.6733203125
1.8776953125
2.0820703125
1.7244140625
1.9798828125
1.9798828125
1.9798828125
2.0820703125
2.0309765625
2.0309765625
1.8776953125
1.9287890625
2.0820703125
2.2353515625
2.0309765625
1.7755078125
1.9287890625
2.0820703125
1.9287890625
1.9287890625
2.0309765625
1.8776953125
2.1331640625
1.9287890625
1.99265625
1.7755078125
1.8266015625
2.0309765625
1.9798828125
1.9287890625
2.0309765625
2.0309765625
1.9287890625
1.9287890625
2.1459375
2.0820703125
2.0309765625
1.7244140625
2.1331640625
2.1842578125
1.7244140625
1.9798828125
1.9798828125
1.9287890625
2.069296875
1.8776953125
2.0309765625
1.8266015625
2.0820703125
1.9287890625
2.0309765625
2.1842578125
2.0820703125
2.1842578125
1.9543359375
1.8776953125
1.7755078125
2.2353515625
1.9798828125
2.1331640625
1.8776953125
2.0820703125
1.9798828125
1.8776953125
2.2353515625
1.916015625
1.9287890625
1.9798828125
1.5200390625
1.7755078125
2.1331640625
2.0820703125
2.0309765625
2.0820703125
1.7755078125
1.916015625
1.8776953125
1.9798828125
2.1331640625
2.1842578125
2.0820703125
1.8776953125
1.9543359375
2.2353515625
1.9543359375
1.839375
2.0309765625
2.1331640625
2.0820703125
1.8266015625
1.8266015625
2.1842578125
2.0309765625
1.8776953125
2.1076171875
1.839375
1.6222265625
1.7755078125
2.2353515625
1.8776953125
1.9287890625
2.0309765625
1.9543359375
1.6733203125
2.0309765625
1.7755078125
2.069296875
1.9798828125
1.9287890625
2.2353515625
2.1331640625
2.0820703125
2.1842578125
1.9798828125
1.8776953125
2.0309765625
1.9798828125
2.1842578125
2.1842578125
2.1331640625
1.9798828125
1.9287890625
2.0309765625
1.99265625
2.0309765625
2.0309765625
1.839375
1.8266015625
2.0820703125
2.0820703125
2.2353515625
1.9287890625
2.2864453125
2.0309765625
2.0820703125
1.9543359375
2.069296875
2.3886328125
2.0309765625
2.1331640625
2.1331640625
2.0309765625
1.9287890625
1.8776953125
2.0820703125
1.8266015625
2.1331640625
1.916015625
1.9798828125
1.7755078125
2.2353515625
1.8266015625
1.9798828125
2.1842578125
1.9798828125
2.1842578125
1.6733203125
1.916015625
2.0820703125
2.1842578125
1.8776953125
1.8776953125
1.8266015625
2.0820703125
2.1331640625
1.7244140625
2.0309765625
2.0309765625
2.1331640625
1.8776953125
1.9287890625
2.1331640625
2.1331640625
2.2353515625
1.9798828125
2.0309765625
2.1842578125
1.9543359375
2.1842578125
1.8266015625
1.9287890625
1.8776953125
2.0309765625
2.1331640625
1.8266015625
1.8266015625
1.8266015625
2.1331640625
1.8776953125
2.2353515625
2.2864453125
2.0820703125
2.0309765625
2.0820703125
1.8776953125
2.1842578125
1.8776953125
1.9543359375
1.9543359375
1.9287890625
1.8266015625
1.8776953125
1.8266015625
2.2353515625
1.9798828125
2.0309765625
1.6222265625
1.9287890625
2.1459375
2.0309765625
1.8266015625
2.1842578125
2.0309765625
1.9798828125
1.8266015625
2.1331640625
1.9543359375
2.1842578125
1.8776953125
1.9287890625
1.9798828125
1.9287890625
2.0309765625
2.0309765625
1.9798828125
2.0820703125
2.0820703125
1.9287890625
1.9287890625
2.069296875
1.9287890625
2.0309765625
1.7755078125
1.9287890625
1.9287890625
2.0820703125
2.0309765625
2.1076171875
1.9798828125
1.916015625
2.1842578125
2.3375390625
2.0820703125
1.9287890625
1.9798828125
1.9287890625
2.0309765625
1.9798828125
2.4397265625
1.916015625
1.9798828125
2.0820703125
2.1331640625
1.9798828125
2.1842578125
1.8776953125
1.9287890625
1.9287890625
1.9798828125
2.0820703125
2.0820703125
2.2864453125
2.0820703125
2.0309765625
2.2864453125
2.3375390625
2.3375390625
2.3375390625
2.1842578125
1.99265625
2.0820703125
1.9798828125
2.0309765625
2.0820703125
1.9798828125
2.1842578125
1.9798828125
2.1331640625
1.7755078125
2.0309765625
1.9798828125
2.0309765625
1.8776953125
1.9287890625
1.8266015625
2.3375390625
1.8776953125
2.3375390625
2.2353515625
1.8010546875
2.0820703125
2.1331640625
1.9798828125
1.9798828125
2.2864453125
2.3886328125
2.1842578125
2.2353515625
2.1331640625
2.222578125
2.0820703125
2.1331640625
2.0820703125
2.1331640625
2.0309765625
2.0820703125
1.9798828125
2.1842578125
2.1842578125
1.99265625
2.2353515625
2.1842578125
1.9798828125
2.0309765625
2.0309765625
1.9287890625
1.8266015625
1.9287890625
1.8776953125
1.916015625
1.9798828125
1.8776953125
1.9287890625
2.2353515625
2.1331640625
2.2353515625
2.0309765625
2.1331640625
2.3375390625
2.1331640625
2.3375390625
1.9287890625
1.9287890625
2.4908203125
2.3886328125
2.2864453125
1.9798828125
2.0309765625
2.1331640625
2.2353515625
1.99265625
1.9798828125
1.9287890625
2.1842578125
2.0820703125
1.9287890625
1.9287890625
2.0820703125
2.1331640625
2.1842578125
2.0309765625
2.1842578125
2.0309765625
2.0820703125
1.9287890625
2.0309765625
2.1842578125
2.3375390625
1.8776953125
1.9798828125
2.1842578125
2.1459375
2.2864453125
2.0309765625
2.1331640625
2.1331640625
1.9798828125
2.4908203125
2.0820703125
2.0820703125
1.8266015625
2.1842578125
1.8776953125
2.0820703125
2.0309765625
2.0309765625
2.0309765625
2.0820703125
1.9798828125
2.2353515625
2.2864453125
1.916015625
2.0309765625
2.2353515625
2.1331640625
1.7755078125
2.2353515625
1.9287890625
2.3375390625
1.9798828125
2.1331640625
1.99265625
1.9798828125
1.9287890625
1.9798828125
1.8776953125
2.1842578125
2.1842578125
1.9798828125
2.3375390625
2.0309765625
2.1331640625
2.0309765625
2.0820703125
2.1842578125
1.8776953125
2.1842578125
1.9798828125
2.1331640625
2.1842578125
1.8776953125
2.069296875
1.9287890625
1.8776953125
1.9798828125
2.2864453125
2.1842578125
2.0820703125
2.0820703125
2.0309765625
2.2864453125
2.3375390625
2.1331640625
2.4908203125
2.1331640625
2.2353515625
1.99265625
2.1842578125
2.1076171875
2.222578125
2.2353515625
2.0820703125
2.1842578125
2.1331640625
2.0820703125
1.8776953125
2.0309765625
2.1331640625
1.9543359375
2.1331640625
2.1331640625
2.1331640625
1.9287890625
2.0309765625
1.9798828125
2.1331640625
2.0820703125
2.0820703125
2.1842578125
2.2353515625
1.9798828125
2.2353515625
2.2353515625
2.0820703125
2.2353515625
2.2864453125
2.2353515625
1.8776953125
2.1842578125
1.99265625
1.9798828125
2.0820703125
2.0309765625
2.2353515625
2.1331640625
1.9798828125
2.1331640625
2.0820703125
2.2864453125
2.0309765625
2.1331640625
2.0820703125
2.0820703125
2.0309765625
2.2864453125
2.0820703125
2.0309765625
2.1331640625
2.0820703125
2.2864453125
1.9798828125
1.9287890625
2.1842578125
2.3375390625
2.0820703125
2.0820703125
1.9287890625
2.222578125
2.3375390625
2.3886328125
1.9798828125
2.2353515625
2.0309765625
2.1331640625
2.1331640625
2.1842578125
2.1076171875
1.9287890625
2.0820703125
1.9287890625
2.0309765625
2.1331640625
2.2353515625
2.2608984375
2.2353515625
2.0820703125
2.0309765625
2.1331640625
2.0820703125
1.9798828125
1.9798828125
2.3886328125
2.1842578125
1.8266015625
2.2353515625
2.0309765625
2.0820703125
2.069296875
2.0309765625
1.9798828125
1.8266015625
2.0309765625
2.1331640625
2.0820703125
2.1459375
2.0820703125
1.8776953125
1.7244140625
2.1331640625
1.9798828125
2.0820703125
2.1842578125
2.3886328125
2.0309765625
2.3886328125
2.1459375
2.3375390625
2.1331640625
1.8266015625
1.9798828125
1.9287890625
2.0309765625
2.2353515625
1.8266015625
2.1331640625
2.4908203125
1.9543359375
2.1331640625
2.4397265625
1.9798828125
1.8266015625
2.1331640625
2.0309765625
2.29921875
2.1842578125
2.1076171875
2.0309765625
2.1331640625
2.0309765625
1.9798828125
2.0309765625
2.1842578125
1.9798828125
2.0309765625
2.2353515625
2.0820703125
1.839375
1.9287890625
2.2864453125
2.0309765625
2.1331640625
2.0309765625
2.0820703125
1.9798828125
1.9798828125
1.8266015625
1.8266015625
1.9287890625
2.1331640625
2.0820703125
2.1331640625
2.0309765625
2.2608984375
2.0309765625
1.9798828125
2.2353515625
1.8266015625
2.0309765625
1.9287890625
2.2864453125
2.0820703125
2.0820703125
2.0309765625
2.0820703125
1.8266015625
2.1331640625
2.3375390625
2.2864453125
2.2353515625
1.9287890625
2.3375390625
2.2353515625
2.1459375
2.2353515625
2.2353515625
2.1331640625
2.0309765625
1.9798828125
2.1331640625
2.0820703125
2.1842578125
1.9287890625
2.0309765625
2.0820703125
2.0309765625
2.1842578125
2.4397265625
2.0820703125
2.1842578125
2.1331640625
2.2353515625
1.99265625
2.1842578125
2.3375390625
2.3886328125
2.5930078125
2.0820703125
2.1331640625
2.2353515625
2.0309765625
2.0820703125
2.1842578125
2.3375390625
2.2608984375
2.3375390625
2.0820703125
2.1331640625
2.3375390625
2.2864453125
2.4397265625
2.2864453125
2.1331640625
2.1331640625
1.916015625
2.0820703125
2.3375390625
2.2864453125
2.2353515625
2.2353515625
2.0820703125
2.1331640625
2.0820703125
2.2864453125
2.1459375
2.1331640625
1.9287890625
2.1331640625
2.2353515625
1.8776953125
2.0820703125
2.2353515625
2.2353515625
2.3375390625
2.222578125
2.1331640625
2.1331640625
2.0309765625
2.2353515625
2.3375390625
2.0309765625
2.1331640625
1.9287890625
2.0820703125
2.1331640625
2.069296875
2.4908203125
2.0820703125
1.9287890625
2.2353515625
2.0309765625
2.4908203125
2.3886328125
2.1331640625
2.1842578125
2.2608984375
2.0309765625
2.2353515625
2.2353515625
2.0820703125
2.1331640625
1.9287890625
2.2864453125
2.0820703125
2.0820703125
2.0309765625
2.1331640625
2.1842578125
2.1331640625
1.9798828125
2.3375390625
2.1842578125
2.1331640625
2.0820703125
2.3886328125
2.1076171875
2.1331640625
1.9798828125
2.1331640625
2.0309765625
2.3886328125
2.1842578125
2.4397265625
2.1331640625
2.0820703125
2.2864453125
1.99265625
1.9287890625
2.3375390625
2.1842578125
1.9287890625
2.1842578125
2.2353515625
2.3375390625
2.5419140625
2.1842578125
2.1076171875
2.1842578125
2.2353515625
1.9798828125
2.2353515625
2.2864453125
2.0309765625
2.0820703125
2.2353515625
1.9798828125
2.069296875
2.3375390625
2.0309765625
2.3886328125
2.1842578125
2.2353515625
2.2864453125
2.2353515625
2.2353515625
2.2353515625
2.1076171875
2.2353515625
2.0309765625
2.0820703125
2.1331640625
1.9798828125
2.2864453125
1.9798828125
2.1842578125
2.1459375
2.1331640625
2.1331640625
2.2864453125
2.2353515625
1.8776953125
2.1331640625
2.1842578125
2.2864453125
2.0820703125
2.2864453125
2.1459375
2.1331640625
2.1331640625
2.0309765625
2.2864453125
2.3886328125
2.2353515625
2.3886328125
2.2353515625
2.5419140625
2.2608984375
2.2353515625
2.3375390625
2.1842578125
2.4908203125
2.1842578125
2.2353515625
2.3375390625
2.2864453125
2.1331640625
2.2608984375
2.0309765625
2.3375390625
1.9798828125
2.2864453125
2.0820703125
2.1331640625
2.3886328125
2.1842578125
2.3886328125
2.1076171875
2.1331640625
2.0309765625
2.1331640625
2.0820703125
2.4397265625
2.2353515625
2.4908203125
2.1331640625
2.2353515625
2.0309765625
2.1331640625
2.1331640625
2.4397265625
2.3375390625
2.0820703125
2.3375390625
2.1842578125
2.1331640625
2.1331640625
1.9287890625
2.0820703125
2.3375390625
1.8776953125
1.9287890625
2.3886328125
2.375859375
2.2353515625
2.2864453125
2.2353515625
2.0820703125
2.3886328125
2.2353515625
2.3375390625
2.5419140625
2.2864453125
2.4908203125
2.3375390625
2.2353515625
2.1331640625
2.1842578125
2.2353515625
1.9798828125
2.1842578125
2.3886328125
2.0309765625
2.1842578125
2.1331640625
2.3375390625
2.2864453125
2.069296875
2.3375390625
2.2864453125
2.1842578125
2.1842578125
2.0309765625
2.1331640625
2.0820703125
1.9287890625
2.0309765625
2.4525
2.2353515625
2.1842578125
2.2864453125
2.1842578125
2.2353515625
1.9798828125
2.4908203125
2.2864453125
2.0309765625
2.375859375
2.2353515625
2.2353515625
1.9798828125
2.3375390625
2.2353515625
1.9798828125
2.3886328125
2.3886328125
2.2864453125
2.1842578125
2.2353515625
1.9798828125
2.3375390625
2.2864453125
2.2353515625
2.1331640625
2.3375390625
2.3375390625
2.3375390625
2.3375390625
1.9798828125
2.0820703125
2.4397265625
2.1842578125
2.4397265625
2.1842578125
2.3886328125
2.2864453125
2.2353515625
2.069296875
1.8266015625
2.2864453125
2.2353515625
2.0820703125
2.2864453125
2.2353515625
2.2864453125
2.0309765625
2.1842578125
2.0820703125
2.2608984375
2.3375390625
2.4397265625
2.5419140625
2.3375390625
2.3375390625
2.1331640625
2.2864453125
2.3375390625
2.3375390625
2.4397265625
2.0820703125
2.0309765625
2.5419140625
2.4908203125
2.29921875
2.1842578125
2.1331640625
2.1842578125
2.4397265625
2.4908203125
2.3375390625
2.2864453125
2.4397265625
2.3375390625
2.1459375
2.4397265625
1.9287890625
2.4908203125
2.2353515625
2.2864453125
2.4397265625
2.1331640625
2.4397265625
2.2864453125
2.4908203125
2.1459375
2.2864453125
2.1331640625
2.2353515625
2.1842578125
2.3886328125
2.4397265625
2.2353515625
2.1331640625
2.2353515625
2.375859375
2.3886328125
2.3886328125
2.3886328125
2.1842578125
2.4397265625
2.4908203125
2.375859375
2.1842578125
2.0820703125
2.1459375
2.4397265625
2.4397265625
2.2353515625
2.3886328125
2.0820703125
2.1331640625
2.2353515625
2.2864453125
2.2864453125
2.222578125
2.1842578125
2.4397265625
2.1842578125
2.1842578125
2.4908203125
2.3886328125
2.4397265625
2.4397265625
2.4908203125
2.1842578125
2.4525
2.3375390625
2.3375390625
2.2353515625
2.3886328125
2.4908203125
2.4908203125
2.0820703125
1.9798828125
1.8776953125
2.375859375
2.4397265625
2.4397265625
2.4908203125
2.3375390625
2.3886328125
2.3375390625
2.0309765625
2.2864453125
2.3375390625
2.3375390625
2.3375390625
2.1842578125
2.2864453125
2.4397265625
2.1842578125
2.2608984375
2.1842578125
2.3375390625
2.0820703125
2.1842578125
2.5419140625
2.4397265625
2.2353515625
2.1331640625
2.2864453125
2.1459375
2.3375390625
2.0820703125
2.2864453125
2.1331640625
2.3886328125
2.4397265625
2.4397265625
2.4397265625
2.4908203125
2.3375390625
2.2864453125
2.4397265625
2.3886328125
2.3886328125
2.2353515625
2.2353515625
2.3375390625
2.3375390625
2.2864453125
2.0820703125
2.069296875
2.3375390625
2.3375390625
2.4397265625
2.2864453125
2.3375390625
2.3886328125
2.2353515625
2.0820703125
2.3886328125
2.4397265625
2.5930078125
2.4908203125
2.4397265625
2.1331640625
2.1076171875
2.1842578125
2.1331640625
2.6951953125
2.4397265625
2.4397265625
2.2353515625
2.5419140625
2.3886328125
2.3375390625
2.4397265625
2.1842578125
2.4908203125
2.5419140625
2.5419140625
2.3375390625
2.0309765625
2.2353515625
2.2353515625
2.4397265625
2.2353515625
2.375859375
2.2353515625
2.2864453125
2.5419140625
2.3886328125
2.4397265625
2.2864453125
2.3375390625
2.1842578125
2.0820703125
2.5419140625
2.375859375
2.5930078125
2.2864453125
2.5930078125
2.3375390625
2.5419140625
2.2353515625
2.5419140625
2.4908203125
2.1842578125
2.4141796875
2.3375390625
2.3375390625
2.1842578125
2.2353515625
2.3886328125
2.1842578125
2.1842578125
2.0820703125
2.3886328125
2.529140625
2.2864453125
2.3375390625
2.3886328125
2.2864453125
2.2864453125
2.1842578125
2.1842578125
2.3375390625
2.0820703125
2.4908203125
2.375859375
2.3375390625
2.4397265625
2.4397265625
2.2353515625
2.2864453125
2.3886328125
2.5419140625
2.4908203125
2.5930078125
2.529140625
2.4908203125
2.4908203125
2.3375390625
2.1842578125
2.1842578125
2.2864453125
2.222578125
2.5930078125
2.4397265625
2.2353515625
2.3886328125
2.3886328125
2.2864453125
2.2864453125
2.3886328125
2.2353515625
2.0820703125
2.4908203125
2.3375390625
2.4397265625
2.7462890625
2.7973828125
2.1842578125
2.3375390625
2.1842578125
2.3886328125
2.0309765625
2.3375390625
2.5674609375
2.3375390625
2.4908203125
2.4397265625
2.7462890625
2.0820703125
2.2864453125
2.3375390625
2.3375390625
2.2353515625
2.222578125
2.3886328125
2.4397265625
2.4397265625
2.5419140625
2.1331640625
2.4397265625
2.2353515625
2.0820703125
2.0820703125
2.0309765625
2.3886328125
2.0309765625
2.2353515625
2.1331640625
2.4397265625
2.3886328125
2.3886328125
2.3375390625
2.3375390625
2.3375390625
2.0820703125
2.4397265625
2.3886328125
2.1842578125
2.3886328125
2.3886328125
2.1842578125
2.375859375
2.3886328125
2.3886328125
2.2353515625
2.2864453125
2.3886328125
2.3886328125
2.5419140625
2.5419140625
2.2353515625
2.2864453125
2.0309765625
2.2864453125
2.2608984375
2.5419140625
2.5419140625
2.4908203125
2.2864453125
2.1842578125
2.2864453125
2.3375390625
2.2864453125
2.1842578125
2.1459375
2.3375390625
2.3375390625
2.2353515625
2.5930078125
2.4397265625
2.3375390625
2.6441015625
2.2864453125
2.4525
2.4397265625
2.2353515625
2.4397265625
2.4397265625
2.3375390625
2.4908203125
2.0309765625
2.3375390625
2.2353515625
2.29921875
2.3886328125
2.2864453125
2.2353515625
2.2864453125
2.2353515625
2.0820703125
2.0820703125
2.2353515625
2.3886328125
2.3375390625
2.4397265625
2.2353515625
2.1331640625
2.1842578125
2.1842578125
2.1331640625
1.9798828125
2.2864453125
2.4908203125
2.2608984375
2.4908203125
1.8776953125
2.0820703125
2.1331640625
2.2864453125
2.2864453125
2.4908203125
2.3375390625
2.2864453125
2.3375390625
2.2864453125
2.2353515625
2.1842578125
2.3886328125
2.1331640625
2.2353515625
2.1842578125
2.3886328125
2.1459375
2.3886328125
2.5419140625
2.1331640625
2.2353515625
2.2353515625
2.3375390625
2.4397265625
2.222578125
2.5419140625
2.5419140625
2.4397265625
2.1842578125
1.8776953125
2.3375390625
2.2353515625
2.4397265625
2.5419140625
2.4525
2.0309765625
2.4908203125
2.1331640625
2.2353515625
2.1842578125
2.2353515625
2.3886328125
2.2864453125
2.3375390625
2.1331640625
2.222578125
2.7462890625
2.1842578125
2.2864453125
2.4908203125
2.3375390625
2.4397265625
2.4908203125
2.3375390625
2.3375390625
2.2353515625
2.2353515625
2.3886328125
2.4908203125
2.3375390625
2.2864453125
2.4397265625
2.4908203125
2.4525
2.2353515625
2.2864453125
2.3375390625
2.3886328125
2.3886328125
2.4908203125
2.3886328125
2.3375390625
2.2353515625
2.29921875
2.3375390625
2.2864453125
2.2353515625
2.2864453125
2.0820703125
2.1842578125
2.4397265625
2.2353515625
2.6951953125
2.4397265625
2.529140625
2.3886328125
2.2864453125
2.3886328125
2.4908203125
2.4908203125
2.3375390625
2.4908203125
2.4397265625
2.2864453125
2.4141796875
2.4397265625
2.2864453125
2.6951953125
2.2864453125
2.4397265625
2.2353515625
2.3375390625
2.222578125
2.3375390625
2.4908203125
2.3375390625
2.1842578125
2.1842578125
2.2864453125
2.3886328125
2.0309765625
2.4141796875
2.5930078125
2.7973828125
2.2864453125
2.5419140625
2.5930078125
2.4908203125
2.1842578125
2.3375390625
2.4141796875
2.5419140625
2.4908203125
2.3886328125
2.2864453125
2.0820703125
2.3375390625
2.1331640625
2.3375390625
2.3375390625
2.4908203125
2.5419140625
2.5419140625
2.3886328125
2.1842578125
2.2864453125
2.3886328125
2.4908203125
2.4397265625
2.4141796875
2.3375390625
2.5419140625
2.3375390625
2.4908203125
2.4397265625
2.3375390625
2.1331640625
2.5419140625
2.5419140625
2.6441015625
2.4908203125
2.2864453125
2.2353515625
2.0820703125
2.5419140625
2.0820703125
2.2608984375
2.1842578125
2.4525
2.1842578125
2.3886328125
2.3375390625
2.3375390625
2.2864453125
2.5419140625
2.3886328125
2.2353515625
2.4908203125
2.4397265625
2.3886328125
2.4525
2.2353515625
2.3886328125
2.0309765625
2.2864453125
2.0309765625
2.1842578125
2.3886328125
2.5419140625
2.4908203125
2.3375390625
2.0820703125
2.4397265625
2.3375390625
2.2864453125
2.4908203125
2.4908203125
2.2353515625
2.3375390625
2.2864453125
2.2608984375
2.5930078125
2.4908203125
2.4908203125
2.4397265625
2.0309765625
2.2864453125
2.1842578125
2.3886328125
2.2353515625
2.1076171875
2.4397265625
2.2864453125
2.3886328125
2.3886328125
2.0820703125
2.1842578125
2.3375390625
2.5419140625
2.2608984375
2.4141796875
2.069296875
2.2353515625
2.4908203125
2.5419140625
2.1842578125
2.3375390625
2.2353515625
2.2864453125
2.6951953125
2.1076171875
2.4397265625
2.3375390625
2.4908203125
2.4908203125
2.6951953125
2.5930078125
2.3886328125
2.3375390625
2.3886328125
2.529140625
2.3886328125
1.9287890625
2.4397265625
2.2864453125
2.2864453125
2.1842578125
2.3375390625
2.3886328125
2.3375390625
2.529140625
2.3886328125
2.3886328125
2.2353515625
2.1842578125
2.2864453125
2.4397265625
2.2353515625
2.4397265625
2.5419140625
2.2353515625
2.4397265625
2.2864453125
2.5930078125
2.3886328125
2.4141796875
2.0309765625
2.2864453125
2.2864453125
2.2353515625
2.5419140625
2.2353515625
2.2864453125
2.3886328125
2.1842578125
2.069296875
2.4397265625
2.4908203125
2.1842578125
2.4908203125
2.4397265625
2.3375390625
2.6441015625
2.4908203125
2.5930078125
2.29921875
2.5419140625
2.3375390625
2.1842578125
2.4397265625
2.5419140625
2.2353515625
2.4397265625
2.3886328125
2.5419140625
2.2864453125
2.2608984375
2.4397265625
2.1842578125
2.0309765625
2.4397265625
2.2353515625
1.9287890625
2.2353515625
1.9287890625
2.1331640625
2.222578125
2.1842578125
2.6441015625
2.6441015625
2.2864453125
2.2864453125
2.3375390625
2.2864453125
2.4908203125
2.2864453125
2.1842578125
2.2864453125
2.3375390625
2.2353515625
2.2353515625
2.2353515625
2.2353515625
2.1076171875
2.3375390625
2.0820703125
2.1331640625
2.2353515625
2.3375390625
2.2353515625
2.4908203125
2.2353515625
2.3375390625
2.4397265625
2.5419140625
2.4397265625
2.1331640625
2.3886328125
2.3375390625
2.0820703125
2.1842578125
2.3375390625
2.0820703125
2.3375390625
2.4397265625
2.4397265625
2.3375390625
2.3375390625
2.4397265625
2.1331640625
2.5930078125
2.2864453125
2.6951953125
2.375859375
2.4908203125
1.9798828125
2.3375390625
2.1842578125
2.2864453125
2.3886328125
2.2353515625
2.3375390625
2.3375390625
2.2353515625
2.3886328125
2.4397265625
2.3886328125
2.3375390625
2.2353515625
2.3886328125
2.3886328125
2.6441015625
2.529140625
2.4397265625
2.3886328125
2.3886328125
2.5930078125
2.1331640625
2.2864453125
2.5419140625
2.4397265625
2.4141796875
2.1842578125
2.5419140625
2.5930078125
2.3886328125
2.2353515625
1.9798828125
2.3886328125
2.2353515625
2.0820703125
2.222578125
2.4908203125
2.2353515625
2.2353515625
2.3375390625
2.1842578125
2.0820703125
2.3375390625
2.1331640625
2.1842578125
2.4525
2.1331640625
2.3375390625
2.4908203125
2.2353515625
2.1842578125
2.2864453125
2.3375390625
2.3886328125
2.4908203125
2.2608984375
2.1842578125
2.4908203125
2.3886328125
2.4908203125
2.3375390625
2.3375390625
2.4908203125
2.2608984375
2.4397265625
2.4908203125
