0.667329339202
0.668046115708
0.668706600674
0.668086382027
0.666895557715
0.668002302648
0.667067196606
0.66727978404
0.666774944545
0.666604380567
0.666984641808
0.666009204843
0.666564242977
0.666189126333
0.665790994196
0.66451902817
0.663906987547
0.66319751058
0.663007348747
0.66324503138
0.662929057246
0.663481963759
0.663766899769
0.663475941636
0.664949375132
0.664158654432
0.665245790287
0.664546442093
0.665027678087
0.663806052312
0.663271795551
0.663456705803
0.662272596177
0.662382469515
0.662014935599
0.662302334019
0.662187019628
0.662714303111
0.662490589205
0.661113554603
0.661238528262
0.661188806494
0.661580649322
0.66138815927
0.661383203908
0.661811263801
0.66253064602
0.661709353054
0.661304730978
0.661473399048
0.661918218299
0.662316500594
0.662652243952
0.662856766123
0.662666731329
0.664110850013
0.663576587566
0.663302738408
0.663595202746
0.663231322179
0.662630361495
0.662086618946
0.661115737205
0.660535575519
0.66089764673
0.660985008846
0.660573831276
0.660973678181
0.661710003249
0.661838341395
0.66168402077
0.662989460909
0.663687927803
0.663385641125
0.664099142999
0.664487130405
0.663921845015
0.664981112753
0.665292402809
0.665163236448
0.664493941869
0.66539104293
0.664970568817
0.666055309726
0.666195963314
0.665687550109
0.665613946988
0.664463449963
0.663858808507
0.663600827571
0.663217760955
0.663842890472
0.663275109057
0.663596463271
0.662901451957
0.664382909085
0.664288096966
0.664722943083
0.664176592064
0.663650948316
0.663165724322
0.661734983303
0.661446828866
0.660331443057
0.657432277279
0.656282209492
0.654464011384
0.654264938858
0.652996585417
0.652534229177
0.652502074213
0.653626048226
0.65412405789
0.654659203611
0.656008524556
0.657598193338
0.659203146001
0.661822439565
0.663130243447
0.664827834614
0.664967633076
0.664448972153
0.666702983788
0.667104178214
0.667031624207
0.665515877883
0.664263645058
0.662958671341
0.661391198439
0.660425521812
0.659090578344
0.657548747596
0.656916172911
0.656270703175
0.656443030338
0.655073647517
0.654964981816
0.655177144313
0.654355680775
0.654094301732
0.655359454621
0.65687224565
0.657574490006
0.657790716579
0.659238797963
0.660828070696
0.66198398564
0.662774797365
0.663867141488
0.663987927402
0.665712450524
0.66535379988
0.664382974131
0.664553212791
0.663329091205
0.662148931954
0.662148435039
0.661713467354
0.661208656959
0.660902172107
0.661895182299
0.661904529381
0.662294083518
0.663270910883
0.668928030681
0.668067072585
0.670429153626
0.670922245554
0.670394837451
0.669798943616
0.669873068953
0.669746785908
0.668963926719
0.668465863904
0.668224861342
0.667145487894
0.666859847848
0.665459281725
0.664284004391
0.662125451699
0.661761147367
0.661742215904
0.660244726107
0.661380365878
0.661562339415
0.661757212305
0.66161421329
0.661497515875
0.662330554874
0.662468108762
0.663263105596
0.664062781994
0.663894429256
0.664633112814
0.665527439279
0.665557514333
0.665859913965
0.66572439637
0.665715751203
0.664553098885
0.664577094144
0.662732725992
0.662005156945
0.661301834816
0.660601431527
0.655868294224
0.656170017479
0.657248884024
0.659025181176
0.66033588625
0.660514169029
0.661539538888
0.662446301338
0.662240156211
0.662211857178
0.662327385307
0.661718207512
0.660774341159
0.660067196205
0.659592713771
0.658985974243
0.659181493037
0.65742182201
0.657338841332
0.65691801448
0.655982722268
0.655000516285
0.656212852963
0.656240016111
0.656380681365
0.657966250208
0.659279036363
0.659307002698
0.661144505053
0.661137884955
0.662865974941
0.663154405552
0.663788153767
0.662944404707
0.662316152157
0.661244586332
0.662192463075
0.660626548166
0.661126867222
0.662356853399
0.662860909238
0.663969348677
0.663956879732
0.664745999129
0.664243710719
0.664116424299
0.665069312857
0.664834504506
0.664005774965
0.663957134023
0.663990988296
0.663294187818
0.663882207009
0.664101766063
0.664383106855
0.664668416111
0.664559903917
0.664132528947
0.664185794461
0.663833599401
0.663451693479
0.664067961377
0.66358679255
0.663191936294
0.663787392278
0.664130743152
0.662992323246
0.662865021367
0.663148779793
0.662632617735
0.662227297115
0.662294265612
0.663421204931
0.663595695868
0.663668124017
0.665456053083
0.665520694753
0.668171171619
0.669334017701
0.670956657497
0.669568515023
0.669280315585
0.667767044779
0.666651715491
0.666221168628
0.665476036568
0.664388183783
0.663797785615
0.663306938261
0.662524982321
0.662965682756
0.66280088492
0.663185136496
0.664470313128
0.66453777854
0.664285524442
0.665415651919
0.666032532318
0.666979427854
0.666411211516
0.667711504208
0.667859455952
0.667596666463
0.66629131835
0.666654349262
0.665651106174
0.665760663015
0.66474805497
0.663048544775
0.662539876983
0.661621378928
0.661393335294
0.660308842991
0.659763357085
0.660375156549
0.659986937972
0.660778022863
0.661356320793
0.662549866108
0.663596807908
0.664348714968
0.665526126534
0.665298281179
0.666549950363
0.667112760449
0.666975531878
0.666270595552
0.665492541568
0.665725319379
0.664938136443
0.663201865312
0.659256324724
0.658983066628
0.657135472693
0.65624922324
0.655443257533
0.65510201516
0.655215848349
0.654325042511
0.655457108061
0.655775993885
0.656054516475
0.656505649552
0.656982848982
0.657110509581
0.657169692769
0.657348470998
0.658267493685
0.658043610813
0.658560619894
0.658725076657
0.658336114024
0.659089421247
0.659925810014
0.660411049975
0.659813524806
0.659812488538
0.660432871916
0.65922505873
0.657882470415
0.657793213537
0.65802473273
0.658196837266
0.657675280622
0.658087737084
0.65790353946
0.659319730454
0.659826208217
0.660156489097
0.661756353379
0.662326760697
0.663749726691
0.664230537307
0.664124117859
0.665302958689
0.664178019435
0.665007296873
0.664341819138
0.665414715779
0.665763566542
0.66569075401
0.666250848565
0.664040106895
0.664797832963
0.66458928019
0.664879631294
0.665989730727
0.665343685672
0.665533301002
0.665044452249
0.665117838704
0.664958564397
0.666165020959
0.665108553352
0.66391468653
0.664077571532
0.664008792432
0.665170945703
0.665188357606
0.667548899523
0.667747931496
0.667986264038
0.669770237554
0.66922849346
0.667504578037
0.667335401623
0.666231258314
0.664925763334
0.663501485342
0.663605581302
0.662209524165
0.661746550612
0.663109192769
0.663915205647
0.665143308082
0.665147175466
0.665532911079
0.66569848659
0.664747833785
0.665343875359
0.663132285714
0.661569091296
0.660604978574
0.658799803507
0.658811296929
0.65804434891
0.658062395705
0.657587581972
0.657075645509
0.657278207871
0.657793086285
0.657798012546
0.65861945704
0.658255140089
0.657890632005
0.658621457106
0.659225520632
0.657814980636
0.657090232718
0.656292318505
0.655579150494
0.655163146281
0.65576368918
0.655414824843
0.655880987214
0.655586011539
0.655765273847
0.65596986223
0.655291404619
0.654875826736
0.654978918151
0.654431045402
0.652983846996
0.652847953543
0.652799578344
0.653370990432
0.654175736608
0.65491306193
0.654368149948
0.65605313512
0.655926032259
0.657263450736
0.658404073289
0.658763000173
0.659008765285
0.659271428905
0.65991011935
0.661183334449
0.66057957051
0.660268120309
0.660591289418
0.65987358339
0.658565370758
0.658850022445
0.658770265879
0.658578371632
0.659969614973
0.659563823905
0.659364411555
0.658857231435
0.659791422334
0.660397596973
0.659876635691
0.660887250526
0.663489200652
0.663936135555
0.664001532734
0.665465123698
0.665135907677
0.663434898871
0.663760981281
0.66321554789
0.662206777176
0.662863596897
0.662063507675
0.660722727037
0.660716956593
0.657227148118
0.656187693651
0.655579680557
0.65583487137
0.655435635288
0.655222361398
0.655343781833
0.655068095899
0.656436976994
0.657327495649
0.657149698629
0.657807108174
0.65738110194
0.658070606942
0.658488557822
0.658492922122
0.657859739237
0.657344892546
0.655627590799
0.655179032858
0.653443755115
0.652279888804
0.65221370797
0.65099883378
0.650169856882
0.65042299709
0.64905022236
0.65006951103
0.650264593652
0.649734341301
0.650422540218
0.649820280871
0.650223258469
0.650986038347
0.650747290632
0.651569446099
0.651587504788
0.650547266008
0.650029857951
0.649399007135
0.649437595143
0.648314496515
0.648548910405
0.648001777196
0.645800622814
0.646154587914
0.645942923332
0.645179528536
0.644182772527
0.642754927671
0.643444995077
0.64416507249
0.644487092799
0.645468997093
0.647148373431
0.647212617804
0.651768464037
0.65193497832
0.651012192677
0.650186176547
0.648912262393
0.647635894671
0.647600732701
0.646833425471
0.645979414627
0.643977184069
0.644561584399
0.644345886749
0.645638560555
0.647268538763
0.648679607828
0.649653007034
0.650850085132
0.650985655879
0.652214361484
0.652756007426
0.652310408082
0.65261092086
0.651467384006
0.650878076673
0.649852125976
0.648851138687
0.647863516169
0.646390627496
0.644422140583
0.644187538595
0.643543643299
0.645137304383
0.646415456026
0.64741937237
0.648220844618
0.648650755419
0.649421504087
0.649309364735
0.650012693286
0.650000662633
0.649699847903
0.648766488292
0.648590363601
0.647430786703
0.647886117955
0.64602486748
0.645570722654
0.647154891528
0.647236815432
0.649703647363
0.650008887657
0.650099983924
0.648661572013
0.647721913821
0.645363170152
0.643199835376
0.640105263554
0.639571487225
0.637424055467
0.637810064712
0.639514943023
0.640162560134
0.642215915304
0.643908380002
0.644700561179
0.645612937279
0.645835788399
0.644970695496
0.642769452939
0.641515268693
0.640957100318
0.639407825548
0.638515417407
0.637664654319
0.636349190506
0.635773501555
0.634517860626
0.633283667221
0.632284835604
0.631960998721
0.632022721109
0.633195081774
0.634227765248
0.633212376625
0.634819579106
0.634386029528
0.635161065783
0.635533050994
0.635607713502
0.63440646084
0.63540499287
0.635065427196
0.635272682477
0.635677171829
0.635582520151
0.636515121346
0.636387823769
0.636880799669
0.635792101532
0.634892362901
0.633521049598
0.632131705027
0.629987547392
0.628854500633
0.627285488863
0.626325008543
0.626649770409
0.626532800827
0.62634648443
0.627769450424
0.62852393978
0.630063747876
0.630139755716
0.631143348931
0.632668205626
0.633123975169
0.633808584553
0.632985348556
0.63291860693
0.632370295888
0.631838349767
0.629991647627
0.629100724082
0.628832982139
0.625827545392
0.627065385929
0.625487192693
0.625563920076
0.623134278092
0.622650237379
0.62235836315
0.621779495835
0.620747517544
0.621943469257
0.621880799503
0.622943285669
0.623947562412
0.624795779906
0.625452202329
0.626618831636
0.627853644456
0.630068582621
0.63091004087
0.631386638276
0.63056637115
0.630102971267
0.628854638708
0.627103141912
0.625991532414
0.624007240669
0.621891502463
0.619520938806
0.618251222599
0.616663536958
0.61667470243
0.616126238177
0.616023779533
0.618018609234
0.618887057129
0.620491614888
0.621862834045
0.623986300085
0.625405096495
0.626988457152
0.627499935573
0.62774848746
0.628689310352
0.628299398446
0.628681398514
0.628384785522
0.627009963114
0.627583657912
0.626348483808
0.624481539388
0.623609437701
0.621595294402
0.619608054046
0.618948969245
0.618277025133
0.617878014309
0.617403653147
0.618391274224
0.618610589259
0.619537043267
0.619881642704
0.621182500727
0.621099300772
0.621738704288
0.62328461552
0.623954391556
0.624102974843
0.62409388782
0.62494894536
0.623175896668
0.624390090382
0.622676032794
0.622470216991
0.621113524299
0.620087961845
0.618782100848
0.615943275797
0.614580140585
0.614163785027
0.607907537264
0.608207427749
0.608591148565
0.610057236046
0.611206158893
0.611764078222
0.613328134189
0.614801679265
0.615654337999
0.616471570258
0.61626277772
0.616211925538
0.615957781512
0.61546190989
0.614988388837
0.613552662423
0.612642351198
0.611992791499
0.611473777836
0.610947155274
0.610694721477
0.610035862162
0.609076786307
0.608663678767
0.609230981337
0.609691658096
0.608938582046
0.60868577905
0.606644588948
0.605522502977
0.604275217419
0.604629376283
0.604019074055
0.60554367309
0.605476697442
0.607440596308
0.60842550469
0.609059502886
0.61005713597
0.610075878188
0.609901905163
0.609650800011
0.608054571942
0.607633155708
0.607428202692
0.605263523957
0.604370841742
0.603689452397
0.602721254014
0.603184480178
0.604140090739
0.605874428973
0.606106212444
0.607453861501
0.608777908294
0.609469481461
0.610515408943
0.611923413549
0.612464146402
0.612591148499
0.612252671244
0.610650726324
0.609824578853
0.609615748441
0.608116905652
0.607846109287
0.607512870038
0.608242298539
0.607601467439
0.607656844508
0.60721240563
0.605921519594
0.605315068928
0.604470081528
0.603806563307
0.602947718464
0.601558792119
0.602748370432
0.602826171727
0.604404987451
0.605087755307
0.605601233262
0.606285236617
0.60817022594
0.608675253
0.605503666375
0.606358061602
0.604041965114
0.602935202374
0.601579563087
0.600023869849
0.598913423658
0.59827418671
0.59787614704
0.598569822795
0.599814673815
0.599610530342
0.600047138644
0.600847335586
0.600971175708
0.602305375121
0.603643326036
0.604594404943
0.604753922385
0.605389009067
0.606239724984
0.606734359199
0.607493082515
0.607957048925
0.608208316834
0.608758985686
0.608011055175
0.607472863133
0.60643829921
0.604123462747
0.602678913588
0.599799675963
0.596922780622
0.595023166682
0.593315312586
0.592208365286
0.591665246759
0.592059059155
0.593054323466
0.593773392965
0.595311527052
0.596638627079
0.598074594652
0.599837212431
0.600776771937
0.602211156811
0.601351334087
0.601352890389
0.600770500325
0.599647232959
0.597517836772
0.596089707592
0.594594195693
0.591040634026
0.59078579451
0.589669053538
0.589327020643
0.589627245049
0.589564191108
0.590532607089
0.591356418452
0.593239767599
0.592199534546
0.591435861407
0.59001343833
0.589224752244
0.589742847837
0.589669863198
0.589712549695
0.589376314665
0.587835265157
0.588083539338
0.587817558911
0.583481403308
0.582623421388
0.58246754614
0.582335064879
0.582670309642
0.582375085214
0.583309979688
0.583830160434
0.58487840664
0.586496298675
0.586896742623
0.58707356681
0.586438921032
0.584414445219
0.583834079782
0.582709140528
0.581961611342
0.581218374259
0.580778994662
0.579717757569
0.580073081643
0.579963202391
0.580743852952
0.580071527511
0.58149445251
0.58125503104
0.581481600115
0.582837737758
0.583582701571
0.584401186254
0.586089768551
0.585625296829
0.586132730583
0.586117040599
0.585987406864
0.587187955728
0.586975714099
0.585823332618
0.586709773204
0.58676448344
0.586618691954
0.587365892453
0.587129458943
0.586681346257
0.585795591812
0.5846363524
0.582484376642
0.580918393987
0.577986750785
0.575133547552
0.572490359249
0.569864984005
0.567200575106
0.566237258639
0.565399116528
0.565468606567
0.566631356824
0.567932007286
0.569494129699
0.571376268859
0.578802525172
0.57886749216
0.57968359429
0.579687895665
0.579490635422
0.578110299422
0.575884502945
0.575282820086
0.573178868467
0.574149569576
0.576244904153
0.577786694202
0.578731858979
0.579682106599
0.578748473438
0.578117525864
0.578009514101
0.579030077804
0.579590755336
0.580172491413
0.58056832057
0.580753633805
0.579827566155
0.580307077838
0.58590381941
0.586471831997
0.587031653452
0.585751987435
0.585118766914
0.583621017355
0.583260688617
0.582720152601
0.581098106489
0.578384853388
0.576403020897
0.573468129284
0.570519367538
0.567608142007
0.563882998461
0.559308877097
0.556079476905
0.55399713012
0.551957266294
0.551092634801
0.550472791945
0.550355553783
0.55044723564
0.552848203971
0.55389958205
0.556542672347
0.558873515747
0.560462421147
0.562684350978
0.563836852584
0.565360662787
0.567140565167
0.567989013833
0.568677122895
0.569407315007
0.568597183066
0.566578571844
0.564597136946
0.562843160092
0.561578859911
0.55885723642
0.557353183979
0.553952879522
0.553212165356
0.551668952516
0.550979335788
0.549923913994
0.550261428129
0.550647488619
0.551287896249
0.551421704761
0.552348926172
0.554090171197
0.55460274546
0.55519152228
0.556840434564
0.558221518419
0.563285070817
0.563115840277
0.562037255444
0.561288175199
0.558402566785
0.55482652824
0.550765787405
0.546878139908
0.542046530732
0.538270775006
0.534243533798
0.530677848036
0.527997448887
0.525931592153
0.52519862347
0.525239863124
0.526212267989
0.527842019328
0.528764770398
0.530228765812
0.531721660136
0.534360126608
0.536191876166
0.53580906838
0.53699337389
0.5360125209
0.537234741105
0.53700484947
0.538686821214
0.538476976203
0.539279760448
0.538730360479
0.537961685003
0.537049241716
0.535017188716
0.53234811425
0.528703651966
0.525672130499
0.520913791751
0.517626166678
0.514330333039
0.511508180895
0.509483771807
0.506282070532
0.506003078005
0.504048841759
0.503855290641
0.504548311662
0.504954725514
0.505073761137
0.504784645319
0.505409688283
0.503515138139
0.503573939065
0.503206601986
0.502932451356
0.503520831092
0.503879970126
0.505466874086
0.504854957641
0.506182392974
0.506127111937
0.506615792885
0.507098921225
0.50863653835
0.508924683243
0.508357005519
0.507866809754
0.507427340744
0.506521380991
0.507572363894
0.507301236465
0.506505700788
0.506357690638
0.504957504674
0.504903335913
0.503740027487
0.49806676728
0.495373597495
0.492676446115
0.489492036422
0.488225182544
0.486774616802
0.486559950832
0.486616805583
0.486503384265
0.489859416872
0.49266126102
0.496568618096
0.498283477431
0.500081329338
0.501124250985
0.501998700233
0.50304561083
0.501980065449
0.5017383453
0.502024181946
0.501716752852
0.501555427283
0.502214876914
0.50252620699
0.50271570366
0.504318765861
0.505597130801
0.505700951541
0.506105964981
0.50725938106
0.506143334842
0.506291064468
0.505568200006
0.504176337478
0.50425275619
0.501033698304
0.499891115533
0.498308791732
0.496538754085
0.49566267585
0.494601486665
0.49450623657
0.496388283705
0.497416530458
0.499493840178
0.50000227108
0.499639896539
0.5001833521
0.498423510712
0.496816810619
0.494802945468
0.491897135768
0.490308044424
0.486936534187
0.484286965551
0.481315879942
0.480760152989
0.480851367258
0.483860153282
0.486019443096
0.487878269807
0.48823937435
0.48664581722
0.485977298458
0.483834509833
0.479466831839
0.474562157216
0.468382606106
0.461403213426
0.456329811885
0.450152455535
0.444524053506
0.437637851959
0.433511677647
0.429408144012
0.425511089664
0.424080973991
0.421576518851
0.421817837696
0.422041961499
0.423975561041
0.427244361908
0.432190508552
0.434272121318
0.436259274705
0.438352565122
0.440500356781
0.442118850555
0.44649710255
0.446231864225
0.446704850464
0.447997872215
0.448783103909
0.447790048226
0.447494246015
0.44742444093
0.446402027319
0.444426623628
0.444081219291
0.443198580581
0.440894943258
0.439257292036
0.437784857114
0.434690184437
0.431178832858
0.427305958251
0.42497108471
0.42270699484
0.422620910388
0.422352553321
0.422158994109
0.422684732731
0.427110845151
0.427607435097
0.428726232351
0.4303105697
0.431731070163
0.433369726431
0.432514397676
0.432308739837
0.431286186805
0.430109115083
0.42901036804
0.428087916557
0.426789439201
0.427471584055
0.429016614412
0.430303744407
0.430458396095
0.431491992149
0.43298948097
0.432466161927
0.432034505137
0.427973814842
0.425896368801
0.422674981301
0.41896234834
0.415806356111
0.413319304328
0.410853025304
0.408691381007
0.408488997156
0.40874171622
0.409235655682
0.410146167809
0.409596537109
0.40913751342
0.409757428983
0.407520840917
0.408019174946
0.408511388424
0.407993115253
0.408890241112
0.408171015032
0.409725630056
0.40915244216
0.409947000703
0.409491694969
0.410494980936
0.410642506065
0.410896602479
0.411496413933
0.411365524702
0.411324600881
0.410065688373
0.402313379643
0.400887143749
0.39801530199
0.395646696234
0.395945400293
0.394485398352
0.395288399933
0.396725918133
0.399222214239
0.399690758491
0.399905558627
0.399542808178
0.397962693359
0.395566432065
0.391319288337
0.388302568792
0.385621231332
0.385665063505
0.384447071755
0.384943449337
0.386804839461
0.388266400319
0.391840506263
0.39365684636
0.396576920083
0.397603772653
0.397518101243
0.397967382231
0.396839125678
0.394686392018
0.393593902571
0.392251785864
0.391923907141
0.392521725238
0.392124753753
0.393734026363
0.394291552695
0.395418208407
0.394959735227
0.396484707508
0.395537674947
0.394225493427
0.39115850231
0.389601586918
0.38537538339
0.382203153425
0.377643336922
0.375061232018
0.373990729892
0.371597233937
0.37177914336
0.372644905031
0.372431456981
0.375529817275
0.376989358544
0.379276710794
0.382189815775
0.383375709524
0.383298618234
0.38244067495
0.382668513889
0.382612172022
0.383637763294
0.384348002192
0.387122021774
0.387499129416
0.390691159011
0.390162911732
0.388710127587
0.38865107617
0.384882571133
0.38185872866
0.377831389979
0.375415066084
0.370996525643
0.366769720024
0.363442564871
0.362365974838
0.362137981293
0.362378421885
0.364165593036
0.365570248376
0.366397204508
0.366933044992
0.367170508119
0.367931012438
0.366969531362
0.36594281517
0.366142723945
0.367671562905
0.370607808987
0.373576968153
0.376227811537
0.378907771207
0.381389719199
0.382740040661
0.383023476152
0.384032560711
0.383517965475
0.381980763523
0.379899589312
0.378223151368
0.377090850344
0.37345702117
0.371814771854
0.371422586502
0.373499074906
0.37504164047
0.375588756032
0.375101710721
0.373409448652
0.369499346717
0.363172171802
0.357511687958
0.347930372807
0.335578647834
0.328785062399
0.320124422711
0.315865430925
0.309538124219
0.306217136808
0.302453978703
0.300534163946
0.300792980451
0.301684569447
0.301860257977
0.304468974214
0.308688120394
0.312315207959
0.315372870879
0.319179131134
0.32081962563
0.323448259115
0.326561554632
0.328761072139
0.330695311554
0.334616127412
0.336420326014
0.341368128539
0.344074932019
0.346900698701
0.347087771097
0.347689602648
0.345804031585
0.343578720129
0.339169251481
0.33633206809
0.331885565124
0.327012369323
0.325077847704
0.32297220655
0.321972464534
0.319117146652
0.31766828115
0.317421864428
0.315304516523
0.314126929796
0.311986437473
0.310328173805
0.307964231435
0.30534651563
0.303970313929
0.303499768678
0.303020602312
0.303914272886
0.304017307781
0.304754772741
0.307233060697
0.308738045988
0.309067756951
0.310720090029
0.31264738664
0.314107100016
0.314886802474
0.313993707503
0.314973509209
0.315253662202
0.314619287195
0.314443632509
0.312738652399
0.312121095622
0.311988589776
0.311214060277
0.311198726892
0.311956743493
0.309735290082
0.310624234346
0.311683880056
0.31205991023
0.312383932048
0.31107793971
0.309457645567
0.308592712307
0.30821148568
0.30723050682
0.306909800188
0.305771374597
0.305434597299
0.306927726588
0.308581350226
0.310579199837
0.310567393255
0.310877792662
0.311187865061
0.311826807166
0.312506780152
0.312832770832
0.311452144086
0.309673415973
0.30721804983
0.303092007357
0.303582005056
0.301948169745
0.298908901844
0.296338255203
0.293767469561
0.290393214024
0.28875860365
0.279604594557
0.278306606966
0.277639199703
0.277388715941
0.277300811613
0.276266427652
0.275389116302
0.275258830241
0.278427484961
0.280834551914
0.283429836645
0.284517434843
0.285302289559
0.288791192417
0.289024363452
0.287931038199
0.28662088554
0.285390744691
0.286376612842
0.286898693823
0.286680865505
0.285476919261
0.283831188634
0.282757581044
0.281644123545
0.281210823967
0.281393312295
0.279163364815
0.277580350916
0.274638743878
0.274622807967
0.275199801766
0.271652922336
0.270400658084
0.269997979336
0.270683622867
0.269708031002
0.268913529912
0.270203345181
0.268414972351
0.269621877455
0.269711676298
0.269008306261
0.268466082389
0.267211387391
0.26749147862
0.266548579628
0.267299691874
0.267046098357
0.265904285373
0.265232011642
0.266332178403
0.267622949149
0.269018808516
0.272332255638
0.273720301106
0.274250420438
0.276644039633
0.277721387059
0.279311717499
0.279435107435
0.277819589396
0.275884032511
0.273729226806
0.269646629231
0.266342065157
0.263835674579
0.265407995073
0.267421297253
0.269921060392
0.258742116254
0.25249302269
0.247525512933
0.243141003335
0.238305397843
0.233527980835
0.230391346882
0.228873889561
0.225882853172
0.224122882558
0.221752015303
0.220553556417
0.215003592687
0.212085296664
0.210452155107
0.208934670896
0.207545612271
0.208378730391
0.208951478098
0.211855366888
0.214333741544
0.216677483127
0.21984621959
0.222915689584
0.22658812179
0.230333250943
0.233643572851
0.236676789834
0.241516842547
0.244779567647
0.246484659042
0.24889333975
0.251855978912
0.251356106232
0.251473424966
0.252239097001
0.249885318681
0.246810331581
0.243388723048
0.23836175215
0.234954316391
0.22881309391
0.224338276434
0.220157342797
0.216786396269
0.213387036734
0.209834473414
0.206944390586
0.205052779043
0.203864030339
0.20310494122
0.20271025605
0.203183089501
0.203922102679
0.204940156064
0.205805594331
0.208446569213
0.211196535853
0.214496476878
0.219538110528
0.223940424525
0.226277163942
0.230056094493
0.232883791606
0.235999973014
0.239781157194
0.241981742691
0.245324356148
0.246145934831
0.24619261457
0.247492740695
0.246781572285
0.24643740777
0.244525368765
0.241470184518
0.240354761526
0.236515945149
0.23334273266
0.228915485288
0.224588245161
0.219610992977
0.215659607058
0.211873178677
0.208715099615
0.206678733296
0.205050540882
0.205390717446
0.205498016581
0.207948088926
0.209887711034
0.211576522382
0.213561685222
0.214390946692
0.216203738547
0.218811979593
0.220124472584
0.221599563904
0.221811381323
0.223140101766
0.222998322283
0.2248376095
0.224728659475
0.225804751866
0.224770991572
0.227316515889
0.227321028881
0.227654634934
0.228335428474
0.227696737587
0.226300087698
0.224505427239
0.223331829168
0.221057229697
0.218210916166
0.209986407615
0.208651968733
0.207118979244
0.207028174462
0.205871992085
0.20512400295
0.205346150271
0.206228868159
0.207616528948
0.208368373573
0.208393404659
0.207799238724
0.208431350998
0.208192252233
0.2086824063
0.208596268459
0.209010279985
0.210979602979
0.212015111884
0.21440441993
0.214590419306
0.216391731576
0.21685541534
0.216435802335
0.215551335836
0.214852931444
0.21344566682
0.210894269809
0.208077743422
0.204892765491
0.201555054244
0.197336381812
0.194513568238
0.190341583215
0.188459615719
0.188260457149
0.186778031941
0.186577652956
0.187535403944
0.19023530299
0.190972711497
0.193115213873
0.196072413676
0.198960470198
0.202170031092
0.205741125729
0.21051729228
0.21303026389
0.215388778066
0.217146745041
0.218526403433
0.218919745618
0.220393147197
0.219769152633
0.220175844632
0.220527305327
0.220085040783
0.21895961079
0.21849727716
0.216470935471
0.21414883613
0.210946412519
0.207478125907
0.203993405027
0.201008942459
0.200603532721
0.192480321973
0.192409114536
0.191341615555
0.192224061287
0.191965324116
0.192199798605
0.192556993585
0.19231638998
0.19218691856
0.191619651708
0.193732941077
0.194854302547
0.194874640154
0.195516712521
0.197229590835
0.199085946262
0.201803271747
0.203411091473
0.206165198596
0.207852176242
0.211388727381
0.211960681943
0.210965071366
0.210101273773
0.207776265864
0.205979497152
0.204161008001
0.203094168055
0.200903040492
0.199202775741
0.196869468981
0.194478838928
0.191200650034
0.189105445382
0.184826409299
0.181521094175
0.180349786916
0.177298687378
0.175488358884
0.173794276914
0.173869120054
0.175595337966
0.178136767801
0.179262793353
0.181263889244
0.185377441841
0.186542931179
0.189312705405
0.193294617074
0.195588521302
0.195345648315
0.194244301159
0.191988486835
0.187249056196
0.182991771006
0.175726256845
0.169787608631
0.161175527633
0.155168316985
0.147729892963
0.1402136295
0.135233148674
0.127190894919
0.122134043969
0.115491897294
0.112708947269
0.108089416964
0.10637131852
0.106198144542
0.1064139154
0.107699059641
0.111908112326
0.115611376971
0.118578603731
0.123259558969
0.126202151293
0.130933849559
0.133682222703
0.137711950447
0.141923154304
0.14584813282
0.150367209808
0.155556549965
0.159104776407
0.161528051632
0.164635610541
0.164728665151
0.164124341795
0.163390349248
0.160781273369
0.159139915144
0.157164401357
0.154938641835
0.152055957946
0.150757210103
0.148500283477
0.147906285788
0.147319303326
0.147306203809
0.148187507401
0.148223979198
0.148897287313
0.150901470519
0.152409337898
0.153673321058
0.155375388809
0.156018624187
0.157452084814
0.157685399069
0.15837929047
0.158606523323
0.159322400884
0.160255692521
0.159830297177
0.158599460905
0.157703938028
0.156100517615
0.153961597791
0.153915591807
0.151953106248
0.152034111886
0.153211429306
0.153513707372
0.155053102917
0.154983018005
0.155991699068
0.156350067341
0.155895419619
0.156971140443
0.156865129745
0.158487966938
0.158145985957
0.158557210994
0.158862527787
0.158659527133
0.159481665607
0.159315278363
0.159985855417
0.160133463476
0.160038079409
0.158790950922
0.159604049611
0.159622593322
0.159192695415
0.159608020178
0.159245809821
0.159848509129
0.159353628048
0.160592180705
0.158821492386
0.158680425532
0.156815264793
0.156306704721
0.155503560144
0.155019169836
0.152416485937
0.151002840047
0.14747737744
0.14668685451
0.14377277095
0.142585361665
0.139113379776
0.139001316923
0.137497460148
0.137330447999
0.136494500875
0.137273577996
0.138689471092
0.14010057517
0.154781384248
0.155788102676
0.15952374633
0.160199372145
0.160440920483
0.160291703911
0.159113908179
0.158992253711
0.157963717644
0.156363903902
0.153801372131
0.151917777286
0.15015531921
0.147890893288
0.147284446925
0.145091034463
0.144699714292
0.143761914601
0.143129154745
0.143286709256
0.141637811251
0.141831806624
0.14034711109
0.139031710417
0.138380926884
0.138950387791
0.139756087312
0.141294597403
0.142507186693
0.14306068857
0.145066912157
0.144163466729
0.144554736142
0.145362675936
0.145692638862
0.145547605006
0.147277057744
0.148801101968
0.149904530321
0.150659734701
0.15205046777
0.151937968528
0.152119456603
0.151592594717
0.149139419089
0.149337604552
0.148086297653
0.147188797174
0.145539511415
0.143712948604
0.141370317881
0.138444799032
0.137402493698
0.13481830846
0.133759968996
0.131313967344
0.129944566647
0.1286729007
0.128808968362
0.127887071248
0.128761467618
0.129624382154
0.130176882097
0.130701930973
0.130693675728
0.129990282344
0.123709424198
0.123968685637
0.123147114821
0.122851497102
0.121982904079
0.121332344568
0.122471312371
0.120565891294
0.122471706104
0.123967023523
0.124479926669
0.126681420215
0.128252498098
0.129509269656
0.131714481828
0.133001270045
0.13353621939
0.135221615219
0.136240416246
0.138055817809
0.138583454244
0.139103950321
0.138382130278
0.138832983038
0.136870138826
0.136418324127
0.134245166793
0.132367679163
0.129987200992
0.126559398738
0.124864297402
0.123524836356
0.122289886296
0.122107577678
0.123535330498
0.124454044266
0.126148851996
0.125911605524
0.12456860678
0.123651653575
0.122149683893
0.11908562636
0.11194180041
0.109879407781
0.10695407743
0.105996146515
0.104396419769
0.102821776701
0.101625922436
0.101779831699
0.102137970921
0.104126592395
0.104373229327
0.108040377043
0.109818881872
0.11012522516
0.11211506166
0.112822379586
0.116127505476
0.118716139329
0.120892852723
0.123157320571
0.123260848589
0.12425959489
0.125255404985
0.12729941172
0.12849092124
0.12824477743
0.128737797889
0.1279541465
0.128259519305
0.128417351217
0.127569341263
0.126177917519
0.12431582068
0.123852748484
0.123629689753
0.124127313853
0.122678708122
0.118782786324
0.116791578956
0.11365447436
0.110557512549
0.107582497123
0.104369671811
0.101644647533
0.0982613733869
0.0963684233581
0.0931818005181
0.0906801359908
0.0887356939251
0.0835489775584
0.0828523327278
0.0807562936733
0.0809570752214
0.0801699501809
0.080526119176
0.0827462653143
0.0827351226563
0.0853107454202
0.0881321165886
0.0887320288978
0.0918305184193
0.0962123420394
0.100051145513
0.102582921334
0.105588783519
0.108774958795
0.10859973093
0.105883069437
0.103567824724
0.0977671763405
0.0920655448675
0.08541302112
0.0785400981532
0.0742727957808
0.0672560460761
0.0621436251691
0.0567081390724
0.0539580766069
0.0502221140505
0.0477020580908
0.0470138120028
0.046379038538
0.0474370850751
0.0491554204666
0.0512929649257
0.0540218873
0.0576762574582
0.0674582969001
0.0727640524766
0.0788955531982
0.0823101786889
0.0881394001645
0.0934074477141
0.0950470058562
0.100053898669
0.10164966016
0.104166302543
0.104197166507
0.104477751065
0.102662597088
0.100906530561
0.0961515674681
0.0932298964486
0.0874081961492
0.0812720508102
0.0769952062065
0.0712426604129
0.0658103209866
0.0589298255646
0.0562248567404
0.0507844351414
0.0488986683718
0.047699763484
0.047194448809
0.0468976692497
0.0493017568138
0.0520121011116
0.0556293039817
0.0603052066476
0.0645498188357
0.0699037153743
0.0729157331332
0.0795075715059
0.082380131875
0.0882337499856
0.0929177026834
0.0968049097178
0.100871289453
0.103470239429
0.106045811162
0.106616529734
0.107669511533
0.108290600389
0.107405863844
0.104391235925
0.103198567686
0.0983452555057
0.0962676078837
0.0929667333305
0.0892064464037
0.0871266196952
0.0822567798381
0.0787343430442
0.0756605447641
0.0733203100208
0.070806259979
0.0701395576845
0.0689358864666
0.0691255039168
0.0697116872149
0.0703397552724
0.0721269278968
0.0745469235162
0.0765605321957
0.0784501246505
0.0816336108839
0.0830264565274
0.0856011979249
0.0863875135589
0.0877023171896
0.0896903013874
0.0902399792687
0.0907749195591
0.0918794506201
0.0897118580755
0.0882822815288
0.0866938255579
0.083376467445
0.0821025318516
0.0795877973485
0.0789636586076
0.0769766975691
0.0754922172397
0.0750602566388
0.0723475580526
0.0724828685274
0.0719749260451
0.0728377958049
0.0732554042288
0.0738556265539
0.0752422658775
0.0764226646994
0.0770235028844
0.0778799608925
0.0797046711729
0.080789734777
0.0815373020974
0.0830617765118
0.0846840283276
0.0850368778158
0.0857239994712
0.0862584487594
0.0872640463418
0.0868063658722
0.086725294677
0.0855162820243
0.0848010894547
0.0832088106584
0.0805864307536
0.0784940471484
0.0748783453078
0.0742710235482
0.0709125185443
0.0698205796071
0.0672550603665
0.0665826193396
0.0646326477753
0.063521459414
0.0622737637041
0.0629178690056
0.0619565142328
0.0612181710097
0.0615045851441
0.060918961705
0.0604577541866
0.0603272224275
0.0605046777382
0.0613256038999
0.0615339576551
0.0615458195704
0.0630582547865
0.0632748971701
0.0643388481145
0.0651117900899
0.0659752178052
0.0668777935337
0.0673132585754
0.0675930895994
0.0695227566623
0.0693969648474
0.0695033492816
0.0698437510364
0.0702812921776
0.0697627537538
0.0687204360163
0.0679420002603
0.0678054423917
0.0647690904213
0.0632967458527
0.0610044098885
0.0609401063829
0.059979072922
0.0593490304817
0.05902980882
0.057848208853
0.0579743083387
0.0578328096149
0.059384125954
0.059476752053
0.0612441249577
0.0626715665352
0.0642570729436
0.0665875435589
0.0685356635359
0.0695601151299
0.0702235629835
0.0712656326482
0.0710555719313
0.0714149957309
0.0701273852802
0.0687675635744
0.0673359747862
0.0656670246772
0.0637266215259
0.0623099511963
0.0612779974894
0.0590659378475
0.057068131183
0.0568985443961
0.0564082706704
0.056022668283
0.0552615028085
0.0563630807548
0.0562074823983
0.0560600005907
0.0563844266612
0.0577137036121
0.059279235316
0.0600656775543
0.0616780015221
0.0634874827564
0.0642780335307
0.0652676448688
0.0652750667047
0.0661678899515
0.0678477229484
0.0686920764073
0.0692649502096
0.0700627707858
0.0695994864889
0.0604458188692
0.0565203498911
0.0528138236544
0.0500591822073
0.0485855883376
0.0464227690569
0.0461310769042
0.0463716311753
0.0463647555977
0.0462637862258
0.0453026090315
0.0459955113463
0.0467863750531
0.0473249703731
0.0481733833102
0.0478534660192
0.0500605355307
0.051266405094
0.0532985200872
0.0545454669889
0.0563844781906
0.0609107907592
0.0610142651834
0.060215158849
0.0593262904143
0.0593732594575
0.05848790997
0.056817986017
0.0572447379855
0.0569216556578
0.0562226382543
0.0559607270691
0.0554720222552
0.0549799629409
0.0543214988024
0.0534547237284
0.0534292813299
0.0530643025035
0.0524277958971
0.0515849508304
0.0514855208672
0.0528064484273
0.0526838537459
0.0528885451162
0.0529967219854
0.0539537188737
0.0545704057368
0.0561314832892
0.0568535464665
0.0581463803568
0.0588547624896
0.0591402493137
0.0614140034892
0.0611500836344
0.0599994987219
0.0600145349293
0.0580490216219
0.0567898023858
0.0532727556738
0.0498903673421
0.0472602910276
0.044836710913
0.0436760262773
0.0399257990011
0.0372962444004
0.0357704262652
0.034027460729
0.034657054377
0.0354582098992
0.036365420464
0.0369304320084
0.0389172505419
0.0399278756518
0.0409013947452
0.0440869801404
0.0448587142507
0.0461396655831
0.0463727386794
0.0450679679939
0.0459668405679
0.0437405886696
0.0418788463165
0.040759126987
0.038615422218
0.0357570744483
0.0339148524226
0.032542932592
0.0314012124523
0.0315251019265
0.0309683585141
0.0302989466698
0.0299986569804
0.0290611244847
0.0212841801861
0.0233092675586
0.0244343870137
0.0271615597562
0.0276463990621
0.029314850569
0.0304289350858
0.0313198042911
0.0303077861377
0.0302506708869
0.0311322865084
0.0310855362408
0.0331134144713
0.032616557407
0.0342401178939
0.0348678401264
0.0346032014665
0.0344024222872
0.0341208045264
0.0338586728155
0.0315412178067
0.0310451376815
0.0294870966688
0.0298710195575
0.0280076212663
0.0265216073121
0.02686139468
0.0256234271043
0.024470123989
0.0235363933402
0.0253412121038
0.0264522946527
0.0266862862423
0.0268341166437
0.0261427238946
0.0259885445862
0.0246841933575
0.023921863929
0.0238325260363
0.0221419742385
0.0201157323809
0.0187355787527
0.0192046849664
0.0188106449629
0.018461839691
0.0176557348376
0.0177505554819
0.0181284851518
0.0169335617923
0.0166121429733
0.0169226043235
0.0182070759867
0.01943177171
0.021542829332
0.0216851767577
0.024017646021
0.0250232793214
0.0282559570059
0.0294787144422
0.0308723751683
0.0325544229696
0.0341135490924
0.0356490872403
0.0353889568197
0.0355003299498
0.0343754081295
0.0322978076288
0.0304374570744
0.0272470347636
0.0235200870451
0.0209904400042
0.0145047136152
0.0118956189083
0.00730985090074
0.00399633107207
0.00223231455324
8.99413296997e-05
-0.000349286952338
-0.00167945860766
-0.00219509202782
-0.0017260625266
0.000113176545424
0.00123560140784
0.00344749756305
0.00552022868643
0.0101948462731
0.0124195326178
0.0168091853897
0.0215033343329
0.0235254430627
0.0265728148866
0.0272188587033
0.0292439885138
0.0294075965556
0.0299667196715
0.0284190021367
0.0280526603305
0.0244521391551
0.0208749749963
0.0175261566033
0.0138012211189
0.00992709553113
0.00754181718448
0.00548103782079
0.00282565015266
0.00169213937049
-0.000718479625241
-0.00224953556028
-0.00353264663816
-0.00336331364376
-0.00104328085665
0.000556240957917
0.00329154080622
0.00657245191979
0.0110052339777
0.015223538654
0.0199637479135
0.0254592978398
0.0284039028398
0.0321821295796
0.0337681256851
0.0352876754496
0.0256631802929
0.0245374230963
0.0224789972421
0.0210190017236
0.0171209735492
0.0118072269403
0.0104941762225
0.00726989488614
0.00720058693021
0.00560891115756
0.00584410258524
0.00675416402412
0.00717301677759
0.00842156068023
0.00888878033477
0.009453308046
0.0112158530696
0.0127203039697
0.0157688920341
0.0173208746744
0.0193213082628
0.0216084202857
0.0237561101457
0.0250885409014
0.0263281727124
0.0275228613445
0.027678468009
0.0275637356349
0.0261195430641
0.0254098272651
0.0247159678043
0.0228096718333
0.0207508310448
0.0184686073535
0.0160275641097
0.0114196228077
0.00882001453571
0.00633298033269
0.00452478206413
0.00221545031174
0.00185843626868
-0.000550277980551
-0.00172399950414
-0.00234408205773
-0.00270457953271
-0.00202358960561
-0.00163770458103
-0.00277506247758
-0.00159328996953
-0.00118354473627
0.000512692200388
0.00102105632772
0.00171548373122
0.00353120301925
0.00410266781726
0.00630834471623
0.00927496233305
0.0125361207023
0.0135440233751
0.0140709391017
0.015308209597
0.0163264088485
0.0178060684477
0.0157910228521
0.0161576189492
0.0151189998582
0.0125739168867
0.00949083710341
0.00842925586467
0.0056544350475
0.00388581284167
0.00178922156639
0.000528328595673
-0.00250452393263
-0.00191886921262
-0.00293185880096
-0.000596756472143
-0.000397656151392
0.000376916522183
-4.06883046248e-05
-0.000170603751406
0.000800722713074
0.000969712749567
0.00123394172622
0.00107421104502
0.002161543295
0.00243842615066
0.00346957790679
0.00436975131455
0.003668314381
0.00361339534563
0.00266475570713
0.000291825457954
-0.00328857456921
-0.00507378119017
-0.00913971498088
-0.0125364740801
-0.0155377364917
-0.0199614689338
-0.0221729527667
-0.0262004320601
-0.0281080119403
-0.0293171804467
-0.0307743179295
-0.0306177555701
-0.0312298607981
-0.0315168188234
-0.0312875240027
-0.0302839450861
-0.0289251126798
-0.0260648146685
-0.0237573395246
-0.0169359610271
-0.0123773449422
-0.010047212492
-0.0050230460287
-0.00142696462805
-0.00125353613113
0.00148694472206
0.00258759126069
0.00318541433853
0.00550226894632
0.00633785473834
0.00396387365522
0.00271372526875
-0.000160975519423
-0.00138034337431
-0.00437841477935
-0.00630883997321
-0.00798962675775
-0.00868747510219
-0.0108338930075
-0.0110224065798
-0.0122374746793
-0.0129951867545
-0.0156420536478
-0.0175192581717
-0.0193441133442
-0.0193427212645
-0.0207969194198
-0.0209039547182
-0.0222302675254
-0.0218894656255
-0.0204761979199
-0.0191550921441
-0.0182857436133
-0.0169584207112
-0.0153362349615
-0.0128986065481
-0.00979754092743
-0.00746571946013
-0.0049716173884
-0.00266299439718
-0.000798780081389
0.000795131729394
0.00268715414315
0.00448870854617
0.00481395326388
0.00540644279532
0.00404602572595
0.00272978990453
-0.0004664545784
-0.00430775692613
-0.00659442425232
-0.00687484436327
-0.0103783672736
-0.013062379075
-0.0149699381943
-0.0167577042074
-0.0178244810141
-0.0189854454762
-0.0201925691533
-0.0217587583996
-0.0226987125918
-0.0219154387214
-0.0210411939617
-0.00489237700838
-0.000801615883231
0.00311863602688
0.00673935165707
0.00953713961771
0.0119943518096
0.0131206752696
0.0148610947698
0.0154244048351
0.0147457729473
0.0133182114821
0.0097736919845
0.00791995962143
0.00499462739441
0.0021857847348
-0.00141258358693
-0.00393400848927
-0.00595604311851
-0.00896968368741
-0.0115585323102
-0.0139837709165
-0.0151771303448
-0.0172355190721
-0.0198564845246
-0.0212830619413
-0.022690424504
-0.02393068028
-0.0230235583821
-0.023253086054
-0.0221040514132
-0.0164531738986
-0.0124328595275
-0.00927453521832
-0.00680135845761
-0.000272033052256
0.00129905388456
0.00459660040542
0.0063237351388
0.00885365318508
0.00942706795095
0.00912834645811
0.00896855882518
0.00766844224565
0.00630562898263
0.00636889622075
0.00317146130642
0.00305122182433
0.000380518635434
-0.00158723945245
-0.00293545813127
-0.00506209513241
-0.00557640896164
-0.00846997901429
-0.0107457611183
-0.012704751302
-0.0123503697916
-0.0109904975459
-0.00960827852464
-0.00932010883423
-0.00780552223014
-0.00451656821587
-0.0032928553802
-0.00108487881747
-0.000241702451857
0.00231726340809
0.00293255059889
0.00485427124491
0.00599414017468
0.00616858729188
0.00612541503672
0.00442420415854
0.0023789318987
0.00114276375893
0.00124850157456
-0.00131178037925
-0.0023909545949
-0.00371670113858
-0.00477093250128
-0.00783164174205
-0.00862898298238
-0.0101130772387
-0.011298455983
-0.0123012756004
-0.0134129182037
-0.0135230126591
-0.0132066297742
-0.0136995684908
-0.014225489877
-0.0146850972628
-0.0141456813884
-0.0132386476557
-0.0105661365055
-0.00840806066411
-0.00745686282157
-0.00557149004809
-0.00198779206306
0.000851879273471
0.00480138232473
0.00627383344291
0.00865612148059
0.0121960344953
0.013313953741
0.0153310422805
0.0161218921401
0.0179817755578
0.0180390197399
0.0195096152062
0.018826081855
0.0199351709798
0.0197189258938
0.0188883738656
0.018263995851
0.0167925592756
0.0155884092803
0.0139344672386
0.0131882800837
0.0107795524671
0.00968089621175
0.00651526615445
0.00457193585491
0.0013228992312
0.00186437475664
0.00326542634247
0.00523673508938
0.00776666720034
0.00754467572198
0.00884270262846
0.0104900546042
0.0118882476632
0.0135446432845
0.0135540653999
0.013903071132
0.0146151699147
0.0161542709207
0.0164459790234
0.0162265214911
0.0169497436728
0.0154920566138
0.013974665812
0.012902124542
0.0136135281972
0.0123528482601
0.00984047317984
0.00754506777601
0.00578080886978
0.0030926051709
0.000973055806495
-0.00147579197728
-0.00282355779025
-0.00559257321723
-0.00808734904404
-0.00987848938577
-0.0109625240778
-0.0109990068864
-0.011919258139
-0.0121365382641
-0.0127237659332
-0.012398254539
-0.0113264768791
-0.0093143503412
-0.00827822988724
