11.0214457512
11.0224435329
11.0234453678
11.0244429111
11.0254409313
11.0264389515
11.0274429321
11.0284442902
11.0294420719
11.0304384232
11.0314366817
11.0324480534
11.0334758759
11.0344421864
11.035443306
11.036434412
11.0374293327
11.0384311676
11.0394320488
11.0404317379
11.0414321423
11.0424585342
11.0434844494
11.0444934368
11.0454342365
11.0464279652
11.0474267006
11.0484411716
11.0494403839
11.0504415035
11.0514326096
11.0524306297
11.0534288883
11.0544304848
11.0554251671
11.0564267635
11.0574314594
11.0584235191
11.0594208241
11.060423851
11.0614178181
11.0624523163
11.0634636879
11.0644180775
11.0654668808
11.0664539337
11.0674686432
11.0684630871
11.069429636
11.0704205036
11.0714612007
11.0724208355
11.0734231472
11.0744190216
11.0754535198
11.0764169693
11.0774188042
11.0784199238
11.0794122219
11.0804176331
11.0814168453
11.0824332237
11.0834128857
11.0844097137
11.0854113102
11.0864171982
11.0874073505
11.088411808
11.0894067287
11.0904126167
11.0914046764
11.0924179554
11.0934066772
11.0944051743
11.0954060555
11.0964188576
11.097407341
11.0984528065
11.0994100571
11.100414753
11.1014025211
11.102398634
11.1034047604
11.1044092178
11.1054060459
11.1064145565
11.1074061394
11.1084153652
11.109408617
11.1104059219
11.1114053726
11.1133942604
11.1143891811
11.1154053211
11.1163852215
11.1173849106
11.1183845997
11.119386673
11.1204235554
11.1213769913
11.1224358082
11.1234276295
11.1243813038
11.125385046
11.1263816357
11.1273832321
11.1284122467
11.1293773651
11.1303887367
11.1313738823
11.1323845387
11.1363823414
11.1373779774
11.1383798122
11.1393809319
11.1404390335
11.1413764954
11.1424422264
11.1433765888
11.1443789005
11.1454315186
11.1464364529
11.1473758221
11.1483783722
11.1493787766
11.1503734589
11.1513648033
11.1523683071
11.1533682346
11.1543669701
11.155362606
11.1563620567
11.1573576927
11.1583576202
11.1593616009
11.1603572369
11.161355257
11.162358284
11.1633756161
11.1643662453
11.1653642654
11.1663589478
11.1673617363
11.1683721542
11.1693601608
11.1703569889
11.1713716984
11.1723570824
11.1733589172
11.1743531227
11.1753690243
11.1763546467
11.1813647747
11.1824011803
11.1833539009
11.1843519211
11.1853528023
11.1863503456
11.1873514652
11.1883499622
11.189353466
11.1903631687
11.1913557053
11.1923482418
11.1973493099
11.1983575821
11.2013530731
11.2023522854
11.2033672333
11.2043559551
11.2053508759
11.2063550949
11.2073597908
11.2083673477
11.2093613148
11.210357666
11.2113454342
11.2123413086
11.2133367062
11.2143466473
11.2153363228
11.2163302898
11.2173383236
11.2183368206
11.2193284035
11.2203252316
11.221321106
11.222322464
11.2233262062
11.2243254185
11.2253255844
11.2263212204
11.2273285389
11.2283155918
11.2293162346
11.2303142548
11.2313194275
11.232322216
11.2333228588
11.2343323231
11.2353224754
11.2363195419
11.2373228073
11.2383275032
11.2395694256
11.2485678196
11.2495543957
11.2505607605
11.2515599728
11.2525584698
11.2535641193
11.2545723915
11.2555570602
11.2565584183
11.2575542927
11.2585532665
11.2595570087
11.2605516911
11.261305809
11.2626199722
11.2636024952
11.2643651962
11.2655985355
11.2665507793
11.2675449848
11.2685434818
11.2695453167
11.2705464363
11.2715349197
11.2725360394
11.273537159
11.2745404243
11.275343895
11.2765479088
11.2775609493
11.2795436382
11.2805416584
11.2815732956
11.2825376987
11.2835350037
11.2845337391
11.2855343819
11.2865347862
11.2875351906
11.2885334492
11.2895331383
11.291536808
11.2925288677
11.2945227623
11.2955205441
11.2965624332
11.2975227833
11.2985270023
11.2995369434
11.3005235195
11.3015179634
11.3025238514
11.3035244942
11.3045244217
11.3055181503
11.3065271378
11.3075356483
11.3085300922
11.3095521927
11.3105540276
11.3115429878
11.3125495911
11.3135392666
11.3145434856
11.3155326843
11.3165409565
11.3175189495
11.318520546
11.3195106983
11.3205108643
11.3215026855
11.3225255013
11.3235425949
11.3245329857
11.3255236149
11.3265168667
11.3275258541
11.3295164108
11.3305177689
11.3345148563
11.3355133533
11.3365046978
11.3375174999
11.3385202885
11.3395140171
11.3405079842
11.3415696621
11.3425207138
11.3435165882
11.3455078602
11.3465065956
11.3475046158
11.3485057354
11.3495094776
11.3505015373
11.3515136242
11.3525044918
11.3535015583
11.3545129299
11.3555002213
11.3565063477
11.3575015068
11.3585007191
11.359511137
11.3605060577
11.361499548
11.3625020981
11.3634848595
11.3644976616
11.3654980659
11.3665025234
11.3674895763
11.3684923649
11.3694872856
11.3704800606
11.3714811802
11.3724868298
11.3734834194
11.3744833469
11.3754789829
11.3764815331
11.3774826527
11.3784799576
11.379472971
11.3804767132
11.3814716339
11.3824732304
11.3834676743
11.3844721317
11.385468483
11.3864765167
11.3894970417
11.3904700279
11.3914644718
11.392469883
11.3934676647
11.3944699764
11.3954927921
11.3964681625
11.397506237
11.3984611034
11.399474144
11.4004728794
11.40147686
11.4024698734
11.403470993
11.4044742584
11.4054691792
11.4064691067
11.4074723721
11.4084877968
11.4094862938
11.4104824066
11.413506031
11.4144933224
11.415489912
11.4164938927
11.4174807072
11.4185042381
11.4194831848
11.4204862118
11.4214851856
11.4224748611
11.4234724045
11.4244744778
11.4254689217
11.4264829159
11.4274635315
11.4284729958
11.4294731617
11.4305050373
11.4314982891
11.432461977
11.4344613552
11.4354622364
11.4364564419
11.4374687672
11.4384727478
11.4394831657
11.4404928684
11.4415230751
11.4424490929
11.4434506893
11.4445078373
11.445469141
11.4464361668
11.4474904537
11.4484469891
11.4494352341
11.4504396915
11.4514443874
11.4524366856
11.4534339905
11.4544403553
11.4554414749
11.4564321041
11.4574279785
11.458435297
11.4594562054
11.4624450207
11.4634411335
11.4644405842
11.4654352665
11.4664437771
11.4674360752
11.4684317112
11.4694335461
11.4704344273
11.4714283943
11.4724247456
11.47342062
11.4764156342
11.4774131775
11.4784164429
11.479462862
11.4804186821
11.4814374447
11.4824519157
11.4834611416
11.4844405651
11.485408783
11.4864103794
11.4874563217
11.4884076118
11.4894070625
11.4904069901
11.4914014339
11.4924082756
11.4934062958
11.4944005013
11.4953978062
11.4964010715
11.4974000454
11.4984090328
11.4993972778
11.5004079342
11.5014286041
11.5024218559
11.5034024715
11.5044059753
11.505446434
11.5064144135
11.5074064732
11.5084147453
11.5094432831
11.5104091167
11.5114431381
11.5124046803
11.5153970718
11.5164141655
11.5173971653
11.5183997154
11.5194149017
11.5204219818
11.5213830471
11.5223987103
11.5234022141
11.5244088173
11.5253984928
11.526403904
11.5273849964
11.5284063816
11.5293881893
11.5304028988
11.5314612389
11.5324048996
11.5353779793
11.5363733768
11.5373711586
11.5383725166
11.5393676758
11.5403690338
11.5413811207
11.5423724651
11.5433726311
11.5443680286
11.5453662872
11.5463676453
11.5473673344
11.5483698845
11.5493690968
11.5503687859
11.5513710976
11.5523712635
11.5543646812
11.555365324
11.5563716888
11.5573685169
11.5583660603
11.5593595505
11.5603580475
11.5613658428
11.5623636246
11.5643639565
11.5653612614
11.5664827824
11.5673668385
11.5713825226
11.572363615
11.5733530521
11.5743682384
11.5753724575
11.5763688087
11.5773727894
11.5783624649
11.5793607235
11.5803527832
11.5813512802
11.5823717117
11.5833420753
11.5843424797
11.5853455067
11.5863554478
11.5873894691
11.5883462429
11.5893507004
11.5903437138
11.5913431644
11.592341423
11.59333992
11.5944056511
11.5953941345
11.5966153145
11.5973427296
11.5983479023
11.5993449688
11.6003425121
11.6014003754
11.6023881435
11.6033680439
11.6043958664
11.6053390503
11.6063375473
11.6073329449
11.6083407402
11.6093554497
11.6103405952
11.6113409996
11.6123404503
11.6133329868
11.6143302917
11.6153388023
11.6163322926
11.6173329353
11.6183381081
11.6193351746
11.6203405857
11.6213333607
11.6223347187
11.6233365536
11.6243281364
11.6253314018
11.6263320446
11.6343209743
11.6353187561
11.6363213062
11.6373589039
11.6383213997
11.6393196583
11.6403119564
11.6413133144
11.6423482895
11.6433160305
11.6443116665
11.6453108788
11.6463084221
11.6473081112
11.6483092308
11.6493108273
11.6503443718
11.6513459682
11.6523458958
11.6533060074
11.6543185711
11.6553041935
11.6563045979
11.657304287
11.6585547924
11.6595721245
11.660607338
11.6615564823
11.662555933
11.6635792255
11.6645536423
11.6653175354
11.6665475368
11.6675410271
11.6685414314
11.6695437431
11.6705384254
11.6713371277
11.6725411415
11.6733019352
11.6745390892
11.675538063
11.6765358448
11.6775362492
11.6785337925
11.6795334816
11.6805357933
11.6812992096
11.6825418472
11.6835434437
11.6845345497
11.6855299473
11.6865410805
11.6875326633
11.6885335445
11.6895318031
11.69053936
11.6915535927
11.692538023
11.6934885979
11.6955411434
11.6965360641
11.6975293159
11.6985282898
11.6995279789
11.7005257607
11.7015273571
11.7025251389
11.7035226822
11.7045316696
11.7055370808
11.7065286636
11.7075264454
11.7085227966
11.7095181942
11.7105197906
11.7115135193
11.7125177383
11.7135109901
11.7145149708
11.7155189514
11.7165131569
11.7175164223
11.7185168266
11.7195191383
11.7205150127
11.7213196754
11.7225291729
11.7235190868
11.7245151997
11.7255132198
11.7265131474
11.7275183201
11.7285320759
11.7295205593
11.730525732
11.7315506935
11.7325158119
11.7335577011
11.7345125675
11.735514164
11.7365050316
11.7375097275
11.7385251522
11.7395329475
11.7405309677
11.7415242195
11.7425224781
11.7435054779
11.7445137501
11.7455105782
11.7465252876
11.747505188
11.748516798
11.7495038509
11.7505061626
11.7515060902
11.7524909973
11.7534964085
11.7544906139
11.7554891109
11.7564916611
11.7574875355
11.7584896088
11.7594902515
11.7604920864
11.7614810467
11.7624845505
11.763484478
11.7644846439
11.7654840946
11.7664842606
11.7674779892
11.768481493
11.7695243359
11.7704913616
11.7715039253
11.772480011
11.773522377
11.774481535
11.7755105495
11.7765185833
11.7774882317
11.7784838676
11.7795073986
11.7804846764
11.7815642357
11.7824800014
11.7835094929
11.7844896317
11.7854831219
11.7865002155
11.7874743938
11.7884836197
11.789485693
11.7904918194
11.7914879322
11.7924790382
11.7934708595
11.7944805622
11.7954790592
11.7964701653
11.7974627018
11.7984735966
11.7994761467
11.8004808426
11.801459074
11.8024859428
11.8034760952
11.8045005798
11.8054606915
11.8064627647
11.8074603081
11.8084611893
11.8094608784
11.8104610443
11.811463356
11.812458992
11.8134641647
11.8144555092
11.8164534569
11.8174564838
11.8184552193
11.8194551468
11.8204538822
11.8214528561
11.8224592209
11.8234608173
11.8244936466
11.8254930973
11.826461792
11.827457428
11.8284573555
11.8294472694
11.8304502964
11.8314530849
11.832451582
11.8335249424
11.8344500065
11.8354530334
11.8384950161
11.8394546509
11.8404564857
11.8454511166
11.8464491367
11.8474509716
11.8484456539
11.8494455814
11.8504493237
11.8514661789
11.8524560928
11.8534457684
11.8544406891
11.8554370403
11.8564395905
11.8574428558
11.8584439754
11.8594434261
11.8604376316
11.8614449501
11.8624346256
11.8634347916
11.8644309044
11.8654356003
11.8664309978
11.8674283028
11.8684303761
11.8694322109
11.8704264164
11.8714292049
11.8724274635
11.8734233379
11.8744258881
11.8764224052
11.8774235249
11.8784224987
11.8794188499
11.8804266453
11.8814413548
11.8824195862
11.8834385872
11.8844196796
11.8854210377
11.8864192963
11.8874127865
11.8884158134
11.8894135952
11.8904128075
11.8914134502
11.8924167156
11.8934543133
11.8944106102
11.8954093456
11.8964445591
11.8974552155
11.8984324932
11.899415493
11.9004580975
11.9014570713
11.9024083614
11.9034466743
11.9044523239
11.9054489136
11.9064428806
11.9074394703
11.9084200859
11.9104077816
11.9114136696
11.9134111404
11.9144043922
11.9154086113
11.9164085388
11.9174058437
11.9184052944
11.9194049835
11.9204046726
11.9213943481
11.9224028587
11.9233961105
11.9243886471
11.9253869057
11.9263994694
11.9273946285
11.9283967018
11.9294075966
11.9303846359
11.9313981533
11.9324009418
11.9353833199
11.9363975525
11.9373791218
11.938398838
11.9393892288
11.9404108524
11.9413805008
11.9423809052
11.943379879
11.9443874359
11.9453821182
11.9463779926
11.9473881721
11.9484040737
11.9493982792
11.9503829479
11.951384306
11.952378273
11.9533751011
11.9543774128
11.9553866386
11.9563889503
11.9573996067
11.9583883286
11.9593999386
11.9603796005
11.9613652229
11.9623613358
11.9634170532
11.9643807411
11.9653673172
11.9663643837
11.9673600197
11.9683725834
11.9694371223
11.9703788757
11.9713687897
11.9723558426
11.9733617306
11.9743568897
11.9753553867
11.9763665199
11.977370739
11.9784312248
11.9793610573
11.9803516865
11.9813525677
11.9823498726
11.983348608
11.9843513966
11.9853522778
11.9863548279
11.9873487949
11.9883511066
11.9893474579
11.9903516769
11.9916050434
11.9923496246
11.9933509827
11.9943518639
11.9953508377
11.9965012074
12.0075190067
12.0083425045
12.0103509426
12.0113708973
12.012362957
12.0133633614
12.0143523216
12.0153670311
12.0163481236
12.0173428059
12.0183520317
12.0233571529
12.0243463516
12.0253326893
12.0263504982
12.0273487568
12.0283243656
12.0293283463
12.0303301811
12.0313262939
12.0323266983
12.0333280563
12.0343232155
12.0353240967
12.0363225937
12.0373215675
12.0383181572
12.0393218994
12.0403199196
12.041331768
12.0423214436
12.0433344841
12.0443153381
12.0453205109
12.0463583469
12.0476312637
12.0485742092
12.0493271351
12.0505628586
12.0513291359
12.0525562763
12.0533156395
12.0543379784
12.0553150177
12.0563101768
12.0573103428
12.0583136082
12.0593066216
12.0603063107
12.061593771
12.062308073
12.0633122921
12.0643084049
12.0653123856
12.0675773621
12.0685679913
12.0695645809
12.0705690384
12.0715668201
12.0725531578
12.0735569
12.0745563507
12.0755600929
12.0763659477
12.0776069164
12.0786800385
12.0793452263
12.0805871487
12.0813400745
12.0823011398
12.0835514069
12.088542223
12.0895459652
12.0905435085
12.0915453434
12.0925419331
12.0935480595
12.0943369865
12.0955646038
12.0965433121
12.0975482464
12.0996711254
12.1005377769
12.1015341282
12.102533102
12.1035449505
12.1046175957
12.1055874825
12.1065425873
12.1075432301
12.1085860729
12.1095397472
12.1105599403
12.1115403175
12.1125340462
12.1195352077
12.1205236912
12.1215202808
12.1225202084
12.1235225201
12.1245229244
12.1255197525
12.126522541
12.1275229454
12.1285181046
12.1295182705
12.1305193901
12.1315281391
12.1325192451
12.1335582733
12.1345191002
12.1355240345
12.1365213394
12.1375181675
12.1385176182
12.1395161152
12.140509367
12.1415045261
12.142513752
12.1435348988
12.1445257664
12.1455147266
12.1465177536
12.147516489
12.1485083103
12.1495163441
12.1505081654
12.1515135765
12.1524775028
12.1535162926
12.1565065384
12.1575438976
12.1585073471
12.1595051289
12.1605033875
12.1614983082
12.1625030041
12.1635138988
12.1645028591
12.1655051708
12.1665043831
12.1675038338
12.1685025692
12.1694931984
12.1705014706
12.1715006828
12.1724920273
12.1734931469
12.1744933128
12.1754906178
12.1764914989
12.1774954796
12.1824963093
12.1835944653
12.1844906807
12.1855094433
12.1864864826
12.1874835491
12.1884820461
12.1894800663
12.1904826164
12.1914935112
12.1924812794
12.1934814453
12.1944794655
12.195479393
12.1964790821
12.1974813938
12.1984751225
12.1995236874
12.200483799
12.2014708519
12.2024765015
12.2034776211
12.2045164108
12.205477953
12.2064750195
12.2074861526
12.2084827423
12.2094833851
12.2104809284
12.2114841938
12.2124865055
12.2134981155
12.2144823074
12.2154910564
12.2164802551
12.2174930573
12.2184829712
12.2195005417
12.2204778194
12.2214839458
12.2224874496
12.2234802246
12.2244932652
12.2254731655
12.2264716625
12.2274963856
12.2284681797
12.2294645309
12.2304649353
12.2314660549
12.2324695587
12.2334620953
12.2344992161
12.2354619503
12.2364647388
12.2374606133
12.2384626865
12.2394618988
12.2404546738
12.2414565086
12.2424621582
12.2434985638
12.2444579601
12.2454562187
12.2464592457
12.2474541664
12.2484550476
12.2494578362
12.2504518032
12.2514591217
12.2524673939
12.2534575462
12.2544763088
12.2564563751
12.257463932
12.2584764957
12.2594714165
12.262475729
12.2634711266
12.2644541264
12.2654514313
12.266449213
12.2675101757
12.2684657574
12.2694456577
12.270506382
12.2714443207
12.2724435329
12.2744436264
12.2754428387
12.2764368057
12.2774729729
12.2784986496
12.279437542
12.2804350853
12.2814471722
12.2825012207
12.2834551334
12.2844674587
12.2854421139
12.2864427567
12.2874407768
12.2884449959
12.2894325256
12.2904412746
12.2914345264
12.2924311161
12.293431282
12.2944304943
12.2954347134
12.2964782715
12.2974710464
12.2984330654
12.2994692326
12.3004209995
12.3014211655
12.3024196625
12.3034155369
12.3044216633
12.3054611683
12.3064193726
12.3074576855
12.3084228039
12.3094475269
12.3104381561
12.3114192486
12.312422514
12.3134191036
12.3144581318
12.3154199123
12.3164241314
12.3174254894
12.3184161186
12.3194105625
12.3204598427
12.3214125633
12.3224225044
12.3234291077
12.3244233131
12.3254284859
12.3264424801
12.3274405003
12.32843256
12.3294312954
12.3304347992
12.3314223289
12.3324401379
12.3334128857
12.3344676495
12.3353953362
12.336410284
12.3374090195
12.3384149075
12.3393857479
12.3404057026
12.3414041996
12.3424124718
12.3433964252
12.3444054127
12.3453989029
12.3464057446
12.3473989964
12.348410368
12.349396944
12.3504133224
12.3544037342
12.3553836346
12.3564600945
12.3573834896
12.3584191799
12.3594214916
12.3604030609
12.3613979816
12.3624031544
12.3633871078
12.364377737
12.3657500744
12.3663806915
12.3674054146
12.3684117794
12.3693857193
12.3703837395
12.3713989258
12.3724856377
12.3733782768
12.3743805885
12.3753886223
12.376386404
12.3773984909
12.3803753853
12.3813846111
12.3823821545
12.3833799362
12.3843722343
12.3853757381
12.3863763809
12.3873860836
12.3883707523
12.3893754482
12.3903627396
12.3913714886
12.3923671246
12.3933675289
12.3943629265
12.3953635693
12.3963611126
12.3973593712
12.3983590603
12.3993685246
12.4003551006
12.4013516903
12.4023561478
12.403365612
12.4043576717
12.4053521156
12.4063537121
12.4073770046
12.4083673954
12.4093790054
12.4103701115
12.4113698006
12.4123754501
12.4133870602
12.4143867493
12.4153718948
12.4163813591
12.417378664
12.4183628559
12.4193661213
12.4203736782
12.4213647842
12.4223585129
12.4233696461
12.4243593216
12.425358057
12.4263575077
12.4273688793
12.4283499718
12.4293632507
12.4303526878
12.4313662052
12.4323544502
12.4363486767
12.4374032021
12.4383678436
12.4393463135
12.4403383732
12.4415740967
12.4423384666
12.4433507919
12.4443364143
12.4453439713
12.446344614
12.4473621845
12.4483451843
12.4493532181
12.4503390789
12.4515697956
12.4523360729
12.4533846378
12.4543216228
12.4553618431
12.4563646317
12.4573252201
12.4583208561
12.4593379498
12.4603223801
12.4613330364
12.4625639915
12.463326931
12.4645586014
12.4653191566
12.4665579796
12.468328476
12.4693193436
12.4703142643
12.4713089466
12.4723112583
12.473307848
12.4743218422
12.4753041267
12.4763023853
12.4773049355
12.4783029556
12.479306221
12.4803071022
12.4815921783
12.4825446606
12.483342886
12.4845433235
12.4855430126
12.4865453243
12.4872994423
12.4883236885
12.4895966053
12.4905443192
12.4915516376
12.4925415516
12.4935407639
12.4945430756
12.4955556393
12.4965422153
12.4975411892
12.4985392094
12.4995334148
12.5005378723
12.501578331
12.502581358
12.5033361912
12.504576683
12.5055751801
12.5063269138
12.5075349808
12.5085318089
12.5095369816
12.5105359554
12.5115325451
12.5125329494
12.5135388374
12.5145349503
12.5155377388
12.5165333748
12.5174148083
12.5185286999
12.5192923546
12.5205245018
12.5215215683
12.52252388
12.5235285759
12.5245318413
12.5255320072
12.5265319347
12.52729249
12.5285618305
12.529519558
12.5305364132
12.5315346718
12.5325176716
12.5335199833
12.5345139503
12.5355138779
12.5365140438
12.5375115871
12.5385141373
12.5395133495
12.5405158997
12.5415103436
12.5425255299
12.5435137749
12.5445148945
12.5455133915
12.5465106964
12.5475103855
12.5485122204
12.5495102406
12.5505108833
12.5515093803
12.5525074005
12.5535092354
12.5545070171
12.5555043221
12.5565111637
12.5575463772
12.5585029125
12.5594985485
12.5605115891
12.5615198612
12.5623552799
12.5635244846
12.5645122528
12.5655124187
12.566511631
12.5675127506
12.5685353279
12.5695097446
12.5705068111
12.5715088844
12.5725061893
12.57350564
12.5745043755
12.5755045414
12.5765542984
12.5775487423
12.578502655
12.5795059204
12.5805091858
12.5815095901
12.5825023651
12.5835180283
12.5845015049
12.5855054855
12.5865077972
12.5874962807
12.5884976387
12.5894954205
12.5904989243
12.5915000439
12.5925037861
12.5934975147
12.5945096016
12.5955052376
12.596503973
12.5975120068
12.5984940529
12.5994946957
12.6004881859
12.6015052795
12.6025013924
12.6034963131
12.6044926643
12.6054897308
12.6064884663
12.6074883938
12.6084926128
12.6095018387
12.6104881763
12.611495018
12.6124851704
12.6134874821
12.6145014763
12.615489006
12.6164867878
12.6174781322
12.6184802055
12.6195034981
12.6204657555
12.6214749813
12.6224756241
12.6234636307
12.6244633198
12.6254620552
12.6264634132
12.6275446415
12.6284637451
12.6294679642
12.63057971
12.6315464973
12.6324598789
12.633459568
12.6354596615
12.6364555359
12.6374528408
12.6384539604
12.6394543648
12.6404504776
12.641450882
12.6424484253
12.6434559822
12.6444649696
12.6454644203
12.646494627
12.6475412846
12.6484901905
12.6494898796
12.6504881382
12.6514832973
12.6524529457
12.6534516811
12.6544520855
12.6554560661
12.6594469547
12.660462141
12.6614425182
12.6624572277
12.6634535789
12.6644613743
12.6654613018
12.666447401
12.6674602032
12.668446064
12.6694481373
12.6704609394
12.6714596748
12.6744551659
12.6754424572
12.67643857
12.6774611473
12.6784460545
12.679441452
12.6804375648
12.6814513206
12.6824316978
12.6834418774
12.6844325066
12.6854469776
12.6864693165
12.6874392033
12.6884274483
12.6894254684
12.6904530525
12.6914551258
12.692429781
12.6964242458
12.6974270344
12.6984212399
12.6994235516
12.7004551888
12.7014350891
12.7024233341
12.7034201622
12.704419136
12.7054374218
12.706445694
12.7074537277
12.7084462643
12.7094182968
12.7104198933
12.7114152908
12.712417841
12.7134165764
12.7144193649
12.7154173851
12.7164132595
12.7174119949
12.718408823
12.7194516659
12.7204082012
12.7214283943
12.7224071026
12.7234315872
12.7244052887
12.7254097462
12.7264063358
12.7274098396
12.7284147739
12.7294123173
12.730396986
12.7314133644
12.7324461937
12.7334060669
12.7393991947
12.7403991222
12.7413966656
12.7423963547
12.7434129715
12.744396925
12.7453987598
12.7463877201
12.7474098206
12.7483978271
12.7494170666
12.7504019737
12.7514202595
12.7523882389
12.7533864975
12.7543990612
12.7553822994
12.7563970089
12.757386446
12.7584023476
12.7594075203
12.7604060173
12.761390686
12.7623753548
12.7633802891
12.7643899918
12.7653791904
12.7664289474
12.7674314976
12.7683854103
12.7693858147
12.7703814507
12.7713758945
12.772383213
12.7733745575
12.7743825912
12.7753763199
12.7763905525
12.77739048
12.7783863544
12.7793798447
12.7803697586
12.7813773155
12.7823696136
12.7833819389
12.7843806744
12.785369873
12.7863638401
12.7873671055
12.7883701324
12.7893660069
12.7904183865
12.7913627625
12.7923700809
12.7933704853
12.7943661213
12.7953670025
12.7963688374
12.7973799706
12.7983720303
12.7993745804
12.8003716469
12.8013761044
12.8023545742
12.8033559322
12.8043546677
12.8053526878
12.8063554764
12.8073573112
12.8083584309
12.8093693256
12.8103539944
12.8113570213
12.8123533726
12.8133516312
12.8143503666
12.8153524399
12.8163545132
12.8173544407
12.8183600903
12.8193657398
12.8203492165
12.8213574886
12.8223526478
12.8233528137
12.8243482113
12.8253514767
12.8263895512
12.8273487091
12.8283491135
12.8293554783
12.8304209709
12.8313782215
12.83258605
12.8333656788
12.8343684673
12.8353557587
12.8363568783
12.8373548985
12.8384158611
12.839356184
12.8403589725
12.8413527012
12.8423960209
12.843347311
12.8443491459
12.8453576565
12.8463592529
12.8473515511
12.8483538628
12.8493435383
12.8504269123
12.8513417244
12.8523318768
12.8553254604
12.8563292027
12.8573288918
12.8583257198
12.8593242168
12.8603305817
12.8613259792
12.8623332977
12.8633291721
12.8643298149
12.8653290272
12.866330862
12.86733675
12.8683416843
12.8693389893
12.8703372478
12.8713285923
12.8723232746
12.873316288
12.8743174076
12.8753237724
12.8763196468
12.8773174286
12.8783211708
12.8793144226
12.8803262711
12.8813209534
12.8823177814
12.8833222389
12.8843140602
12.8853113651
12.8863136768
12.8873093128
12.8883154392
12.8893108368
12.8903148174
12.8913133144
12.8923101425
12.8933081627
12.894308567
12.8953063488
12.8965523243
12.8975479603
12.8985455036
12.8996896744
12.9005420208
12.9015760422
12.9025933743
12.9033434391
12.9045934677
12.905547142
12.9065518379
12.9076020718
12.9085531235
12.9095523357
12.910545826
12.9113020897
12.9123418331
12.9133377075
12.9145371914
12.9155313969
12.916531086
12.9175338745
12.9185335636
12.9192886353
12.9205284119
12.924530983
12.9255278111
12.9265270233
12.9275307655
12.9285287857
12.9295294285
12.9305245876
12.9313282967
12.9326372147
12.9335241318
12.9345221519
12.9355266094
12.9365336895
12.9375412464
12.9385464191
12.9395389557
12.9405405521
12.9415314198
12.9425320625
12.9435257912
12.9445264339
12.9455273151
12.9465358257
12.9473576546
12.9483399391
12.949518919
12.9505167007
12.9515151978
12.9525127411
12.9535171986
12.9545164108
12.9555122852
12.9565114975
12.9575076103
12.9585080147
12.9595091343
12.9605090618
12.9615082741
12.9625070095
12.9635109901
12.9645185471
12.9655079842
12.9665079117
12.9673140049
12.9685058594
12.9705336094
12.9715156555
12.9725160599
12.9735143185
12.9745292664
12.9755163193
12.9765279293
12.9775319099
12.9785306454
12.9795296192
12.9805245399
12.9815201759
12.9825186729
12.9835157394
12.9845128059
12.9855644703
12.9865140915
12.9875097275
12.9885103703
12.9895105362
12.9905104637
12.9915177822
12.9925177097
12.9935076237
12.9945046902
12.9955017567
12.9965033531
12.9975059032
12.9984993935
12.9995002747
13.0004966259
13.0015013218
13.0024917126
13.0035042763
13.0044901371
13.0054926872
13.0065028667
13.0075242519
13.0084974766
13.0095243454
13.0104830265
13.0114779472
13.0124974251
13.0134999752
13.0145003796
13.0154960155
13.0165019035
13.0174951553
13.0184926987
13.0194942951
13.0204997063
13.021494627
13.0224814415
13.0234766006
13.0244736671
13.0254883766
13.0264954567
13.027484417
13.0284712315
13.0295081139
13.0305569172
13.0315256119
13.0324683189
13.0334677696
13.034465313
13.0354657173
13.0364739895
13.037550211
13.0384638309
13.0394599438
13.0405433178
13.0414958
13.042532444
13.04347229
13.0445048809
13.0454950333
13.0464878082
13.0475299358
13.0484642982
13.0494611263
13.0504641533
13.0514616966
13.0524668694
13.053481102
13.0544555187
13.0574588776
13.0584588051
13.0594601631
13.0604541302
13.0614550114
13.0624787807
13.0634682178
13.0644571781
13.0654599667
13.066460371
13.0674629211
13.0684587955
13.0694708824
13.0704598427
13.0714585781
13.0724923611
13.0734653473
13.0744593143
13.0754528046
13.0764505863
13.0774517059
13.0784893036
13.0794899464
13.0804839134
13.0814571381
13.0824582577
13.0834805965
13.0844554901
13.0854487419
13.0864479542
13.0874459743
13.0884420872
13.0894403458
13.0904431343
13.0914471149
13.0924451351
13.093444109
13.0944404602
13.0954406261
13.1034345627
13.1044354439
13.1064305305
13.107432127
13.1084406376
13.1094396114
13.1104340553
13.1114344597
13.1124408245
13.1134345531
13.1144320965
13.1154282093
13.1164298058
13.117429018
13.1184360981
13.1194252968
13.1204354763
13.1214323044
13.1224343777
13.1234362125
13.125439167
13.1264386177
13.1274325848
13.1284296513
13.1294209957
13.1334216595
13.1344606876
13.1354603767
13.1364145279
13.1374521255
13.1384203434
13.1394357681
13.140458107
13.1414177418
13.1424176693
13.1434161663
13.1444115639
13.145416975
13.1464104652
13.1474096775
13.1484117508
13.1493992805
13.1504087448
13.1514239311
13.1524069309
13.1534054279
13.1544072628
13.1554012299
13.1564507484
13.1574010849
13.1584470272
13.1594467163
13.1604046822
13.1614055634
13.1624002457
13.1634011269
13.1644070148
13.1654000282
13.1664047241
13.1674008369
13.1684048176
13.1693997383
13.1704051495
13.1713972092
13.1724033356
13.1734130383
13.1784014702
13.1793954372
13.1804018021
13.1813831329
13.1823852062
13.1833825111
13.1843993664
13.1853826046
13.1863949299
13.1873807907
13.1883993149
13.1893782616
13.1903781891
13.1913836002
13.1923773289
13.1933748722
13.1943738461
13.1953804493
13.1963758469
13.1973714828
13.1983737946
13.1993691921
13.2003712654
13.2013711929
13.2023739815
13.2033755779
13.2043728828
13.2053711414
13.2063760757
13.2073748112
13.208370924
13.2093713284
13.2103674412
13.2113757133
13.2153687477
13.2163691521
13.2173631191
13.2183630466
13.2193636894
13.2203605175
13.2213613987
13.222360611
13.2253572941
13.2263555527
13.227355957
13.2283525467
13.2293460369
13.2303545475
13.2313528061
13.2323532104
13.2333567142
13.2343542576
13.2353518009
13.2363510132
13.2373490334
13.2383651733
13.2393574715
13.2403638363
13.2413828373
13.2423603535
13.2433636189
13.2443599701
13.2453494072
13.2463495731
13.247348547
13.248347044
13.24934268
13.2503418922
13.251342535
13.252341032
13.2533414364
13.2543451786
13.2553431988
13.2563374043
13.2573349476
13.2583422661
13.2593297958
13.2603309155
13.2613279819
13.262335062
13.2633354664
13.264336586
13.2653341293
13.2663357258
13.2673285007
13.2683317661
13.2693309784
13.2703309059
13.2713429928
13.2724015713
13.2733955383
13.2753298283
13.2763290405
13.2773308754
13.2783520222
13.2793314457
13.2803344727
13.2813329697
13.2823278904
13.2833268642
13.2843213081
13.285323143
13.2863161564
13.2873213291
13.2883195877
13.2893185616
13.2903223038
13.2913212776
13.2923209667
13.2933242321
13.2943212986
13.2953181267
13.2963135242
13.2973136902
13.2985582352
13.2995691299
13.3005526066
13.3015522957
13.3023073673
13.3035778999
13.3045608997
13.3053050041
13.3066110611
13.3073072433
13.308306694
13.3095571995
13.3103041649
13.3115475178
13.3125522137
13.3145477772
13.3155486584
13.3165447712
13.3175554276
13.3185687065
13.3195581436
13.320551157
13.3215517998
13.3222994804
13.3235526085
13.3245429993
13.3255426884
13.3265390396
13.3275372982
13.3285381794
13.3295369148
13.3305366039
13.3315353394
13.3325383663
13.3335309029
13.3345370293
13.3355295658
13.3365283012
13.3375682831
13.3383123875
13.3395652771
13.3405272961
13.341530323
13.3425247669
13.3435263634
13.3445329666
13.3455348015
13.3465270996
13.3475272655
13.3485224247
13.3495464325
13.3505849838
13.3515660763
13.3523375988
13.3538973331
13.354524374
13.355530262
13.3565330505
13.3575353622
13.3585333824
13.3595211506
13.3605229855
13.361521244
13.3625197411
13.3635210991
13.3645195961
13.3655173779
13.3665175438
13.3675165176
13.3685150146
13.3695156574
13.3705132008
13.3715121746
13.3725106716
13.3734939098
13.3745093346
13.3755075932
13.3765058517
13.3775086403
13.378506422
13.3795611858
13.3805012703
13.3815011978
13.3825023174
13.3835105896
13.3845038414
13.3855061531
13.3865203857
13.3875076771
13.388512373
13.3895170689
13.3905155659
13.3915486336
13.3925065994
13.3935062885
13.3945066929
13.3954987526
13.3965067863
13.397507906
13.3985049725
13.3995006084
13.4004971981
13.4015016556
13.4024989605
13.4034981728
13.4044959545
13.4054956436
13.406494379
13.407494545
13.408495903
13.4094951153
13.4104962349
13.4114947319
13.4124956131
13.4134967327
13.4144949913
13.4154932499
13.4164950848
13.417488575
13.4184920788
13.419490099
13.4204878807
13.421487093
13.4224932194
13.4234874249
13.4244840145
13.4254915714
13.426517725
13.4274921417
13.4284820557
13.4294815063
13.4304857254
13.4314804077
13.4324791431
13.4334793091
13.434476614
13.4354767799
13.436478138
13.4374806881
13.4384758472
13.4394762516
13.440479517
13.4414794445
13.4424748421
13.4434757233
13.4444756508
13.44546628
13.4464621544
13.4474651814
13.4484660625
13.4494659901
13.450466156
13.4514651299
13.452464819
13.4534845352
13.454492569
13.4554686546
13.4564619064
13.4574623108
13.4584615231
13.4594604969
13.4604742527
13.4614729881
13.4624762535
13.4634804726
13.4644603729
13.465470314
13.4664714336
13.4674663544
13.468462944
13.4694542885
13.4704523087
13.4714596272
13.4724538326
13.4734516144
13.4744505882
13.4754495621
13.4764511585
13.4774522781
13.4784488678
13.4794487953
13.4804463387
13.4814469814
13.4824454784
13.4834506512
13.4844462872
13.4854538441
13.4864571095
13.4874532223
13.4884514809
13.4894506931
13.4904477596
13.4914917946
13.492449522
13.4934463501
13.4944460392
13.4954411983
13.4964420795
13.497443676
13.4984438419
13.4994485378
13.5004992485
13.5014929771
13.5025081635
13.5034463406
13.5044879913
13.5054659843
13.5064864159
13.5074543953
13.508439064
13.5094709396
13.5105080605
13.511482954
13.512437582
13.5134446621
13.5144450665
13.5154359341
13.5164313316
13.5224277973
13.523430109
13.524430275
13.5254335403
13.526427269
13.5274255276
13.52846241
13.5294625759
13.5304911137
13.5315515995
13.5324628353
13.5334217548
13.5344171524
13.5354201794
13.5364601612
13.5374116898
13.5384247303
13.5394237041
13.5404195786
13.5414156914
13.5424370766
13.5466043949
13.547426939
13.5484213829
13.5494606495
13.5504691601
13.5514500141
13.5524120331
13.553409338
13.5544023514
13.5554101467
13.5564081669
13.5574090481
13.5584087372
13.5594136715
13.5604045391
13.5614006519
13.5624084473
13.5634026527
13.5644028187
13.5654022694
13.5664093494
13.5674026012
13.5684001446
13.5694043636
13.5704112053
13.5714044571
13.5724072456
13.5734043121
13.5753953457
13.5764050484
13.5773949623
13.5784051418
13.5794064999
13.5804026127
13.5814101696
13.5824029446
13.5833871365
13.5844020844
13.5853881836
13.586404562
13.5873849392
13.5883874893
13.5893864632
13.5903892517
13.5913865566
13.5923843384
13.5933766365
13.5953757763
13.5963842869
13.5973770618
13.598377943
13.59938097
13.6003990173
13.6013817787
13.6023814678
13.6033804417
13.6043875217
13.6053750515
13.6063809395
13.6073772907
13.6083860397
13.609382391
13.6104683876
13.6113755703
13.6123678684
13.6133677959
13.6153755188
13.6163659096
13.6173665524
13.6183633804
13.6193609238
13.6203649044
13.6263768673
13.6273648739
13.628361702
13.629370451
13.6303594112
13.6313495636
13.6323583126
13.633368969
13.6343591213
13.6353518963
13.6363558769
13.6373465061
13.6383461952
13.6393499374
13.6403446198
13.6413516998
13.6425869465
13.6433479786
13.6443548203
13.6455030441
13.6465981007
13.6473453045
13.6483495235
13.6493558884
13.6503527164
13.651350975
13.6523628235
13.6533577442
13.6543560028
13.6593379974
13.6603369713
13.661334753
13.6623353958
13.6633350849
13.6643345356
13.6653318405
13.6663315296
13.6673824787
13.6683297157
13.6693334579
13.6703288555
13.6713328362
13.6723337173
13.6733314991
13.6743323803
13.6753509045
13.677334547
13.6783432961
13.6793243885
13.6803267002
13.6813290119
13.6823327541
13.6833541393
13.6843335629
13.6853647232
13.6863322258
13.6873238087
13.6883304119
13.6893634796
13.6903266907
13.6913807392
13.6923282146
13.6933221817
13.6943240166
13.6953136921
13.6963124275
13.6973202229
13.6983222961
13.6993198395
13.7003190517
13.7013573647
13.7023131847
13.703357935
13.7043194771
13.7053487301
13.7063097954
13.7073099613
13.7083103657
13.7093100548
13.7103066444
13.7113103867
13.7123105526
13.7133102417
13.7143063545
13.7153067589
13.7163114548
13.7173142433
13.7184092999
13.719578743
13.7205467224
13.7215664387
13.7225532532
13.7235529423
13.7245492935
13.7253007889
13.7265543938
13.7275505066
13.7285645008
13.7305493355
13.731549263
13.7325387001
13.733294487
13.7345364094
13.7355453968
13.7365963459
13.7375319004
13.7385318279
13.7395305634
13.7405285835
13.7415287495
13.7425303459
13.7435307503
13.7445280552
13.7455260754
13.7465260029
13.7475271225
13.7485256195
13.7495372295
13.7505266666
13.7515361309
13.7525370121
13.7535374165
13.759519577
13.7605199814
13.76151824
13.7625162601
13.7635295391
13.7655172348
13.7665259838
13.7675271034
13.7685174942
13.7695167065
13.7705173492
13.7715172768
13.7725093365
13.7735080719
13.7745137215
13.7755110264
13.776506424
13.7775051594
13.7785100937
13.7795362473
13.7805156708
13.7815163136
13.7825088501
13.7835118771
13.7845249176
13.7855117321
13.7865047455
13.7875080109
13.7885079384
13.7895095348
13.7905156612
13.7915177345
13.7925131321
13.7935106754
13.7945110798
13.7955217361
13.7965168953
13.7975082397
13.7985057831
13.7995102406
13.8005018234
13.8014974594
13.8024938107
13.8035080433
13.8045094013
13.8055098057
13.806532383
13.8075125217
13.8084959984
13.8095042706
13.8105106354
13.8115079403
13.8125107288
13.8135035038
13.8144979477
13.8154861927
13.8164834976
13.8174829483
13.8184888363
13.8194870949
13.8204853535
13.8214998245
13.8225314617
13.8234844208
13.82457304
13.8254868984
13.8265271187
13.827483654
13.8285105228
13.8294894695
13.8304886818
13.8315253258
13.8324801922
13.8355026245
13.8364925385
13.8374819756
13.8384892941
13.8394818306
13.8404965401
13.8414955139
13.8424942493
13.8434896469
13.8445062637
13.8454751968
13.8464701176
13.8474731445
13.8484699726
13.8494679928
13.8505032063
13.8514857292
13.8525350094
13.8534705639
13.854473114
13.8554692268
13.8564658165
13.8574666977
13.8584856987
13.8595025539
13.8604598045
13.8614752293
13.8624718189
13.863462925
13.8645050526
13.8654928207
13.8664565086
13.8674588203
13.868471384
13.8694639206
13.8704621792
13.8714530468
13.8724703789
13.873456955
13.8754572868
13.8764510155
13.8774716854
13.8784582615
13.8794529438
13.8804905415
13.8815233707
13.8825426102
13.8834686279
13.884465456
13.8854691982
13.8864560127
13.8874914646
13.8885366917
13.8895282745
13.8904471397
13.8914523125
13.8924481869
13.8934588432
13.8944518566
13.895450592
13.8964474201
13.8974506855
13.8984479904
13.8994476795
13.9004468918
13.9014444351
13.9024467468
13.9034435749
13.9044408798
13.9054377079
13.9064390659
13.907435894
13.908434391
13.9094662666
13.9104366302
13.9114699364
13.9124450684
13.9134380817
13.9144346714
13.9154348373
13.9164345264
13.9174294472
13.9184348583
13.9194335938
13.9204554558
13.9214677811
13.9224298
13.9234349728
13.9244260788
13.9254295826
13.9264307022
13.9274277687
13.9284276962
13.9294199944
13.930467844
13.9314725399
13.9324264526
13.9334266186
13.9344277382
13.9354760647
13.9364283085
13.9384300709
13.9394557476
13.9484627247
13.9494349957
13.9504311085
13.9514257908
13.9524290562
13.9534153938
13.9544186592
13.9554138184
13.9564597607
13.9574112892
13.9584128857
13.9594089985
13.9604654312
13.9614508152
13.962446928
13.9634099007
13.9644012451
13.965405941
13.9664144516
13.9674429893
13.9684429169
13.9694085121
13.9704473019
13.9714508057
13.9724195004
13.9734020233
13.974396944
13.9754090309
13.9763982296
13.977396965
13.9804077148
13.9813978672
13.9823980331
13.983389616
13.9853971004
13.98640728
13.9874005318
13.9883882999
13.9894061089
13.9904091358
13.9914031029
13.9923992157
13.9933857918
13.9943995476
13.9953815937
13.9963889122
13.9973762035
13.998374939
13.9993753433
14.0003826618
14.001380682
14.0023829937
14.003385067
14.0044074059
14.0053761005
14.0063827038
14.0073692799
14.0083761215
14.0093693733
14.0103750229
14.0113723278
14.0123729706
14.0133736134
14.0143678188
14.0153682232
14.0163795948
14.0173683167
14.0183651447
14.0193657875
14.0203659534
14.0213620663
14.0223636627
14.0233669281
14.0243620872
14.0253663063
14.0263814926
14.0273625851
14.028370142
14.0293745995
14.0303754807
14.0313630104
14.03236413
14.0333623886
14.0343592167
14.0353565216
14.0363743305
14.037374258
14.038359642
14.0393579006
14.0403635502
14.0413606167
14.0423517227
14.0433599949
14.0443561077
14.0453472137
14.0463471413
14.047347784
14.048350811
14.049352169
14.0503466129
14.0513451099
14.052349329
14.0533425808
14.0543458462
14.0553410053
14.0563442707
14.0573413372
14.0583481789
14.0593593121
14.0606095791
14.0613524914
14.0624029636
14.0633730888
14.0643501282
14.0653505325
14.0665943623
14.0673360825
14.068416357
14.0694050789
14.0703463554
14.0713465214
14.0813434124
14.0823440552
14.08334589
14.0843412876
14.0853385925
14.0863413811
14.0873486996
14.088342905
14.0893492699
14.0903315544
14.0913264751
14.0923304558
14.0933401585
14.0943310261
14.0953292847
14.0963287354
14.0973279476
14.0983242989
14.0993313789
14.1003236771
14.1013252735
14.1023232937
14.103322506
14.1043226719
14.1053473949
14.1063351631
14.1073298454
14.1083295345
14.1093168259
14.1103186607
14.111320734
14.1123204231
14.1133227348
14.114320755
14.1153194904
14.1163170338
14.1173183918
14.1183106899
14.1193113327
14.1203114986
