49.7443249226
49.7453212738
49.7463240623
49.7473282814
49.7483243942
49.7493271828
49.7503166199
49.751316309
49.7523245811
49.7533245087
49.7543246746
49.7553479671
49.7563316822
49.7573320866
49.7583158016
49.7593183517
49.7603161335
49.761310339
49.7623128891
49.7633166313
49.7643084526
49.7653210163
49.7663121223
49.7673265934
49.7683107853
49.7693054676
49.7703027725
49.7713046074
49.7723031044
49.7733075619
49.7745456696
49.7755432129
49.7762978077
49.7773008347
49.778583765
49.7795414925
49.7805404663
49.7815413475
49.7825419903
49.7835886478
49.7842915058
49.7855422497
49.7865405083
49.7875409126
49.7885985374
49.7895448208
49.7905824184
49.7915408611
49.7922933102
49.7935361862
49.7975342274
49.7985315323
49.7995307446
49.800526619
49.8015275002
49.8025348186
49.8035264015
49.8045217991
49.805526495
49.8063306808
49.8075187206
49.8085198402
49.8095211983
49.8105220795
49.8115229607
49.8125214577
49.8135180473
49.8145205975
49.815518856
49.8165185452
49.8175210953
49.8185169697
49.8195147514
49.8205182552
49.8215174675
49.8225193024
49.8236322403
49.8245174885
49.8255183697
49.8263335228
49.8275096416
49.828571558
49.8295836449
49.8305568695
49.8315622807
49.8325104713
49.8375093937
49.8385534286
49.8395063877
49.840503931
49.841504097
49.8425071239
49.8435044289
49.8445029259
49.8455069065
49.8464999199
49.8475086689
49.8485004902
49.849503994
49.8595032692
49.8603854179
49.8615043163
49.8624970913
49.8634984493
49.8644983768
49.8654968739
49.8664913177
49.8674910069
49.8684909344
49.8694913387
49.8704917431
49.8714892864
49.8724884987
49.8734891415
49.8744924068
49.875487566
49.8764886856
49.8774914742
49.8784902096
49.8794867992
49.8834822178
49.8844971657
49.8854813576
49.8864815235
49.887481451
49.8884778023
49.8894770145
49.8904809952
49.8914775848
49.8924770355
49.8934738636
49.8944785595
49.8954811096
49.8964755535
49.897482872
49.898473978
49.8994736671
49.9004743099
49.9014699459
49.9024677277
49.9034712315
49.9045083523
49.9054663181
49.9064674377
49.9074707031
49.9084672928
49.9094662666
49.9104781151
49.911468029
49.9134659767
49.9144661427
49.9154639244
49.9164657593
49.9174625874
49.9184606075
49.9194664955
49.9204614162
49.9214639664
49.9224655628
49.923469305
49.9245214462
49.9254646301
49.9264836311
49.9274604321
49.9284565449
49.9294760227
49.9304666519
49.9314546585
49.9324615002
49.9364547729
49.9374554157
49.9384529591
49.9394545555
49.9404513836
49.9414520264
49.9424579144
49.9434528351
49.9444489479
49.9454498291
49.9464449883
49.9474475384
49.9484517574
49.949454546
49.9504487514
49.9514577389
49.9524478912
49.9534454346
49.9544456005
49.9554419518
49.9564454556
49.9574458599
49.9584453106
49.9594686031
49.9604463577
49.9614436626
49.9634375572
49.9644396305
49.9654407501
49.9664394855
49.9674370289
49.9684352875
49.9694359303
49.9704353809
49.9714412689
49.9724378586
49.9734325409
49.9744389057
49.9754378796
49.9764389992
49.9774363041
49.9784398079
49.9794437885
49.9804353714
49.9814412594
49.9824285507
49.9834251404
49.9844269753
49.9854252338
49.986423254
49.9874341488
49.9884574413
49.9894237518
49.9904191494
49.9914236069
49.992420435
49.9934215546
49.9944167137
49.9954192638
49.9964146614
49.9974548817
49.9984197617
49.999417305
50.0004169941
50.00142169
50.0024242401
50.0034151077
50.0044140816
50.0054142475
50.0064203739
50.0074195862
50.00841856
50.0094194412
50.0104191303
50.0114121437
50.0124132633
50.013412714
50.0144114494
50.0154483318
50.0164041519
50.0174109936
50.0184483528
50.0194487572
50.0204014778
50.0214040279
50.0224061012
50.0234014988
50.0244417191
50.0254018307
50.0263879299
50.0273981094
50.028386116
50.0294177532
50.0304133892
50.0313982964
50.036397934
50.0373888016
50.038387537
50.0394556522
50.0404551029
50.0414013863
50.0423994064
50.0433859825
50.0444087982
50.0453996658
50.0463981628
50.0473833084
50.0483882427
50.049382925
50.050381422
50.0513842106
50.0523788929
50.053394556
50.0543797016
50.0553796291
50.0563840866
50.058380127
50.0593838692
50.0603766441
50.0613722801
50.0623710155
50.0633735657
50.0643744469
50.0656325817
50.0663743019
50.0673692226
50.0683701038
50.0693750381
50.0703735352
50.0713732243
50.0723829269
50.0743739605
50.0753736496
50.0763690472
50.0774300098
50.0783679485
50.0793652534
50.0803642273
50.081363678
50.0823805332
50.083365202
50.0844347477
50.0853660107
50.0863654613
50.0873656273
50.0883593559
50.0893545151
50.0903563499
50.0913619995
50.0923595428
50.093362093
50.0943601131
50.0953593254
50.0963537693
50.0974195004
50.0983555317
50.0993478298
50.1003642082
50.1013689041
50.10242033
50.103374958
50.1043498516
50.1053538322
50.1063451767
50.1073639393
50.1083493233
50.109349966
50.1103625298
50.1113483906
50.1123490334
50.1133494377
50.1143491268
50.115350008
50.1163480282
50.1173481941
50.1183493137
50.1193468571
50.1203513145
50.1216454506
50.1223886013
50.1233432293
50.1243488789
50.1253874302
50.1263473034
50.1273424625
50.1283383369
50.1303408146
50.1313393116
50.1323387623
50.1333396435
50.1343345642
50.1353445053
50.1363453865
50.1373438835
50.1383430958
50.1403343678
50.1413376331
50.1423308849
50.1433808804
50.1443412304
50.1453375816
50.1463356018
50.147384882
50.1483283043
50.1493291855
50.150321722
50.1513359547
50.1523222923
50.1533284187
50.1543216705
50.1553287506
50.1563227177
50.1573295593
50.1583218575
50.1593213081
50.1603171825
50.1613235474
50.1623222828
50.1633265018
50.1643159389
50.1653289795
50.1663193703
50.1673307419
50.1683177948
50.1693334579
50.1703307629
50.1713218689
50.1723198891
50.1733191013
50.1743199825
50.1753280163
50.1763124466
50.1773130894
50.1783165932
50.1793124676
50.1803107262
50.1813087463
50.1825516224
50.1835508347
50.1846079826
50.1855490208
50.1865434647
50.1875960827
50.1883480549
50.1895442009
50.1905918121
50.1915555
50.1925470829
50.1935470104
50.1945440769
50.1955389977
50.1965425014
50.1975431442
50.1985425949
50.1995475292
50.2005472183
50.2015428543
50.202552557
50.203565836
50.2045488358
50.2055449486
50.206543684
50.207546711
50.2083396912
50.2095406055
50.2105362415
50.2115390301
50.212536335
50.2135350704
50.2145345211
50.2155349255
50.2165317535
50.2175314426
50.2185270786
50.2195341587
50.2205305099
50.22148633
50.2226696014
50.2235887051
50.2245726585
50.2256662846
50.2266561985
50.2275879383
50.2286798954
50.2295238972
50.230550766
50.231523037
50.233518362
50.2345182896
50.2355184555
50.236518383
50.2375178337
50.2385189533
50.2395148277
50.2405142784
50.2415175438
50.2425162792
50.2435119152
50.2445116043
50.2455108166
50.2465128899
50.2475128174
50.2485125065
50.2495121956
50.2505090237
50.2515108585
50.2525055408
50.255515337
50.2565126419
50.25750494
50.2585041523
50.259503603
50.2605452538
50.2615115643
50.262506485
50.2634983063
50.2645022869
50.2655022144
50.2665464878
50.2675015926
50.268499136
50.2694995403
50.2705001831
50.2715024948
50.2724986076
50.2735013962
50.2744970322
50.2755045891
50.2764987946
50.27749753
50.2785015106
50.2794995308
50.2804989815
50.2815001011
50.2825016975
50.2835018635
50.2845151424
50.2854967117
50.2864964008
50.2875185013
50.2884948254
50.2894937992
50.290494442
50.2914953232
50.2924900055
50.2934889793
50.2944920063
50.2954864502
50.2965016365
50.2974932194
50.3004846573
50.3014917374
50.3025040627
50.3034796715
50.3044741154
50.3054749966
50.3064782619
50.30747962
50.3084754944
50.3094756603
50.3104739189
50.3114800453
50.3124778271
50.3134856224
50.3144843578
50.3154728413
50.316475153
50.3174753189
50.3184738159
50.3194727898
50.3204753399
50.3214747906
50.3224732876
50.3234710693
50.3244678974
50.3254656792
50.3264710903
50.327464819
50.3284652233
50.3294706345
50.3304641247
50.3314716816
50.3324663639
50.3354606628
50.3364658356
50.3374650478
50.3384652138
50.3394637108
50.3404598236
50.3414626122
50.3424568176
50.3434717655
50.3444797993
50.345454216
50.346455574
50.347454071
50.3484780788
50.3494565487
50.3504743576
50.3514547348
50.3524546623
50.3534567356
50.3544530869
50.3554654121
50.3564617634
50.3574614525
50.3584504128
50.3594620228
50.3604569435
50.3614521027
50.3624575138
50.3634514809
50.36445117
50.3654532433
50.3664484024
50.3674547672
50.3684523106
50.3694496155
50.3704528809
50.3714520931
50.3724517822
50.3734507561
50.3744502068
50.3754637241
50.3764503002
50.3774487972
50.3784484863
50.3794481754
50.3804531097
50.3814485073
50.3824770451
50.3834347725
50.3844397068
50.3854677677
50.3864355087
50.3874735832
50.3884575367
50.3894376755
50.3904399872
50.3914418221
50.3924341202
50.3934407234
50.39442873
50.3954293728
50.3964252472
50.3974707127
50.3984582424
50.399474144
50.4004285336
50.4014332294
50.4024710655
50.403431654
50.4044482708
50.4055495262
50.4064555168
50.4074211121
50.4084913731
50.4094648361
50.4104893208
50.4114882946
50.4125230312
50.4134514332
50.4144921303
50.4154891968
50.4164247513
50.4174439907
50.4184904099
50.4194920063
50.4204640388
50.4214727879
50.4224584103
50.4234540462
50.424454689
50.4254214764
50.4264159203
50.4274339676
50.4284141064
50.429475069
50.4305412769
50.4314136505
50.4324657917
50.4354028702
50.4364070892
50.4384183884
50.4394087791
50.4404027462
50.4413979053
50.442397356
50.4433994293
50.4443993568
50.4453976154
50.4463984966
50.4473981857
50.4483895302
50.4503827095
50.4513998032
50.4523978233
50.4533879757
50.4543840885
50.4553842545
50.4563851357
50.4573805332
50.4583785534
50.459387064
50.460375309
50.4613769054
50.4623754025
50.46337533
50.4643745422
50.4653737545
50.4664280415
50.4674239159
50.4683887959
50.4694287777
50.4703733921
50.4713726044
50.4723749161
50.4733698368
50.4743673801
50.4753699303
50.4763629436
50.4773671627
50.4783620834
50.4793627262
50.4803800583
50.481366396
50.4823691845
50.4833674431
50.4843628407
50.4853639603
50.4863631725
50.4873597622
50.4883570671
50.4923565388
50.4933547974
50.494353056
50.4953539371
50.4963517189
50.4973521233
50.4983508587
50.499352932
50.5003533363
50.5013589859
50.5023508072
50.5033488274
50.5043544769
50.5053553581
50.5063567162
50.5073592663
50.5083591938
50.5093502998
50.5103609562
50.5113508701
50.5123581886
50.5133502483
50.5143549442
50.5153486729
50.516351223
50.5173437595
50.5183537006
50.5193769932
50.5204195976
50.5215964317
50.5223510265
50.5233597755
50.5243520737
50.525343895
50.5263464451
50.5273444653
50.5283491611
50.5293431282
50.5303394794
50.5313405991
50.5323395729
50.5333440304
50.53434062
50.5353422165
50.5363378525
50.5393464565
50.5403432846
50.5413339138
50.5423374176
50.5433330536
50.5443379879
50.5453372002
50.5463416576
50.5473427773
50.5483355522
50.5493490696
50.5503408909
50.5513412952
50.552328825
50.5533428192
50.5543317795
50.5553278923
50.5563223362
50.5573344231
50.5583224297
50.5595664978
50.5603301525
50.5613148212
50.5623641014
50.56331563
50.5643129349
50.5653173923
50.5663123131
50.5673098564
50.568310976
50.5693120956
50.5703103542
50.5713133812
50.5723147392
50.5733118057
50.5743079185
50.5753126144
50.5763168335
50.5773155689
50.5783238411
50.5793161392
50.5803155899
50.5813157558
50.5823092461
50.583553791
50.5843000412
50.5853219032
50.5863099098
50.5875580311
50.5885620117
50.5895555019
50.5903086662
50.5915598869
50.5925602913
50.5935463905
50.594543457
50.5955588818
50.5965549946
50.5975620747
50.5985515118
50.5995390415
50.6005401611
50.6015393734
50.6025435925
50.6035349369
50.6045296192
50.6055378914
50.6062884331
50.6075358391
50.6085386276
50.609536171
50.6105334759
50.611574173
50.6125338078
50.6135294437
50.6145803928
50.6155290604
50.6165225506
50.617528677
50.6185288429
50.6195478439
50.620593071
50.6215493679
50.6225237846
50.6235239506
50.6245353222
50.6255762577
50.6265358925
50.627532959
50.6285281181
50.629537344
50.6305260658
50.6315307617
50.6325268745
50.6335172653
50.6345155239
50.6355164051
50.6365191936
50.6375226974
50.6385216713
50.6395142078
50.640516758
50.6415178776
50.6425125599
50.64351511
50.6445450783
50.6455094814
50.6465320587
50.6475231647
50.648550272
50.6495518684
50.6505382061
50.6515088081
50.6525065899
50.65351367
50.6545042992
50.6555049419
50.6565041542
50.657501936
50.6585066319
50.6595036983
50.6605055332
50.6615071297
50.6625089645
50.6634955406
50.6644976139
50.6655139923
50.6665074825
50.6675002575
50.6684956551
50.6695084572
50.6703324318
50.6715126038
50.672495842
50.6734974384
50.6744959354
50.6754932404
50.6765315533
50.677489996
50.6784961224
50.6794905663
50.680542469
50.6814916134
50.6824901104
50.6835026741
50.6844990253
50.6854867935
50.6864898205
50.6874878407
50.6885313988
50.6894836426
50.6904890537
50.6914832592
50.6924788952
50.6934845448
50.6944773197
50.6954810619
50.6965038776
50.6974856853
50.6984813213
50.6994838715
50.7004814148
50.7014799118
50.702372551
50.7035536766
50.7045183182
50.7054791451
50.7064766884
50.7074751854
50.7085273266
50.7094962597
50.7105195522
50.7114884853
50.7124714851
50.713470459
50.7144677639
50.7154738903
50.71647048
50.7174808979
50.7184708118
50.7195096016
50.7205753326
50.7214696407
50.7224698067
50.723477602
50.7244632244
50.7254679203
50.72645998
50.7274606228
50.7284588814
50.7294609547
50.7304570675
50.731459856
50.7324595451
50.7335045338
50.7344646454
50.7364621162
50.7375006676
50.7384598255
50.7394697666
50.7404794693
50.741468668
50.7424755096
50.7434735298
50.7444765568
50.745474577
50.7464604378
50.7474548817
50.7484583855
50.7494559288
50.7504594326
50.7514591217
50.7524547577
50.75345397
50.7544565201
50.7554576397
50.7564527988
50.7574493885
50.758446455
50.7594504356
50.7604491711
50.7614462376
50.7624499798
50.7634418011
50.7644429207
50.7654440403
50.7664453983
50.7674443722
50.7684421539
50.7694413662
50.7704472542
50.7714457512
50.7724473476
50.7734425068
50.7744398117
50.7754399776
50.7764382362
50.7774407864
50.7784337997
50.7794384956
50.780431509
50.7814352512
50.7824335098
50.783441782
50.7844369411
50.7854425907
50.7864384651
50.7874388695
50.7884349823
50.7894380093
50.79043293
50.7914361954
50.7924249172
50.7934269905
50.7944252491
50.7954335213
50.7964367867
50.7974305153
50.7984251976
50.7994308472
50.8004279137
50.8014352322
50.8024332523
50.8034286499
50.8044261932
50.8054230213
50.8064441681
50.8074266911
50.8084256649
50.8094210625
50.8104219437
50.8114266396
50.8124186993
50.8134195805
50.814428091
50.8154206276
50.8164157867
50.8174190521
50.8184137344
50.8194143772
50.8204135895
50.8214123249
50.8224241734
50.8234159946
50.8244125843
50.825414896
50.8264114857
50.8274159431
50.8284158707
50.8294153214
50.8304138184
50.8314197063
50.8324117661
50.8344101906
50.8354077339
50.8364081383
50.8374035358
50.8384017944
50.839402914
50.8403983116
50.8414006233
50.8424072266
50.843398571
50.8443982601
50.8454017639
50.8463988304
50.8473954201
50.8484017849
50.8493952751
50.8504016399
50.8543977737
50.8553874493
50.8563971519
50.8573856354
50.8623869419
50.8633823395
50.8643841743
50.8653850555
50.8663785458
50.8673825264
50.8683791161
50.8693726063
50.8703758717
50.8713731766
50.8723709583
50.8733701706
50.874373436
50.875377655
50.8763811588
50.8773655891
50.8783707619
50.87936759
50.8803834915
50.8813705444
50.8823804855
50.8833732605
50.8843855858
50.8853707314
50.8863852024
50.8873639107
50.8883712292
50.8893654346
50.8903632164
50.8913664818
50.8923668861
50.893362999
50.8943619728
50.8953590393
50.8963563442
50.8973608017
50.9003574848
50.9013569355
50.9023551941
50.9033586979
50.9043562412
50.9054031372
50.9063558578
50.9073534012
50.9083521366
50.9093465805
50.9103474617
50.9113504887
50.9123518467
50.9133470058
50.9143455029
50.9153516293
50.9163424969
50.9173989296
50.9184336662
50.9193873405
50.9204471111
50.9213821888
50.9223463535
50.9233541489
50.924374342
50.9253542423
50.9263606071
50.9273612499
50.9283525944
50.9293487072
50.9303452969
50.931344986
50.9323446751
50.93334198
50.9343354702
50.9353365898
50.9363384247
50.9373352528
50.938338995
50.9393372536
50.940340519
50.9413409233
50.9423356056
50.9433414936
50.9443423748
50.9453427792
50.9463393688
50.9473445415
50.9483323097
50.9493401051
50.9503295422
50.9513280392
50.9523265362
50.9533269405
50.9543242455
50.9553256035
50.9563221931
50.9573256969
50.9583220482
50.9593272209
50.9603598118
50.9613230228
50.9623250961
50.9633178711
50.9643182755
50.9653201103
50.9663152695
50.9673249722
50.9683208466
50.9693207741
50.9703140259
50.9713175297
50.9723153114
50.9733190536
50.9803206921
50.981313467
50.9823150635
50.9833157063
50.9843115807
50.9853086472
50.9863052368
50.9873123169
50.9883024693
50.9893078804
50.9903008938
50.9915540218
50.9922986031
50.9933099747
50.9955453873
50.9965913296
50.9975717068
50.9983003139
50.9995415211
51.0005474091
51.0015540123
51.0025477409
51.0035402775
51.0045361519
51.0055367947
51.0062949657
51.0075347424
51.0085361004
51.0095350742
51.0105326176
51.0115337372
51.0125348568
51.0135350227
51.0145328045
51.015532732
51.0165290833
51.0175330639
51.0185310841
51.0195293427
51.0203630924
51.0215313435
51.0225732327
51.0235693455
51.024377346
51.0255374908
51.0265409946
51.0275499821
51.0285336971
51.029538393
51.0305330753
51.031537056
51.0326271057
51.035333395
51.0365242958
51.0375266075
51.0385203362
51.0393610001
51.0405204296
51.0415189266
51.0425419807
51.043517828
51.0445263386
51.0455646515
51.0465211868
51.0475177765
51.0485639572
51.0495159626
51.0505161285
51.0515186787
51.0525186062
51.0535142422
51.0545220375
51.0575180054
51.058508873
51.05950737
51.0605053902
51.0615489483
51.062517643
51.0635015965
51.0645024776
51.0654997826
51.0664980412
51.0674996376
51.0685043335
51.0695035458
51.070507288
51.0715074539
51.0745046139
51.0755009651
51.0765035152
51.0775043964
51.0785024166
51.079511404
51.080504179
51.0815093517
51.0825219154
51.0835053921
51.0845074654
51.085504055
51.0865039825
51.0875082016
51.088517189
51.0895152092
51.090503931
51.0955002308
51.096498251
51.0975046158
51.0985031128
51.0994925499
51.1004984379
51.1015021801
51.102489233
51.1034889221
51.1044902802
51.1054873466
51.10648489
51.1074919701
51.1085045338
51.1094813347
51.1104815006
51.1114821434
51.1124908924
51.1134805679
51.1144785881
51.1154778004
51.1164748669
51.1174755096
51.1184792519
51.1194779873
51.1204743385
51.1214754581
51.1225018501
51.1235003471
51.1245102882
51.1254777908
51.1264781952
51.1274821758
51.1304838657
51.1314814091
51.1324756145
51.1364839077
51.1374893188
51.1384754181
51.1394846439
51.1404752731
51.1414730549
51.1424868107
51.1434948444
51.144490242
51.145481348
51.1464745998
51.1474685669
51.1484744549
51.1494705677
51.1504952908
51.1514673233
51.1524775028
51.1534690857
51.1544678211
51.1554691792
51.1564643383
51.1574664116
51.1584641933
51.1594626904
51.1604614258
51.1614735126
51.1624948978
51.1635277271
51.1645169258
51.1654620171
51.1664590836
51.1674661636
51.1684651375
51.1694560051
51.1704506874
51.1714551449
51.172457695
51.1734628677
51.1744515896
51.1764545441
51.1774566174
51.1784536839
51.1794531345
51.1804542542
51.1814537048
51.1824502945
51.1834566593
51.1844491959
51.1854434013
51.1864469051
51.1874539852
51.188472271
51.1894614697
51.1904585361
51.1914639473
51.1924648285
51.1934432983
51.1944365501
51.1954362392
51.1964399815
51.1974368095
51.1984734535
51.1994345188
51.2004370689
51.2014417648
51.2024502754
51.2034432888
51.2044448853
51.2054321766
51.2104830742
51.2114419937
51.2124414444
51.2134358883
51.2144382
51.2154283524
51.2164266109
51.2174253464
51.2184352875
51.2194275856
51.2204215527
51.2214221954
51.2224211693
51.2234213352
51.2244186401
51.2254197598
51.2264466286
51.2274246216
51.2284693718
51.2294356823
51.2304275036
51.2314186096
51.2324175835
51.2334148884
51.2344124317
51.2354154587
51.2364132404
51.23742342
51.2384121418
51.239418745
51.240424633
51.2414143085
51.2424199581
51.2434191704
51.2444195747
51.2454152107
51.2464251518
51.2474088669
51.2484066486
51.2494320869
51.2504103184
51.2514090538
51.2524049282
51.2534072399
51.2544398308
51.255402565
51.2563958168
51.2574000359
51.2584295273
51.2594430447
51.2603991032
51.2614035606
51.2623958588
51.263399601
51.2643868923
51.2653958797
51.26638484
51.2673864365
51.2683990002
51.2693891525
51.2703955173
51.2713866234
51.2723844051
51.2733845711
51.2743799686
51.275380373
51.2763750553
51.2773811817
51.2783837318
51.2793831825
51.2803752422
51.281380415
51.2823774815
51.2833786011
51.284424305
51.2853779793
51.2863793373
51.287375927
51.2884254456
51.2894339561
51.2973849773
51.2983710766
51.2993741035
51.3003652096
51.3013665676
51.3023645878
51.3033635616
51.3043618202
51.3053662777
51.3083622456
51.309360981
51.3103604317
51.311360836
51.3123607635
51.3133556843
51.3143541813
51.3153557777
51.3163540363
51.3173544407
51.3183479309
51.3193509579
51.3203496933
51.3213517666
51.3223593235
51.3233530521
51.3243455887
51.3253557682
51.3263533115
51.3273558617
51.3283550739
51.3293619156
51.3303587437
51.3313634396
51.332354784
51.3333508968
51.3343493938
51.3353507519
51.3363432884
51.3373429775
51.3383433819
51.3393414021
51.3403418064
51.3413476944
51.3423411846
51.3433406353
51.3443381786
51.3453426361
51.34634161
51.3473412991
51.3483419418
51.3493385315
51.3503410816
51.351344347
51.3523471355
51.3533391953
51.3543393612
51.3553349972
51.3563389778
51.3573353291
51.3583362103
51.3593330383
51.3603351116
51.3613359928
51.3623321056
51.3633303642
51.364325285
51.3653333187
51.3663303852
51.3673353195
51.3683292866
51.3693344593
51.3703379631
51.3713262081
51.3723268509
51.3733282089
51.3743257523
51.3753247261
51.3763229847
51.3773272038
51.3783254623
51.3793244362
51.380314827
51.3813199997
51.3823187351
51.3833227158
51.3843200207
51.3853189945
51.3863165379
51.3873128891
51.3883111477
51.389316082
51.3903150558
51.3913223743
51.3923180103
51.3933146
51.3943142891
51.3953089714
51.3963112831
51.3973128796
51.3983125687
51.3993093967
51.4003140926
51.4015564919
51.4025506973
51.4035937786
51.4045481682
51.4055497646
51.4065489769
51.4075479507
51.408550024
51.4095489979
51.4105491638
51.4112992287
51.4125459194
51.413551569
51.4145491123
51.4155509472
51.4165561199
51.4175655842
51.4195969105
51.420550108
51.4215438366
51.4225382805
51.4235355854
51.4245312214
51.4255404472
51.4265375137
51.427533865
51.4285383224
51.4295444489
51.4305381775
51.4315419197
51.4335291386
51.4345400333
51.4355342388
51.4365308285
51.4415228367
51.4425239563
51.443523407
51.4445278645
51.4455196857
51.4465355873
51.4475166798
51.4485161304
51.4495162964
51.4505620003
51.4515428543
51.4525125027
51.453512907
51.4545087814
51.455514431
51.4565095901
51.4575123787
51.458553791
51.4595112801
51.4605052471
51.4615092278
51.4625058174
51.4635045528
51.4645600319
51.4655148983
51.4665637016
51.4675145149
51.468521595
51.4695148468
51.4705274105
51.4715130329
51.4735069275
51.4745059013
51.4775013924
51.4785029888
51.4795017242
51.4804999828
51.4814996719
51.4825060368
51.483499527
51.4844911098
51.4855051041
51.4865009785
51.4874925613
51.4884963036
51.4894933701
51.4904909134
51.4914970398
51.4934904575
51.4944951534
51.4954955578
51.4964902401
51.4974944592
51.4984874725
51.4994874001
51.5004870892
51.5014894009
51.5024952888
51.5034945011
51.5044946671
51.5054836273
51.5064880848
51.5074827671
51.5084831715
51.5094792843
51.5104978085
51.5114867687
51.5124847889
51.5134811401
51.5144791603
51.5154764652
51.5164928436
51.5175154209
51.5194754601
51.5204794407
51.5214779377
51.5225346088
51.5235054493
51.524627924
51.5254709721
51.526550293
51.5275387764
51.5285143852
51.5294709206
51.5304663181
51.5314741135
51.5324678421
51.5334684849
51.5344674587
51.5354661942
51.5364713669
51.5384676456
51.5394685268
51.540463686
51.5414631367
51.5425229073
51.5434963703
51.5444941521
51.545497179
51.5464868546
51.5474874973
51.5484902859
51.549492836
51.5504980087
51.5514593124
51.5524556637
51.5534598827
51.5544531345
51.5554699898
51.5565140247
51.5574603081
51.5584738255
51.5594537258
51.5604684353
51.5614626408
51.5624542236
51.5634989738
51.5644664764
51.5654518604
51.5664534569
51.5675003529
51.5684649944
51.5694491863
51.5704562664
51.5714502335
51.5724527836
51.5734519958
51.5744712353
51.5754704475
51.5764434338
51.5774452686
51.578486681
51.5794885159
51.5804572105
51.5814464092
51.5824401379
51.5834882259
51.5844883919
51.5854911804
51.5865235329
51.587495327
51.5884888172
51.5895032883
51.5904831886
51.5914428234
51.5924367905
51.5944404602
51.5954451561
51.5964334011
51.5974347591
51.5984685421
51.5994381905
51.6004357338
51.6014351845
51.6024415493
51.6034305096
51.6044275761
51.6054275036
51.6064314842
51.6074230671
51.608427763
51.6094293594
51.6104300022
51.6114273071
51.6124279499
51.6134231091
51.6144242287
51.6154241562
51.6164243221
51.6174268723
51.6184227467
51.6194193363
51.6204221249
51.6214263439
51.6224331856
51.6234359741
51.6244325638
51.6254196167
51.6264326572
51.6274220943
51.6284227371
51.6294243336
51.6304204464
51.6314210892
51.632424593
51.6334249973
51.6344251633
51.6354215145
51.6364142895
51.6374120712
51.6384143829
51.63940835
51.6404249668
51.6414132118
51.6424121857
51.6434075832
51.6444015503
51.6454019547
51.6464054585
51.6474051476
51.6484069824
51.6494107246
51.6504032612
51.6514058113
51.652397871
51.653403759
51.6564002037
51.6574237347
51.6584587097
51.659399271
51.6604464054
51.6614050865
51.6623969078
51.663387537
51.6643826962
51.6653857231
51.6663818359
51.6673808098
51.6684257984
51.6693828106
51.6703836918
51.6714293957
51.6723783016
51.6733825207
51.6743791103
51.6753757
51.6763775349
51.6773822308
51.6784362793
51.6793780327
51.6803786755
51.6813852787
51.6823780537
51.6833870411
51.6844801903
51.6853821278
51.6863760948
51.6873855591
51.6883780956
51.6893725395
51.6903727055
51.6913764477
51.6923730373
51.6933679581
51.6943743229
51.695369482
51.6964159012
51.6974256039
51.698366642
51.6993618011
51.7003624439
51.7013745308
51.7023673058
51.7033641338
51.7043671608
51.7053654194
51.7063641548
51.7073736191
51.7083623409
51.7093565464
51.7103686333
51.7113583088
51.7123568058
51.7133533955
51.7143535614
51.7153520584
51.7163541317
51.7173581123
51.7183542252
51.7193582058
51.7204761505
51.7214295864
51.7223579884
51.723351717
51.7243568897
51.7253508568
51.7263643742
51.7275972366
51.7284009457
51.7293567657
51.730355978
51.7313485146
51.7323498726
51.7343552113
51.735350132
51.73635149
51.7373607159
51.7383592129
51.7393693924
51.7403554916
51.7413461208
51.7423489094
51.7433469296
51.7443494797
51.7453482151
51.7463471889
51.7473392487
51.7483420372
51.7493405342
51.7503330708
51.7513363361
51.7523343563
51.7533369064
51.757335186
51.7583358288
51.7593295574
51.7603263855
51.7613770962
51.7623281479
51.7633676529
51.7643370628
51.7653272152
51.7663347721
51.7673327923
51.768330574
51.7693314552
51.770329237
51.7713267803
51.7723331451
51.7733261585
51.7743265629
51.7793245316
51.7803244591
51.7843270302
51.7855627537
51.7863683701
51.7873139381
51.7883143425
51.7893180847
51.7903118134
51.7913119793
51.7923107147
51.7933135033
51.7953126431
51.7963144779
51.7973072529
51.798302412
51.7993092537
51.8003079891
51.801306963
51.802308321
51.8033077717
51.8043005466
51.8053138256
51.8062989712
51.8075437546
51.8082997799
51.8095467091
51.8105504513
51.8115537167
51.8123216629
51.8135418892
51.8145403862
51.81553936
51.8165404797
51.8175423145
51.8185417652
51.819331646
51.8202939034
51.8215425014
51.8225388527
51.8235359192
51.8245315552
51.8255310059
51.8265299797
51.8275284767
51.8285701275
51.8295423985
51.8303267956
51.8315308094
51.8325266838
51.8335325718
51.8355267048
51.8365342617
51.8375222683
51.8385248184
51.8395488262
51.8405203819
51.8415207863
51.8425235748
51.8435213566
51.8445205688
51.8455235958
51.8465301991
51.8475222588
51.8485252857
51.8495261669
51.8505210876
51.8515233994
51.8525230885
51.8534619808
51.8545212746
51.8555150032
51.8565165997
51.8575117588
51.8585085869
51.8595123291
51.8603234291
51.8615190983
51.8625094891
51.8635101318
51.8646051884
51.865552187
51.8665561676
51.8675410748
51.8685472012
51.8695030212
51.8705062866
51.8715090752
51.8725085258
51.8735048771
51.8745014668
51.8755004406
51.876500845
51.8775081635
51.8785037994
51.8795006275
51.8805003166
51.8815004826
51.88250947
51.8834986687
51.8844978809
51.8854973316
51.8864939213
51.8874926567
51.8884980679
51.889496088
51.8905034065
51.8915174007
51.8925135136
51.8934998512
51.8944969177
51.8954951763
51.8964951038
51.897503376
51.8984909058
51.8994934559
51.9004955292
51.9014980793
51.9024894238
51.9034948349
51.904487133
51.9054887295
51.9064877033
51.9074831009
51.9084839821
51.9094884396
51.9104864597
51.9114880562
51.9124898911
51.9154818058
51.9164912701
51.917488575
51.9184834957
51.9194853306
51.9204878807
51.9214925766
51.9224846363
51.9234862328
51.924519062
51.9255139828
51.9264733791
51.9274759293
51.9284813404
51.9294726849
51.9304687977
51.9314749241
51.9374682903
51.9384667873
51.9394667149
51.9404625893
51.9414637089
51.9424645901
51.9434638023
51.9444768429
51.9454782009
51.9464743137
51.9474787712
51.9484622478
51.9494595528
51.9504640102
51.9514603615
51.9524607658
51.953473568
51.9544582367
51.9554624557
51.9564783573
51.9574594498
51.9584591389
51.9594531059
51.9604537487
51.9614601135
51.9624564648
51.9634575844
51.9644663334
51.9654562473
51.9664542675
51.9674556255
51.9684677124
51.9694852829
51.9704649448
51.9714515209
51.9724590778
51.9744517803
51.9754924774
51.9764475822
51.9774520397
51.9784529209
51.9794495106
51.9804441929
51.9814488888
51.9824483395
51.9834480286
51.9844479561
51.9854769707
51.986440897
51.9874424934
51.9884459972
51.9894502163
51.9904499054
51.9914443493
51.9924471378
51.9934415817
51.9944453239
51.9954433441
51.9964764118
51.9974367619
51.9984357357
51.9994337559
52.0004358292
52.0014388561
52.0024430752
52.0034301281
52.0044863224
52.0054330826
52.0064692497
52.0074701309
52.0084722042
52.0094668865
52.0104532242
52.0114257336
52.0124256611
52.0134234428
52.0144269466
52.015427351
52.0164375305
52.0174338818
52.0184361935
52.0194354057
52.0204343796
52.0214362144
52.0224432945
52.0234527588
52.0244379044
52.0254387856
52.0264389515
52.0274329185
52.0284266472
52.0294413567
52.0344259739
52.0354282856
52.0364305973
52.0374279022
52.0384578705
52.0394225121
52.040459156
52.041424036
52.0424385071
52.0434246063
52.0444750786
52.0454189777
52.0464234352
52.0474357605
52.0484611988
52.0495138168
52.0504355431
52.0514194965
52.0524141788
52.0614075661
52.0624091625
52.0635106564
52.0644538403
52.0654070377
52.0664353371
52.0674602985
52.0684137344
52.0694155693
52.0704529285
52.0714147091
52.0724084377
52.0734734535
52.0744092464
52.075417757
52.0764110088
52.077406168
52.0784981251
52.0794177055
52.0804595947
52.081512928
52.0824069977
52.0833995342
52.0844011307
52.0854022503
52.0863986015
52.0874006748
52.0883848667
52.0965082645
52.0974035263
52.0984025002
52.0994009972
52.1003859043
52.1013886929
52.1024370193
52.1033911705
52.104445219
52.1054496765
52.1064107418
52.1073863506
52.1083819866
52.1094183922
52.1104061604
52.1113834381
52.1123888493
52.1133816242
52.114376545
52.1153736115
52.1163749695
52.1173751354
52.1183736324
52.1193752289
52.1203682423
52.1213712692
52.1223695278
52.1233649254
52.1243963242
52.1253600121
52.126357317
52.1273546219
52.1283509731
52.1383593082
52.1393568516
52.1403620243
52.1413700581
52.1423625946
52.1433651447
52.1443581581
52.1453714371
52.1463685036
52.1473610401
52.1483736038
52.1493685246
52.15036273
52.1513655186
52.1553547382
52.1563541889
52.1573572159
52.1583590508
52.1593616009
52.160353899
52.1613543034
52.1623580456
52.1633558273
52.1713364124
52.1723370552
52.173334837
52.1743340492
52.1873431206
52.1883349419
52.1893332005
52.1903290749
52.191327095
52.1923251152
52.193321228
52.1943230629
52.1953363419
52.1963276863
52.1973261833
52.1983246803
52.19932127
52.2003221512
52.2013177872
52.2023200989
52.2033216953
52.2043130398
52.205316782
52.2063081264
52.2073092461
52.2083063126
52.2103071213
52.2113189697
52.2123088837
52.2133104801
52.2143127918
52.2155549526
52.2165493965
52.2175450325
52.2185492516
52.2195491791
52.220549345
52.2215547562
52.2225475311
52.2235519886
52.2245488167
52.22554636
52.230550766
52.2315468788
52.2325508595
52.2355382442
52.2435357571
52.2445313931
52.2455329895
52.246535778
52.2495317459
52.2505297661
52.2515318394
52.2525336742
52.2535283566
52.2545268536
52.2555308342
52.2565281391
52.2575266361
52.2585322857
52.259526968
52.2605273724
52.2615225315
52.2625238895
52.263522625
52.2645435333
52.2655258179
52.2665185928
52.2675225735
52.2685256004
52.2695212364
52.2705228329
52.2715258598
52.2725207806
52.2735164165
52.2745115757
52.2755155563
52.2765152454
52.2775592804
52.2786049843
52.2795100212
52.2805526257
52.2815101147
52.2825112343
52.2835428715
52.2845516205
52.285551548
52.2865025997
52.2875058651
52.2885079384
52.2895104885
52.2905468941
52.2915585041
52.2925465107
52.2935564518
52.2945213318
52.2955496311
52.2966046333
52.2975053787
52.2985057831
52.2995538712
52.3005056381
52.3015222549
52.3025054932
52.3034975529
52.3045086861
52.3055069447
52.3065052032
52.3075037003
52.3085033894
52.3095018864
52.3105070591
52.3115024567
52.3124992847
52.3134922981
52.314501524
52.3154981136
52.3164958954
52.3175039291
52.3185064793
52.3195021152
52.3204863071
52.3215036392
52.3225200176
52.3235197067
52.3245460987
52.3255102634
52.3265237808
52.3275036812
52.3286306858
52.3295133114
52.3305058479
52.3314957619
52.3324935436
52.3334925175
52.3345313072
52.335488081
52.3365879059
52.3375647068
52.3384928703
52.3394937515
52.340503931
52.341483593
52.3425319195
52.3435404301
52.3445100784
52.345477581
52.3464851379
52.3474695683
52.348492384
52.3494820595
52.3504693508
52.3514716625
52.3524754047
52.3534719944
52.3544704914
52.3554754257
52.3564698696
52.3574669361
52.3584666252
52.3594677448
52.3604829311
52.3614733219
52.3624665737
52.3634667397
52.3644788265
52.3654751778
52.3664619923
52.3674702644
52.3684780598
52.3694663048
52.370465517
52.3714704514
52.3724770546
52.3754658699
52.3764603138
52.3774585724
52.3784592152
52.3794596195
52.3804557323
52.3814649582
52.382463932
52.3834600449
52.3844697475
52.3854606152
52.3864908218
52.3874595165
52.388456583
52.3894543648
52.3904511929
52.3914871216
52.3924832344
52.3934512138
52.3944468498
52.3954441547
52.3964819908
52.3974540234
52.3984489441
52.3994615078
52.4004442692
52.4014489651
52.4024529457
52.4034507275
52.4044516087
52.4054477215
52.4064452648
52.4074463844
52.4084525108
52.40944767
52.410451889
52.4114441872
52.4124455452
52.4134442806
52.4144480228
52.415446043
52.417443037
52.4184439182
52.4194359779
52.420437336
52.4214360714
52.4224348068
52.423435688
52.4244501591
52.4264612198
52.4274513721
52.4294407368
52.4304294586
52.4314398766
52.4324350357
52.4334335327
52.4344315529
52.4354279041
52.4364328384
52.437435627
52.4384427071
52.4394495487
52.4414277077
52.4424371719
52.4434309006
52.4444327354
52.4454300404
52.4464673996
52.4474239349
52.448420763
52.4494285583
52.4504241943
52.4514312744
52.4524130821
52.4534115791
52.4544129372
52.4554100037
52.4564239979
52.4574224949
52.4584197998
52.4594173431
52.4604072571
52.4614038467
52.462407589
52.4634034634
52.4644107819
52.4654142857
52.466401577
52.4674024582
52.4683895111
52.4693858624
52.4703860283
52.4713873863
52.4723823071
52.4743835926
52.4753830433
52.476385355
52.4773836136
52.4784290791
52.4793982506
52.4804081917
52.4813995361
52.4824023247
52.4834299088
52.4844050407
52.4854073524
52.486410141
52.4876306057
52.488401413
52.4893984795
52.4904031754
52.4913985729
52.4923877716
52.4933946133
52.4973890781
52.4983870983
52.4993841648
52.5003852844
52.5013887882
52.5023839474
52.5033974648
52.504406929
52.5093710423
52.5103704929
52.5113861561
52.5124239922
52.513361454
52.5143597126
52.515370369
52.5163645744
52.5173683167
52.5183651447
52.5193629265
52.520362854
52.521361351
52.5223674774
52.5233530998
52.5243594646
52.5253551006
52.5263597965
52.5273554325
52.52835536
52.5293517113
52.5303552151
52.53135252
52.532351017
52.5333502293
52.5343475342
52.5353491306
52.5363476276
52.5373454094
52.538346529
52.5393509865
52.540346384
52.5413472652
52.5423588753
52.5433506966
52.5443484783
52.5453679562
52.5463480949
52.5473773479
52.5483651161
52.5494070053
52.5503842831
52.5514469147
52.5523555279
52.5533425808
52.5543448925
52.555346489
52.5563421249
52.5573515892
52.5583403111
52.5593533516
52.5605945587
52.5613424778
52.5623605251
52.5633497238
52.5643796921
52.5653347969
52.5663893223
52.5673348904
52.5683379173
52.5693359375
52.5703308582
52.5713396072
52.5723366737
52.5733375549
52.5743346214
52.5753352642
52.5764045715
52.5773463249
52.5783295631
52.579325676
52.5803332329
52.5813271999
52.5823297501
52.5833370686
52.5843803883
52.5854098797
52.5863773823
52.5873262882
52.5883235931
52.5895621777
52.5903198719
52.5913283825
52.5923235416
52.5933198929
52.5943152905
52.5953125954
52.596354723
52.5973687172
52.5983178616
52.5994164944
52.6003484726
52.6013140678
52.6023778915
52.6035835743
52.6043231487
52.6053617001
52.6063113213
52.6073126793
52.6085505486
52.6093118191
52.6103568077
52.6113293171
52.6123178005
52.6133108139
52.6143050194
52.6153085232
52.616301775
52.6175489426
52.6183023453
52.6195425987
52.6203277111
52.6215410233
52.6225857735
52.6235802174
52.62453866
52.625538826
52.6263020039
52.6273543835
52.6285374165
52.6295547485
52.6305482388
52.6313786507
52.6323661804
52.6343007088
52.6355435848
52.6365394592
52.6375379562
52.6385393143
52.6395437717
52.6405346394
52.6424713135
52.6435272694
52.644525528
52.6455276012
52.6465373039
52.6475281715
52.6485323906
52.6495289803
52.6502897739
52.6515283585
52.6525220871
52.6535305977
52.6545350552
52.6555230618
52.6565272808
52.6575729847
52.6583168507
52.6595239639
52.6605176926
52.661532402
52.6625475883
52.6635315418
52.6645750999
52.6655480862
52.666526556
52.6675810814
52.6685726643
52.6695652008
52.6705687046
52.6715195179
52.6725101471
52.6735124588
52.6745116711
52.6755080223
52.6765141487
52.6775095463
52.6785063744
52.6795070171
52.6805105209
52.6815075874
52.6825094223
52.683511734
52.68450737
52.6855015755
52.686542511
52.6875004768
52.6885015965
52.689522028
52.6905043125
52.691498518
52.692501545
52.6935040951
52.6945011616
52.6954996586
52.6965038776
52.6975009441
52.6984989643
52.6995036602
52.7005207539
52.7014963627
52.7025506496
52.7035083771
52.7045385838
52.7054994106
52.7065610886
52.70749259
52.7084932327
52.7095050812
52.7105093002
52.7114989758
52.7125256062
52.7134923935
52.7145116329
52.7154891491
52.7164945602
52.7175107002
52.7184886932
52.7195465565
52.7205643654
52.72149086
52.7225077152
52.7235019207
52.7245290279
52.7254812717
52.7264902592
52.7274756432
52.7285449505
52.7294778824
52.7304944992
52.7314794064
52.7324790955
52.7334794998
52.7344825268
52.7354726791
52.7364737988
52.7374715805
52.7385179996
52.7394709587
52.7405104637
52.7414722443
52.7425122261
52.7434835434
52.7445459366
52.745541811
52.7465341091
52.747538805
52.7485070229
52.7495059967
52.75055933
52.7514951229
52.7524657249
52.7534639835
52.7544622421
52.7554636002
52.7564649582
52.7574658394
52.7584962845
52.7594637871
52.7604689598
52.7614617348
52.762565136
52.7635040283
52.7644715309
52.7654714584
52.766463995
52.7674789429
52.7685098648
52.7694630623
52.7704658508
52.7714614868
52.7724580765
52.7734558582
52.7745099068
52.7754559517
52.7764925957
52.7774846554
52.7784576416
52.7794604301
52.7804598808
52.7814610004
52.7825074196
52.7834980488
52.7845520973
52.7854735851
52.7864966393
52.7874596119
52.7885482311
52.7894675732
52.7905242443
52.7914602757
52.7924473286
52.7934551239
52.8014466763
52.8024468422
52.8034515381
52.8044495583
52.8054449558
52.8064455986
52.807441473
52.8084383011
52.8094418049
52.8104417324
52.8114411831
52.8124377728
52.8154430389
52.8164319992
52.8174295425
52.818431139
52.8194305897
52.8204300404
52.8214364052
52.8224308491
52.8234503269
52.8244392872
52.8254408836
52.8264291286
52.8274273872
52.8284363747
52.8294591904
52.830425024
52.8314611912
52.8324224949
52.8334217072
52.8344357014
52.8354341984
52.836420536
52.8374195099
52.8384201527
52.8394172192
52.840416193
52.8414523602
52.8424654007
52.8434114456
52.8444228172
52.8454294205
52.8464126587
52.8474144936
52.8484120369
52.849414587
52.8504099846
52.8514106274
52.8524158001
52.8534119129
52.8544442654
