27.1245207787
27.1255078316
27.1265249252
27.1275212765
27.128308773
27.1295051575
27.130518198
27.1315140724
27.1325111389
27.1335046291
27.1345045567
27.135519743
27.1365087032
27.1375119686
27.1385161877
27.1395118237
27.1405136585
27.1415188313
27.1425065994
27.1435332298
27.144520998
27.1455123425
27.1465144157
27.1475036144
27.1485126019
27.1495189667
27.1505198479
27.1515207291
27.1525044441
27.1535155773
27.1545138359
27.1554965973
27.1564981937
27.1575069427
27.1585187912
27.1595573425
27.1605019569
27.1615028381
27.1625053883
27.1634941101
27.1644835472
27.1674921513
27.1684916019
27.1694948673
27.1704838276
27.171487093
27.1724922657
27.1734900475
27.1744832993
27.1754806042
27.1764833927
27.17750597
27.1784973145
27.1795079708
27.1805064678
27.1814985275
27.1825089455
27.1835000515
27.1845188141
27.1855416298
27.186542511
27.1874938011
27.1884887218
27.1894900799
27.1904921532
27.1914949417
27.1925010681
27.193498373
27.1944727898
27.1954810619
27.1964731216
27.1974818707
27.1984834671
27.1994776726
27.2004716396
27.2014813423
27.2024672031
27.2034707069
27.2044775486
27.2054665089
27.206469059
27.2074637413
27.2084581852
27.2094967365
27.2104969025
27.2114667892
27.2124707699
27.2134692669
27.2144649029
27.2154688835
27.2164638042
27.2174675465
27.218464613
27.2194700241
27.2204651833
27.2214705944
27.2224545479
27.2234654427
27.224465847
27.2254650593
27.2264547348
27.2274663448
27.2284610271
27.2294743061
27.2305009365
27.2315175533
27.2325184345
27.233496666
27.2344970703
27.235514164
27.2364997864
27.23747015
27.2384560108
27.2394714355
27.2404921055
27.2414655685
27.2424628735
27.2434694767
27.2444536686
27.2454843521
27.2464528084
27.247449398
27.2484605312
27.2494876385
27.2504649162
27.2514865398
27.2524549961
27.2534461021
27.2544443607
27.2554459572
27.2564506531
27.2574646473
27.2584457397
27.259444952
27.2604467869
27.2614548206
27.2624456882
27.2634396553
27.2644453049
27.2654342651
27.2664351463
27.2674400806
27.268435955
27.2694363594
27.2704401016
27.2714297771
27.2724683285
27.2734410763
27.2744400501
27.2754383087
27.2764420509
27.2774407864
27.2784359455
27.2794408798
27.2804331779
27.2814455032
27.2824676037
27.2834544182
27.2844395638
27.2854335308
27.2864327431
27.2874367237
27.2884509563
27.2894365788
27.2904427052
27.2914364338
27.2924275398
27.2934327126
27.2944164276
27.2954118252
27.2964260578
27.2974154949
27.2984223366
27.2994163036
27.3004803658
27.3014194965
27.3024120331
27.3034133911
27.3044493198
27.305410862
27.3064463139
27.3074142933
27.3084213734
27.3094191551
27.3104381561
27.3114213943
27.3124222755
27.3134145737
27.3144009113
27.3154392242
27.3164052963
27.3174033165
27.318416357
27.3194198608
27.3204116821
27.3214199543
27.3224081993
27.3233878613
27.3243882656
27.3254098892
27.3264009953
27.3274018764
27.328438282
27.3294444084
27.3304438591
27.3313868046
27.3324019909
27.3334019184
27.3344023228
27.3354010582
27.3364028931
27.33740592
27.3383874893
27.339401722
27.3404016495
27.3413953781
27.3424015045
27.3433806896
27.3443889618
27.3454012871
27.3464028835
27.347407341
27.3484504223
27.3494420052
27.3503859043
27.3514385223
27.3524098396
27.3533787727
27.3543829918
27.3553786278
27.356372118
27.3574178219
27.3584096432
27.3594043255
27.3604180813
27.3614206314
27.3624210358
27.3633799553
27.3644194603
27.3653886318
27.3663651943
27.3673663139
27.3683655262
27.3693833351
27.3703589439
27.371355772
27.3723659515
27.3733711243
27.3743653297
27.37535882
27.3763544559
27.3773570061
27.3783736229
27.3793690205
27.380364418
27.3813621998
27.382363081
27.3833563328
27.3843770027
27.3853867054
27.3863725662
27.3873679638
27.3883714676
27.3893723488
27.3903574944
27.3913602829
27.3923740387
27.3933706284
27.3943753242
27.3953697681
27.3963987827
27.397356987
27.3983492851
27.3993644714
27.4003489017
27.4013540745
27.4024209976
27.4037196636
27.404737711
27.4054903984
27.4083824158
27.4094002247
27.4106240273
27.4114322662
27.4123439789
27.4133372307
27.4143965244
27.4153409004
27.4163405895
27.4173343182
27.4183814526
27.4193418026
27.4203436375
27.4213409424
27.4223418236
27.4233403206
27.4243397713
27.4253427982
27.4263379574
27.4273562431
27.4283583164
27.4293453693
27.4303615093
27.4313457012
27.432338953
27.4333410263
27.4343411922
27.4353322983
27.436337471
27.4373278618
27.4383296967
27.4393298626
27.440330267
27.4413597584
27.4423341751
27.4433264732
27.4443228245
27.4453213215
27.4463169575
27.4473826885
27.4483146667
27.4493145943
27.4503202438
27.4513149261
27.4523208141
27.4533154964
27.4543733597
27.4553143978
27.4563219547
27.457583189
27.4585840702
27.4595658779
27.4603383541
27.4615683556
27.4625530243
27.4633009434
27.4645652771
27.4653077126
27.4663054943
27.467713356
27.4683434963
27.4693381786
27.4703342915
27.4715428352
27.4725344181
27.4735367298
27.47453475
27.4755346775
27.4762916565
27.4775698185
27.4785571098
27.479377985
27.4805724621
27.4813227654
27.4825389385
27.4835367203
27.4842870235
27.4855349064
27.4875349998
27.4885303974
27.4895296097
27.490530014
27.4915318489
27.4925262928
27.4935286045
27.4945294857
27.4955277443
27.4965229034
27.4975259304
27.4985399246
27.4995405674
27.5005302429
27.501532793
27.5025389194
27.5035266876
27.504529953
27.5055332184
27.5065259933
27.5075230598
27.5085196495
27.509510994
27.5105128288
27.5115149021
27.5125174522
27.5135169029
27.5145087242
27.5155127048
27.5165593624
27.5175111294
27.5185580254
27.5195176601
27.5205056667
27.5215072632
27.5225093365
27.5235052109
27.5245056152
27.5255694389
27.5265028477
27.5275652409
27.528503418
27.5295081139
27.5305006504
27.5315055847
27.5325007439
27.5335695744
27.5345032215
27.5354981422
27.536495924
27.5374979973
27.5384969711
27.5394957066
27.5404939651
27.5414905548
27.5425410271
27.5435037613
27.5445036888
27.545525074
27.5465078354
27.5475003719
27.5485091209
27.5495185852
27.5505416393
27.5515105724
27.552503109
27.5534973145
27.5544974804
27.5555021763
27.5564944744
27.5574901104
27.5584938526
27.5594973564
27.5605113506
27.5615060329
27.562510252
27.5635015965
27.5644946098
27.5655133724
27.5665073395
27.5675036907
27.5684866905
27.5695443153
27.5705747604
27.5715351105
27.572501421
27.5734961033
27.574485302
27.5754802227
27.5764837265
27.5774884224
27.5785124302
27.5794758797
27.5804769993
27.5814847946
27.582498312
27.5834913254
27.584482193
27.5854785442
27.5864827633
27.5874717236
27.588470459
27.5894768238
27.5904769897
27.591473341
27.5924844742
27.5934741497
27.5944674015
27.5954685211
27.5964720249
27.5974650383
27.598464489
27.5994634628
27.6004648209
27.6014695168
27.6024677753
27.6034619808
27.604467392
27.6054646969
27.6065042019
27.6074774265
27.6084859371
27.6164548397
27.6174559593
27.6184570789
27.6194543839
27.6205334663
27.6214580536
27.6224586964
27.6234650612
27.6244659424
27.6254572868
27.6264562607
27.6274585724
27.62849617
27.6295380592
27.6304581165
27.6314563751
27.632455349
27.6334662437
27.6344566345
27.6354632378
27.6364760399
27.6374769211
27.6384718418
27.6394722462
27.6404540539
27.6414661407
27.6434788704
27.644477129
27.6454510689
27.6464440823
27.6474785805
27.6484372616
27.64945364
27.6504411697
27.6514465809
27.6524410248
27.6534481049
27.6544384956
27.6554503441
27.6564350128
27.6574304104
27.6584339142
27.6594338417
27.6604344845
27.6614274979
27.66243577
27.6634852886
27.6644902229
27.665443182
27.6664500237
27.6674787998
27.6684484482
27.6694495678
27.6704516411
27.6714437008
27.672440052
27.6734383106
27.6764388084
27.6774697304
27.6784293652
27.6794312
27.680431366
27.6814391613
27.6854279041
27.6864256859
27.6874639988
27.6884245872
27.6894814968
27.6904637814
27.6914973259
27.6924123764
27.6934633255
27.6944112778
27.6954181194
27.6964535713
27.6974990368
27.6984531879
27.6994202137
27.7004175186
27.7014644146
27.70642066
27.7074172497
27.7084050179
27.7094070911
27.7104101181
27.711407423
27.7124125957
27.7136423588
27.7214100361
27.7224066257
27.7234041691
27.7243881226
27.7253830433
27.7263998985
27.7274549007
27.7284448147
27.7294273376
27.7303831577
27.7314302921
27.7323846817
27.7333850861
27.7343826294
27.7353842258
27.736382246
27.7373838425
27.7383816242
27.7394659519
27.7405583858
27.7414600849
27.7424838543
27.7434315681
27.7444338799
27.7453780174
27.746383667
27.7474286556
27.7483742237
27.7494471073
27.7504284382
27.7514054775
27.7524111271
27.7613720894
27.7623872757
27.7633750439
27.7673797607
27.7683720589
27.7694232464
27.7704079151
27.7715542316
27.772580862
27.7734205723
27.7744660378
27.7754087448
27.7764079571
27.7774047852
27.7784035206
27.7794110775
27.780351162
27.7814075947
27.7823622227
27.785359621
27.7864823341
27.7876076698
27.7883598804
27.7893841267
27.7904388905
27.7913813591
27.7923765182
27.7933702469
27.794383049
27.7954034805
27.7963769436
27.797365427
27.7984063625
27.7993602753
27.8003461361
27.8013806343
27.8024032116
27.8033950329
27.8044350147
27.8054471016
27.8063623905
27.809470892
27.8103368282
27.8113372326
27.8123376369
27.8133413792
27.8143355846
27.815346241
27.8163363934
27.8173325062
27.8183484077
27.8193528652
27.8203487396
27.8213512897
27.8223361969
27.8233513832
27.8243393898
27.8253331184
27.8263742924
27.8273377419
27.8283381462
27.8293511868
27.8303365707
27.831332922
27.8323292732
27.8333282471
27.8343245983
27.8353221416
27.8363246918
27.8373229504
27.8383207321
27.8393237591
27.8403604031
27.8413183689
27.8423295021
27.8433237076
27.8443260193
27.8453218937
27.846334219
27.8473391533
27.8483448029
27.8593227863
27.8603146076
27.8613152504
27.8623120785
27.8633141518
27.8643064499
27.8653097153
27.8663055897
27.8673038483
27.8682999611
27.8693056107
27.8705432415
27.8713011742
27.8725972176
27.8733017445
27.8745398521
27.8753025532
27.8763041496
27.8775491714
27.878549099
27.8795480728
27.8805503845
27.8815510273
27.8825447559
27.8835504055
27.884313345
27.8855614662
27.8865456581
27.8875489235
27.8885495663
27.889551878
27.8905482292
27.8915514946
27.8923003674
27.8935391903
27.8945384026
27.8955376148
27.8965370655
27.8975391388
27.8985292912
27.8995294571
27.9005270004
27.9015293121
27.9025359154
27.903585434
27.9045481682
27.9055280685
27.9065330029
27.9075183868
27.9085187912
27.9095187187
27.9105160236
27.9115593433
27.9125154018
27.913517952
27.9145498276
27.9155290127
27.9165227413
27.9175133705
27.9185130596
27.9195108414
27.9205183983
27.9215121269
27.9225244522
27.9235167503
27.9245164394
27.9255230427
27.926523447
27.927519083
27.9285213947
27.9295120239
27.930516243
27.9315166473
27.9325070381
27.9335110188
27.9345114231
27.9355130196
27.9365189075
27.9375283718
27.9385135174
27.9395115376
27.9405112267
27.9415171146
27.9425070286
27.9435503483
27.9445018768
27.9455215931
27.9465048313
27.947508812
27.9485135078
27.949504137
27.950502634
27.95149827
27.9524941444
27.953499794
27.9544980526
27.9555046558
27.9565033913
27.9575030804
27.9585075378
27.9595122337
27.960515976
27.9615266323
27.9625177383
27.9635035992
27.9645063877
27.965502739
27.9664924145
27.9674935341
27.9684920311
27.9694862366
27.9705047607
27.9714825153
27.9724857807
27.973484993
27.97448349
27.9754898548
27.976483345
27.977481842
27.9784810543
27.9794869423
27.9804787636
27.9814801216
27.9824879169
27.9834835529
27.9844875336
27.9854996204
27.9864976406
27.9874920845
27.9885082245
27.9894969463
27.9905021191
27.991537571
27.9924871922
27.9934754372
27.994487524
27.9954879284
27.9964752197
27.9974820614
27.9984767437
27.9994869232
28.0004658699
28.0014677048
28.0024757385
28.0034687519
28.0045683384
28.0055379868
28.0064630508
28.007488966
28.0084598064
28.0094637871
28.0134637356
28.014493227
28.0154969692
28.0164613724
28.0174839497
28.0184781551
28.0194797516
28.0204660892
28.0214607716
28.0224719048
28.0234775543
28.0244743824
28.0254685879
28.026463747
28.0274658203
28.0284740925
28.0294623375
28.0304634571
28.0315175056
28.0324571133
28.0334663391
28.0344707966
28.0354690552
28.0364716053
28.0374696255
28.0394682884
28.0404598713
28.0414505005
28.042450428
28.0434532166
28.0444500446
28.0454552174
28.046441555
28.0474762917
28.0484445095
28.0494804382
28.0504398346
28.0514845848
28.0524470806
28.0564413071
28.0574512482
28.0584387779
28.0594627857
28.0604507923
28.0614659786
28.0624535084
28.0634582043
28.0644497871
28.0654621124
28.0664515495
28.0674602985
28.0684700012
28.0694627762
28.0704538822
28.0714678764
28.0724568367
28.0734434128
28.074451685
28.0754413605
28.0764458179
28.0774419308
28.0784459114
28.0794503689
28.0804502964
28.0814502239
28.0824420452
28.0834474564
28.0844326019
28.0854299068
28.0864300728
28.087451458
28.0884461403
28.0894343853
28.0904321671
28.0914711952
28.0924260616
28.0934267044
28.0944321156
28.0954253674
28.0964260101
28.0974297523
28.0984377861
28.0994195938
28.1004304886
28.1014547348
28.1024355888
28.1034290791
28.1044428349
28.1054439545
28.1084620953
28.1094305515
28.1104421616
28.1115057468
28.1124300957
28.1134262085
28.1145167351
28.1154265404
28.1164319515
28.1174330711
28.1184365749
28.1194255352
28.1204333305
28.1214778423
28.1224353313
28.1234617233
28.1244163513
28.1254177094
28.1264152527
28.1274240017
28.1284213066
28.1294186115
28.1304166317
28.1314258575
28.1334159374
28.1344158649
28.1354269981
28.1364219189
28.1374173164
28.1394085884
28.1404080391
28.1414034367
28.1424071789
28.1434061527
28.1444621086
28.1454060078
28.1465015411
28.1475231647
28.1484236717
28.1494243145
28.1504173279
28.1514203548
28.1524269581
28.1543967724
28.1554009914
28.1563985348
28.1574037075
28.1584033966
28.1593983173
28.160425663
28.1614177227
28.1624212265
28.1634054184
28.1643946171
28.1653842926
28.1673970222
28.1683952808
28.169397831
28.1703817844
28.171434164
28.1724822521
28.1734452248
28.1743807793
28.1753804684
28.1763820648
28.1773777008
28.1783826351
28.1793825626
28.1803760529
28.1813697815
28.182369709
28.183372736
28.1843733788
28.185382843
28.1863641739
28.1873807907
28.1883647442
28.1893830299
28.1903665066
28.191369772
28.1923663616
28.1933643818
28.1943650246
28.1953659058
28.1963834763
28.1973855495
28.19840765
28.1994121075
28.2004089355
28.2013707161
28.2024099827
28.2034091949
28.2064006329
28.2073676586
28.2083795071
28.2093672752
28.2103600502
28.2113544941
28.2123610973
28.213357687
28.2143638134
28.2153670788
28.2164065838
28.2174537182
28.2183713913
28.2193601131
28.2203595638
28.2213549614
28.2223529816
28.2233490944
28.2243492603
28.2253499031
28.2263522148
28.2273480892
28.228479147
28.2293527126
28.2304048538
28.2314047813
28.2324063778
28.2333519459
28.2343592644
28.2353665829
28.2363741398
28.2373669147
28.2383573055
28.2393527031
28.2403514385
28.2413494587
28.2423613071
28.2433459759
28.2443480492
28.2453565598
28.2463629246
28.2473583221
28.248352766
28.2583487034
28.2593426704
28.260338068
28.261333704
28.2623364925
28.2633428574
28.2643389702
28.2653512955
28.266330719
28.2673361301
28.2683238983
28.2693226337
28.2703239918
28.271323204
28.2723164558
28.2733230591
28.274317503
28.2753145695
28.2763135433
28.2773127556
28.2783167362
28.2793087959
28.2803153992
28.2815625668
28.2823116779
28.283561945
28.2845590115
28.2855746746
28.2905669212
28.2915487289
28.2923457623
28.2935476303
28.2945439816
28.2955451012
28.2965419292
28.2975423336
28.2985398769
28.2995393276
28.3005406857
28.3015391827
28.3023386002
28.3032879829
28.30458498
28.3055417538
28.3063297272
28.3075697422
28.3085739613
28.3093309402
28.3106012344
28.3113324642
28.3126513958
28.3135349751
28.3145377636
28.3155333996
28.3165392876
28.3175499439
28.318554163
28.3195552826
28.3205997944
28.3213510513
28.3225576878
28.3235337734
28.3245379925
28.3255331516
28.3265361786
28.3275301456
28.3285329342
28.329531908
28.3305273056
28.3315286636
28.3325233459
28.3335249424
28.3355236053
28.3365621567
28.3375165462
28.3385145664
28.339515686
28.3405156136
28.3415150642
28.3425195217
28.3435246944
28.3445231915
28.3455147743
28.3465158939
28.347512722
28.3485100269
28.349506855
28.3505613804
28.35156703
28.3525183201
28.353515625
28.354506731
28.355506897
28.3565061092
28.3575508595
28.3585038185
28.3595020771
28.3605062962
28.3615112305
28.369515419
28.3705310822
28.3715372086
28.3725128174
28.3735060692
28.3764994144
28.3775103092
28.3784959316
28.3795044422
28.3805143833
28.3864924908
28.3874883652
28.3885128498
28.3894920349
28.3904836178
28.3914885521
28.3924891949
28.3934831619
28.3944826126
28.395485878
28.3964803219
28.3974885941
28.3984866142
28.3994791508
28.4004809856
28.4014804363
28.4025290012
28.4034802914
28.4044890404
28.4054756165
28.4064788818
28.4074804783
28.4084813595
28.4094817638
28.4104998112
28.4114840031
28.412512064
28.4134888649
28.4144878387
28.4154787064
28.4164788723
28.4174842834
28.418479681
28.4194858074
28.4204716682
28.4214708805
28.4224815369
28.4234740734
28.4245095253
28.4254734516
28.4264659882
28.4274661541
28.4284648895
28.4295487404
28.430464983
28.4314770699
28.4324908257
28.433475256
28.4344713688
28.4355056286
28.4364991188
28.437474966
28.438457489
28.4394729137
28.4405026436
28.4414968491
28.4424638748
28.4434530735
28.444460392
28.4454667568
28.4464511871
28.4474537373
28.4484651089
28.4494526386
28.4504525661
28.4514687061
28.4524738789
28.4534544945
28.4544506073
28.4554650784
28.4614880085
28.4624564648
28.4644672871
28.4654622078
28.4664463997
28.467455864
28.4684493542
28.4694590569
28.4704446793
28.4714503288
28.4724359512
28.4734499454
28.4744377136
28.4754528999
28.476444006
28.4774525166
28.4824361801
28.4834532738
28.4844341278
28.485432148
28.4864332676
28.487442255
28.4884402752
28.4894249439
28.4904215336
28.4914183617
28.492421627
28.4934306145
28.4944269657
28.4954218864
28.4964206219
28.4974243641
28.4984269142
28.4994244576
28.5004405975
28.5014464855
28.5024271011
28.5034422874
28.5044305325
28.5054240227
28.5064165592
28.5074152946
28.5084171295
28.5094108582
28.5104119778
28.5114176273
28.5124089718
28.5134131908
28.5144071579
28.5154080391
28.5164084435
28.5174105167
28.5184152126
28.5194609165
28.5204098225
28.5214114189
28.5224206448
28.5234026909
28.5244109631
28.5254020691
28.5264544487
28.5274066925
28.5284070969
28.5294063091
28.5304014683
28.5314128399
28.5324025154
28.5334041119
28.5343995094
28.535400629
28.5363981724
28.5374183655
28.538403511
28.5394001007
28.5403954983
28.5414023399
28.5423960686
28.543389082
28.5443882942
28.5453960896
28.5463981628
28.5473840237
28.5483853817
28.5494096279
28.5504040718
28.5514993668
28.5524299145
28.5534319878
28.5543768406
28.5553767681
28.5563812256
28.5573973656
28.5584554672
28.5593886375
28.5603849888
28.5614025593
28.5624017715
28.5634489059
28.5645244122
28.5654284954
28.5664532185
28.5673885345
28.5683801174
28.5694217682
28.5704255104
28.5713777542
28.5723762512
28.5733649731
28.574365139
28.5753679276
28.5763642788
28.5773639679
28.5783641338
28.5793612003
28.5804433823
28.5814433098
28.5824346542
28.5835411549
28.5844223499
28.5854654312
28.586455822
28.5874390602
28.5884668827
28.5893831253
28.5904335976
28.5914301872
28.5924766064
28.5933692455
28.5944406986
28.5953738689
28.596373558
28.5974094868
28.5984091759
28.599378109
28.6004238129
28.6013712883
28.6024730206
28.6034805775
28.6044328213
28.6054069996
28.6063847542
28.6073787212
28.6083743572
28.6093597412
28.610373497
28.6113629341
28.6123533249
28.6133618355
28.6143591404
28.615426302
28.6163630486
28.6173670292
28.6183643341
28.6193606853
28.6203622818
28.6213569641
28.6223621368
28.6233539581
28.6243510246
28.625351429
28.6263511181
28.6273519993
28.6283755302
28.62935853
28.6303465366
28.6313478947
28.6323537827
28.6333572865
28.6343417168
28.6353445053
28.6363563538
28.6373431683
28.6383452415
28.6393446922
28.6403470039
28.6413507462
28.6423447132
28.6433894634
28.6443407536
28.6453428268
28.6463420391
28.6473360062
28.6483364105
28.6493358612
28.6503345966
28.651337862
28.6523358822
28.6533381939
28.654340744
28.6553361416
28.6563355923
28.6573324203
28.6583323479
28.6593310833
28.6603341103
28.6613316536
28.6623241901
28.6633682251
28.6643300056
28.6654043198
28.6663329601
28.6673777103
28.6683325768
28.6693272591
28.6703658104
28.6713237762
28.6724281311
28.673584938
28.6743247509
28.675330162
28.6765716076
28.6773278713
28.6785678864
28.6793327332
28.6803269386
28.6814186573
28.6823682785
28.6833178997
28.6843149662
28.685549736
28.6863121986
28.6873750687
28.68840909
28.6893570423
28.6903107166
28.6913170815
28.6923193932
28.6935470104
28.6945447922
28.6955442429
28.6965446472
28.69754529
28.6983067989
28.6995418072
28.7005395889
28.7015469074
28.7025456429
28.7035384178
28.7045395374
28.7055680752
28.7063031197
28.7075583935
28.7085316181
28.7093529701
28.7105665207
28.7115290165
28.7125608921
28.7135665417
28.7143018246
28.715534687
28.7165691853
28.71752882
28.7185311317
28.7195270061
28.7205724716
28.721527338
28.722599268
28.7235300541
28.7245204449
28.7255208492
28.7265212536
28.7275176048
28.7283146381
28.7305197716
28.731515646
28.7325155735
28.7335245609
28.7345995903
28.7355172634
28.7365124226
28.7375407219
28.7385127544
28.7395193577
28.7405138016
28.741518259
28.7425150871
28.7435112
28.7445139885
28.7455084324
28.7465105057
28.7475070953
28.7485048771
28.7495117188
28.7504711151
28.7515079975
28.7525072098
28.7535099983
28.7545042038
28.7555093765
28.7565116882
28.7575113773
28.7585201263
28.7605051994
28.7615017891
28.7625057697
28.7634985447
28.7645003796
28.765537262
28.7665047646
28.7674946785
28.7685008049
28.7695021629
28.7704994678
28.7714977264
28.7724955082
28.773494482
28.7744951248
28.7754926682
28.7764928341
28.7774922848
28.7784941196
28.7794919014
28.7804911137
28.7814929485
28.7825372219
28.7834880352
28.7844846249
28.7854979038
28.7865133286
28.7874884605
28.7884895802
28.7894957066
28.7904863358
28.7915117741
28.7925240993
28.7935009003
28.7945232391
28.7954807281
28.796485424
28.7974829674
28.7984845638
28.7994980812
28.8004827499
28.8014822006
28.8024921417
28.8034822941
28.8044757843
28.8054764271
28.8064770699
28.8074765205
28.808478117
28.8094756603
28.8104743958
28.8114743233
28.8124787807
28.8134760857
28.8144724369
28.8153848648
28.8165454865
28.81747365
28.8184762001
28.8194699287
28.8204717636
28.8214688301
28.8224778175
28.8234860897
28.8244607449
28.8254671097
28.8264689445
28.8274679184
28.8285048008
28.8294615746
28.8304617405
28.8314607143
28.8324697018
28.8334612846
28.8344628811
28.8354592323
28.8364577293
28.8374574184
28.8384547234
28.839454174
28.8404495716
28.8414576054
28.8424963951
28.8434541225
28.8445019722
28.8454926014
28.8464593887
28.8474578857
28.8484568596
28.8494513035
28.8504507542
28.8514566422
28.8524622917
28.8534595966
28.85445714
28.855461359
28.8564713001
28.8574566841
28.858451128
28.8594489098
28.8604476452
28.8614523411
28.8624510765
28.8634517193
28.8644514084
28.8654873371
28.866443634
28.8674702644
28.8684442043
28.8694701195
28.8704657555
28.8714504242
28.8724420071
28.8734529018
28.8744454384
28.8764429092
28.8774516582
28.87844944
28.8795075417
28.8804454803
28.8814516068
28.8824431896
28.8834495544
28.884431839
28.8854410648
28.8864457607
28.8874542713
28.8884329796
28.8924355507
28.8934979439
28.894425869
28.895460844
28.8964657784
28.8974263668
28.8984267712
28.8994226456
28.9004240036
28.90148592
28.9024791718
28.9034659863
28.9044504166
28.9054229259
28.9064581394
28.9074232578
28.9084243774
28.9094212055
28.9104504585
28.9114487171
28.9134552479
28.9144203663
28.9154140949
28.916424036
28.9174108505
28.9184155464
28.9194161892
28.9204263687
28.9214246273
28.9224243164
28.9234147072
28.9244172573
28.9254124165
28.9264559746
28.9274902344
28.9284119606
28.9294054508
28.9304404259
28.9314484596
28.9324071407
28.9334046841
28.934407711
28.9354045391
28.9364032745
28.9374063015
28.9384059906
28.9394090176
28.9404101372
28.9414074421
28.9424035549
28.9463977814
28.9474000931
28.9484415054
28.9494464397
28.9504330158
28.9514160156
28.952385664
28.9533863068
28.9543983936
28.9554414749
28.9564023018
28.9573984146
28.9583964348
28.959397316
28.9603838921
28.9613826275
28.9623849392
28.9634404182
28.9643757343
28.9654362202
28.9663999081
28.9673783779
28.9683988094
28.9703843594
28.9713876247
28.9723746777
28.9733712673
28.9743766785
28.9753761292
28.9763784409
28.9773795605
28.978374958
28.9793698788
28.9803700447
28.9813694954
28.9823782444
28.9834854603
28.9843876362
28.9854226112
28.9864370823
28.9874176979
28.9884135723
28.9894325733
28.9903650284
28.9913694859
28.9923620224
28.993360281
28.9943583012
28.9954137802
28.9963600636
28.9974176884
28.9984121323
28.9993662834
29.0003533363
29.0014138222
29.0024316311
29.0034079552
29.00440979
29.0053701401
29.006403923
29.0074021816
29.0084047318
29.0093569756
29.010351181
29.0113461018
29.0123546124
29.0153450966
29.0163493156
29.0173461437
29.0183448792
29.0193436146
29.0203440189
29.0213389397
29.0223381519
29.0233376026
29.0243360996
29.025349617
29.0263516903
29.0273554325
29.0283434391
29.0293557644
29.0303559303
29.031583786
29.0325877666
29.0333385468
29.0343368053
29.035582304
29.0363447666
29.0374195576
29.0383572578
29.0393428802
29.040336132
29.0413806438
29.0423846245
29.0433778763
29.0443344116
29.0453345776
29.0463366508
29.0473332405
29.048337698
29.0533297062
29.0543262959
29.0563471317
29.0573248863
29.0584087372
29.0593869686
29.0603249073
29.0613503456
29.0623250008
29.0633273125
29.0643191338
29.0653247833
29.0663292408
29.0673267841
29.0683381557
29.0693376064
29.0703279972
29.0713262558
29.0723662376
29.0734050274
29.0744073391
29.0753247738
29.0763213634
29.0773203373
29.0783185959
29.0793220997
29.0803570747
29.0813782215
29.0823142529
29.0833525658
29.0843746662
29.0853185654
29.0863287449
29.0873231888
29.0883600712
29.0893158913
29.0903167725
29.0915920734
29.0923182964
29.0933198929
29.0943114758
29.0953245163
29.0963110924
29.0975720882
29.0983126163
29.0993108749
29.1005554199
29.1013026237
29.1025490761
29.1035530567
29.1043021679
29.105543375
29.1063444614
29.1075479984
29.1085541248
29.1095635891
29.110560894
29.1115441322
29.1125462055
29.1135504246
29.1145443916
29.1156487465
29.1165394783
29.1175382137
29.1185414791
29.1193289757
29.1205494404
29.1215384007
29.1225450039
29.1235470772
29.124530077
29.125531435
29.1265294552
29.1275298595
29.1285305023
29.1295330524
29.1305320263
29.131528616
29.1325297356
29.1335268021
29.1345255375
29.1355228424
29.1365237236
29.1375277042
29.1385216713
29.1395244598
29.1405205727
29.1415202618
29.1425192356
29.1435203552
29.1445217133
29.1455249786
29.146520853
29.1475200653
29.1485142708
29.1495234966
29.150519371
29.1515226364
29.1525177956
29.1535179615
29.1545410156
29.1555130482
29.1565153599
29.1575107574
29.1585144997
29.1595191956
29.1605114937
29.161509037
29.1625134945
29.1635553837
29.164560318
29.1655209064
29.1665148735
29.167519331
29.1685144901
29.169519186
29.1705141068
29.1715080738
29.1725075245
29.1735093594
29.1743881702
29.1755101681
29.1765096188
29.1775093079
29.1785051823
29.1795022488
29.1805005074
29.1815047264
29.1825172901
29.1835136414
29.184513092
29.1855096817
29.1865155697
29.1875143051
29.1885156631
29.1895051003
29.1904976368
29.1915016174
29.1925621033
29.1935007572
29.1945052147
29.1954994202
29.1964995861
29.1975021362
29.1984918118
29.1994917393
29.2004988194
29.2014918327
29.2025001049
29.2034871578
29.2044866085
29.2054913044
29.2064859867
29.2074873447
29.208493948
29.2094955444
29.2104876041
29.2114849091
29.212492466
29.2134838104
29.21448493
29.2154934406
29.2164847851
29.2174887657
29.2184896469
29.219489336
29.2204813957
29.2214860916
29.2224817276
29.2234840393
29.2244794369
29.2254786491
29.2264761925
29.2274849415
29.2284710407
29.2294771671
29.23047328
29.231470108
29.2324795723
29.2334663868
29.2354717255
29.2364728451
29.2374706268
29.2384684086
29.2394676208
29.2404675484
29.241465807
29.2424840927
29.2434792519
29.2444729805
29.2454752922
29.2464663982
29.2474582195
29.2484562397
29.2494544983
29.2504587173
29.2514894009
29.2524859905
29.253480196
29.2544710636
29.2554793358
29.2564644814
29.257468462
29.2584643364
29.2594635487
29.2604990005
29.261496067
29.2624971867
29.2634558678
29.2644729614
29.2654588223
29.2664592266
29.2674665451
29.2684721947
29.2694571018
29.2705292702
29.2714908123
29.2724850178
29.2734565735
29.2744512558
29.2754573822
29.2764856815
29.2774598598
29.2784605026
29.2794547081
29.2804834843
29.2814800739
29.2824811935
29.2834579945
29.2844564915
29.2854650021
29.2864499092
29.2874617577
29.2894001007
29.290448904
29.2914733887
29.2924523354
29.2934582233
29.2944407463
29.2954556942
29.2964501381
29.2974443436
29.2984359264
29.2994728088
29.300437212
29.3054668903
29.3064386845
29.307451725
29.3084695339
29.3094272614
29.3104300499
29.3114237785
29.3124237061
29.3134233952
29.3144702911
29.3154258728
29.3164234161
29.3174805641
29.3184223175
29.3194169998
29.320417881
29.3214173317
29.3224546909
29.3234169483
29.3244185448
29.3254196644
29.3264200687
29.3274538517
29.328441143
29.3294317722
29.3304347992
29.33147192
29.3324317932
29.3335018158
29.3344156742
29.3354241848
29.3434207439
29.3444521427
29.3454105854
29.3464252949
29.3474223614
29.3484117985
29.3494119644
29.3504033089
29.3514046669
29.3524115086
29.3534092903
29.3544075489
29.355451107
29.356400013
29.3573997021
29.358412981
29.359398365
29.360396862
29.361399889
29.3623971939
29.3633863926
29.3643865585
29.3654072285
29.3664414883
29.3674583435
29.3683960438
29.3694078922
29.3703892231
29.3713810444
29.3723809719
29.3733870983
29.3743870258
29.3753867149
29.3763971329
29.3774151802
29.3784015179
29.3794057369
29.3804044724
29.3813989162
29.3824062347
29.383399725
29.3843972683
29.3853878975
29.3864042759
29.387401104
29.3884077072
29.3893873692
29.3903887272
29.3913862705
29.392385006
29.3933722973
29.3943755627
29.3953707218
29.3963685036
29.3973667622
29.3983645439
29.3993635178
29.4003665447
29.4013702869
29.4023685455
29.4033703804
29.4043748379
29.405381918
29.4063882828
29.4074244499
29.4083712101
29.4093694687
29.4103729725
29.4115788937
29.4173974991
29.4184019566
29.4193844795
29.4203794003
29.4213790894
29.4223675728
29.4233627319
29.4243652821
29.4253809452
29.4263732433
29.4273664951
29.4283657074
29.4293620586
29.4303610325
29.4313559532
29.4323577881
29.4333539009
29.4343578815
29.4353461266
29.4363431931
29.4373481274
29.4383432865
29.4393444061
29.4403431416
29.4413394928
29.4423420429
29.4433383942
29.4443318844
29.4453344345
29.4463319778
29.447332859
29.4483306408
29.4493324757
29.4503321648
29.4513318539
29.4523341656
29.4533412457
29.4543406963
29.4553413391
29.4563415051
29.4573376179
29.4583315849
29.4593274593
29.4603278637
29.4613463879
29.4623491764
29.4633569717
29.4643650055
29.4653377533
29.4663591385
29.4673500061
29.4683272839
29.4693214893
29.4703373909
29.471323967
29.4723286629
29.4733483791
29.4743266106
29.4753177166
29.4763207436
29.4773211479
29.4783258438
29.4793133736
29.4803102016
29.4813115597
29.4823555946
29.4833168983
29.4843130112
29.4853155613
29.4863097668
29.4873449802
29.4883065224
29.4893057346
29.4903044701
29.4913032055
29.4923043251
29.4933083057
29.4945473671
29.4953019619
29.4963006973
29.497300148
29.4983019829
29.4993078709
29.5003039837
29.501304388
29.5025575161
29.5035648346
29.5043072701
29.5055651665
29.506550312
29.5075545311
29.5123009682
29.5138823986
29.5155441761
29.5165431499
29.517539978
29.5185456276
29.5195348263
29.520539999
29.5212922096
29.5225393772
29.5235331059
29.524532795
29.5255405903
29.5265362263
29.5273442268
29.5285334587
29.52952528
29.5305240154
29.5315213203
29.532553196
29.5335245132
29.5343353748
29.5355243683
29.5365552902
29.5375201702
29.538520813
29.5395159721
29.5405173302
29.5415680408
29.5425169468
29.5435299873
29.5445261002
29.5455234051
29.546530962
29.547539711
29.5485396385
29.5495271683
29.5505285263
29.5515325069
29.5524766445
29.55351758
29.5545139313
29.5555202961
29.5565149784
29.5575275421
29.5635118484
29.5645046234
29.5655043125
29.5665011406
29.5675053596
29.5685045719
29.5695035458
29.5705082417
29.5715007782
29.572499752
29.5735037327
29.5744996071
29.5755000114
29.5764980316
29.5775146484
29.5785059929
29.5794973373
29.5804944038
29.5815165043
29.5825119019
29.5835032463
29.5845022202
29.5855035782
29.586509943
29.5875115395
29.5885167122
29.5895061493
29.5905063152
29.5915052891
29.5925271511
29.5932946205
29.5945038795
29.595499754
29.5964891911
29.597495079
29.5984938145
29.5994901657
29.6004900932
29.6014959812
29.6025032997
29.603497982
29.6045002937
29.6054983139
29.6064832211
29.6075029373
29.608499527
29.6095011234
29.6104912758
29.6114971638
29.6124904156
29.6134896278
29.6144907475
29.6154789925
29.6164851189
29.6174895763
29.6184957027
29.6194868088
29.6204872131
29.6214849949
29.6224863529
29.6234652996
29.6244773865
29.6254758835
29.626470089
29.627518177
29.6284782887
29.6294841766
29.6304886341
29.6314897537
29.6324799061
29.6334781647
29.6344735622
29.6354718208
29.6364660263
29.6374845505
29.6385068893
29.6395044327
29.6405103207
29.6415016651
29.6424717903
29.6434636116
29.6445691586
29.6454918385
29.646543026
29.6474955082
29.6485002041
29.6494998932
29.6505000591
29.6514573097
29.652466774
29.6534588337
29.6664607525
29.6674592495
29.6684551239
29.6694581509
29.6704564095
29.6714689732
29.6724662781
29.6734514236
29.6744580269
29.6754772663
29.6764941216
29.6774604321
29.6784515381
29.6794519424
29.6804544926
29.6814525127
29.6824605465
29.6834552288
29.6844551563
29.6854469776
29.6864516735
29.6874456406
29.6884508133
29.6894509792
29.6904478073
29.6914470196
29.692445755
29.6934437752
29.6944386959
29.6954400539
29.6964664459
29.69744277
29.6984729767
29.6994407177
29.7004380226
29.7014467716
29.7024378777
29.7034468651
29.7054450512
29.7064261436
29.7074465752
29.7084319592
29.7094402313
29.7104432583
29.7114584446
29.7124376297
29.7134494781
29.7144505978
29.7154529095
29.7164382935
29.7174458504
29.718433857
29.7194378376
29.7204289436
29.7214288712
29.722479105
29.7234625816
29.7244534492
29.7254376411
29.7264709473
29.727483511
29.728426218
29.7294645309
29.7304532528
29.731461525
29.7324154377
29.7334120274
29.7344121933
29.7354109287
29.7364132404
29.7374572754
29.7384517193
29.7394528389
29.7404439449
29.7414052486
29.7424092293
29.7434103489
29.7444031239
29.7454037666
29.746411562
29.7474095821
29.7484111786
29.7494153976
29.7504031658
29.7513980865
29.7524094582
29.7534091473
29.7544109821
29.7554216385
29.7564110756
29.7584068775
29.7593972683
29.7604010105
29.7613892555
29.7624056339
29.7634031773
29.7644011974
29.765401125
29.7663860321
29.7673945427
29.7684066296
29.7694532871
29.7704474926
29.7714009285
29.7723875046
29.7743880749
29.775384903
29.7763843536
29.7774610519
29.7783894539
29.7793998718
29.7803769112
29.7813854218
29.7823960781
29.783377409
29.7843744755
29.7853689194
29.7863807678
29.7873778343
29.7884395123
29.7893826962
29.7903852463
29.7913787365
29.7923741341
29.7933766842
29.7943828106
29.7953801155
29.7963731289
29.797431469
29.7984278202
29.7993702888
29.8003776073
29.8033676147
29.8043625355
29.8053779602
29.8063755035
29.8073673248
29.8083603382
29.8093633652
29.8103604317
29.8113687038
29.8143627644
29.8153634071
29.8163607121
29.8173639774
29.8183591366
29.8193542957
29.8203527927
29.8213529587
29.8223502636
29.8234045506
29.8243589401
29.8253495693
29.8263473511
29.8273479939
29.8283483982
29.8293471336
29.830344677
29.8313443661
29.8323442936
29.8333566189
29.8343555927
29.8353552818
29.8363602161
29.8373668194
29.8383498192
29.8393490314
29.84035182
29.8423531055
29.8433468342
29.8443465233
29.8453538418
29.8463435173
29.8473417759
29.8483393192
29.8493409157
29.8503446579
29.8513419628
29.8523447514
29.8533382416
29.8543395996
29.8553407192
29.8573415279
29.8583407402
29.8593382835
29.8603410721
29.8613405228
29.8623423576
29.8633482456
29.8643465042
29.8653411865
29.8663449287
29.8673324585
29.8683381081
29.8693349361
29.8703403473
29.8713288307
29.8723320961
29.8733353615
29.874327898
29.8753237724
29.8763222694
29.8773303032
29.8783268929
29.8793296814
29.8803248405
29.88133955
29.8823230267
29.8833220005
29.8843150139
29.8853156567
29.8863151073
29.887319088
29.8883194923
29.8893215656
29.89032197
29.8913300037
29.8923203945
29.8933258057
29.8963172436
29.8973126411
29.8983123302
29.8993272781
29.9003221989
29.9013268948
29.9023120403
29.9033095837
29.9043073654
29.9053025246
29.9063055515
29.9073090553
29.9103012085
29.9115531445
29.913299799
29.9145424366
29.9155464172
29.9165458679
29.9175391197
29.9185378551
29.9195489883
29.9205369949
29.9212961197
29.9225456715
29.9235384464
29.9245409966
29.9275345802
29.9285421371
29.9292941093
29.9305410385
29.9315330982
29.9325349331
29.9335303307
29.9345312119
29.9355344772
29.9365336895
29.9375374317
29.9385273457
29.939535141
29.9405431747
29.9415364265
29.9425308704
29.9435265064
29.9445269108
29.9455282688
29.9465231895
29.9475302696
29.9485254288
29.9495253563
29.9505188465
29.9515254498
29.9525265694
29.9535148144
29.9545154572
29.9555137157
29.9565162659
29.9575152397
29.9585211277
29.9595162868
29.960555315
29.9613101482
29.962518692
29.9635105133
29.9645266533
29.9655060768
29.9665591717
29.9675087929
29.9685075283
29.9695079327
29.9705164433
29.971514225
29.9723412991
29.973505497
29.9745361805
29.9755039215
29.9765422344
29.9775054455
29.9785146713
29.9795062542
29.9805080891
29.9815108776
29.9825022221
29.9835000038
29.9845016003
29.9855048656
29.9865067005
29.9875013828
29.9884986877
29.9894981384
29.9904949665
29.9914956093
29.9924998283
29.993496418
29.9944925308
29.9955070019
29.9965293407
29.9974923134
29.9984922409
29.9994969368
30.0005321503
30.0015752316
30.0025017262
30.003490448
30.0045616627
30.0054869652
30.0065159798
30.0074875355
30.0084850788
30.0094919205
30.0105249882
30.0114879608
30.0124843121
30.0134840012
30.0144846439
30.0154874325
30.0164885521
30.0174973011
30.0185053349
30.0204927921
30.0214836597
30.0224807262
30.0234816074
30.0244851112
30.0254762173
30.0264759064
30.0274746418
30.0284841061
30.0294950008
30.0304892063
30.0314879417
30.0324800014
30.0334806442
30.0344700813
30.0354647636
30.0365350246
30.0374703407
30.0384654999
30.039470911
30.0404956341
30.0414919853
30.0424730778
30.0434625149
30.0444891453
30.0454642773
30.0464606285
30.0474643707
30.0484657288
30.04946208
30.0504863262
30.0514538288
30.0524880886
30.0534582138
30.0544555187
30.0594725609
30.0604715347
30.0614638329
30.0644843578
30.0654716492
30.0664672852
30.0674583912
30.0684666634
30.069463253
30.0704567432
30.0714557171
30.0724623203
30.0734627247
30.0744550228
30.0754547119
30.0764577389
30.0774784088
30.0784590244
30.0794570446
30.0804693699
30.0814580917
30.0824782848
30.0835058689
30.0845389366
30.0855000019
30.0864467621
30.0874516964
30.0884542465
30.0894536972
30.090457201
30.0914514065
30.0924575329
30.093462944
30.0944542885
30.0954656601
30.0964562893
30.0974566936
30.098457098
30.0994670391
30.1004605293
30.1014587879
30.1024746895
30.1034705639
30.1044642925
30.1054763794
30.1064600945
30.1074740887
30.108455658
30.1094787121
30.1104772091
30.1114652157
30.112462759
30.1134638786
30.1174683571
30.1184692383
30.1194565296
30.1204345226
30.1214504242
30.1224584579
30.1234376431
30.1244273186
30.125436306
30.126427412
30.1274278164
30.1284184456
30.1304187775
30.1314399242
30.1324198246
30.1334328651
30.1344196796
30.1354346275
30.1364197731
30.1374363899
30.1384174824
30.1394178867
30.1404771805
30.1414203644
30.1424255371
30.1434550285
30.1444294453
30.145427227
30.1464707851
30.147434473
30.1484177113
30.1494193077
30.1504180431
30.1514236927
30.1524174213
30.1534142494
30.154417038
30.1554188728
30.1564097404
30.1574094296
30.1584153175
30.1593980789
30.1604075432
30.1614155769
30.1624305248
30.1634163857
30.1644058228
30.1654040813
30.1664364338
30.1683883667
30.1693871021
30.1703979969
30.1713829041
30.1723957062
30.1733891964
30.1744008064
30.1753983498
30.1764006615
30.1774029732
30.1803867817
30.1813879013
30.1823859215
30.1833868027
30.1843955517
30.1853802204
30.1863760948
30.1874349117
30.188377142
30.1893835068
30.1903848648
30.1913795471
30.1923804283
30.1933748722
30.1943714619
30.1953697205
30.1963708401
30.1974434853
30.1984167099
30.1994359493
30.2003986835
30.2013735771
30.2024452686
30.2033712864
30.2044379711
30.2054724693
30.2064516544
30.2074697018
30.2083647251
30.209363699
30.2104125023
30.2113614082
30.2123789787
30.2133691311
30.2143652439
30.2153658867
30.2163612843
30.2173678875
30.2183630466
30.2193653584
30.2203617096
30.2213673592
30.2223601341
30.2234079838
30.224366188
30.2273733616
30.2283654213
30.2293667793
30.2303717136
