1.5781505857
1.58124092426
1.58560147447
1.59139377234
1.5957190287
1.60046453146
1.60397106153
1.60670682972
1.60806095414
1.60920303112
1.61035269745
1.60598319413
1.60304514022
1.59980032689
1.59752197766
1.59472554054
1.59356020484
1.59270712198
1.59377216228
1.59445849227
1.59693886214
1.6003312641
1.60391359752
1.60655811776
1.60786015415
1.60859390835
1.60904623925
1.60765239953
1.60708048476
1.60549172874
1.60576887501
1.60362185848
1.60130757739
1.59784271591
1.59335989604
1.58839326512
1.58408908464
1.58103203374
1.57923360018
1.57951861079
1.58144982347
1.58405229328
1.5849989297
1.58763195611
1.58801178019
1.58824741105
1.59004782147
1.58954858187
1.59182662488
1.59231880003
1.59196154702
1.59286512921
1.5920058828
1.58994601238
1.58884888054
1.58709101846
1.58601955148
1.58474296063
1.58467449173
1.58466757226
1.58446180851
1.58443401294
1.58503287777
1.58701865445
1.58801356763
1.59036971178
1.58778811807
1.58713079081
1.58645538191
1.588090263
1.58929735714
1.59132536827
1.59221346854
1.59055620559
1.58996327504
1.58735420479
1.58385961817
1.58184319116
1.57879438916
1.5786076749
1.57915777827
1.57836490411
1.57644276358
1.57626668851
1.57784280051
1.57973316363
1.58359395121
1.58493202829
1.58803879977
1.59012853647
1.58964461165
1.58889571966
1.58868385879
1.58744690776
1.5862022644
1.58444037675
1.58266400882
1.58077640781
1.57868020658
1.57626349561
1.57459506257
1.57310809828
1.57482548213
1.57696727867
1.58108633777
1.58532492965
1.59015797563
1.59299068866
1.59636081175
1.59896469594
1.60163736184
1.60253837717
1.6029660231
1.60224419879
1.60091821435
1.59933867359
1.59796139321
1.59508229011
1.59158852966
1.58868291212
1.58542466089
1.58320239559
1.58141793526
1.58219455212
1.58606624987
1.58995757339
1.5922610061
1.59738487987
1.59965940233
1.60214784598
1.60419038485
1.60400153658
1.60365156856
1.60271728753
1.59994325596
1.59830085351
1.59620629444
1.59350670913
1.58954730055
1.58633307391
1.58265137524
1.57966549434
1.57807792396
1.57823025076
1.57992449316
1.58090936868
1.58311506545
1.58473433628
1.58722796169
1.58851628337
1.59188401306
1.5923648473
1.59435471996
1.59412215735
1.5938950171
1.59147055012
1.58835557304
1.58361456493
1.57894494931
1.5765512985
1.57393307597
1.57208820212
1.56985889414
1.56855299889
1.56613740463
1.56437927359
1.56345959572
1.56147200962
1.56206314926
1.5638986528
1.5667773089
1.56901612447
1.57262726728
1.57430964624
1.57825648997
1.57959652276
1.58125961064
1.58107365267
1.58173344236
1.58094183146
1.58110538255
1.58122182103
1.57936858512
1.57839184266
1.5760888573
1.56918761677
1.56559404072
1.56119475938
1.55963827553
1.56043284099
1.56218642221
1.56626236473
1.57147437766
1.57639157497
1.57809078689
1.57882179136
1.58041125592
1.5816125041
1.58318885292
1.58512829059
1.58713826631
1.58678809025
1.58694925142
1.5849001207
1.58398281981
1.58094812794
1.57718402768
1.57266824794
1.56925465023
1.5671274952
1.56721932573
1.5700331595
1.57513877998
1.57906631223
1.58665988267
1.59259345837
1.59650278202
1.60631012605
1.60891615428
1.61125103717
1.61193943434
1.6109723776
1.6093872494
1.60526187604
1.60087743412
1.59472622432
1.58989309398
1.5876144127
1.58730015207
1.58776337082
1.5889974626
1.58828509997
1.589042503
1.58751173733
1.58540123727
1.58359238407
1.58363035471
1.58548838614
1.58881175498
1.59245721255
1.59653856844
1.59816857434
1.59921961786
1.59773288441
1.59368057368
1.59040784746
1.58917060428
1.5881445056
1.58872647024
1.58792844363
1.58662497086
1.5850669426
1.58076270204
1.57687431046
1.57292345514
1.56925972535
1.56665325633
1.56577600567
1.56653126744
1.56960787108
1.57427815181
1.58025360033
1.58512694601
1.58951910492
1.59213115275
1.59193703019
1.59090978338
1.59000703824
1.58899101798
1.58956488804
1.59115574811
1.5919391012
1.59240335975
1.59003795705
1.58249159689
1.57884650562
1.57428331485
1.57265633703
1.57082805034
1.56927404303
1.56798843617
1.56568180877
1.56458480703
1.56183190168
1.56065534622
1.55971935749
1.56294865119
1.56848007135
1.57624635147
1.58264615702
1.59000924181
1.59650270689
1.59991544772
1.6006789122
1.60026617296
1.5991692274
1.59564185007
1.5926121075
1.5890914338
1.58467211406
1.58080635652
1.57593788476
1.5718677355
1.56881581397
1.56471997884
1.56147967058
1.55936255295
1.55972812309
1.56109977479
1.56345562516
1.56729392628
1.57258134212
1.5794110156
1.58423875651
1.58911136358
1.59063477387
1.59228667136
1.59188488127
1.58947215027
1.58827808549
1.58749125822
1.58799098775
1.58814097154
1.59141413032
1.59335056874
1.59248757565
1.5917944935
1.5901973053
1.5872467077
1.58560137692
1.58533403211
1.58577591102
1.58659808118
1.58455583
1.58426737424
1.58507311401
1.58599707414
1.58823790349
1.58817389056
1.5893365255
1.58865711747
1.5878734627
1.58704313071
1.58648068389
1.58776339945
1.58925514754
1.58924847921
1.59004179899
1.5800341127
1.57863715412
1.57834303962
1.57777673564
1.57736591673
1.57794578681
1.57897328069
1.58066456509
1.58092656828
1.58243188875
1.58370067299
1.58486350904
1.58601999632
1.58712358732
1.58767490623
1.58652989199
1.58501783259
1.58349330285
1.58191437397
1.58009776989
1.57856393669
1.57813075644
1.57770602295
1.57726661133
1.57749620849
1.57823543228
1.58090157373
1.58367065558
1.58543999545
1.58935104907
1.5906510164
1.5930207915
1.59344089227
1.59399632931
1.59625100626
1.59594885592
1.59601668165
1.59461962632
1.58509384947
1.58456091736
1.58146709668
1.58182017832
1.5823489777
1.5852176556
1.58762954814
1.59122206973
1.59348058277
1.59279034431
1.59254228122
1.58919248566
1.58533947294
1.58341838404
1.57972431352
1.57806249489
1.56966277216
1.56636020089
1.56496441882
1.56424829768
1.56354947446
1.56306273459
1.56379570694
1.56513229598
1.5675603626
1.56895598477
1.57114495254
1.57353693774
1.57527984079
1.57663412131
1.57833978198
1.5810350084
1.5834198975
1.58441122682
1.58462682837
1.58492904681
1.5845134101
1.58440206865
1.58552614941
1.58506267717
1.58440031572
1.58384985954
1.58176783748
1.58135922755
1.58182776002
1.58432942467
1.58849851254
1.59297935878
1.59672084081
1.59980736004
1.59901616259
1.59872586636
1.58981384279
1.58765981693
1.58439073224
1.58189302954
1.57942606931
1.57640294046
1.57442111199
1.57272712035
1.57295976718
1.57332236178
1.57292943896
1.57282525794
1.57190253864
1.57188579422
1.5716479923
1.57352251444
1.57593052691
1.57916164281
1.58182310219
1.5842101535
1.58332194167
1.581987121
1.58042727624
1.57980409143
1.5803211135
1.58034833089
1.58175273553
1.58270837784
1.58424333809
1.58362581112
1.58345057482
1.5830663281
1.58267073707
1.5817285747
1.58249641271
1.5829281628
1.5825785276
1.58221002738
1.58114462656
1.57996799528
1.57864064423
1.57790731718
1.5782057233
1.57846599719
1.57873849811
1.57747558357
1.57779228526
1.57652194721
1.57529458851
1.57523079923
1.57699400613
1.57794597887
1.57469120757
1.57494445676
1.57325210462
1.57313346597
1.57232357274
1.57034235832
1.56679020322
1.56518114673
1.56315893657
1.56129107397
1.56007212212
1.55836508806
1.55826052689
1.5565196462
1.55671217882
1.55758129258
1.5576273571
1.55673715721
1.5589155198
1.56082282192
1.56195078776
1.56647270344
1.56831060008
1.57228153807
1.57445894485
1.57667453344
1.57662668131
1.57803746516
1.57645652463
1.5748091416
1.57212077964
1.57116386995
1.56815966584
1.56592969899
1.56393002994
1.56077124786
1.56042197339
1.55998157065
1.56146815833
1.56316013833
1.56550156046
1.56876069767
1.57136942892
1.57448630943
1.57723165681
1.57761070896
1.57552587523
1.57408254949
1.57435265982
1.57439075446
1.57358139274
1.57290388012
1.56865603982
1.56902665664
1.56796349631
1.56878755827
1.57147877377
1.57375073446
1.5759002702
1.57783504324
1.57705313336
1.57619480219
1.57571110987
1.57619490572
1.57757952543
1.57984554542
1.58109912551
1.58118569685
1.57899970545
1.57769049086
1.57509584954
1.5736407577
1.57276370358
1.57324778331
1.57391417875
1.57364951503
1.57309792915
1.57324443302
1.57409290406
1.57811070105
1.57663282992
1.57592326264
1.57194434122
1.56927946464
1.56813479822
1.56676789973
1.56712898329
1.5684787032
1.56907993725
1.56946673915
1.56975355377
1.57023589127
1.56940187631
1.57059844238
1.57248170276
1.5726991683
1.57230442392
1.57152985465
1.56999200178
1.56922551175
1.5687581323
1.56171377129
1.56184440478
1.56167802038
1.5623501251
1.56235271187
1.56305599549
1.56189704562
1.56215052463
1.56215785721
1.56479890272
1.56783444001
1.56992749068
1.57353815608
1.57610324096
1.57785256249
1.5787714103
1.58039918419
1.57971720749
1.57849566826
1.57665009827
1.57641932428
1.57386666334
1.57248737851
1.56665316449
1.56338622525
1.56101635573
1.55872176823
1.55786417367
1.5574216133
1.55870312685
1.5582198532
1.55911939171
1.5602326358
1.56113504934
1.56106150483
1.56288100287
1.56625263054
1.56625949805
1.56669264442
1.56691591352
1.56725816661
1.56718932249
1.56731643141
1.56717229935
1.56765928014
1.56531071683
1.56297182045
1.55856677161
1.55599168303
1.55316427108
1.55227050616
1.55177297911
1.55170083409
1.55119910214
1.55229775036
1.55139561022
1.55219541885
1.55272654354
1.55352108658
1.55577993106
1.55855114652
1.56101682373
1.5624286125
1.56197443283
1.56265494796
1.56174191951
1.56096573596
1.56078968515
1.55959790942
1.5592091883
1.55616192632
1.55423595656
1.55181369351
1.55089794872
1.54865138451
1.5497605844
1.5504136269
1.55186729222
1.55433149787
1.55543316293
1.55680645345
1.55700424768
1.55936451313
1.55922933771
1.56119091791
1.56331456422
1.56385065971
1.56269285479
1.56146801673
1.55949226434
1.55903454589
1.55788281646
1.55723945033
1.5571676257
1.55655176497
1.55570979976
1.55379067438
1.53297277823
1.53336776133
1.53566738937
1.53845027253
1.54019024798
1.54108421133
1.54042242547
1.53784214599
1.53651754458
1.53602098921
1.53721047617
1.53877229035
1.54100334683
1.54443009259
1.54524837845
1.54480189024
1.54215900361
1.54139074585
1.54141555838
1.54201694977
1.54364801871
1.5456448478
1.54781668367
1.54913564898
1.5499665981
1.54974045286
1.54818830259
1.54776915332
1.54487054462
1.54546782632
1.5459129618
1.54589195417
1.54801367908
1.54951151037
1.55149997362
1.55020055631
1.55018604434
1.54867366419
1.54762305498
1.54893205509
1.54965300234
1.55114007341
1.55239054
1.55178493484
1.55070133855
1.55061651186
1.5501461428
1.55328357555
1.55395621228
1.5576711946
1.55866327639
1.56066198144
1.55887309579
1.54649841942
1.54444739887
1.54277005028
1.54167421751
1.5406695439
1.54058068581
1.54123051221
1.5413676418
1.54475501573
1.54787006684
1.55163885954
1.55204585241
1.55556443973
1.55676862878
1.55678785707
1.55702319455
1.55626743582
1.55371875016
1.55121644133
1.54867671459
1.54618707869
1.54343772181
1.54301252961
1.54440922101
1.54623565152
1.54929929698
1.55365624958
1.55752835886
1.56123555203
1.56272287169
1.56361765957
1.56549215205
1.5677817148
1.57085629465
1.57144751315
1.57202914518
1.57157455121
1.5693177623
1.5659290624
1.56408208988
1.55946056495
1.55825585307
1.55561014355
1.55498936702
1.55359806627
1.5524027892
1.5519414293
1.55133865544
1.54972664199
1.54913668821
1.54897495746
1.54839601337
1.54940512768
1.54894612177
1.54959138136
1.54870794414
1.54940798173
1.54870081004
1.54904491323
1.54995527843
1.55116578912
1.55308778755
1.55306841987
1.55455141721
1.55554231003
1.55717154886
1.56045074133
1.56178992799
1.56415591078
1.56318760504
1.56261067412
1.56233878692
1.56040009345
1.55999006056
1.56029474092
1.56025802942
1.55798501694
1.5553832506
1.55134197498
1.54951973793
1.54486623396
1.54357642506
1.54298223431
1.54432422289
1.54540482382
1.57151743117
1.57453013068
1.57733839073
1.57666318596
1.57350217393
1.56996776959
1.56582831808
1.56370710067
1.56068646587
1.55961379608
1.55811070851
1.55708059104
1.55602033534
1.55490462791
1.55451425415
1.5549892476
1.55819621749
1.56223352458
1.56644406036
1.57059587382
1.57320262671
1.57330361283
1.57226531786
1.57114870137
1.56695361133
1.56489162791
1.56341742991
1.56088425444
1.55791558438
1.55577474908
1.55580137597
1.55755035661
1.55960216209
1.56220044857
1.56326762625
1.56281107815
1.56270918616
1.56187338602
1.56153820048
1.56229191731
1.56354442964
1.56691726296
1.56818979911
1.56880319042
1.56629127534
1.56505866133
1.56057042284
1.55762339251
1.55327663594
1.55242843522
1.55197548228
1.55328430024
1.55350048829
1.55513669155
1.5567739119
1.5571415948
1.55676695899
1.55764546951
1.55780365948
1.55880586029
1.55897114573
1.56075647601
1.56090494026
1.56192525548
1.56316939845
1.56373742629
1.56248623513
1.56072460114
1.55646667821
1.55218303822
1.54997652292
1.55064909955
1.5517460344
1.55412463874
1.5572753891
1.55810714497
1.55604349847
1.55363831825
1.54848436876
1.54429900874
1.54126393409
1.54168899504
1.54467384106
1.54978701301
1.55361287321
1.55603040878
1.55646119288
1.55483412029
1.55270108489
1.55071513296
1.55276752781
1.55581000692
1.56153376452
1.56546970964
1.57018684578
1.57056548007
1.56762782077
1.56259149765
1.55693345737
1.54985089306
1.54525131971
1.54531026785
1.54746544726
1.54813320097
1.54755169116
1.54525580953
1.54382183576
1.54025682862
1.53780637373
1.53994101096
1.54488699225
1.54939289811
1.55630505305
1.55999701205
1.56196726832
1.56044076747
1.55849762581
1.55395566496
1.55234686964
1.54962596163
1.55019987135
1.55082155406
1.5520762378
1.55289373576
1.55244455586
1.54951367594
1.54580607226
1.54206988557
1.53948427982
1.53749358857
1.53656975395
1.53839428571
1.54018996852
1.54315346849
1.54447669026
1.54490906314
1.54461758929
1.5432935547
1.54152882482
1.54135098116
1.54335899578
1.54399792132
1.54621160491
1.54571904089
1.54546040769
1.54129217212
1.53780437201
1.53267964693
1.53027630896
1.53166460578
1.53681102201
1.5399806795
1.54256385647
1.5351890961
1.53158776285
1.53090158143
1.53465651138
1.53835940978
1.5398136417
1.53875569294
1.53664233396
1.534729312
1.53161670893
1.53143403277
1.53260303289
1.53678631357
1.54029025021
1.54354744802
1.54504460382
1.54309645438
1.5409507178
1.53658938975
1.53107204906
1.52860886643
1.52699719693
1.52572287314
1.52805983689
1.52906720116
1.53047347483
1.53013038587
1.5297426398
1.526685532
1.52495203319
1.52202029909
1.52274896953
1.52431660306
1.5261002039
1.52877053001
1.53071243691
1.53146764606
1.53014534251
1.52816529711
1.5262601629
1.52531526368
1.52478031382
1.52643977097
1.52757774391
1.52943698871
1.52917020554
1.52776707311
1.52437732571
1.52221327297
1.51648848135
1.51230932729
1.50981549171
1.51045917865
1.51219554348
1.51601606094
1.51776540099
1.52142207447
1.52306027109
1.52384041784
1.52452102313
1.52534005654
1.52784416517
1.53152882461
1.53440466113
1.5385485487
1.53887887471
1.53897325113
1.53783179613
1.53528701947
1.53520568255
1.53654140002
1.53952607133
1.54149246582
1.5425188582
1.54050441955
1.53939025463
1.53788298269
1.53520594855
1.535422587
1.53723136522
1.53931669997
1.54309023399
1.5444967779
1.54458038064
1.54406432901
1.54332718594
1.5429546272
1.54436610081
1.54612645694
1.55034775836
1.55220302617
1.55329043967
1.5520335544
1.54972918945
1.54484412693
1.54261623809
1.54184619555
1.54307612567
1.54608168857
1.54889863568
1.54967664227
1.54841774967
1.54763193793
1.5452508688
1.54224026673
1.5429749996
1.54504138117
1.54671040016
1.55061686836
1.55235907331
1.55110108276
1.54807307531
1.54371391493
1.54049136757
1.53830456572
1.53865474376
1.53988265719
1.54278125331
1.5474261032
1.54888617029
1.55086965177
1.55071418784
1.54906008037
1.54887805725
1.54846669264
1.547075691
1.54769493957
1.54658631133
1.54509410294
1.5412890649
1.53750316274
1.53388539411
1.53072529583
1.52909582241
1.52723032548
1.52726140061
1.5276290354
1.52842306077
1.53099517548
1.53502789974
1.5381333749
1.54099533031
1.54334972186
1.54523494914
1.54742173
1.54931797242
1.5490722637
1.54954942925
1.54834831977
1.54794059154
1.54416066433
1.54306253788
1.54059657917
1.54003567696
1.5392352289
1.53775722473
1.53637769003
1.53513737913
1.53516563137
1.53481715868
1.53570257819
1.53521987441
1.53535739177
1.5360511171
1.53838037376
1.54057437664
1.54424885443
1.54417079714
1.54418232858
1.54305351229
1.54122513207
1.54066417445
1.54213033819
1.54516390717
1.5475658006
1.55219083663
1.55371041443
1.55355688963
1.55091062973
1.54860169127
1.54500282627
1.54117332416
1.53934798477
1.53779576921
1.53840307525
1.53969028507
1.53968129698
1.53874168886
1.53664443676
1.53574573943
1.53351816464
1.53241108666
1.53598877424
1.53837142537
1.5440824343
1.54928127448
1.55190793823
1.55227087467
1.55078295063
1.54663421282
1.54509059573
1.54144395605
1.53951863831
1.54051990092
1.54037435682
1.5400894892
1.53701247969
1.53333728567
1.52594223301
1.51849535308
1.51585639486
1.51586199389
1.51879402861
1.52711396097
1.5329450331
1.53899622227
1.54121313964
1.53965072393
1.53736643069
1.53441688159
1.53194847485
1.53292999066
1.53463389191
1.53744548154
1.53847625804
1.53817281819
1.53545356105
1.52959668694
1.52312134437
1.51910712938
1.51505436248
1.51471639008
1.51522453602
1.51756770453
1.51954661608
1.52176045217
1.52071527231
1.52025411208
1.52117056744
1.52441896523
1.52948033068
1.53536653162
1.54012845347
1.54250269323
1.54328737133
1.54103929803
1.5375531972
1.53398578829
1.52970641466
1.52942776477
1.52840297959
1.5291157531
1.53062417405
1.53067170523
1.53255581844
1.53206179376
1.52824537074
1.52564344803
1.52436875687
1.5226850923
1.52559618982
1.52758646294
1.52951621588
1.53347656685
1.53530722392
1.53816451947
1.53950273989
1.5404999768
1.53898090609
1.53742949719
1.53664567536
1.53719643791
1.53743453994
1.53845649266
1.53880918572
1.5373737831
1.53639947952
1.53179536492
1.52758432989
1.52304110644
1.51962268556
1.51915886245
1.5209888509
1.52275389054
1.5260038555
1.52721148793
1.52897420132
1.53192357023
1.52780615707
1.52147875418
1.51744204767
1.51292284257
1.51055373054
1.51067901056
1.5130971033
1.51665525721
1.51733562475
1.51662255797
1.51621651939
1.51377747001
1.51320261466
1.51370687638
1.51532965681
1.52003623346
1.5249376587
1.52819551921
1.52929469627
1.52916862248
1.52722633819
1.52452203766
1.5216886951
1.52054547283
1.52067340319
1.52201822818
1.52250405232
1.5211187139
1.51919090612
1.51343929072
1.51430716978
1.5156207004
1.51619728543
1.51729533
1.51663664108
1.51652131062
1.51607526061
1.51675307012
1.51651345885
1.51684111171
1.51919200793
1.52128017677
1.52169558944
1.52246372758
1.52155600342
1.51992801379
1.51820995569
1.51496363601
1.50258288931
1.50464433928
1.50756776993
1.52423731945
1.52561312778
1.52623533718
1.52607148697
1.52736553064
1.52793984242
1.53000050364
1.53158458109
1.53158442249
1.53076716455
1.52945631851
1.52584780462
1.52392591129
1.52245211672
1.51988391387
1.51960831433
1.51779327263
1.51764418345
1.51463441244
1.51143648914
1.51090483833
1.50968443803
1.50945377404
1.50939706663
1.50922236332
1.51017833942
1.51198348147
1.51043509
1.51488444574
1.51739584893
1.52114737003
1.52392783965
1.52662701701
1.52800179703
1.5275896821
1.52788249891
1.52868932782
1.53088727287
1.53261734558
1.53309518706
1.53445682042
1.53358947305
1.53077378572
1.52721776967
1.52068849795
1.51527037486
1.51287544932
1.51207184219
1.51276545936
1.51663932182
1.51895969856
1.52217563642
1.52606285668
1.52706632987
1.53024192442
1.53304654459
1.53742262389
1.54073451821
1.54265568988
1.54684082233
1.54764591708
1.54725652017
1.54652514665
1.54495173019
1.54219609197
1.53931275609
1.53729935532
1.53544512422
1.53418365858
1.53145783631
1.5285404711
1.52578114203
1.52402607908
1.52412308619
1.52458761513
1.52732576785
1.52941912523
1.53164032762
1.53272345628
1.53378030447
1.53500643371
1.53594497599
1.53723600406
1.53920470981
1.54073296017
1.54150613856
1.5368306423
1.53454523213
1.53236984027
1.53141224572
1.53113934896
1.53238776583
1.53258673427
1.53215165033
1.53076495991
1.52899293213
1.52652606401
1.52564739673
1.52511225265
1.52561685007
1.52727254753
1.52797241449
1.52804131381
1.52690365986
1.52505326091
1.52363541403
1.52143052032
1.52006678271
1.51995741212
1.51954943262
1.51854823649
1.51725243969
1.51581647672
1.51403765494
1.50966850638
1.50765250415
1.5068044239
1.50477366533
1.50618136586
1.51090188208
1.51111055485
1.51095383184
1.5105190905
1.51061581508
1.51123751333
1.50925198365
1.50961768247
1.51044167758
1.5107928657
1.51172993593
1.5119092557
1.51224040786
1.51143969024
1.51005383708
1.50786877138
1.50515223142
1.50374108509
1.50378704774
1.50326174446
1.50285194097
1.50222705318
1.50031415347
1.49743157706
1.49545800423
1.49259290683
1.49231810613
1.49440831093
1.49816270889
1.50264739598
1.5085545248
1.51062290423
1.51514023181
1.51516809522
1.5164371833
1.51807572173
1.52216762209
1.52492841589
1.52622449626
1.52357982463
1.52201308393
1.51793382538
1.51609130862
1.51498314419
1.5142202731
1.51341286757
1.51212320697
1.512326078
1.51207691019
1.51259533926
1.51282497288
1.51521791781
1.51659562805
1.51896991132
1.52135545819
1.52318818746
1.52467255401
1.52599424916
1.52597078344
1.52531280213
1.52508757516
1.52426159105
1.51743944309
1.51522879862
1.51273390912
1.5106325275
1.51010668881
1.51039982697
1.51011633574
1.51015341808
1.50922505649
1.50725605191
1.50542479611
1.50281319855
1.50170224978
1.5010153278
1.50036308541
1.49903208711
1.49995691163
1.50068346085
1.50100929425
1.50208446794
1.5026005237
1.50397525647
1.50555397609
1.50520249934
1.5057973473
1.50725028197
1.5072220181
1.5080556012
1.50951652466
1.50924418968
1.50833532522
1.50755595258
1.50618143479
1.50451518716
1.49813820682
1.49635660017
1.49522831744
1.49489995594
1.49585557024
1.51133915628
1.51265103801
1.51510707244
1.51471969253
1.51378653107
1.51193267195
1.51117732909
1.51116182696
1.51048132189
1.51130064576
1.51050067369
1.50936163022
1.50820990875
1.50519755353
1.50347320415
1.50309617466
1.50339044961
1.50470099948
1.50804167363
1.5099025047
1.51081925005
1.51254371527
1.51386349643
1.51446643332
1.51620608222
1.51671393716
1.51683051111
1.51696029189
1.51613482259
1.51519919771
1.51555230336
1.51445105625
1.51441972544
1.51471156098
1.51419372738
1.51487159165
1.51326280792
1.5115857167
1.51056180557
1.5072915076
1.50544883857
1.50490826572
1.50541308701
1.5058645985
1.50594930884
1.50647055396
1.50540645629
1.50493110207
1.50256342923
1.50347379736
1.50388433046
1.50594660769
1.50814318294
1.51039667272
1.51184993752
1.51180607579
1.51068917631
1.50858094326
1.50591001777
1.50423029817
1.50317291478
1.50318264912
1.50256896722
1.50240421273
1.50081244162
1.49976409877
1.49788650029
1.49653799929
1.49580675705
1.49668523816
1.49786055544
1.49944220176
1.50187715278
1.50450349968
1.50663711949
1.50846948301
1.51037544521
1.51197088757
1.51466189888
1.51313250329
1.51268451324
1.5119651261
1.51140162771
1.5099377155
1.50922920176
1.50943734378
1.50967454467
1.50900014833
1.50624637768
1.50563793549
1.50213727699
1.50010973569
1.4992467638
1.49812678988
1.49870293342
1.49804528884
1.49781422638
1.49600051138
1.49453932228
1.49366956765
1.49510112541
1.4981305467
1.49986545925
1.50164180532
1.50294887985
1.50363776327
1.50437945943
1.50495368899
1.50764693554
1.5090724514
1.50967199177
1.5099511326
1.50818907917
1.49902768656
1.49867677953
1.49793136534
1.49758816752
1.49940051391
1.49808297932
1.49871132327
1.49837907468
1.49907489193
1.49922502714
1.50041036842
1.49999460306
1.49762772986
1.49685737744
1.49548657605
1.49528894066
1.49659340737
1.49748983852
1.49918545566
1.50145058206
1.50147631793
1.4996246485
1.49751358754
1.49493607443
1.49100179983
1.48903573002
1.48698522424
1.48438395897
1.48261619945
1.48254624745
1.4840837861
1.48407901868
1.48515175274
1.48415548641
1.48277123261
1.48161660861
1.48149279551
1.48163283143
1.48294925086
1.4829530719
1.4846573948
1.48474140471
1.48770360885
1.48873311258
1.49033869794
1.49023767019
1.48929402671
1.48721205221
1.48453781058
1.48001259598
1.47744182087
1.47714832064
1.47520297832
1.47528314887
1.47369377134
1.47041736403
1.46794202993
1.46456175966
1.4636375856
1.46499531179
1.46867774429
1.47568084816
1.48333533299
1.48777069224
1.49322446201
1.49647838216
1.49814454166
1.49903103842
1.49831566294
1.49696367215
1.49549124423
1.49313283175
1.4913188504
1.48687848451
1.48362271927
1.47973870922
1.47491266104
1.47274354234
1.47091889831
1.47007498369
1.47057738729
1.47176654285
1.47357701312
1.47558841461
1.47825066431
1.4802406675
1.48322561677
1.49112362815
1.49219533337
1.49049079164
1.49023348087
1.48619407936
1.48224227616
1.47989664016
1.47627935425
1.47420326809
1.47215614758
1.47041314258
1.46776068953
1.46464408458
1.46432567719
1.46506269595
1.46468516866
1.46722253708
1.46919368758
1.4718391429
1.47526780631
1.47750039376
1.48029885679
1.48373516146
1.48641083516
1.48786384111
1.48843545488
1.48865584155
1.48760061965
1.48461805007
1.48316801591
1.47975989814
1.47751249916
1.47446906864
1.47183882438
1.46952568361
1.46689302132
1.46579004293
1.46429474915
1.46270180113
1.46207815388
1.46272980366
1.46305404459
1.46358527699
1.4651048072
1.46520726791
1.46663153411
1.46761146359
1.46932619028
1.47078003994
1.47274909878
1.47227381971
1.47182536566
1.46864082449
1.46681495935
1.46385494166
1.46178424527
1.46094279171
1.45983886806
1.45345549801
1.45108083729
1.44634656885
1.4451096994
1.4445916673
1.44689561941
1.44978512131
1.45454936537
1.45872991706
1.46270881494
1.46510649004
1.46656681263
1.46682010654
1.46692387502
1.46685851054
1.46598549813
1.46464406729
1.46333467431
1.46149163921
1.46039095521
1.46006995717
1.45855646069
1.45738088313
1.45460250073
1.45357417436
1.44996307476
1.44892839475
1.44892182749
1.44923903844
1.44897729374
1.4507568762
1.45170171175
1.45456000683
1.4572545063
1.45858964813
1.45928026287
1.4636704847
1.46832168652
1.47517223185
1.47799399108
1.47733278187
1.47506802452
1.46864213074
1.46586472196
1.46338489318
1.4612145721
1.45990920735
1.45728969298
1.45451547674
1.45067045047
1.44738036751
1.44734948133
1.44981091773
1.45206015794
1.45603824594
1.45902900759
1.46271618876
1.46641239171
1.46808792349
1.47158526006
1.47406973503
1.47409499876
1.47443996417
1.47268585124
1.46800717321
1.46694456434
1.46285411403
1.46068420352
1.4575606311
1.45504455604
1.45245567674
1.44958103583
1.44812104424
1.44746670226
1.4470423877
1.44655085603
1.44647339058
1.44677642071
1.44642550694
1.44681872532
1.44707327231
1.44799057665
1.44990332823
1.45142081419
1.45290111074
1.4518018705
1.4505569344
1.45130806252
1.45276402453
1.45314530337
1.45513097219
1.45626725215
1.45632152591
1.45616969119
1.45534710864
1.45498527088
1.45455274418
1.45565465088
1.45618566946
1.4574039059
1.45919091813
1.45710743205
1.45452690762
1.45390837529
1.45192705239
1.45209002738
1.4522397383
1.45293110803
1.45280629556
1.45132670261
1.44899471231
1.44571110332
1.44425103895
1.44238055593
1.44238796407
1.44153126905
1.44218386797
1.44306135407
1.44205280536
1.4406223038
1.43894075862
1.43807955489
1.43481342815
1.43512362765
1.43382927309
1.4347728195
1.43540435023
1.43491134845
1.43540416427
1.43398635318
1.43331783758
1.43297957485
1.43312374706
1.43350334831
1.43431086744
1.43429927103
1.43456985756
1.43425592385
1.43362347656
1.43298984143
1.43309002215
1.43369594614
1.43353967971
1.43334217413
1.4328761012
1.43175583893
1.43148268311
1.4325479134
1.43344289308
1.4354614296
1.43762047943
1.43852477822
1.43949423517
1.43913624254
1.43747875206
1.43777749264
1.43803152442
1.4374303792
1.43784717491
1.43685785707
1.43578827967
1.43492281658
1.4324923464
1.43005587034
1.42791469942
1.42686338997
1.4268021938
1.42523040599
1.42403699288
1.42330698771
1.42365541382
1.42341036847
1.42365010482
1.42386049934
1.4226520943
1.42336490088
1.42170924093
1.42114793107
1.4206849122
1.42167365204
1.42206390193
1.4228761815
1.42497110876
1.42552629184
1.42718857718
1.42727262609
1.42798541205
1.42668833619
1.42675082307
1.42690115135
1.42691083609
1.42870885213
1.43082494947
1.43325653923
1.43514530969
1.43400866053
1.43209203876
1.43133707998
1.43029318715
1.43126271955
1.43332553775
1.43505530357
1.43685602738
1.43743416281
1.43593813737
1.43312773095
1.43136310846
1.42957625729
1.42878278178
1.42872667517
1.43054832522
1.4325495325
1.43456048032
1.43607741012
1.43610029904
1.43552798517
1.43431459721
1.43115226827
1.42992591488
1.42787557121
1.42761041861
1.42709468112
1.42726251612
1.42610141459
1.42430490564
1.42260545873
1.42182256804
1.42105967323
1.4203608749
1.42157319838
1.4215906493
1.42384539294
1.4250857024
1.42625360439
1.42750103611
1.42791063373
1.42777966951
1.42697656755
1.42607832954
1.42472616832
1.42470947527
1.42444720372
1.42342824459
1.42099272795
1.41969880459
1.41772191621
1.41710280298
1.41730862464
1.41629697651
1.41556004982
1.41558367201
1.41584916889
1.41650759587
1.41810448229
1.41880041629
1.41913695966
1.41783526276
1.41514688031
1.41414471534
1.41182163379
1.41188901463
1.41269116128
1.4146020612
1.41445444318
1.41440604114
1.41464298987
1.41273483468
1.41179882735
1.41125001686
1.41254047772
1.41268631095
1.4138110191
1.41424197758
1.41386199396
1.41329671501
1.40971741813
1.41004478807
1.40965894504
1.41122736067
1.40766521774
1.40566459965
1.4040874511
1.40469692694
1.4056750193
1.40775653445
1.4078466334
1.4075899631
1.40489390797
1.40364103272
1.40285036694
1.40377224966
1.40435901002
1.40525120171
1.40462769326
1.40431934069
1.40316669796
1.40024534224
1.39920643692
1.39870373939
1.39710272774
1.39720170734
1.3962777278
1.39626453654
1.39615983151
1.39410113631
1.39243892973
1.3937110169
1.39252001066
1.39431991257
1.39527825226
1.39677230908
1.39808645858
1.39804416918
1.39774967004
1.39778749701
1.39822769453
1.40014502203
1.40167554578
1.40232602319
1.40146552833
1.39998438596
1.39760367326
1.39589019618
1.3942097227
1.39211728911
1.39191708006
1.39123803695
1.39046663392
1.38842743005
1.38653644376
1.38533959989
1.38329074364
1.38179386802
1.38082936653
1.37844981306
1.37827747354
1.37846407553
1.37936310137
1.38094828703
1.38142851734
1.38208731076
1.38247669826
1.38335829471
1.38390321835
1.38698075221
1.38736311865
1.38885778086
1.3887128002
1.3886545152
1.38791412731
1.38719916319
1.38590307345
1.38625635481
1.38536038474
1.38469048977
1.38447949275
1.38370000474
1.38209787932
1.38198326332
1.38212627536
1.38189270838
1.38186706029
1.38169958143
1.38093626165
1.38145387543
1.38360558228
1.38518709963
1.38925809917
1.39188434843
1.39468264626
1.39536497166
1.39723533301
1.39752680545
1.39846925253
1.39853923895
1.39998748465
1.39908541751
1.39920957073
1.39793713487
1.39516375976
1.39364863744
1.38563066336
1.38314700374
1.38160610576
1.38024333717
1.38166652949
1.38363905965
1.38636448925
1.38848650296
1.39206309399
1.39502973433
1.39770908401
1.40010920174
1.40128723445
1.40310604919
1.40375073099
1.40339906456
1.40290081003
1.40141357526
1.39897566681
1.39560478171
1.3916630727
1.38935402259
1.38657093814
1.38305074819
1.38266804958
1.38252736031
1.38163989048
1.38072537617
1.37996723393
1.38041273233
1.38115778961
1.38380489032
1.38590505256
1.38682529582
1.3873821414
1.38680734804
1.3858833369
1.38454980475
1.38262190866
1.3828994115
1.38241034542
1.38319120499
1.38338684074
1.38415910222
1.38322386399
1.3815318665
1.37948153837
1.37798559466
1.37713113445
1.3769263614
1.37816548252
1.37824798423
1.3811591083
1.38237803645
1.38107286564
1.38019826166
1.37877057017
1.37587414408
1.375591092
1.37609980705
1.3744820908
1.37503365724
1.37652432742
1.37603239831
1.3754459016
1.37340076533
1.37199446262
1.37150871742
1.37106539592
1.37115562019
1.37335401938
1.3742055305
1.37507870381
1.37483581398
1.37518815563
1.37462933441
1.37468792587
1.37582046673
1.37988449612
1.38061781322
1.38253101643
1.38434315591
1.38192153173
1.38129262944
1.38026741868
1.3794117439
1.38100609652
1.3821641328
1.38256096568
1.38193571093
1.38001158554
1.37576610515
1.37171216623
1.36860952502
1.36718988021
1.36785898769
1.37067326077
1.37217598115
1.37467707698
1.37541438504
1.37327557135
1.37279942414
1.37139704668
1.37082623361
1.37169624187
1.37292271747
1.37178375221
1.37121139565
1.36873270839
1.36783190473
1.36420843272
1.3654589764
1.36589549249
1.36616382902
1.36710043802
1.36752333985
1.36819949392
1.3677090483
1.36779113613
1.36795564343
1.36792158892
1.36719332199
1.36700665816
1.36694663752
1.36785510086
1.36828070985
1.36828883374
1.36810549318
1.36770979675
1.36596178065
1.36492017809
1.36285400022
1.3611678194
1.35977264316
1.35916880246
1.35946848148
1.36160914981
1.36116966312
1.36198849384
1.36284216872
1.3647945973
1.36752391327
1.36854916489
1.36930401422
1.36999667234
1.36861753693
1.36758869392
1.36841829558
1.36798085403
1.36879849162
1.36917401637
1.37021686374
1.37160453227
1.37113717788
1.37131907661
1.37107233082
1.37004652815
1.37049559586
1.37064291555
1.37204648577
1.37217766915
1.37216175432
1.3720878828
1.3714337471
1.37310873882
1.37307095817
1.37323947479
1.3750496877
1.37529668159
1.37393160598
1.37338157854
1.3714420662
1.37192578801
1.37124373087
1.37113560977
1.37132768731
1.3708699462
1.36839060093
1.36736260853
1.36549637575
1.36370105674
1.36344272828
1.36340405154
1.3649257043
1.36457125002
1.36517230164
1.36610153258
1.3667624679
1.36686760589
1.3673073594
1.36725376393
1.36766993225
1.36808091681
1.36771433927
1.36721544163
1.36449473962
1.36449085382
1.36311341831
1.36281904177
1.36283576557
1.36288412179
1.36302513952
1.36152179876
1.36097482462
1.36079060502
1.36077413747
1.36060900467
1.36076595729
1.35956358286
1.36001691221
1.36100149605
1.36159374493
1.36221470481
1.36200947856
1.3611264033
1.36155064416
1.36114865599
1.36088511499
1.36134109433
1.3616880862
1.3614671241
1.36107966316
1.36088900835
1.35944716492
1.3591066643
1.35723435895
1.35549981757
1.35472254044
1.35422706862
1.35438935842
1.35271085452
1.35113501152
1.34853531144
1.34708549867
1.34596215709
1.34701473596
1.34721216557
1.34861027516
1.34926311075
1.34991698486
1.34961422859
1.34924078049
1.34824161922
1.34774342383
1.34865109271
1.34963548875
1.3497206388
1.34899785475
1.34746379414
1.34550827897
1.34550283293
1.34612188343
1.34614448581
1.34822457249
1.35099261213
1.35208396057
1.35301928015
1.35232261953
1.3517680213
1.35177318674
1.35116078945
1.35199953629
1.35328160127
1.35269464252
1.35307042349
1.35157204447
1.35240455732
1.35215198086
1.35073456952
1.35092028458
1.35054200866
1.35068411013
1.35163386678
1.35306770528
1.35348174624
1.3533159286
1.35365755941
1.35290743534
1.35197020744
1.35144804744
1.3512535001
1.35121766771
1.35058966477
1.35003595285
1.34845171897
1.34662048623
1.34554107865
1.34413013527
1.34718315891
1.34732134819
1.3473676167
1.34670670689
1.34663482441
1.34686908995
1.34817566627
1.34910641645
1.34939920211
1.3485637776
1.34817134737
1.34698457398
1.34553101279
1.3441319773
1.34356338969
1.34356425649
1.34278263207
1.34240905014
1.34050848949
1.33971782877
1.338834144
1.33944223216
1.34170829919
1.34296468586
1.34368431759
1.34513208834
1.34316307933
1.3437844879
1.34465404894
1.34620934065
1.34692323464
1.34669824041
1.34520731212
1.34376714667
1.34017035714
1.33947212578
1.340938379
1.34216543834
1.34319407008
1.3414943747
1.34023809135
1.33576381876
1.33448907564
1.33447251017
1.33421154252
1.33322923277
1.33364819568
1.33074937228
1.33015703102
1.32769669856
1.32895241993
1.33060023093
1.33240936073
1.33462289116
1.33497706351
1.33742762421
1.33981083592
1.3408455688
1.34193511558
1.34165362855
1.34147520822
1.34030459656
1.33850769937
1.33768129427
1.33576599917
1.33476666191
1.33304701201
1.32957219935
1.32753927795
1.32381881612
1.32187001412
1.32185459174
1.32153388844
1.32179789163
1.32257805632
1.32202998152
1.32083817428
1.31931756475
1.31829660662
1.31815980256
1.31934215526
1.32106560529
1.3227432845
1.32524498032
1.32674789924
1.32721222512
1.32762669092
1.32810846413
1.3274195971
1.32828463228
1.32847188768
1.32857824959
1.32817319846
1.32456152127
1.32181088165
1.31703335515
1.31327323473
1.30967079436
1.30841994269
1.30708172165
1.30701459565
1.3078669293
1.30852927127
1.30940342514
1.3103463257
1.31283238501
1.31562003753
1.31990167722
1.32247482783
1.32562726093
1.32864009665
1.32387480612
1.32137207151
1.31761842699
1.31298795625
1.31087399832
1.30762068362
1.30821300224
1.30790593534
1.30996266182
1.31199152557
1.31270515221
1.3126635622
1.31169618506
1.31104036543
1.31091854668
1.31344376593
1.31503166588
1.31709675598
1.31903376322
1.32012750732
1.31908458821
1.3169759723
1.31431412073
1.31252581499
1.3119456874
1.31255455787
1.31273460603
1.31096840415
1.31008173099
1.30863834453
1.30879398126
1.30933952491
1.31061267924
1.31126520496
1.31265776564
1.31257615839
1.31072611608
1.3094630874
1.30907272746
1.30901229253
1.30920535264
1.3115067377
1.31263411353
1.31281400233
1.31367027368
1.3127314263
1.31457606046
1.3161121838
1.3196220125
1.32177557511
1.32201693917
1.32142688936
1.32090774986
1.31912746964
1.31797886777
1.31834706365
1.3192654425
1.31953034798
1.31944965118
1.3183478907
1.31737321135
1.31535141742
1.31492445387
1.31494114113
1.31595945695
1.31811698467
1.32007709391
1.31985936313
1.3214687411
1.32060455083
1.32158535285
1.32186839771
1.32078963964
1.32110203977
1.32013720011
1.31852127934
1.31733960647
1.31660390298
1.31608572242
1.31595562807
1.31569123193
1.31569050385
1.31400882507
1.31213644793
1.30928167688
1.30856090033
1.30583488842
1.30472099981
1.30411507788
1.30480423239
1.30587764177
1.30673901376
1.30672535121
1.30602044472
1.30555438408
1.30897025776
1.30669361423
1.30524470077
1.30223573858
1.2978535215
1.29452330205
1.29164424761
1.2898315411
1.29096745052
1.29309146513
1.29552609375
1.29784533565
1.29918168514
1.29884685652
1.29806076002
1.29685553533
1.29431611295
1.29331306798
1.29418727537
1.29559172225
1.29686301786
1.2991159384
1.29915611465
1.29914538387
1.29869114603
1.29865873822
1.30123089457
1.30347025244
1.30668742976
1.30819004357
1.30841406358
1.30736026398
1.3007803759
1.30097638148
1.30047987585
1.30139268503
1.30046086278
1.29758748631
1.29614873483
1.29412651361
1.29315480334
1.29238525174
1.29369105187
1.29564237113
1.29959421845
1.300567403
1.30210832554
1.30308405259
1.30231298793
1.30151974307
1.30122111476
1.30050054878
1.3004062523
1.29975131059
1.29950301779
1.2976330498
1.29690579857
1.29547569315
1.29246351242
1.29005923435
1.2892862531
1.28814877734
1.28665456
1.28790328458
1.28793742484
1.2843809165
1.28971014226
1.2969032296
1.30128961548
1.30657111722
1.30805026256
1.30913772575
1.30866058615
1.30867713795
1.30750315891
1.30678499534
1.30369807912
1.29829742206
1.29454606828
1.29289551653
1.2820830023
1.28112538536
1.28249126946
1.28323209996
1.28641610859
1.2889555363
1.29283675253
1.29677829939
1.28272029649
1.28103275049
1.27998245023
1.28010416257
1.28183896429
1.28247786711
1.28608179607
1.28777803278
1.28890665534
1.29003430102
1.29123164866
1.29142119463
1.29241203815
1.29325734615
1.29438118382
1.29457732848
1.2948077385
1.29466951851
1.29312464896
1.29344141414
1.2922764276
1.2911107677
1.28982250555
1.28796153222
1.28879652432
1.28642210581
1.28640434875
1.28567178435
1.28465432375
1.28335093639
1.28416248141
1.2844213075
1.28504193561
1.28695449676
1.28779607331
1.28438776657
1.28440140393
1.28465092084
1.28805015893
1.28884901921
1.28959946704
1.28850218138
1.28903493359
1.28877139829
1.2907048627
1.29262423089
1.29356656241
1.29544323072
1.2967756946
1.29625065689
1.29380078694
1.29268475047
1.29207433266
1.29243108812
1.29158444284
1.292365375
1.29143178065
1.29182827388
1.29086205433
1.2888640454
1.28694740961
1.28646667036
1.28713214362
1.28661865056
1.2873099536
1.28732133682
1.2876286205
1.28763114519
1.28883252079
1.288161932
1.28876486294
1.28954125531
1.28985854221
1.28886145215
1.28837256688
1.28757622428
1.28604597839
1.28478902329
1.28418011219
1.28188911643
1.2823838482
1.28224314206
