-1.32059549375
-1.32041471783
-1.31990589283
-1.3194716349
-1.32039878149
-1.31994669441
-1.32085707401
-1.32227587349
-1.32324404716
-1.32344910544
-1.32563535073
-1.32589202935
-1.32466026092
-1.32563165097
-1.32504864001
-1.32305176183
-1.32302823893
-1.32111071152
-1.32140940924
-1.32110868477
-1.32195616339
-1.32174310659
-1.32361920658
-1.32366985226
-1.32427021011
-1.32443348184
-1.32435308835
-1.32520220529
-1.3240622707
-1.32289314859
-1.3222625826
-1.32145313769
-1.32102208195
-1.32025807604
-1.32042737433
-1.32169993955
-1.32248950949
-1.32359753191
-1.32446312303
-1.32411641228
-1.32469104726
-1.32367785966
-1.32418565384
-1.32453778255
-1.32502464966
-1.32476719423
-1.32481207057
-1.32510131102
-1.32478044249
-1.32321528024
-1.32375794073
-1.32394993585
-1.32305893783
-1.3241759869
-1.32500492096
-1.32583840297
-1.32590780183
-1.3265504264
-1.32564661648
-1.32508513962
-1.32447986776
-1.32437162969
-1.32169233836
-1.32048515243
-1.32088229506
-1.32086559784
-1.32165111956
-1.32424706071
-1.32511584386
-1.32608055013
-1.32652108772
-1.32787651933
-1.3261530202
-1.326623859
-1.32548436691
-1.32485873875
-1.32302835299
-1.322135059
-1.32199676395
-1.3218926508
-1.32123468255
-1.32198322312
-1.32213789267
-1.32347541601
-1.32436654292
-1.32416078794
-1.32541751339
-1.32471540477
-1.32434300537
-1.32356895552
-1.32429015401
-1.32362378609
-1.32405801619
-1.32337248842
-1.32392016978
-1.3234261175
-1.32407517799
-1.32407618829
-1.32318285483
-1.32275380145
-1.32180816666
-1.32222288552
-1.32134534439
-1.32208002897
-1.3227837035
-1.32304934344
-1.32421074
-1.32418934349
-1.32420311138
-1.32540250441
-1.32592670891
-1.32657695293
-1.32579354719
-1.3247591363
-1.32532108558
-1.3237850725
-1.32313448504
-1.32133960512
-1.31961813658
-1.31827818311
-1.31807298152
-1.31886767452
-1.32075945297
-1.32129502301
-1.32293203894
-1.32328768869
-1.32442585441
-1.32513705258
-1.32541159381
-1.32446868516
-1.32496133256
-1.32343134342
-1.32210827856
-1.32188094203
-1.3232057162
-1.32395097692
-1.32520860515
-1.32707881093
-1.32730269996
-1.32730100251
-1.32708249335
-1.32584448955
-1.3251798596
-1.32496962606
-1.32442950501
-1.32346242564
-1.32284447186
-1.32159231722
-1.32260576733
-1.32248918453
-1.3231725334
-1.32316402324
-1.32404088861
-1.3243195703
-1.32381618236
-1.32535382757
-1.32517057862
-1.32553824881
-1.3250250682
-1.32506751198
-1.32480611057
-1.32501361324
-1.32383066136
-1.32362962117
-1.32341129894
-1.32422412324
-1.32046187719
-1.320282207
-1.31884355919
-1.3197224878
-1.32210818374
-1.32225176937
-1.322831851
-1.32235728759
-1.32240469335
-1.32190920154
-1.32220633283
-1.32232251643
-1.32311901455
-1.3228341292
-1.32220382062
-1.32308794972
-1.32325134737
-1.32235446025
-1.3225030679
-1.32297510208
-1.3229755624
-1.32274736525
-1.32252700276
-1.32174982048
-1.32208949693
-1.32189971662
-1.32226194886
-1.32107570871
-1.32127108181
-1.32082200139
-1.32194185491
-1.3213700536
-1.3219505894
-1.32214889174
-1.32204965724
-1.3237902208
-1.32381227453
-1.3245959555
-1.32562488406
-1.32595780933
-1.32556798316
-1.32516103599
-1.3256676768
-1.32601162487
-1.32567391495
-1.32535323581
-1.32450471154
-1.32506830055
-1.32526690846
-1.32508146907
-1.32482762643
-1.32514510744
-1.32605232284
-1.32667077253
-1.32613300981
-1.32691751513
-1.32883973767
-1.32869175191
-1.32883225875
-1.32851453494
-1.32767459159
-1.32727238415
-1.32659794031
-1.32622900028
-1.32641604555
-1.32616463151
-1.32691323481
-1.32634190317
-1.32585150953
-1.32413130736
-1.32454643149
-1.32338161134
-1.32383673541
-1.32535492801
-1.32486042699
-1.32524548841
-1.32496336488
-1.32474984205
-1.3246796288
-1.32470880083
-1.32338747634
-1.32351156033
-1.32448804976
-1.32308718865
-1.32418409153
-1.32357584037
-1.32398505984
-1.32340608408
-1.32297315133
-1.32284377015
-1.32356527307
-1.32390997677
-1.3237499874
-1.32387116011
-1.32315885196
-1.32486463296
-1.32514940142
-1.32468029018
-1.32389185076
-1.3239054692
-1.32287603283
-1.32166946877
-1.32276502296
-1.3228777186
-1.32308180222
-1.32300361116
-1.32248240717
-1.32296351682
-1.32379178151
-1.32346247172
-1.32375782139
-1.3234276775
-1.32295169163
-1.3219812945
-1.32198501637
-1.32193177048
-1.32076596768
-1.31973341584
-1.32124878418
-1.32194628124
-1.32191400032
-1.32260760507
-1.32235883804
-1.32193952373
-1.32330235916
-1.3230156125
-1.32424791357
-1.32499956445
-1.3260530141
-1.32633846361
-1.32541734901
-1.32512901224
-1.32494544357
-1.32542404219
-1.32538620799
-1.32605909755
-1.32540433174
-1.32524147196
-1.32540791834
-1.32610520961
-1.32701715289
-1.32549978569
-1.32623904066
-1.32660310586
-1.32596234923
-1.32742016875
-1.32777520958
-1.32867631128
-1.32886910255
-1.32938592611
-1.32947261268
-1.32829664518
-1.32921883025
-1.32814031993
-1.32838310488
-1.3285728106
-1.32763784416
-1.32698790869
-1.32690802297
-1.32608170742
-1.32594781634
-1.32502052659
-1.32506359777
-1.32495714686
-1.32525058917
-1.32463365986
-1.32511789022
-1.32488068336
-1.32412175835
-1.32520892575
-1.32565041773
-1.32560970808
-1.32623036975
-1.32681542457
-1.32692998809
-1.32662844504
-1.32699033106
-1.32623391132
-1.32562211448
-1.32610022358
-1.32611146248
-1.32590471842
-1.32428418772
-1.32425945232
-1.3249517152
-1.32517762951
-1.32548182033
-1.32428115181
-1.32504956949
-1.32469645445
-1.32421405932
-1.32404436074
-1.3247748306
-1.32587955332
-1.32571902176
-1.32527551949
-1.32587987605
-1.32622673852
-1.32564729862
-1.32636558583
-1.32704011895
-1.32649968326
-1.32612787648
-1.32650751498
-1.32626494518
-1.32656967242
-1.32666084308
-1.32695315488
-1.3268193003
-1.32694887824
-1.32779012537
-1.32808360988
-1.32793396183
-1.32697533345
-1.32593625617
-1.32529311858
-1.32507171799
-1.32418891001
-1.32492543393
-1.32520469784
-1.32571995265
-1.3267823717
-1.32766508284
-1.32858792494
-1.32906152556
-1.32828031975
-1.32877719388
-1.32929858296
-1.32906138796
-1.32845993993
-1.32740808768
-1.3264383807
-1.32414218298
-1.32205242487
-1.32037570393
-1.31919617105
-1.32005879634
-1.32155006222
-1.32814345079
-1.32930738684
-1.33059842563
-1.33089541044
-1.33092020203
-1.32934746298
-1.32780862956
-1.32546833234
-1.32311709537
-1.32131275019
-1.32023587814
-1.31925859615
-1.32012318269
-1.3224397783
-1.32414328602
-1.32781258346
-1.32782580161
-1.32818553904
-1.32866941003
-1.32811155641
-1.32664200099
-1.32552775141
-1.32396083996
-1.3223781706
-1.32053304346
-1.31916107343
-1.31996348404
-1.32044639352
-1.32210868528
-1.32386324767
-1.32506711561
-1.32743423116
-1.32842871833
-1.32992836747
-1.32997813958
-1.32946289048
-1.32855914631
-1.32797443771
-1.32537010319
-1.32424268278
-1.32277872606
-1.32195211151
-1.32177547973
-1.32175181778
-1.32363774887
-1.32471497669
-1.32514342006
-1.32733288829
-1.32804581303
-1.33136971527
-1.33033965064
-1.33073633387
-1.32955506393
-1.32899031019
-1.32932559836
-1.32869307137
-1.32746730554
-1.32750231774
-1.32719548392
-1.32779548486
-1.32791212099
-1.3285558086
-1.32986013512
-1.32897428356
-1.32804337058
-1.32892333345
-1.32939022628
-1.32937898123
-1.32876291661
-1.32810381875
-1.32791393962
-1.32781465677
-1.32908585594
-1.33031759445
-1.33055288209
-1.32870637261
-1.32881230918
-1.32876422586
-1.32816958355
-1.3275938064
-1.32769661006
-1.32695606049
-1.32795521111
-1.32831922498
-1.32811320244
-1.3288250082
-1.32818986913
-1.32920061807
-1.32902984902
-1.32915870414
-1.32885061716
-1.32857467121
-1.32723411255
-1.32850373957
-1.32936888776
-1.32826665206
-1.32983080333
-1.32953782135
-1.33261318448
-1.33203771262
-1.33235558205
-1.3314353637
-1.33119335007
-1.33060461899
-1.33048334384
-1.33046373152
-1.3295750859
-1.32947309512
-1.329795102
-1.33097416014
-1.33013835078
-1.330600344
-1.33061350595
-1.33080997306
-1.33053139251
-1.3300813345
-1.33054110398
-1.3311181367
-1.33053279683
-1.33130258559
-1.33128918235
-1.33143796955
-1.33141728694
-1.33228963926
-1.33214692601
-1.33257811934
-1.33237499194
-1.33300707048
-1.3324228697
-1.33241285843
-1.33161761583
-1.33256603155
-1.3323273776
-1.33217233702
-1.33201204845
-1.33199379878
-1.33305372278
-1.33340578574
-1.33410789705
-1.33441513117
-1.33565452656
-1.33537816353
-1.33717013222
-1.33826820123
-1.33976481388
-1.34126313461
-1.34114263737
-1.34174184322
-1.34201984372
-1.3412339927
-1.34119909185
-1.34014250405
-1.33991395709
-1.3397097959
-1.34002133024
-1.34097611806
-1.34065117869
-1.34241176696
-1.3414573913
-1.33976404647
-1.34034948447
-1.33705524606
-1.3364906847
-1.33659759729
-1.33535189427
-1.33608520389
-1.33708734321
-1.33734112564
-1.3393466607
-1.34081934095
-1.34299088031
-1.34482065078
-1.34556453427
-1.34512703373
-1.34482200588
-1.34164036985
-1.33951931503
-1.33644811104
-1.33399050077
-1.33364367067
-1.33200467001
-1.33256348232
-1.3342088705
-1.33618434915
-1.33848493104
-1.34045364221
-1.34169111752
-1.34361925412
-1.3457392569
-1.34768716563
-1.34654536585
-1.34567938631
-1.34335359045
-1.3415040374
-1.33876342277
-1.33626209572
-1.33549901044
-1.33400942963
-1.33423108059
-1.33544357785
-1.33527441332
-1.33930756729
-1.34161462164
-1.34504587898
-1.3474366512
-1.34906191955
-1.35058521125
-1.3520502773
-1.35104687216
-1.3499365859
-1.34824764656
-1.34558058515
-1.34258939851
-1.34082705152
-1.33818708689
-1.33915368141
-1.34192088592
-1.34504339905
-1.34743146649
-1.35040793662
-1.35098537606
-1.35396383342
-1.35434519002
-1.35349259032
-1.35233584715
-1.35087811918
-1.34807789112
-1.34565028551
-1.34417655322
-1.34443759612
-1.34391183104
-1.34649503488
-1.34786881659
-1.34929672949
-1.3499802488
-1.35160183455
-1.35292007866
-1.35328205411
-1.35348549529
-1.35282947618
-1.35252943933
-1.3527703651
-1.35103588973
-1.35215729158
-1.35202731631
-1.35158282983
-1.35073501028
-1.35122560731
-1.35234270473
-1.35195885553
-1.3528568064
-1.3534677274
-1.35440272395
-1.35435044227
-1.35431803647
-1.35494382193
-1.35437037038
-1.35443424603
-1.35478200087
-1.35605314001
-1.35629646265
-1.35780997464
-1.35852290467
-1.35936415179
-1.35954487795
-1.35932438953
-1.35896781895
-1.35794141963
-1.35698851865
-1.35523653256
-1.35219743966
-1.35191208814
-1.3505804268
-1.35137279391
-1.35203195982
-1.35278717477
-1.35480060318
-1.35559128451
-1.35773355211
-1.35916048888
-1.36052783208
-1.36221972032
-1.36197429492
-1.3634407788
-1.36308126825
-1.36157676002
-1.36014697858
-1.35841794102
-1.35614228831
-1.35425043546
-1.35365337571
-1.35324732559
-1.35396155849
-1.354527998
-1.35541993826
-1.35676517118
-1.3575805708
-1.360947148
-1.36194271348
-1.36366073287
-1.36449184309
-1.36394662686
-1.36317982925
-1.36323296998
-1.36261246807
-1.36274492392
-1.36160207438
-1.36053113472
-1.36104217539
-1.36152625246
-1.36308248259
-1.36358661029
-1.36492162261
-1.36690166281
-1.36780065178
-1.36842770584
-1.3688182226
-1.3695473998
-1.36844630588
-1.36765900777
-1.3667656538
-1.36605351335
-1.36517331173
-1.36512239702
-1.36551284648
-1.36653792879
-1.3671141925
-1.36898729363
-1.36936506925
-1.37107239948
-1.37272679081
-1.37389223279
-1.37505072762
-1.37527465314
-1.37538455959
-1.37482200355
-1.37434238277
-1.37351564868
-1.37256580843
-1.37181969901
-1.370645672
-1.36860039945
-1.36722702441
-1.36645013474
-1.36551455301
-1.36580742093
-1.36655266181
-1.36722668348
-1.36734786258
-1.36756913966
-1.36892828082
-1.36921311073
-1.36984780134
-1.37024471942
-1.37157561586
-1.37147693896
-1.37088411794
-1.36425551188
-1.36448274093
-1.36505536741
-1.36726257091
-1.36946248063
-1.37143968074
-1.3725608058
-1.37207329313
-1.37183528318
-1.3713850613
-1.37080384364
-1.37021373694
-1.36825569669
-1.36647827592
-1.36508439121
-1.36380675584
-1.36425664932
-1.36475446801
-1.3655349983
-1.36733956667
-1.37015611539
-1.37240436541
-1.37575127639
-1.37732113063
-1.38000307712
-1.38096911637
-1.38152165814
-1.37952236781
-1.37817282406
-1.37520222423
-1.37155619416
-1.37182001366
-1.37142914983
-1.37325607859
-1.37404106906
-1.37647884314
-1.37833752299
-1.38001282153
-1.38082863311
-1.38109768411
-1.38077591852
-1.37955182678
-1.37931605632
-1.37816064042
-1.37807675102
-1.3782671228
-1.37857099195
-1.37910927516
-1.37967091589
-1.38024717733
-1.38309970677
-1.38405627986
-1.38491159403
-1.38557662267
-1.38507264622
-1.38547949527
-1.38455509311
-1.38394473765
-1.38119280352
-1.37845508829
-1.37652850375
-1.37627570766
-1.37608690472
-1.37785253912
-1.37917739104
-1.38369597308
-1.38490259074
-1.3856035345
-1.3864942874
-1.3866270226
-1.38499754581
-1.38422361147
-1.38256500232
-1.38071242663
-1.38026434442
-1.37661916881
-1.37689187529
-1.37619638801
-1.37536805757
-1.37509457495
-1.37575378562
-1.37732442145
-1.37799314432
-1.38018109131
-1.3800389945
-1.37998057006
-1.38123626464
-1.38195333367
-1.38313171474
-1.38349889682
-1.38439698548
-1.38460392649
-1.38543525834
-1.38596492117
-1.38635740673
-1.3853251789
-1.38559922791
-1.38394650118
-1.38155969871
-1.37931409688
-1.37809626939
-1.37656037569
-1.37564792757
-1.37596241884
-1.37567861318
-1.37628814755
-1.37941844419
-1.38102981571
-1.38555469078
-1.38878827537
-1.39110371141
-1.3936767816
-1.39491772134
-1.39385748015
-1.39245551525
-1.39165152885
-1.3880341524
-1.38638347837
-1.38259900356
-1.38085757765
-1.37930560449
-1.37943384558
-1.37995714202
-1.38196892413
-1.38489804914
-1.38774190983
-1.39013187806
-1.39251154665
-1.39597506279
-1.3981382387
-1.40091614308
-1.40316516485
-1.40287066389
-1.4018674541
-1.40072529746
-1.39849507444
-1.39745346794
-1.39472786489
-1.3932660018
-1.39199882616
-1.39123163355
-1.3914305459
-1.39401234471
-1.39554828445
-1.39799194192
-1.40015666602
-1.40264765675
-1.39324590292
-1.3925433092
-1.39422362031
-1.39501716542
-1.39566587311
-1.39673716702
-1.39831234583
-1.39930214284
-1.39959621501
-1.40012871533
-1.39963080353
-1.3939068394
-1.39249444025
-1.39125022184
-1.38975270164
-1.39065771163
-1.39204647469
-1.393195296
-1.39405092756
-1.39699649281
-1.39956774327
-1.4009202481
-1.40227176088
-1.40226324817
-1.40303608669
-1.40194396024
-1.40090488297
-1.39930521062
-1.39836757438
-1.39770271902
-1.39698162906
-1.39635814171
-1.39720524357
-1.39814930665
-1.39931597413
-1.40228177358
-1.40393185177
-1.40537529997
-1.40739292353
-1.40922328576
-1.41002030767
-1.410529483
-1.40920286807
-1.40812153192
-1.40756285611
-1.40481212693
-1.40168314271
-1.40025862178
-1.39853522395
-1.39851519034
-1.39883944866
-1.39949004164
-1.40381487472
-1.40712725759
-1.41445572801
-1.41658641985
-1.41971271372
-1.41937944289
-1.42035882511
-1.41826702433
-1.41549961735
-1.41238145047
-1.41028561444
-1.40734284339
-1.40716333702
-1.40674410028
-1.40713378224
-1.40894707053
-1.41153945414
-1.41426419619
-1.41860596547
-1.42476548246
-1.42422849659
-1.42262412519
-1.41924455143
-1.41812808118
-1.41374385711
-1.41166201353
-1.41040755356
-1.40871339006
-1.41058648869
-1.41640279741
-1.42019720162
-1.42346527368
-1.42579470218
-1.42715420397
-1.42669153144
-1.4252172651
-1.42441245098
-1.42166413608
-1.41977463923
-1.41652855923
-1.41517006477
-1.41484853787
-1.41301548825
-1.41401178952
-1.41396040263
-1.41255679095
-1.41314983989
-1.41103729774
-1.41084018755
-1.41137664735
-1.41091304847
-1.41211275775
-1.41349470185
-1.41358684689
-1.41593898483
-1.41715695229
-1.41749242805
-1.41923140925
-1.41985365239
-1.41903937963
-1.41898282907
-1.41901763511
-1.41910120324
-1.41823686197
-1.41815043805
-1.41819345534
-1.41854733396
-1.41929857061
-1.420882153
-1.42185470606
-1.42339293888
-1.42461941427
-1.42377257491
-1.42583779529
-1.42623662143
-1.42621341451
-1.42619785861
-1.42444142536
-1.42494442714
-1.42514366448
-1.42552658756
-1.42740507512
-1.42852030182
-1.43042239126
-1.43277251929
-1.43567152635
-1.43750678525
-1.43861960466
-1.44036735749
-1.44021586486
-1.43879234639
-1.43965035663
-1.43883063476
-1.43668954104
-1.43628360374
-1.43394639259
-1.43300465522
-1.431452084
-1.43250305599
-1.43267193343
-1.44028774936
-1.44251391047
-1.44288035134
-1.4418572279
-1.44095472039
-1.43904085964
-1.43826178646
-1.43542784585
-1.4325811143
-1.4310532349
-1.43149300589
-1.43209187965
-1.43499706569
-1.43669993835
-1.43974259834
-1.44348567734
-1.44605087861
-1.44734097271
-1.44824834952
-1.44714815564
-1.44640544768
-1.44325124146
-1.44056675881
-1.43798788952
-1.43462342599
-1.43262202837
-1.43086639551
-1.43056889933
-1.43228888383
-1.43528588962
-1.43836899046
-1.44210247455
-1.44457140237
-1.44702202027
-1.44901886126
-1.44910268651
-1.44942186743
-1.44953863339
-1.44688104499
-1.44574345847
-1.4434749345
-1.44306833217
-1.44247668485
-1.445088524
-1.44637395162
-1.44916056903
-1.45196970462
-1.45510931613
-1.45693768176
-1.45783163795
-1.45896643122
-1.45710429357
-1.45410471337
-1.45114457326
-1.44809833853
-1.44574420768
-1.4424418395
-1.4410353759
-1.44126426704
-1.44255338231
-1.44517880059
-1.44842004409
-1.45086842396
-1.4518483064
-1.45304888683
-1.45222522514
-1.45349407488
-1.45385823206
-1.45278000877
-1.45040899177
-1.44804804338
-1.44640863586
-1.44434968715
-1.4401806336
-1.44080888259
-1.4408046258
-1.44107149124
-1.44752878641
-1.44866152528
-1.45226818725
-1.45443880379
-1.45624174661
-1.45778641657
-1.45912130402
-1.46096722216
-1.46131736589
-1.46424363648
-1.46551849778
-1.46604905289
-1.46504926625
-1.46355426734
-1.46217086065
-1.46015597863
-1.4584171096
-1.45797511987
-1.45721526198
-1.45788341133
-1.45957703941
-1.4628986523
-1.46560690065
-1.46836701697
-1.47107826796
-1.47254842537
-1.47537204402
-1.47533757522
-1.47897304437
-1.47832151889
-1.47770561171
-1.47529332619
-1.4720036255
-1.46919343363
-1.46636532333
-1.46270200663
-1.46077083308
-1.45838126983
-1.45638749335
-1.45501851433
-1.45527334559
-1.45495531648
-1.45720239918
-1.45867153371
-1.46188682563
-1.46589701278
-1.469490104
-1.4732426572
-1.47350064664
-1.47437937125
-1.47378489026
-1.4718757166
-1.46972624927
-1.46896455313
-1.46686005237
-1.46343158654
-1.46134838421
-1.46034366716
-1.45450964349
-1.45549982477
-1.45511071081
-1.4594069035
-1.46229853151
-1.46819030893
-1.47223909226
-1.47708056768
-1.48075108983
-1.48489958446
-1.49004977356
-1.49301036047
-1.49811730266
-1.49934593705
-1.5013046957
-1.49947298474
-1.49460279444
-1.48734277124
-1.48504793088
-1.48228540828
-1.48161505876
-1.48330089162
-1.48718828329
-1.49230592347
-1.50044761867
-1.50612278038
-1.51246116529
-1.51594599782
-1.51958810021
-1.51874947321
-1.51219852868
-1.50866224124
-1.50401319587
-1.49896775461
-1.49272818188
-1.48919225507
-1.48850203459
-1.48773805222
-1.48952107165
-1.49374105404
-1.49913296089
-1.50261404371
-1.50870765756
-1.51252371773
-1.51272699986
-1.51200297103
-1.50933046694
-1.50346147643
-1.50046621238
-1.49538444006
-1.49276585913
-1.48978345808
-1.48829526499
-1.48831950995
-1.49293160158
-1.49467413597
-1.49774647561
-1.49920330081
-1.50042578297
-1.50149584911
-1.50005128564
-1.49735817636
-1.49511022648
-1.49271790882
-1.48959842611
-1.48744724285
-1.48635418371
-1.48687989532
-1.48975173266
-1.49360539198
-1.49932284395
-1.50441454058
-1.50927410662
-1.51215491855
-1.51263670367
-1.51143428097
-1.51001326942
-1.50680541025
-1.50501878546
-1.5041840633
-1.50439517323
-1.50470332156
-1.5070474557
-1.50961105022
-1.51381298265
-1.51679199387
-1.5187265359
-1.52109516401
-1.52236645245
-1.52130620578
-1.51964562626
-1.5177984943
-1.51424494693
-1.51348935239
-1.51133738381
-1.51034138953
-1.51054436468
-1.51042172135
-1.51273503484
-1.51487233204
-1.51762909822
-1.52097170477
-1.52209368657
-1.52546244639
-1.5268667749
-1.52828044749
-1.52749527212
-1.51336863868
-1.5102887243
-1.50808688596
-1.50949491102
-1.50966965364
-1.51375433374
-1.51581701326
-1.5203192389
-1.52314158762
-1.52396433467
-1.52466127543
-1.52353685492
-1.52058992837
-1.51751173896
-1.51405572675
-1.51013309467
-1.50850476171
-1.50677224082
-1.50867176955
-1.51248873622
-1.51592407716
-1.52276200845
-1.52685947243
-1.53019765304
-1.5317258252
-1.53197824065
-1.52955145145
-1.52594248809
-1.52022980342
-1.51605099482
-1.51280676452
-1.51374908368
-1.51830020929
-1.52293986294
-1.53033281126
-1.53596175717
-1.53920719685
-1.54199704052
-1.54372753429
-1.5429660549
-1.5418794883
-1.53882511312
-1.53647379486
-1.53412304741
-1.53077498854
-1.52948182838
-1.52700330006
-1.52735665489
-1.52952065199
-1.5332529905
-1.53644740266
-1.54314258526
-1.54583014779
-1.54989878383
-1.55088786089
-1.54924256327
-1.54546551511
-1.54212472649
-1.53850263038
-1.5355929866
-1.53024369071
-1.52874010946
-1.52869995238
-1.53013935975
-1.5323521862
-1.53725198573
-1.54017584119
-1.54390156017
-1.54465230314
-1.54321032552
-1.5397453285
-1.53523214977
-1.53009638537
-1.5283622886
-1.5256529972
-1.52776905236
-1.53024387028
-1.53456199198
-1.54000502438
-1.54697829907
-1.55045652629
-1.55525502006
-1.55776578699
-1.5585997547
-1.5566561201
-1.55427334753
-1.55036042206
-1.54611962693
-1.54223606462
-1.53844409665
-1.53626722233
-1.53631145699
-1.53875718073
-1.54444747711
-1.54875959438
-1.55217164621
-1.5542009456
-1.55518935324
-1.55240135609
-1.55014839081
-1.54652531158
-1.54381654903
-1.54262634779
-1.5410221009
-1.54086043893
-1.54167454097
-1.54236145952
-1.54477238185
-1.54686891391
-1.54687914909
-1.54978641571
-1.55074205171
-1.55037849921
-1.54922473736
-1.54695919175
-1.54440902877
-1.54404043038
-1.54417654054
-1.54515781689
-1.5486245685
-1.5515432837
-1.55712583902
-1.56258023643
-1.5646121539
-1.56754734005
-1.56903988578
-1.56902713211
-1.56835846454
-1.56764689897
-1.56697330136
-1.56483903525
-1.56397521244
-1.56175108213
-1.55967456656
-1.556421227
-1.55555659069
-1.55676736077
-1.5585017088
-1.56247372868
-1.5674132191
-1.57359402323
-1.57858767645
-1.57983149585
-1.57990987442
-1.57865447783
-1.57465108052
-1.56919695059
-1.56251562234
-1.55695042866
-1.55321298286
-1.55344206775
-1.55542282157
-1.5600378016
-1.56563787051
-1.57074835128
-1.57464911964
-1.57487573485
-1.57245130397
-1.56977367444
-1.56377467857
-1.56023145495
-1.55514061676
-1.55202651524
-1.55223227297
-1.55139598489
-1.55277611972
-1.55540003093
-1.5579593187
-1.560960886
-1.56285467405
-1.5649111474
-1.56572117609
-1.56591822314
-1.56611230286
-1.56464714985
-1.56360492554
-1.56099504898
-1.55964685368
-1.55711009575
-1.55533730209
-1.55448238821
-1.55428649548
-1.55661084685
-1.55846750141
-1.56104779169
-1.56432422928
-1.56731892128
-1.57037596857
-1.57073699932
-1.571534434
-1.56998196087
-1.5681918742
-1.56513882416
-1.56368562116
-1.56063374916
-1.5596524911
-1.56027426489
-1.56398030971
-1.56649861876
-1.5684601854
-1.57316054421
-1.57839877569
-1.58018762131
-1.5827223707
-1.58357198737
-1.58160113036
-1.57937036057
-1.57488743903
-1.57115857784
-1.56745632948
-1.56439789764
-1.5634488351
-1.5640408873
-1.5653912839
-1.56705899448
-1.56931667289
-1.57102318066
-1.57373379513
-1.5759862428
-1.57615677273
-1.57573769187
-1.57614935001
-1.57668819574
-1.57679929115
-1.5764852497
-1.57496416427
-1.5759407772
-1.57532149601
-1.57624830559
-1.5769335985
-1.57774595449
-1.57962221358
-1.57873363603
-1.57841235175
-1.57716522092
-1.57780617683
-1.57915477309
-1.5802077315
-1.582539739
-1.58388183241
-1.58413592173
-1.58409148746
-1.5829405071
-1.5820440173
-1.58117257375
-1.58048040641
-1.58032549401
-1.58185696635
-1.5823410472
-1.58412344249
-1.58194556274
-1.58130653366
-1.58170011985
-1.58206579898
-1.58227635137
-1.5826401619
-1.58357468266
-1.58464568099
-1.58644724653
-1.5876705313
-1.58747829107
-1.58695868361
-1.58451957044
-1.58261109754
-1.58035614206
-1.5803282202
-1.57882938527
-1.57838345827
-1.57860653821
-1.57920008079
-1.57992245628
-1.58045469564
-1.58143609455
-1.58238758248
-1.58178536969
-1.58352379424
-1.58451022924
-1.58504465691
-1.58541589017
-1.58501130652
-1.58401392793
-1.58359070319
-1.58277687583
-1.58149945699
-1.57912100747
-1.5762240361
-1.57763461009
-1.5796199558
-1.58767946957
-1.58282338733
-1.57881035209
-1.57769267941
-1.577880632
-1.5820754683
-1.58894345516
-1.59576729848
-1.60222372423
-1.60538975322
-1.60498806601
-1.60398508488
-1.59869866951
-1.59494076788
-1.59250053602
-1.59176450778
-1.59424594794
-1.59837758313
-1.60355334474
-1.61031889844
-1.61295208042
-1.61476829805
-1.61698054479
-1.61571130412
-1.61279908147
-1.60941617331
-1.60686897228
-1.60426885583
-1.60368884132
-1.60483266959
-1.60537772998
-1.60714107185
-1.60915408438
-1.60997420568
-1.61181650143
-1.61167011201
-1.61089902978
-1.61075689322
-1.61025424286
-1.60933246367
-1.60941948323
-1.60860689213
-1.60660767227
-1.60227892665
-1.59985898747
-1.59594398377
-1.59466889177
-1.5942774124
-1.59456034152
-1.59399320914
-1.59353111099
-1.59373165508
-1.59389391424
-1.59364308899
-1.59246588843
-1.59046372241
-1.58904429071
-1.58806235874
-1.58766734696
-1.58884350347
-1.59033929658
-1.59251544325
-1.59398665485
-1.5953205243
-1.59428653611
-1.59338834279
-1.59249556305
-1.59165559668
-1.59260514204
-1.59352692021
-1.59543815218
-1.59680626123
-1.5980238852
-1.59966307341
-1.60003208693
-1.59966789029
-1.59977427796
-1.59957531017
-1.59814795823
-1.59708873845
-1.59648084099
-1.5941735143
-1.59409748919
-1.59503510014
-1.59543011172
-1.59724392849
-1.59956533635
-1.60209161741
-1.60410588993
-1.60508452314
-1.60893781142
-1.61014008713
-1.6093378616
-1.60823646051
-1.60752123224
-1.60697150975
-1.60544865484
-1.60476533886
-1.60381500161
-1.60366588619
-1.60150157813
-1.601118394
-1.59917626656
-1.59855705972
-1.59825083316
-1.5984366597
-1.59926433816
-1.59897224708
-1.59996550492
-1.59993372095
-1.59895024553
-1.59868153565
-1.59720097321
-1.59712553329
-1.59674583633
-1.5965994668
-1.59691324144
-1.59756553848
-1.5986452503
-1.59906143449
-1.59763129156
-1.59630810712
-1.59642859907
-1.59666883107
-1.59799511164
-1.59924652822
-1.60028091283
-1.59976593239
-1.5984826208
-1.59878688437
-1.59986926608
-1.60104374457
-1.60263166939
-1.60543159598
-1.60618375975
-1.6078575932
-1.60876239895
-1.6094532949
-1.60980776137
-1.60998770679
-1.61052095636
-1.61190113799
-1.61307745033
-1.61487028616
-1.61396541626
-1.61011398377
-1.60825380958
-1.60450188937
-1.60035010287
-1.59767391769
-1.59548094916
-1.59491836529
-1.59627451799
-1.59736570924
-1.60049606591
-1.60227046566
-1.60454553581
-1.60700518881
-1.60838829819
-1.6111278408
-1.61166506701
-1.61221548505
-1.61085679003
-1.60810260209
-1.60415569012
-1.60023284038
-1.59441341501
-1.59189504324
-1.59142159766
-1.59206418428
-1.59573447033
-1.59845476767
-1.60019192744
-1.60178388335
-1.60282237137
-1.60369114739
-1.60336805128
-1.60114423038
-1.59951127041
-1.59890845545
-1.59880198394
-1.60081966049
-1.60052125643
-1.60265687429
-1.60337807282
-1.60493495999
-1.60537328488
-1.60667293835
-1.60691371481
-1.60571102482
-1.60431260649
-1.60337546914
-1.60258785493
-1.60274539382
-1.60139129018
-1.60256038223
-1.60179644579
-1.60281169961
-1.60376185229
-1.60457162016
-1.60599407606
-1.60827188124
-1.61032842276
-1.60885143293
-1.60878663297
-1.6054368965
-1.60333871487
-1.60171233974
-1.60126297686
-1.60168006997
-1.6037520834
-1.60487281867
-1.60729682936
-1.60943488834
-1.6103802118
-1.61005317063
-1.60851393705
-1.60615865424
-1.60421548885
-1.60207364894
-1.60114536628
-1.60190460788
-1.60200460595
-1.60452285492
-1.60602345159
-1.60668894371
-1.60426016814
-1.60250943515
-1.60029182741
-1.60090343583
-1.60281452459
-1.60723299469
-1.61376209401
-1.61834346033
-1.62231502688
-1.62359425524
-1.62505942721
-1.62585185524
-1.62548221691
-1.62662435299
-1.62821987685
-1.62727447933
-1.62626780332
-1.62396361086
-1.62031065025
-1.616457561
-1.61302585752
-1.61004345882
-1.61081946055
-1.61452124457
-1.61930053797
-1.62786228903
-1.63460322522
-1.64133378879
-1.64544864144
-1.64576603368
-1.643939774
-1.6404363686
-1.63383667962
-1.62866136826
-1.62550530199
-1.62330445504
-1.62298957822
-1.6245661058
-1.62622376029
-1.63062875105
-1.63254757581
-1.6332487827
-1.63374572344
-1.63236093404
-1.62929011862
-1.6281159889
-1.62651615765
-1.62515893289
-1.62382832591
-1.62237537436
-1.62043359328
-1.61646978967
-1.61291977758
-1.6093968489
-1.6071111775
-1.60611205593
-1.60528157142
-1.60473039912
-1.60508026621
-1.60589261606
-1.60688403083
-1.60714854962
-1.60535041467
-1.60498464271
-1.6055372619
-1.60630227283
-1.60944823673
-1.61048934874
-1.61134416312
-1.61037711357
-1.60799387662
-1.60605090161
-1.60324039131
-1.60153588515
-1.60076945181
-1.60150214391
-1.60299067793
-1.60722098619
-1.610738072
-1.61323589072
-1.61536714426
-1.61557483288
-1.61424185662
-1.6145819386
-1.61704735619
-1.61950148186
-1.62067389413
-1.62401825221
-1.62478802131
-1.62387225528
-1.62344770381
-1.62143052984
-1.61938692481
-1.61851877521
-1.61758220283
-1.61830036984
-1.61896652827
-1.61955899097
-1.62060722656
-1.62192192731
-1.62277672713
-1.62484731205
-1.62668125304
-1.62651979531
-1.62531866518
-1.62440193475
-1.62110568783
-1.62007077721
-1.61916346614
-1.61858553306
-1.61647187313
-1.61558888484
-1.61619719919
-1.61500603747
-1.61589990583
-1.61477156157
-1.61485916788
-1.61451400092
-1.61581699587
-1.61697307557
-1.61857278971
-1.61985915961
-1.62030024444
-1.6112726452
-1.61377484582
-1.61887282885
-1.62114203718
-1.62283378783
-1.62277681774
-1.62111935131
-1.62164018508
-1.62055681661
-1.62026732168
-1.61815285753
-1.61732149236
-1.6151681632
-1.61549077342
-1.61525131913
-1.615989384
-1.61814199842
-1.61975007572
-1.62038247693
-1.62056148735
-1.61993176709
-1.62069049972
-1.62024607341
-1.6207495003
-1.61997773985
-1.61909517066
-1.62016221416
-1.62097710984
-1.62201575038
-1.62253851423
-1.62337708267
-1.62265774423
-1.6220287036
-1.62224857293
-1.6203454029
-1.61909872096
-1.61631938566
-1.61626795424
-1.61640171709
-1.61831197147
-1.61960286992
-1.6198030678
-1.62010724123
-1.61942573704
-1.61958345777
-1.61819034991
-1.61986264426
-1.62192445815
-1.62284502542
-1.62382660247
-1.62476986105
-1.62246496692
-1.62099961062
-1.61630849497
-1.61539151672
-1.61425741565
-1.61620597651
-1.6176078803
-1.61962089972
-1.62033008944
-1.62280005096
-1.62414182854
-1.62781946632
-1.63215528747
-1.6338488672
-1.63396101026
-1.62365855631
-1.62409551556
-1.62682642998
-1.62934356987
-1.63028050302
-1.6309719259
-1.62982800361
-1.62929425401
-1.62771761398
-1.62651666663
-1.62735249419
-1.62819714321
-1.6302785078
-1.63180332826
-1.63314884214
-1.63268456508
-1.63080308504
-1.63004706313
-1.62625339762
-1.62493984774
-1.6244631512
-1.62411585275
-1.6233728837
-1.62280461941
-1.6211690465
-1.61958406292
-1.61914102981
-1.61845772139
-1.61970675565
-1.62046386203
-1.62169818341
-1.62216307983
-1.62162059489
-1.62135474868
-1.61694376309
-1.61519167586
-1.61464105883
-1.61421232284
-1.61512240987
-1.61500591772
-1.61478142667
-1.61604743867
-1.62012448397
-1.62224976159
-1.62443151996
-1.62531288128
-1.62523714331
-1.62358007278
-1.62267811256
-1.62006652627
-1.61885366686
-1.61957943068
-1.61915556678
-1.62043738477
-1.62186091259
-1.62333070123
-1.6258037093
-1.62824204566
-1.6314393601
-1.63533638728
-1.63827486067
-1.63948827375
-1.63817348372
-1.63460668809
-1.63053892609
-1.62481711514
-1.62234005116
-1.62006899021
-1.62081666379
-1.62387645779
-1.62769638319
-1.63121341497
-1.63388392201
-1.63374268151
-1.63127625933
-1.6270855485
-1.62422200088
-1.62155060677
-1.61969248301
-1.61855856714
-1.61845031348
-1.6170564844
-1.6156237223
-1.61324858586
-1.61224281924
-1.61069193059
-1.61106465663
-1.61354716064
-1.61692299131
-1.62049732532
-1.62104014325
-1.61706139735
-1.61218919391
-1.60952812926
-1.60492072642
-1.60585691264
-1.60671078804
-1.60901000183
-1.61223552877
-1.6163017823
-1.61891004285
-1.62131389216
-1.62247448865
-1.62346759316
-1.6256185166
-1.62635345088
-1.63011945855
-1.63275887481
-1.63401127244
-1.63228549819
-1.63023870913
-1.62469660955
-1.62189445529
-1.61717025038
-1.61630392533
-1.61813807017
-1.62277538697
-1.62702738376
-1.63283015193
-1.63665792404
-1.63832026662
-1.63787615661
-1.63664228614
-1.63086573103
-1.62730358719
-1.62388890815
-1.62227475703
-1.62085525873
-1.62206183857
-1.62806035872
-1.62959141577
-1.63230044882
-1.63267957709
-1.63270322098
-1.62953388675
-1.62839875808
-1.6251136793
-1.62268760236
-1.62056886474
-1.62112157974
-1.62273800083
-1.62411012646
-1.62546275957
-1.62511128763
-1.62600216876
-1.62427895508
-1.62101193469
-1.61907717037
-1.6168913197
-1.61466430952
-1.61374203583
-1.61242605207
-1.61087531045
-1.60974147596
-1.60762688973
-1.60960968196
-1.61077270795
-1.6152152886
-1.61993188815
-1.62411500401
-1.62716690791
-1.62809230463
-1.62745664643
-1.62656693673
-1.62541129201
-1.62600101354
-1.62737728161
-1.62972969795
-1.63187394414
-1.63431258295
-1.63386541934
-1.63371243396
-1.63133813853
-1.628128207
-1.62876088897
-1.62789579481
-1.62826257291
-1.62960782272
-1.63081237663
-1.63216975601
-1.6323758989
-1.63174304214
-1.63216119915
-1.6314894614
-1.6330025151
-1.63569440792
-1.63753848033
-1.63918935037
-1.64025761385
-1.63907559632
-1.63663571565
-1.63435415687
-1.62962860391
-1.62490775532
-1.62153166471
-1.61828413007
-1.6185120283
-1.61861047733
-1.62060620233
-1.62427507982
-1.6266567622
-1.62739677162
-1.62806644207
-1.62923297838
-1.63029288394
-1.63108289362
-1.63290894745
-1.6332785095
-1.63304618102
-1.63249479763
-1.63048241719
-1.62804337203
-1.62535591401
-1.62418825608
-1.62396758504
-1.62551410876
-1.6286345503
-1.63156283185
-1.63484286152
-1.6371481108
-1.63800616282
-1.63890338293
-1.63975835597
-1.63824306283
-1.63555643956
-1.63230047761
-1.62889869404
-1.62635406558
-1.62661158743
-1.62810789082
-1.63055667779
-1.63325581107
-1.63435266034
-1.635146221
-1.63416975538
-1.63196151785
-1.63055118103
-1.62942706118
-1.62821235713
-1.62810356309
-1.6272065605
-1.6264564009
-1.62368208468
-1.62076805908
-1.61772613323
-1.61494110824
-1.61580692784
-1.61678217371
-1.61973292457
-1.62345524737
-1.62754021433
-1.63030728355
-1.63428152019
-1.63758414002
-1.64019141016
-1.6401306514
-1.64002557539
-1.64016411552
-1.63504716612
-1.63272362956
-1.63063589584
-1.63103605814
-1.63216517514
-1.63442326963
-1.63650191083
-1.63891468446
-1.64073866167
-1.63980055714
-1.63863412311
-1.63734715515
-1.63498195635
-1.63600875578
-1.63772285406
-1.64098720721
-1.64296908264
-1.64705567077
-1.64769253144
-1.64916694724
-1.64687235153
-1.64362579633
-1.64008432149
-1.63805800791
-1.63756430204
-1.63977550657
-1.64402676394
-1.6473541557
-1.64937772348
-1.64968735311
-1.64891774514
-1.64542268069
-1.64381451367
-1.64354292588
-1.64335290684
-1.64460649967
-1.64410485871
-1.64411157014
-1.64071740332
-1.63902857945
-1.63418921202
-1.63060278096
-1.62985511692
-1.630619885
-1.63231664168
-1.63677451076
-1.63977007221
-1.64147010336
-1.63963896428
-1.63690755537
-1.62974827793
-1.62668692252
-1.62444351671
-1.62473312072
-1.63056333638
-1.63723534977
-1.64152343004
-1.64507625193
-1.64286764213
-1.63823292631
-1.63108008493
-1.62233213668
-1.61840736768
-1.61789201383
-1.62241931051
-1.6274284934
-1.633579277
-1.63808884364
-1.64031369299
-1.64155079727
-1.64197069763
-1.64229902679
-1.64317054775
-1.64507998874
-1.63720236951
-1.62823243944
-1.62195128299
-1.61960078865
-1.61805538772
-1.61896875701
-1.62463801383
-1.6331650982
-1.63983495892
-1.64711899375
-1.65120011722
-1.6539260074
-1.65445205994
-1.65280193339
-1.6495823768
-1.6469038082
-1.64411488881
-1.64291370887
-1.64083233312
-1.64038272654
-1.63927605312
-1.63132321757
-1.62973247118
-1.6271988997
-1.62552293746
-1.6243418564
-1.62408410447
-1.62385252292
-1.62343425541
-1.62534617689
-1.62661047069
-1.62958885621
-1.63370156112
-1.63814338476
-1.64350381982
-1.64572630377
-1.64785357571
-1.64693313134
-1.64352305829
-1.63881171779
-1.63416288758
-1.6295702091
-1.62741856935
-1.62592240699
-1.62706176532
-1.62916764722
-1.6299639998
-1.63112402301
-1.63112963107
-1.6251182502
-1.62224129004
-1.61991877554
-1.62042698188
-1.62193627882
-1.62778212138
-1.63216656679
-1.6403276966
-1.64358376098
-1.64819370614
-1.64926108756
-1.64711370965
-1.64209713726
-1.63807037998
-1.62925131679
-1.62438667869
-1.62001021969
-1.6167137891
-1.61467734028
-1.6184022996
-1.6235228112
-1.62907416306
-1.6359121783
-1.64438390904
-1.64746716576
-1.65198677138
-1.65328905381
-1.6523190502
-1.64941888202
-1.6447555634
-1.63761465775
-1.63306991876
-1.62816139618
-1.6252390024
-1.62325302829
-1.62466968036
-1.6264296529
-1.63328117498
-1.64297870882
-1.64693160287
-1.65004574324
-1.65117561035
-1.65215985409
-1.65097221129
-1.62834537686
-1.62908431581
-1.63362869175
-1.64017463165
-1.64508695301
-1.65170610009
-1.6559869648
-1.65933741262
-1.65952935726
-1.65816508132
-1.65520363724
-1.65105107796
-1.64612735935
-1.64190585637
-1.63887562284
-1.6372363807
-1.63585506877
-1.63503748137
-1.63539395705
-1.63662645232
-1.6398001581
-1.64249833727
-1.64663241402
-1.64906923798
-1.65052449004
-1.65065908056
-1.64930820128
-1.64735102816
-1.64479556341
-1.63836377923
-1.63793343877
-1.63633776608
-1.63712795447
-1.63852678973
-1.64052501507
-1.64191704073
-1.64372209949
-1.64418256821
-1.64412699638
-1.64312531264
-1.64315072054
-1.6449351266
-1.64655589371
-1.64791105898
-1.65097186328
-1.65279827018
-1.65374743241
-1.65212692208
-1.6480154189
-1.64710416277
-1.64318387242
-1.64151295941
-1.64009528155
-1.64114226011
-1.6415292935
-1.64264238989
-1.64314518078
-1.64413576787
-1.64560165808
-1.64837723219
-1.65203281533
-1.65599975567
-1.66093603581
-1.6641010909
-1.6657431288
-1.66448276417
-1.66203361359
-1.65727736031
-1.65265364159
-1.64716864213
-1.64311680867
-1.64026835494
-1.63950687944
-1.6394757094
-1.64041889844
-1.64460192937
-1.64821519674
-1.65093811264
-1.65311420136
-1.65604277256
-1.6583088355
-1.65934941989
-1.65921382475
-1.65738705886
-1.65563617085
-1.65186319779
-1.64862632195
-1.64459846593
-1.64271320818
-1.64287417638
-1.6442611293
-1.64476149934
-1.64859846063
-1.65170850955
-1.65349525748
-1.65540360418
-1.65492542405
-1.65462875166
-1.65138101459
-1.6489611093
-1.64720650333
-1.64531284371
-1.6455176409
-1.64538295316
-1.64717237566
-1.64844982187
-1.64957004807
-1.64828020572
-1.64672731154
-1.64633301424
-1.64384741958
-1.6428413619
-1.6411905993
-1.64112714493
-1.64262271121
-1.64385986134
-1.64723993818
-1.65160082785
-1.65466660079
-1.65842925516
-1.66142344322
-1.66042300862
-1.62942350575
-1.6283869812
-1.62994094174
-1.63248350696
-1.63802157445
-1.64535666002
-1.64700452346
-1.64687072639
-1.64469111128
-1.64277877883
-1.63990512361
-1.63809681913
-1.63590478627
-1.63289626365
-1.63035540396
-1.62845846344
-1.62822196632
-1.6303001981
-1.63501908307
-1.63839446437
-1.64212260793
-1.64303585271
-1.64226519682
-1.63861862002
-1.63519337232
-1.63186304484
-1.63100866994
-1.6292586087
-1.6291528595
-1.62939184794
-1.63057445318
-1.63372581386
-1.63866612131
-1.64328831507
-1.65018535328
-1.65453535382
-1.65848935643
-1.65735730348
-1.654797453
-1.64909038178
-1.6448004298
-1.63640246236
-1.6322618711
-1.62941646391
-1.62850353296
-1.63077560421
-1.63638415838
-1.63922662924
-1.6432477192
-1.64566821828
-1.64648696326
-1.64623703506
-1.6452923478
-1.64555741086
-1.64657162696
-1.64974727701
-1.6521446561
-1.6538458081
-1.65202007052
-1.65051381058
-1.64906114919
-1.64779087109
-1.64696629269
-1.64575922317
-1.64569899431
-1.64489968238
-1.64393157777
-1.64298978812
-1.64337575203
-1.64350343416
-1.64577109587
-1.64851593965
-1.65154202955
-1.65852084297
-1.66148067207
-1.66344276723
-1.66575642472
-1.66577071726
-1.66570223819
-1.6632196343
-1.66050941143
-1.6548752683
-1.64896617948
-1.64619718574
-1.64210245183
-1.63978853811
-1.63912080796
-1.63943192556
-1.64087386649
-1.6448577046
-1.64886918348
-1.65570229898
-1.66141114998
-1.66720195964
-1.66967700557
-1.67054407118
-1.67045852858
-1.66869098608
-1.66568545915
-1.66244455947
-1.65940101373
-1.65520725943
-1.65345702709
-1.64970752928
-1.64754078482
-1.64592047802
-1.64581461335
-1.64797241474
-1.64960535306
-1.6525991402
-1.6549974164
-1.65698333772
-1.65991146485
-1.66033902458
-1.66038433539
-1.66005543346
-1.65980369039
-1.65910614857
-1.65864654452
-1.65978448615
-1.66068046823
-1.6627087127
-1.66041725372
-1.65730278746
-1.65388707714
-1.64697503182
-1.6431385665
-1.63987456245
-1.63777735458
-1.63649023179
-1.63755129323
-1.63896856778
-1.64154445727
-1.64364936952
-1.64476514053
-1.64626027074
-1.64513442947
-1.64360632689
-1.64168270836
-1.63865647666
-1.63729298944
-1.63616698042
-1.6340617359
-1.63382393622
-1.63285885746
-1.63298591914
-1.63477737674
-1.6365084125
-1.64066215389
-1.64449011846
-1.64886888236
-1.65069590088
-1.65203745395
-1.65022494407
-1.64939394133
-1.64663947249
-1.64439237547
-1.64279881366
-1.64183020325
-1.64279113929
-1.64413527514
-1.64626376932
-1.64887695674
-1.65054956738
-1.65068047534
-1.65265256283
-1.65402410893
-1.65605118584
-1.65819681956
-1.65854760361
-1.65880191451
-1.65901801446
-1.65781426861
-1.65718149607
-1.65090644118
-1.64984876868
-1.65396448808
-1.65453876252
-1.65507381358
-1.655015423
-1.65644823346
-1.65677110884
-1.66002480833
-1.66146959598
-1.66396279307
-1.66541539386
-1.66399483643
-1.66196349008
-1.65906001851
-1.65220353246
-1.64746994902
-1.64099275094
-1.63544939992
-1.63296181723
-1.63441028947
-1.63712619475
-1.64111275474
-1.64456802404
-1.64941496511
-1.6513129244
-1.65273847572
-1.65126013466
-1.6522548039
-1.651322115
-1.65076072738
-1.65027388489
-1.65292029266
-1.65431427459
-1.65749673342
-1.65683618646
-1.65769157714
-1.65683155613
-1.6568724484
-1.65548260301
-1.65351528282
-1.65260161449
-1.65264815922
-1.65223598286
-1.65202595371
-1.65368495758
-1.65373516119
-1.65453187682
-1.65380672155
-1.6545324053
-1.65590173559
-1.65697804594
-1.65930748474
-1.66113680108
-1.66124416894
-1.66258929388
-1.66248916984
-1.66153760983
-1.65941750364
-1.6548027597
-1.65107858886
-1.64640755546
-1.64364436427
-1.64365802218
-1.64593773778
-1.64960523621
-1.65470323763
-1.65948556165
-1.66392915875
-1.66621987424
-1.66778600372
-1.66622652795
-1.6640542435
-1.65976862038
-1.65677958531
-1.65342041255
-1.65215997704
-1.65123049516
-1.65232166108
-1.653501947
-1.65438207346
-1.65503696434
-1.65524526273
-1.65596711848
-1.65525533082
-1.65469059538
-1.65531394197
-1.65495619339
-1.65544415361
-1.65585789252
-1.65513329338
-1.65516193277
-1.65453572495
-1.65437640197
-1.6528574803
-1.6529756224
-1.65219412698
-1.65266060014
-1.65376853612
-1.65613425474
-1.65670692943
-1.65718422843
-1.65731543695
-1.65603188663
-1.65496472656
-1.65237042142
-1.65029924502
-1.64861561866
-1.6465457871
-1.64410339157
-1.64425561885
-1.64214843965
-1.64304557189
-1.64349664252
-1.64388669575
-1.64534384864
-1.64696649551
-1.64850914256
-1.64895344897
-1.64892589702
-1.64778497472
-1.6465413113
-1.6451238233
-1.64521618897
-1.64494443958
-1.64519328398
-1.6452460972
-1.64558525945
-1.64526943416
-1.64533561498
-1.64671334021
-1.64754675566
-1.64908821946
-1.64939386347
-1.64885716238
-1.65011059937
-1.65070203783
-1.6490333154
-1.64859350721
-1.64804537971
-1.64728491833
-1.6467826183
-1.64659963843
-1.64718615215
-1.64635265932
-1.64545412679
-1.64473468612
-1.64525759786
-1.64350056345
-1.64321764482
-1.64288143261
-1.64221465264
-1.64227636626
-1.64219086312
-1.64306053311
-1.64402537697
-1.64373155811
-1.644981315
-1.64731972538
-1.64918714495
-1.652146822
-1.65420886821
-1.65559147733
