9.1330078125
9.3373828125
9.2351953125
9.1841015625
9.1330078125
9.3373828125
9.0819140625
9.4906640625
9.2862890625
9.2862890625
9.3884765625
9.5928515625
9.5417578125
9.4395703125
9.4395703125
9.4906640625
9.3118359375
9.2862890625
9.3884765625
9.3373828125
9.2862890625
9.2351953125
9.3373828125
9.3373828125
9.1841015625
9.2351953125
9.4906640625
9.3373828125
9.2862890625
9.2351953125
9.1841015625
9.2351953125
9.2351953125
9.0819140625
9.0819140625
9.1841015625
9.0308203125
9.3373828125
9.3884765625
9.2862890625
9.2862890625
9.3373828125
9.1841015625
9.1841015625
9.2351953125
9.0308203125
9.0819140625
9.1330078125
9.3373828125
9.3884765625
9.2862890625
9.2862890625
9.1841015625
9.1841015625
9.2862890625
9.0819140625
9.4906640625
9.3373828125
9.4395703125
9.0308203125
9.2862890625
9.2351953125
9.2351953125
9.0308203125
9.1330078125
9.196875
9.1330078125
9.2351953125
9.1841015625
9.3373828125
9.2862890625
9.2351953125
9.4395703125
9.2862890625
9.3884765625
9.1841015625
9.196875
9.0819140625
9.1841015625
9.1841015625
9.2862890625
9.5417578125
9.2351953125
9.0819140625
9.2351953125
9.2862890625
9.120234375
9.3884765625
9.0819140625
9.3884765625
9.0819140625
9.2351953125
9.2862890625
9.1841015625
9.2351953125
9.0819140625
9.3118359375
9.2862890625
9.2862890625
9.3884765625
9.1841015625
9.1841015625
9.0819140625
9.1330078125
9.1841015625
9.0308203125
9.2862890625
9.196875
9.3373828125
9.5417578125
9.1330078125
9.3884765625
9.3884765625
9.2351953125
9.2351953125
9.1841015625
9.120234375
9.1841015625
9.2351953125
9.0819140625
9.0819140625
9.1841015625
9.2862890625
9.3373828125
9.2351953125
9.2351953125
9.196875
9.3373828125
9.3373828125
8.9797265625
9.0308203125
9.1841015625
8.8775390625
9.273515625
9.0819140625
8.9797265625
9.1841015625
8.9797265625
9.2862890625
9.0052734375
9.0308203125
9.0308203125
9.0308203125
9.2862890625
9.0819140625
9.0308203125
9.0308203125
9.1330078125
9.2351953125
9.273515625
9.1330078125
9.2351953125
9.2862890625
9.1841015625
9.0819140625
9.1330078125
9.1841015625
9.2862890625
9.1330078125
9.0819140625
9.04359375
9.1841015625
9.1841015625
9.0308203125
9.1841015625
9.2351953125
9.0819140625
9.2862890625
9.1841015625
9.2351953125
9.0052734375
8.9286328125
9.2351953125
9.1330078125
9.1841015625
9.1330078125
9.3884765625
9.1330078125
9.1330078125
9.1841015625
9.04359375
9.0308203125
9.1330078125
9.0308203125
9.2351953125
9.2862890625
9.1330078125
9.2351953125
8.9797265625
9.2351953125
9.1330078125
9.1330078125
9.3373828125
9.1330078125
9.0308203125
8.9797265625
9.2351953125
9.1841015625
9.2862890625
9.1585546875
9.2862890625
9.2862890625
8.9286328125
9.0308203125
9.2862890625
9.0819140625
9.1841015625
8.9797265625
9.1841015625
9.2351953125
9.1841015625
9.0819140625
9.1330078125
9.1330078125
9.196875
9.1330078125
8.9286328125
9.0819140625
9.0308203125
9.1330078125
9.2351953125
9.2351953125
8.9797265625
8.9286328125
9.1585546875
9.0308203125
8.9286328125
9.0819140625
8.9286328125
9.2351953125
8.9797265625
8.9286328125
9.2351953125
8.9286328125
9.0819140625
9.1585546875
9.2351953125
9.0819140625
9.0819140625
9.0819140625
9.1841015625
9.1841015625
9.1841015625
9.3884765625
9.0819140625
9.04359375
9.0308203125
8.9797265625
8.6731640625
8.9286328125
9.0308203125
9.0308203125
9.0819140625
9.1330078125
9.1841015625
9.2351953125
8.8775390625
9.2351953125
8.9797265625
9.1841015625
8.9286328125
8.8775390625
9.2862890625
8.7242578125
9.1330078125
9.0052734375
9.1330078125
9.1330078125
9.196875
9.0308203125
9.0819140625
9.1841015625
8.9286328125
9.0819140625
8.8775390625
9.0819140625
9.2351953125
9.0819140625
9.1841015625
9.273515625
9.1841015625
9.0819140625
9.1841015625
9.0819140625
9.1330078125
8.9286328125
9.0819140625
9.0819140625
9.0819140625
8.966953125
8.9797265625
9.1330078125
9.1841015625
8.9797265625
8.8775390625
8.9797265625
8.9797265625
9.3373828125
8.966953125
9.1330078125
8.9286328125
9.0819140625
9.0819140625
9.0819140625
9.0308203125
9.1841015625
8.9286328125
9.0308203125
9.2351953125
8.8519921875
9.0819140625
9.0819140625
8.9286328125
8.9286328125
8.9286328125
9.1330078125
8.8775390625
8.9286328125
8.9797265625
9.04359375
9.1330078125
9.1330078125
9.0308203125
9.0308203125
9.1330078125
8.8264453125
8.9797265625
9.04359375
8.7753515625
9.120234375
8.9286328125
9.1330078125
9.1330078125
9.0308203125
9.0819140625
8.9797265625
9.0819140625
8.8264453125
8.8264453125
8.966953125
8.9797265625
8.9797265625
9.0819140625
8.9797265625
8.9286328125
9.1841015625
8.8264453125
8.8264453125
8.9286328125
8.9286328125
8.9797265625
8.9797265625
8.9797265625
8.8264453125
8.9797265625
8.7753515625
8.8264453125
9.0308203125
9.1330078125
9.3373828125
8.966953125
9.1330078125
8.9286328125
8.8775390625
9.0308203125
8.9797265625
8.8775390625
9.0819140625
8.7753515625
8.8775390625
8.8519921875
8.9797265625
8.9286328125
8.8264453125
8.8264453125
8.8775390625
9.0308203125
8.9797265625
8.9797265625
8.9286328125
9.1585546875
8.9797265625
8.9797265625
8.8264453125
8.8775390625
8.8264453125
8.7753515625
9.0308203125
9.0819140625
8.9797265625
8.7753515625
8.8264453125
8.8775390625
8.8264453125
8.9797265625
8.8264453125
8.9797265625
9.1330078125
8.9797265625
8.8775390625
8.9797265625
8.966953125
8.9286328125
8.9286328125
8.7753515625
8.7242578125
8.7753515625
8.9286328125
8.7753515625
8.5709765625
8.7242578125
8.8519921875
9.0819140625
8.8264453125
8.9797265625
8.9286328125
8.8264453125
8.9797265625
8.9286328125
9.2351953125
9.0308203125
8.9797265625
8.7753515625
8.7242578125
8.8775390625
8.8264453125
8.9797265625
8.9286328125
8.8264453125
8.7242578125
8.8264453125
8.8264453125
8.966953125
8.7753515625
8.6731640625
8.8264453125
8.7242578125
9.0819140625
9.0819140625
9.3373828125
9.3884765625
9.0819140625
9.1841015625
8.8775390625
8.8775390625
9.1841015625
9.1330078125
9.0308203125
8.7242578125
8.5198828125
8.4176953125
8.3666015625
8.6731640625
8.6987109375
9.0819140625
8.9797265625
9.0819140625
9.2862890625
9.0308203125
9.0819140625
8.9797265625
8.6220703125
8.6731640625
8.660390625
8.6220703125
8.5709765625
9.0819140625
9.0819140625
9.0308203125
9.1330078125
8.8264453125
8.8775390625
8.6220703125
8.5454296875
8.7242578125
8.8264453125
8.8775390625
8.9286328125
8.8264453125
9.0308203125
9.0819140625
8.8775390625
9.0819140625
8.8775390625
8.8519921875
8.8775390625
8.8775390625
8.7242578125
8.6731640625
8.9286328125
8.9797265625
9.0819140625
9.0819140625
8.9286328125
8.7753515625
9.0819140625
8.9797265625
8.6731640625
9.0308203125
8.7753515625
8.7753515625
8.9286328125
8.9797265625
8.9286328125
8.7753515625
8.8775390625
8.8775390625
9.0819140625
8.6731640625
8.7753515625
8.8264453125
8.9286328125
9.0819140625
9.0308203125
9.0819140625
8.8264453125
8.7753515625
9.0308203125
8.9797265625
9.0308203125
8.6731640625
9.0819140625
8.8264453125
8.8264453125
8.9797265625
8.8903125
9.1841015625
9.0308203125
9.2351953125
9.0308203125
8.9797265625
9.0308203125
8.8775390625
8.7242578125
9.0308203125
8.8519921875
8.9286328125
9.1841015625
8.8264453125
8.9797265625
8.7242578125
8.9286328125
9.1330078125
8.8775390625
8.9797265625
8.7753515625
8.9797265625
8.8264453125
8.8775390625
8.8264453125
9.0308203125
8.9286328125
8.9286328125
8.9797265625
8.8264453125
9.0819140625
9.196875
8.9286328125
9.0819140625
9.0308203125
8.9797265625
8.7242578125
8.6220703125
8.5198828125
9.0308203125
9.0308203125
8.7753515625
8.8264453125
8.7242578125
8.8775390625
8.8775390625
9.0308203125
8.8264453125
8.9286328125
9.0308203125
8.8264453125
8.8903125
8.8264453125
8.9286328125
9.1330078125
8.9286328125
9.1330078125
9.0308203125
8.9286328125
9.0819140625
9.0819140625
8.58375
9.0819140625
9.1841015625
9.0819140625
9.0308203125
9.0819140625
8.9286328125
9.0308203125
8.9797265625
9.0308203125
9.0819140625
9.120234375
8.8264453125
9.0308203125
9.3373828125
8.9286328125
9.1330078125
9.0308203125
8.8775390625
8.9286328125
8.813671875
9.0819140625
8.8775390625
9.1330078125
9.0308203125
9.0819140625
9.1841015625
8.9797265625
9.1841015625
8.9797265625
8.966953125
8.9797265625
8.8264453125
9.0308203125
9.0819140625
9.2351953125
9.0819140625
8.9797265625
8.9797265625
8.8264453125
9.1330078125
9.0052734375
8.8775390625
8.9797265625
8.8264453125
8.8775390625
8.7242578125
8.7242578125
8.8775390625
8.813671875
9.0052734375
8.966953125
9.0819140625
8.9286328125
9.0819140625
8.8775390625
8.7242578125
8.8264453125
9.0308203125
8.9286328125
8.6731640625
8.9286328125
8.8775390625
8.8775390625
8.9286328125
8.7753515625
8.9797265625
8.9286328125
8.9286328125
8.8264453125
9.0308203125
8.8775390625
8.966953125
9.0308203125
8.9797265625
9.0819140625
8.9286328125
8.6731640625
8.6731640625
8.9797265625
8.6731640625
8.9797265625
8.966953125
8.9797265625
8.9286328125
9.0308203125
9.0819140625
9.0308203125
9.0819140625
9.0308203125
8.9286328125
8.8264453125
9.120234375
8.8775390625
9.2351953125
8.9797265625
8.9286328125
9.1330078125
8.9286328125
9.0819140625
8.8775390625
8.9797265625
8.8264453125
8.9286328125
8.7242578125
8.7242578125
8.8264453125
8.9797265625
9.0308203125
9.0308203125
9.1330078125
9.1841015625
8.9797265625
8.8519921875
8.9286328125
8.7242578125
9.0819140625
9.2351953125
9.0819140625
9.0308203125
8.7753515625
8.9797265625
8.7753515625
8.7242578125
9.1330078125
8.8775390625
8.9797265625
8.7753515625
8.8264453125
8.9286328125
9.0819140625
9.0308203125
8.7753515625
8.8264453125
8.9286328125
8.8775390625
8.9286328125
9.0308203125
9.0819140625
9.1330078125
9.0052734375
8.9286328125
9.0308203125
8.9797265625
8.8775390625
8.7753515625
8.8264453125
8.8775390625
8.9797265625
8.8264453125
8.7753515625
8.8903125
9.0308203125
8.8775390625
8.9797265625
9.0819140625
8.7753515625
8.7242578125
8.8775390625
8.7242578125
8.7753515625
8.966953125
9.1330078125
9.0819140625
8.9797265625
8.9286328125
8.7753515625
8.8264453125
8.9286328125
8.7242578125
8.8264453125
8.9286328125
8.7242578125
8.9797265625
8.9797265625
9.0308203125
8.9286328125
8.8264453125
8.6731640625
8.813671875
8.8264453125
8.7753515625
9.0308203125
8.9286328125
9.0308203125
8.9286328125
8.8264453125
8.9797265625
8.7753515625
8.813671875
8.6731640625
8.9797265625
8.8264453125
9.0819140625
8.9286328125
8.9797265625
9.2862890625
8.9286328125
9.0819140625
8.8775390625
8.73703125
8.5709765625
8.8775390625
8.9797265625
8.7753515625
8.9286328125
9.0308203125
9.0819140625
9.0308203125
8.9797265625
8.8519921875
9.0308203125
8.9286328125
8.9286328125
8.8775390625
8.9286328125
8.9286328125
8.8264453125
8.7753515625
8.8519921875
8.8264453125
8.7753515625
8.9286328125
8.8264453125
8.8264453125
8.7753515625
8.9797265625
8.7242578125
9.0308203125
8.966953125
8.9286328125
8.9797265625
8.9286328125
9.0308203125
8.9797265625
8.7753515625
8.8264453125
8.6731640625
8.9797265625
8.8775390625
8.8903125
8.6220703125
8.8264453125
8.9797265625
9.0308203125
8.9797265625
9.0308203125
8.8264453125
8.8264453125
8.9797265625
8.966953125
8.8264453125
9.0819140625
8.9797265625
8.9286328125
8.9286328125
8.7242578125
8.7753515625
8.7753515625
8.8775390625
8.7753515625
8.9286328125
8.9286328125
8.9286328125
9.0308203125
8.8775390625
8.8775390625
8.8264453125
8.813671875
8.9797265625
8.9286328125
8.9797265625
8.8775390625
8.8264453125
9.1841015625
9.1841015625
8.8264453125
8.8775390625
9.0819140625
8.966953125
8.8264453125
8.6731640625
9.0308203125
8.8775390625
8.8264453125
8.9797265625
8.9286328125
8.9797265625
8.9286328125
9.0052734375
9.0308203125
8.7242578125
8.9797265625
8.9797265625
8.9797265625
9.0819140625
8.9797265625
9.0308203125
8.9797265625
8.6220703125
8.8264453125
8.6220703125
8.8775390625
9.0308203125
8.9286328125
8.9797265625
8.8264453125
8.9797265625
8.9797265625
9.0819140625
8.7753515625
8.9797265625
9.1330078125
8.8264453125
8.9797265625
8.8264453125
8.8264453125
8.9797265625
9.3373828125
9.0052734375
8.6731640625
8.9797265625
8.8775390625
8.7753515625
8.7242578125
8.7242578125
8.9797265625
8.4176953125
8.6731640625
8.7753515625
9.1585546875
8.9286328125
9.0308203125
9.0819140625
8.7753515625
9.0308203125
8.8775390625
8.9797265625
8.9286328125
9.1330078125
9.04359375
8.9797265625
9.0308203125
8.9797265625
8.9286328125
8.9286328125
8.7753515625
9.0308203125
8.9286328125
9.0308203125
8.8519921875
8.8775390625
8.9286328125
8.9797265625
8.9286328125
8.9286328125
8.8775390625
8.9797265625
9.0308203125
8.9286328125
8.9286328125
8.6731640625
9.0819140625
8.8775390625
9.0819140625
8.7753515625
9.1330078125
8.8775390625
8.8264453125
9.0308203125
9.04359375
8.8264453125
8.9286328125
8.9286328125
8.9797265625
8.8264453125
8.8775390625
8.8775390625
9.0819140625
8.9797265625
8.9286328125
8.9286328125
8.7753515625
8.9797265625
8.9286328125
8.7753515625
8.7242578125
8.8775390625
8.8775390625
8.8775390625
8.9797265625
8.73703125
8.9286328125
8.8264453125
8.9286328125
8.8775390625
8.9286328125
8.9286328125
8.9286328125
9.0308203125
9.0819140625
9.04359375
8.9286328125
8.9797265625
8.9797265625
8.9286328125
8.7753515625
9.0819140625
8.9797265625
9.0819140625
8.8264453125
9.0052734375
8.8775390625
8.9797265625
8.9797265625
8.9286328125
8.7242578125
8.8264453125
8.7753515625
8.7753515625
8.8775390625
8.8264453125
9.0052734375
9.0308203125
9.1330078125
8.8775390625
8.9797265625
9.1841015625
8.9286328125
8.9797265625
9.0819140625
8.7753515625
8.9286328125
8.9797265625
9.0819140625
9.1841015625
9.0819140625
9.0819140625
9.1841015625
9.1841015625
8.8775390625
8.7753515625
8.813671875
8.9286328125
8.9286328125
8.9797265625
8.9286328125
8.8775390625
8.9286328125
8.8264453125
8.8264453125
8.7242578125
9.0052734375
9.1841015625
8.9286328125
8.8775390625
8.8775390625
8.8775390625
8.8775390625
8.6220703125
8.9286328125
8.7753515625
8.9286328125
9.0819140625
8.9797265625
8.6220703125
8.7753515625
8.6731640625
8.4687890625
9.1330078125
8.8264453125
8.9286328125
8.73703125
8.9286328125
8.7242578125
8.7242578125
8.8264453125
8.8775390625
8.8775390625
8.9286328125
8.7753515625
8.9797265625
8.8903125
9.1330078125
8.9797265625
9.1841015625
9.0308203125
9.1841015625
8.8775390625
8.8775390625
8.9797265625
9.0308203125
8.9286328125
8.9797265625
8.9286328125
9.0308203125
8.9797265625
8.8775390625
8.8264453125
8.9797265625
8.7242578125
8.9797265625
8.9286328125
8.8775390625
8.7242578125
8.8775390625
9.1330078125
8.9797265625
8.8264453125
8.7753515625
8.7753515625
8.8264453125
8.73703125
8.6220703125
8.7242578125
8.7242578125
9.1330078125
8.8264453125
8.9286328125
8.8775390625
9.1330078125
8.8775390625
8.9286328125
8.6220703125
8.7753515625
8.9797265625
8.8264453125
8.9286328125
8.7753515625
8.8264453125
8.9286328125
9.1330078125
8.9286328125
9.0052734375
9.0308203125
9.2351953125
8.5709765625
8.8775390625
8.6731640625
8.9797265625
8.8775390625
8.966953125
8.4687890625
8.660390625
9.0819140625
8.6731640625
9.0308203125
8.8775390625
8.9797265625
8.9797265625
8.7753515625
8.8264453125
8.8264453125
8.7753515625
8.813671875
8.7242578125
8.6731640625
8.7753515625
8.8775390625
8.6731640625
8.7753515625
8.8775390625
8.6220703125
8.5709765625
8.8519921875
8.8264453125
8.8264453125
8.9286328125
8.8775390625
8.7242578125
9.0308203125
8.8264453125
8.8775390625
8.7753515625
8.8264453125
8.7242578125
8.7753515625
8.8264453125
8.9797265625
8.7242578125
9.0308203125
8.8519921875
8.8775390625
8.7753515625
8.7753515625
8.6220703125
8.8775390625
8.6220703125
8.7242578125
8.8264453125
8.7753515625
8.7242578125
8.660390625
8.7242578125
8.7242578125
8.8775390625
8.8775390625
8.6731640625
8.5709765625
8.5709765625
8.8775390625
8.6731640625
8.813671875
8.9286328125
9.0308203125
8.7242578125
8.7753515625
8.7242578125
8.8775390625
8.9797265625
8.8775390625
8.9797265625
8.9286328125
9.0308203125
8.7242578125
8.8264453125
8.7242578125
8.8775390625
8.8775390625
8.6731640625
8.6220703125
8.9286328125
8.7753515625
8.73703125
8.7753515625
8.7753515625
8.8264453125
8.7753515625
8.7753515625
8.7242578125
8.7753515625
9.0308203125
8.7753515625
8.7753515625
8.8775390625
9.0819140625
8.7242578125
8.7753515625
8.7753515625
8.6731640625
8.6731640625
8.5709765625
8.7753515625
8.8775390625
8.8519921875
8.7753515625
8.6220703125
8.7242578125
8.8775390625
8.6731640625
8.7753515625
8.8264453125
8.6220703125
8.7242578125
8.8903125
8.7753515625
8.7242578125
8.7753515625
8.7753515625
8.8264453125
8.7242578125
8.8264453125
8.7753515625
8.6731640625
8.73703125
8.8775390625
8.6731640625
9.1841015625
8.8264453125
8.8264453125
8.6731640625
8.7753515625
8.7753515625
8.6731640625
8.4176953125
8.8903125
8.7242578125
8.8264453125
8.8775390625
8.8264453125
8.7753515625
8.7242578125
8.8264453125
8.8264453125
8.7242578125
8.5454296875
8.8264453125
8.7753515625
8.7753515625
8.5198828125
8.7242578125
8.8775390625
8.6731640625
8.5709765625
9.0308203125
8.8903125
8.8775390625
8.8264453125
8.7242578125
8.8264453125
8.6731640625
8.6220703125
8.8264453125
8.5709765625
8.8264453125
8.8519921875
9.1330078125
8.4687890625
8.9797265625
8.9286328125
8.8264453125
8.5709765625
8.7753515625
8.9286328125
8.7753515625
8.5709765625
8.507109375
8.5709765625
8.7242578125
8.7242578125
8.7242578125
8.8264453125
8.6731640625
8.6220703125
8.7753515625
8.813671875
8.5709765625
8.7753515625
8.6220703125
8.9286328125
8.7753515625
8.7753515625
8.7753515625
8.7753515625
8.6220703125
8.6987109375
8.6220703125
8.8775390625
8.8264453125
8.9797265625
8.7753515625
8.9797265625
8.8264453125
8.7242578125
8.7242578125
8.966953125
8.7753515625
8.8775390625
8.7753515625
8.8775390625
8.6731640625
8.6220703125
8.7242578125
8.9286328125
8.6220703125
8.7242578125
8.660390625
8.9286328125
8.8264453125
8.6220703125
8.8775390625
8.7753515625
8.6220703125
8.6731640625
8.7753515625
8.6220703125
8.7753515625
8.8264453125
8.8264453125
8.7242578125
8.7242578125
8.7242578125
8.8264453125
8.8775390625
8.8264453125
8.7242578125
8.813671875
8.7753515625
8.5198828125
8.7242578125
8.7753515625
8.4687890625
8.8264453125
8.9286328125
8.8775390625
8.7753515625
8.6731640625
8.5454296875
8.7753515625
8.8775390625
9.0819140625
8.7753515625
8.9286328125
8.9286328125
8.9286328125
8.9797265625
8.9797265625
8.7753515625
8.7242578125
8.7753515625
8.6731640625
8.9797265625
8.7242578125
8.6220703125
8.9286328125
8.8264453125
8.7753515625
8.8519921875
8.8264453125
8.8264453125
8.9286328125
8.6731640625
8.9286328125
9.0308203125
9.0308203125
8.8775390625
8.8264453125
8.9286328125
8.966953125
8.7242578125
8.9286328125
8.8775390625
8.6731640625
8.6220703125
8.7242578125
8.7242578125
8.7242578125
8.6220703125
8.660390625
8.9797265625
8.9797265625
8.5198828125
8.7242578125
8.7753515625
8.5198828125
8.4687890625
8.7753515625
8.8264453125
8.660390625
8.9286328125
8.6731640625
8.9286328125
8.6220703125
8.7753515625
8.8264453125
8.9286328125
8.8264453125
8.8264453125
8.8775390625
8.966953125
8.7753515625
8.8775390625
8.6731640625
8.7753515625
8.9797265625
8.7242578125
8.7242578125
8.5198828125
8.6731640625
8.660390625
8.9797265625
8.8264453125
8.8775390625
8.6731640625
8.8775390625
8.9286328125
8.9797265625
8.6731640625
8.6731640625
8.73703125
8.8775390625
8.7753515625
8.9797265625
8.8775390625
8.7242578125
8.7753515625
8.7753515625
8.8775390625
8.7242578125
8.7753515625
8.813671875
8.7242578125
8.8264453125
8.8264453125
8.8264453125
8.6220703125
8.7242578125
8.6731640625
8.6220703125
8.6731640625
8.58375
8.7242578125
8.8775390625
8.7753515625
8.8264453125
8.9286328125
8.6731640625
8.8264453125
8.7753515625
8.7242578125
8.8519921875
8.7242578125
8.7242578125
8.7753515625
8.8775390625
8.7242578125
8.8264453125
8.7753515625
8.8264453125
8.7753515625
8.7242578125
8.6987109375
8.6220703125
8.8264453125
8.7242578125
8.7753515625
9.0819140625
9.0819140625
9.0308203125
8.6731640625
8.8264453125
8.813671875
8.9797265625
8.9286328125
8.9797265625
8.6731640625
8.5198828125
8.8264453125
8.8264453125
8.8775390625
8.660390625
8.6731640625
8.6731640625
8.6731640625
8.6731640625
8.7242578125
8.6220703125
8.6220703125
8.6220703125
8.6220703125
8.7753515625
8.8903125
8.6731640625
8.7753515625
8.5709765625
8.7242578125
8.8264453125
8.7753515625
8.8264453125
8.7753515625
8.6731640625
8.6220703125
8.7242578125
8.9286328125
8.8264453125
8.9797265625
8.6220703125
8.7242578125
8.6987109375
8.6220703125
8.7753515625
8.7753515625
8.8264453125
8.8775390625
8.7242578125
8.8264453125
8.7242578125
8.8775390625
8.6220703125
8.7753515625
8.58375
8.7753515625
8.8775390625
8.8264453125
8.8264453125
8.7753515625
8.8264453125
8.7753515625
8.7753515625
8.9286328125
8.7242578125
8.7753515625
9.0308203125
8.7242578125
8.8775390625
8.8264453125
8.9797265625
8.8264453125
8.6731640625
8.9286328125
8.7753515625
8.9286328125
8.8264453125
8.7242578125
8.6731640625
8.8264453125
8.8775390625
8.7753515625
8.5198828125
8.6220703125
8.6220703125
8.9286328125
8.8775390625
8.7753515625
8.9286328125
8.9286328125
9.0308203125
8.6220703125
8.6220703125
8.660390625
8.7242578125
8.6220703125
8.9797265625
8.5198828125
8.660390625
8.6731640625
8.8264453125
8.6731640625
8.6731640625
8.8775390625
8.7242578125
8.6731640625
8.8775390625
8.5709765625
8.6220703125
8.7242578125
8.8775390625
8.7753515625
8.7753515625
8.7753515625
8.8264453125
8.7242578125
8.6220703125
8.7753515625
8.9286328125
8.5454296875
8.6220703125
8.7242578125
8.8775390625
8.7753515625
8.9797265625
8.7242578125
8.7753515625
8.7753515625
8.813671875
8.6220703125
8.6220703125
8.5198828125
8.7242578125
8.5198828125
8.8264453125
8.5709765625
8.7242578125
8.7242578125
8.6731640625
8.660390625
8.6220703125
8.5709765625
8.5198828125
8.7242578125
8.5709765625
8.8264453125
8.6220703125
8.6220703125
8.7242578125
8.73703125
8.7242578125
8.6220703125
8.5198828125
8.6220703125
8.8264453125
8.6220703125
8.7753515625
8.7242578125
8.3666015625
8.6987109375
8.7753515625
8.7242578125
8.7242578125
8.8264453125
8.5198828125
8.6220703125
8.5198828125
8.7242578125
8.8264453125
8.7242578125
8.813671875
8.7242578125
8.8775390625
8.7242578125
8.6220703125
8.6731640625
8.5198828125
8.6731640625
8.8775390625
8.7753515625
8.7753515625
8.7753515625
8.9286328125
8.7242578125
8.7753515625
8.7242578125
8.6731640625
8.5198828125
8.4176953125
8.7242578125
8.7242578125
8.6987109375
8.6220703125
8.7753515625
8.5709765625
8.5198828125
8.6731640625
8.6220703125
8.5709765625
8.5198828125
8.6987109375
8.6220703125
8.7242578125
8.6220703125
8.6220703125
8.6220703125
8.6731640625
8.7242578125
8.7753515625
8.6731640625
8.58375
8.7753515625
8.8264453125
8.6731640625
8.5709765625
8.7242578125
8.6731640625
8.6220703125
8.6731640625
8.8264453125
8.6220703125
8.813671875
8.8264453125
8.4687890625
8.5198828125
8.5709765625
8.5709765625
8.7242578125
8.4176953125
8.6731640625
8.5454296875
8.8775390625
8.6220703125
8.7242578125
8.5709765625
8.6731640625
8.6220703125
8.6220703125
8.5709765625
8.6220703125
8.6220703125
8.660390625
8.7242578125
8.7242578125
8.7753515625
8.6731640625
8.8775390625
8.5709765625
8.8775390625
8.8775390625
8.7753515625
8.507109375
8.6220703125
8.6220703125
8.4687890625
8.5709765625
8.4176953125
8.4176953125
8.4687890625
8.5709765625
8.6731640625
8.6731640625
8.7753515625
8.7242578125
8.5709765625
8.6731640625
8.5709765625
8.5709765625
8.6220703125
8.5198828125
8.7242578125
8.7753515625
8.507109375
8.5198828125
8.6731640625
8.3666015625
8.4687890625
8.6731640625
8.4687890625
8.4176953125
8.7242578125
8.6220703125
8.58375
8.3155078125
8.5198828125
8.5198828125
8.7753515625
8.5709765625
8.4687890625
8.6731640625
8.6731640625
8.7753515625
8.5709765625
8.5454296875
8.7242578125
8.5198828125
8.7242578125
8.5709765625
8.4687890625
8.6731640625
8.3155078125
8.4176953125
8.4176953125
8.4687890625
8.3155078125
8.6220703125
8.4176953125
8.4687890625
8.4687890625
8.4176953125
8.507109375
8.7242578125
8.4176953125
8.6220703125
8.6220703125
8.4176953125
8.2644140625
8.5709765625
8.5709765625
8.5198828125
8.58375
8.6220703125
8.4687890625
8.3155078125
8.5198828125
8.5709765625
8.6220703125
8.3666015625
8.3155078125
8.4176953125
8.5709765625
8.4176953125
8.3155078125
8.5198828125
8.4687890625
8.3921484375
8.2133203125
8.2644140625
8.4176953125
8.4687890625
8.3155078125
8.2644140625
8.3155078125
8.4176953125
8.3666015625
8.4687890625
8.4687890625
8.4176953125
8.5198828125
8.4687890625
8.4687890625
8.5198828125
8.6220703125
8.4687890625
8.5198828125
8.7242578125
8.4687890625
8.1111328125
8.1622265625
8.4176953125
8.2644140625
8.3666015625
8.2133203125
8.3666015625
8.3666015625
8.2133203125
8.3155078125
8.5198828125
8.1111328125
8.2133203125
8.3155078125
8.4687890625
8.3155078125
8.2133203125
8.4687890625
8.3666015625
8.3666015625
8.353828125
8.4687890625
8.4176953125
8.4687890625
8.1111328125
8.1111328125
8.1111328125
8.5198828125
8.2133203125
8.2644140625
8.1622265625
8.2133203125
8.3155078125
8.2644140625
8.2644140625
8.1111328125
8.2133203125
8.2644140625
8.4687890625
8.1622265625
8.047265625
8.1622265625
8.3155078125
8.2644140625
8.1111328125
8.2644140625
8.3666015625
8.2644140625
8.3155078125
8.2644140625
8.3155078125
8.3155078125
8.4176953125
7.9578515625
8.0089453125
8.1622265625
8.0089453125
7.9578515625
8.2644140625
8.1111328125
8.1622265625
8.353828125
8.1622265625
8.2133203125
8.2644140625
8.4176953125
8.1111328125
8.0600390625
8.0600390625
8.2644140625
7.9578515625
8.12390625
8.1622265625
8.0089453125
7.8556640625
8.1111328125
8.1111328125
8.2644140625
8.0089453125
8.1622265625
8.1111328125
8.0089453125
8.1111328125
8.0600390625
8.2133203125
8.1111328125
8.1622265625
7.9067578125
8.1111328125
8.200546875
8.0089453125
7.9067578125
8.1622265625
8.0089453125
8.0600390625
8.1111328125
7.9578515625
7.9578515625
8.3155078125
8.0600390625
8.0855859375
8.3155078125
8.1622265625
8.1622265625
8.2133203125
8.2644140625
8.0600390625
8.0600390625
8.2133203125
8.1111328125
7.893984375
7.9067578125
7.9067578125
7.9067578125
8.0089453125
8.0089453125
7.9578515625
7.8556640625
7.9067578125
8.0600390625
7.9578515625
8.0089453125
8.1622265625
7.9578515625
7.9578515625
8.1111328125
7.9578515625
8.0600390625
8.2644140625
8.2133203125
8.2133203125
8.0089453125
8.0600390625
7.9578515625
8.0089453125
7.9578515625
7.9067578125
7.9578515625
7.8556640625
7.8045703125
8.2133203125
7.893984375
7.7534765625
7.8556640625
7.9067578125
7.9578515625
8.0089453125
8.0089453125
8.0600390625
7.9067578125
8.0089453125
7.893984375
7.8045703125
8.0600390625
7.7534765625
7.8556640625
7.7023828125
8.0089453125
7.9067578125
8.1111328125
7.7534765625
7.740703125
7.8556640625
8.1111328125
7.8556640625
7.9067578125
7.9067578125
7.9578515625
7.7534765625
7.7534765625
7.9578515625
7.893984375
7.8045703125
7.9067578125
7.8556640625
7.9578515625
8.0600390625
7.9578515625
7.6512890625
8.0600390625
7.8045703125
7.893984375
7.9578515625
7.8045703125
7.8556640625
7.9578515625
7.8556640625
8.0089453125
7.9067578125
7.81734375
7.8556640625
7.6001953125
7.6512890625
7.8556640625
7.7534765625
7.9067578125
7.8556640625
7.7534765625
7.7534765625
7.970625
7.6512890625
7.8045703125
7.9067578125
7.7023828125
7.6512890625
7.8556640625
7.9578515625
7.6001953125
7.8556640625
7.9578515625
7.8556640625
7.9578515625
7.9067578125
7.9067578125
7.7023828125
7.9578515625
7.8045703125
7.7534765625
7.7023828125
7.9067578125
7.7790234375
7.9067578125
7.9578515625
7.8556640625
8.0600390625
7.5491015625
7.6512890625
7.8045703125
7.8045703125
7.9578515625
7.8556640625
7.8045703125
7.9067578125
7.6001953125
7.8045703125
7.7023828125
7.7534765625
7.8556640625
7.6512890625
7.9578515625
7.7790234375
7.9578515625
7.8556640625
7.7534765625
7.9067578125
7.8556640625
7.7534765625
7.8556640625
7.7023828125
8.0600390625
7.8556640625
7.9578515625
7.8045703125
7.9578515625
7.8556640625
8.0089453125
7.9067578125
7.7023828125
7.7023828125
7.8556640625
7.893984375
7.7534765625
7.9578515625
7.8045703125
7.9067578125
7.9067578125
7.8556640625
7.8556640625
7.9578515625
7.9578515625
7.9578515625
7.7023828125
7.7023828125
7.6512890625
7.6001953125
7.7023828125
7.6001953125
7.9067578125
7.9067578125
7.7534765625
7.8556640625
7.8556640625
7.8045703125
7.6512890625
7.8045703125
7.9578515625
7.8556640625
7.9578515625
8.0089453125
8.0089453125
7.8045703125
7.7023828125
7.7534765625
7.9067578125
7.8556640625
7.8045703125
8.0089453125
8.0600390625
7.7534765625
7.8556640625
7.8556640625
7.9578515625
7.893984375
7.9067578125
7.9067578125
7.7023828125
7.6512890625
7.9578515625
7.8556640625
7.9578515625
8.0089453125
7.8045703125
7.8556640625
7.9067578125
7.7023828125
7.8045703125
7.7534765625
7.9067578125
7.7023828125
7.7023828125
7.9578515625
7.8556640625
7.970625
7.8556640625
7.8045703125
7.9067578125
7.9578515625
7.8045703125
7.7534765625
8.0089453125
7.9323046875
7.7534765625
7.9578515625
7.8045703125
7.7534765625
7.8556640625
7.9067578125
7.8556640625
8.0089453125
7.9067578125
7.8556640625
7.9578515625
7.9067578125
7.9578515625
7.7534765625
7.9578515625
8.1111328125
7.7534765625
7.8045703125
7.7023828125
7.8556640625
7.8556640625
7.7023828125
7.8556640625
7.9067578125
7.7023828125
8.0600390625
7.9067578125
8.0089453125
8.1111328125
7.9067578125
7.9578515625
8.0600390625
7.8556640625
8.1622265625
7.8045703125
7.9578515625
7.893984375
7.9067578125
8.0089453125
8.0089453125
7.9067578125
8.0089453125
7.9578515625
7.9578515625
8.0089453125
7.9323046875
8.1111328125
8.0600390625
7.9067578125
8.0600390625
7.9578515625
7.9578515625
7.8045703125
8.0600390625
7.9067578125
7.9323046875
8.0600390625
7.7534765625
7.9578515625
7.9067578125
8.0089453125
8.1111328125
7.9067578125
7.7534765625
7.9067578125
7.9067578125
7.893984375
8.0600390625
8.1111328125
7.9578515625
8.0089453125
8.0089453125
8.0089453125
7.8045703125
7.9323046875
7.9578515625
7.8556640625
7.8045703125
7.8045703125
8.1111328125
7.8556640625
7.9578515625
7.9067578125
7.9323046875
7.7534765625
7.8556640625
7.9067578125
8.0089453125
7.7023828125
8.0600390625
7.8556640625
7.9578515625
7.9067578125
7.893984375
8.1111328125
8.0600390625
8.1622265625
7.9578515625
8.0089453125
7.9067578125
7.9067578125
7.7534765625
7.7534765625
7.81734375
7.7534765625
7.8045703125
7.7534765625
7.8556640625
7.8045703125
7.893984375
7.9067578125
7.8556640625
7.7534765625
8.0600390625
7.9067578125
7.7534765625
7.6001953125
7.8556640625
7.8556640625
7.8556640625
7.9067578125
7.8556640625
7.7534765625
7.9067578125
7.8556640625
7.7534765625
7.8556640625
7.8045703125
7.8556640625
7.9578515625
7.9067578125
8.1111328125
8.0089453125
7.8556640625
8.0089453125
7.7534765625
8.0600390625
7.8556640625
7.8556640625
7.6640625
8.0089453125
8.0600390625
7.9578515625
7.9067578125
7.8556640625
7.9578515625
7.9578515625
7.8556640625
7.8556640625
7.970625
7.6001953125
8.1622265625
8.1111328125
7.8556640625
8.1622265625
7.8556640625
8.0600390625
8.1111328125
7.9578515625
8.0089453125
7.7534765625
8.0089453125
7.9578515625
7.9067578125
7.8556640625
8.1622265625
7.8045703125
7.8556640625
8.1622265625
7.893984375
7.9067578125
7.8045703125
7.8045703125
7.9067578125
7.7534765625
8.1111328125
8.0600390625
8.2133203125
8.0089453125
7.8045703125
7.7790234375
7.6001953125
7.7534765625
8.0089453125
7.7534765625
7.9578515625
7.9578515625
8.0089453125
8.0600390625
7.9067578125
7.893984375
8.0089453125
8.1111328125
7.9067578125
7.7534765625
8.0089453125
8.0089453125
7.8556640625
7.7790234375
7.8045703125
7.8045703125
7.7023828125
7.8045703125
7.7023828125
7.8556640625
8.0089453125
7.8556640625
7.7023828125
7.6640625
7.7023828125
7.9067578125
7.8556640625
8.0600390625
7.7534765625
8.0089453125
7.7023828125
7.8556640625
7.740703125
8.0089453125
7.7534765625
7.9067578125
7.7023828125
7.8556640625
7.6512890625
7.7534765625
7.8045703125
7.7023828125
7.970625
7.8556640625
8.0089453125
7.8045703125
7.8556640625
7.9067578125
7.8045703125
7.8556640625
7.8045703125
8.0089453125
7.9323046875
7.7534765625
7.8045703125
7.9067578125
7.9067578125
7.9067578125
7.8556640625
7.9578515625
7.7534765625
7.7023828125
7.7790234375
8.0089453125
7.8556640625
7.9067578125
8.0089453125
7.9067578125
8.0089453125
7.8556640625
8.0089453125
7.7534765625
7.7534765625
7.8556640625
7.7534765625
8.0600390625
7.9067578125
7.8045703125
7.9067578125
7.6001953125
7.7023828125
7.9067578125
7.7023828125
7.6640625
7.8556640625
8.0600390625
7.9578515625
7.7534765625
7.8556640625
7.7023828125
7.8556640625
7.9067578125
7.7023828125
8.047265625
8.0089453125
7.9578515625
7.9067578125
7.8045703125
7.9578515625
7.9067578125
7.9067578125
7.8556640625
7.8045703125
7.9323046875
7.8045703125
7.9067578125
7.7023828125
7.9067578125
7.7534765625
7.9067578125
7.8045703125
7.8045703125
7.8556640625
7.8045703125
7.8556640625
7.9067578125
8.0600390625
7.9578515625
7.8556640625
7.9578515625
7.9578515625
8.0600390625
7.8556640625
8.0089453125
7.8045703125
7.9578515625
7.8045703125
7.7534765625
7.9067578125
7.9067578125
7.8556640625
7.8556640625
7.970625
7.9578515625
7.9067578125
8.0089453125
7.8556640625
7.7534765625
8.0600390625
7.7534765625
7.6512890625
7.8045703125
7.8045703125
8.1111328125
8.1111328125
7.9323046875
8.0089453125
7.8045703125
7.7534765625
7.8045703125
7.8045703125
7.8556640625
7.8556640625
7.8556640625
8.12390625
7.9067578125
7.9067578125
8.0089453125
7.9578515625
7.9067578125
7.8556640625
8.0089453125
7.7534765625
7.8045703125
7.9323046875
7.9578515625
7.9578515625
7.6512890625
7.7534765625
7.7023828125
7.8045703125
7.9578515625
7.9578515625
7.8556640625
7.7023828125
7.7790234375
7.7534765625
7.7534765625
7.8556640625
7.7023828125
7.8556640625
7.9067578125
7.9578515625
7.9067578125
7.9067578125
7.6257421875
7.6512890625
7.5491015625
7.7534765625
7.8045703125
7.8045703125
7.9067578125
7.9578515625
7.9578515625
7.7534765625
7.970625
7.9067578125
7.5491015625
7.4469140625
7.6001953125
7.7534765625
7.8045703125
7.8556640625
7.9578515625
7.9067578125
7.7534765625
7.740703125
7.7534765625
7.6512890625
8.1111328125
7.9067578125
7.9578515625
7.8556640625
7.9067578125
7.9067578125
7.8045703125
7.7790234375
7.8045703125
7.8556640625
7.9067578125
7.9067578125
7.8556640625
7.7023828125
7.7534765625
7.8045703125
7.7534765625
7.81734375
7.9578515625
7.9067578125
7.8556640625
7.8045703125
7.8045703125
7.8045703125
7.6512890625
8.0089453125
7.7534765625
7.7790234375
7.8045703125
7.8556640625
7.8556640625
7.7534765625
7.7534765625
7.8045703125
7.7023828125
7.8045703125
7.8045703125
7.9323046875
7.9067578125
8.0089453125
8.0089453125
7.6001953125
7.9578515625
7.7534765625
7.6001953125
7.6512890625
7.4980078125
7.6640625
7.8556640625
7.9578515625
7.7534765625
7.7023828125
7.6512890625
7.9578515625
7.81734375
7.6001953125
7.9067578125
7.8045703125
7.8045703125
7.8045703125
7.8556640625
7.6001953125
7.7023828125
7.5491015625
7.6512890625
7.893984375
7.8556640625
7.6001953125
7.8045703125
7.7534765625
7.8045703125
7.8045703125
7.6512890625
7.7534765625
7.7023828125
8.047265625
7.8045703125
7.8556640625
7.7023828125
7.7023828125
7.6001953125
7.6512890625
7.7534765625
7.8045703125
7.8556640625
7.8045703125
7.970625
7.7534765625
7.9578515625
7.6512890625
7.9067578125
7.7534765625
7.6512890625
7.7023828125
7.8556640625
7.8556640625
8.0089453125
7.8045703125
7.6001953125
7.6001953125
7.6001953125
7.8556640625
7.6512890625
7.6001953125
7.8556640625
7.8556640625
7.81734375
7.8045703125
7.9067578125
7.8045703125
7.9067578125
7.8045703125
7.8045703125
8.0089453125
7.7534765625
7.7023828125
7.5491015625
7.7023828125
7.8045703125
7.7534765625
7.8045703125
7.6001953125
7.8045703125
7.7534765625
7.9067578125
7.7023828125
7.7023828125
7.81734375
7.7534765625
7.7534765625
7.7023828125
7.5491015625
7.7023828125
7.8045703125
7.6001953125
7.7534765625
7.6512890625
7.81734375
7.7534765625
8.1622265625
7.7534765625
7.8045703125
7.6001953125
7.893984375
7.8045703125
7.8556640625
7.9578515625
8.0089453125
8.0089453125
7.6512890625
7.7534765625
7.7534765625
7.8045703125
7.8556640625
7.8045703125
7.6512890625
7.8045703125
7.8556640625
7.81734375
7.8556640625
7.7023828125
7.9067578125
7.7023828125
7.9578515625
8.0089453125
7.7023828125
7.6512890625
7.8556640625
7.9578515625
7.8556640625
7.7534765625
7.9578515625
7.9578515625
7.8045703125
7.893984375
7.6001953125
7.6512890625
8.0600390625
7.8556640625
7.8045703125
7.7534765625
7.8045703125
7.9067578125
7.7023828125
7.7790234375
7.8556640625
7.9578515625
7.8045703125
7.9067578125
7.8045703125
7.8045703125
7.6001953125
7.8556640625
7.7534765625
7.8556640625
7.8556640625
7.8556640625
7.9067578125
7.7023828125
7.9578515625
7.9578515625
7.9067578125
7.9067578125
7.9578515625
7.8556640625
7.6512890625
8.0600390625
7.9578515625
7.9578515625
7.8556640625
7.9578515625
8.0600390625
7.9067578125
7.7023828125
7.893984375
7.8556640625
7.9067578125
7.9578515625
7.8556640625
7.8556640625
7.8556640625
7.9578515625
7.8045703125
7.7534765625
7.81734375
7.6001953125
7.6001953125
7.6512890625
8.0089453125
7.9067578125
7.8556640625
8.0089453125
8.0600390625
7.8556640625
7.8045703125
8.0089453125
7.8045703125
7.9578515625
7.8045703125
8.0600390625
7.8045703125
7.8556640625
7.9578515625
7.8556640625
7.8045703125
7.81734375
7.7534765625
7.7534765625
7.7534765625
7.6512890625
7.6512890625
8.1622265625
8.0089453125
7.8045703125
7.8556640625
8.0089453125
8.2644140625
7.9067578125
7.8045703125
7.9578515625
7.9578515625
8.0600390625
7.8045703125
7.9067578125
7.7534765625
7.8045703125
7.8045703125
7.893984375
7.8045703125
7.6512890625
7.9067578125
8.0089453125
7.7534765625
7.7023828125
7.9578515625
8.0600390625
7.6001953125
7.7023828125
7.9067578125
7.9578515625
7.9067578125
7.7023828125
7.8045703125
8.0089453125
7.7023828125
7.893984375
7.8556640625
7.7023828125
7.8556640625
7.9067578125
7.9067578125
7.8045703125
7.9578515625
7.7534765625
7.9578515625
7.51078125
7.8556640625
7.7534765625
7.9067578125
7.9067578125
8.0089453125
7.9578515625
7.7023828125
8.0600390625
7.8045703125
7.81734375
7.8045703125
7.7534765625
8.0600390625
7.7534765625
7.8556640625
7.7534765625
8.0089453125
8.0089453125
8.0600390625
7.740703125
7.8556640625
7.8556640625
7.8045703125
7.7534765625
7.9067578125
7.8556640625
7.7023828125
7.9067578125
7.8556640625
7.6001953125
7.81734375
7.7023828125
7.7023828125
7.8045703125
8.0089453125
7.9067578125
7.9578515625
7.9067578125
7.8556640625
7.8045703125
7.81734375
7.9067578125
7.9578515625
7.9067578125
7.9578515625
7.7534765625
7.6512890625
7.8556640625
7.970625
7.8045703125
8.0089453125
8.0600390625
7.7534765625
7.7534765625
7.7023828125
7.9067578125
7.8045703125
7.7023828125
7.6640625
7.7023828125
7.4980078125
7.6001953125
7.4980078125
7.8556640625
7.8556640625
7.7023828125
7.8045703125
7.7534765625
7.587421875
7.7534765625
7.7023828125
7.6001953125
7.6512890625
7.8556640625
7.4980078125
7.6512890625
7.6512890625
7.7534765625
7.7790234375
7.8045703125
7.7534765625
