9.14652157989
9.04665128068
9.00442183473
8.90955277602
8.96439625338
8.80655104667
8.95704004332
8.92945509894
8.84020623661
8.87910114404
8.80825538387
9.00246465505
8.87616052696
9.01825493851
8.94996947649
9.06567674277
9.05299754396
8.98817159346
8.87336603809
8.79616969751
8.85223180141
8.91358072713
9.10891194174
9.04203301879
9.02397028485
8.79609550094
8.92967436253
8.92967436253
8.74551474442
8.71177467556
8.7749982871
8.9692727869
9.05141139529
8.86394654109
8.94267437994
9.11034480551
8.99796877942
8.8286078438
9.02440421389
9.00364263824
9.02787489538
9.28089348496
9.22771903035
9.01796545754
9.00594379154
9.07164998845
8.9782910259
8.72635218044
9.05631313894
8.87454277223
9.01115997765
8.89312918405
9.12816512782
9.04022836945
9.05508795179
9.05465549321
8.85274787088
8.88833019387
9.08609904896
9.03416210712
9.01115997765
8.98047149737
8.91453252237
8.97596460583
8.87115924085
8.95317743588
9.1657669693
8.89122090927
8.95244845514
9.12930901937
9.04751694234
9.03112744792
9.07546217292
9.10195935252
9.03416210712
8.97101896004
8.87910114404
9.02071515169
8.99752450849
9.04903165098
9.05386259884
8.94953193839
8.99049485479
9.12509020876
9.16961120006
9.24270085309
9.15315511593
8.94748981101
9.00103274485
9.14252487092
9.05234869855
8.89320257106
8.95725863166
9.01854441019
8.83717882553
9.12237197573
9.20158399952
9.05335799354
8.90002491765
9.1125832041
8.98562983857
9.15985509858
8.71080072579
9.02303003367
9.13223958745
9.03517343368
8.84581528265
8.82765602564
9.08595539039
8.99972751434
8.97101896004
9.02006398409
9.22071446387
9.03531789967
9.03813452479
9.12938050783
9.161636184
9.08480604008
9.06985123206
8.98535746505
8.87910114404
8.75422299487
8.92419115649
8.98592036124
8.90530314483
9.09356616705
8.96104664914
8.90552300307
8.83429813026
8.88997296967
9.12417826032
8.77112992066
9.07560599758
9.12280122426
9.08214761039
9.05386259884
8.99564744834
9.04022836945
8.85584365617
8.8699084787
8.92336838498
8.99753357546
8.8657134591
8.99753357546
8.93340102026
9.03322291679
9.08918715893
9.07546217292
8.87417505957
8.92689662573
8.87080058445
8.99985442006
8.98265143955
8.9577686504
8.97203740409
9.04203301879
8.91965582787
9.03112744792
9.03827894344
9.03185007831
8.83214622897
8.92967436253
9.0730887368
8.94449871187
8.94705215165
8.82217414295
9.03394537956
9.00565391483
9.13223958745
9.05141139529
8.83178598826
8.99066726041
9.01825493851
8.89320257106
8.8699084787
8.88666875424
8.83466750266
8.95725863166
8.9166553918
9.00108712535
8.95704004332
9.01904191793
8.94887559112
8.7869645457
9.05876301614
8.86880471856
8.96818125604
9.15315511593
9.32963865335
9.02774838355
9.02888692618
8.94544721745
8.92896173616
9.0730887368
9.12723561038
8.84655305027
8.94705215165
9.06985123206
8.75191158484
8.99753357546
8.90713513103
8.82374602584
8.87586641167
9.01637314607
8.92419115649
8.83621869812
8.94996947649
8.92689662573
9.04535263285
9.04203301879
8.97589189549
9.05631313894
9.07811357388
9.11929510329
9.00442183473
8.93683401513
9.07869767676
8.83252492772
9.02397028485
8.78198677915
8.8286078438
9.06366078394
9.05933035643
8.64001015583
8.96861788433
8.99049485479
9.01224630308
8.9577686504
8.95864290067
8.79832112571
9.08918715893
8.9649786655
9.08710459533
8.94703391538
8.79609550094
9.0227407059
9.11378275944
8.97654626737
9.08918715893
8.98236081116
8.97407394545
9.17203081505
9.15493750484
9.26012551826
9.21717478092
9.25032377322
9.08509339129
9.29333198795
8.90903999706
8.987518068
9.21526278679
9.27829123871
9.00347954207
8.96416873837
9.2682270399
8.93668795711
9.02006398409
8.82971662877
8.87491046966
8.84397059435
8.97654626737
9.01825493851
8.91431288634
9.0507353952
9.05998770631
8.98417708435
8.95463521933
9.13752652637
9.23054765054
9.16726213948
9.04253825607
9.18234260364
9.00782776274
9.26794536672
9.16857021338
9.14416658778
9.22092680164
9.1657669693
8.9888250714
9.02418725198
8.98265143955
8.82025051695
8.73677913904
8.78206109492
9.09471441029
9.01731409138
8.95310454048
9.10324992497
8.88108551015
9.04095027242
9.15436717815
9.04903165098
9.12152236178
9.18411932804
9.18141857107
8.90750148305
9.04535263285
9.11485685411
9.03322291679
8.95317743588
8.71574426753
8.8756458188
9.01342300789
8.78741017828
9.15001726818
9.00746549119
9.11521485754
9.01637314607
9.0730887368
8.85031470848
9.03531789967
8.92879727585
8.93496246603
8.97807294963
9.15828745688
9.0730887368
9.1669061687
8.99347065629
9.10360838485
9.01021838966
9.11106115289
9.05631313894
9.25719137206
9.23853382343
9.04261043052
9.11027316767
9.10310653707
9.07697221823
9.04022836945
9.10432526227
8.9782910259
9.00050704977
9.02782971279
9.08854089716
9.03322291679
9.20690200467
8.94683331394
9.04708412186
9.08947437164
8.90075819193
9.04253825607
9.03618464706
8.98512140132
9.19535802919
9.05523210006
9.1311675375
9.26083027975
9.27632148603
9.12566236518
9.00050704977
9.18234260364
9.134811994
9.21377540594
9.26725875248
9.32663015882
9.33907762919
9.42595739085
9.08257875996
9.2064057875
9.19207483781
9.16733333198
9.10461199743
9.21426237254
9.30168524676
9.28426828512
9.06366078394
9.17544565583
9.23606096825
9.43523084034
9.24503074554
9.00413190903
9.1041818913
9.27715692328
9.27709536732
9.14052586109
9.35883362399
9.135240658
9.38786828387
9.2391695935
9.12380272564
9.23733280502
9.38112243858
9.57611754069
9.27810659216
9.49934190667
9.29199757915
9.23054765054
9.28553351895
9.22771903035
9.38870248453
9.21282796082
9.43730573733
9.39467875493
9.12425873002
9.19924310332
9.45727059627
9.17573016853
9.24199470911
9.29164638709
9.28033089895
9.39168240865
9.25695342756
9.18177397922
9.36273799684
9.18212937361
9.21391707161
9.45181726258
9.30315857268
8.96752627375
9.50984780969
9.66512089519
9.46458279109
9.37033291473
9.42321340045
9.33117750802
9.29347244088
9.30911965269
9.34857688698
9.31892958973
9.2936128917
9.30975060241
9.38738163258
9.27632148603
9.32019011823
9.15085532146
9.52020501333
9.22241302912
9.35095019362
9.54444207976
9.39405350941
9.22828482375
9.35402063778
9.53575394697
9.29593002378
9.2434598977
9.45181726258
9.64876586889
9.34124375118
9.55687901991
9.3232006909
9.24552488967
9.27716571696
9.43178031386
9.5161595007
9.57788935934
9.49308778355
9.42547270616
9.21632505472
9.3232006909
9.480636
9.16797403958
9.33446421127
9.37924386586
9.35409040889
9.24417475482
9.10403851807
9.41951597319
9.2131378835
9.30708630155
9.21193355406
9.42027809097
9.30414066034
9.09313553845
9.33096767915
9.24686600491
9.30647270318
9.40530156943
9.38786828387
9.20059096478
9.08925896296
9.31801910199
9.41140599213
9.3425711261
9.38160941455
9.31619785955
9.27145686729
9.36441080117
9.24383057125
9.33760997073
9.43564585624
9.20200955304
9.30315857268
9.30322872524
9.27681396341
9.2131378835
9.25399182855
9.34208211518
9.25046487916
9.19416024386
9.26139405033
9.15450976315
9.1735249643
9.25180527832
9.12659204285
9.16854351986
9.19377869428
9.31535716602
9.36671041931
9.32192306661
9.35067101234
9.38056586366
9.27160645056
9.23210302223
9.20009440722
9.21193355406
9.31227397375
9.45181726258
9.3046316653
9.14186453209
9.34389831246
9.29726386816
9.21936954445
9.21604179525
9.36343503496
9.20668934344
9.48166853719
9.1710345803
9.11127604612
9.19918989421
9.21880320388
9.41944668669
9.28890663332
9.06041991038
9.21412956602
9.40703618326
9.35311356601
9.33047806009
9.4366055106
9.21335039588
9.4016231297
9.29438533324
9.34208211518
9.20831962068
9.49081878659
9.4583056842
9.18262690265
9.39328926391
9.47891485474
9.12659204285
9.08925896296
9.1605675743
9.31878952049
9.23351676914
9.01210146726
9.37023714561
9.49068125419
9.3913436311
9.43530001092
9.40849301172
9.23945214394
9.24488955665
9.22071446387
9.28258103841
9.33986377992
9.26695944318
9.33572264226
9.31668822908
9.26477595339
9.02223435998
9.05069032673
9.31096856493
9.16028259066
9.05234869855
9.40904793466
9.24496015137
9.26061885694
9.34312996439
9.38160941455
9.61984021814
9.41286214428
9.38160941455
9.49075002064
9.46547918083
9.23683822264
9.31199363292
9.24199470911
9.05090665333
9.22715320226
9.17217312546
9.32823947426
9.0330784173
9.07610936596
9.14052586109
9.36921844993
9.32924515544
9.02563356622
9.22708247131
9.26090075295
9.21936954445
9.15172895487
9.1818450592
9.21258887049
9.30631491421
9.41944668669
9.31766889071
9.33467396155
9.41300081369
9.24806578527
9.42027809097
9.31661817787
9.11507165785
9.26329652273
8.99789624689
9.20668934344
9.06872682815
9.30245701801
8.88277554644
9.14145402716
9.15579292826
9.17857481047
9.20477517131
9.29838695713
9.25180527832
9.2884147971
9.44904624704
9.51341580175
9.40037352084
9.29017123546
9.42969554964
9.32103037586
9.08875632286
9.16176084702
9.31647807387
9.1561493311
9.42325668726
9.38745115574
9.15365421981
9.24743062682
9.15992634864
9.09571900422
9.12659204285
9.26068933175
9.01676220267
9.04369297814
9.12873709151
9.34389831246
9.24065288689
9.1710345803
9.23118397063
9.28194824182
9.36343503496
9.04513617342
9.25892730061
9.22269609292
9.11865097534
9.28089348496
9.21582934493
9.09263311264
9.08516522767
8.9582057862
8.9649786655
9.0015221575
9.16989589378
9.10368007513
9.19164882434
8.97014591596
8.78741017828
9.14509438434
9.05818663405
9.19761121728
9.02317469407
9.23304848945
9.25716493409
9.17544565583
9.2893984435
9.1861088514
9.11829310682
9.00195716863
9.1818450592
9.10023830454
8.99637292865
9.193122037
8.95514538748
8.9601726334
8.96344975299
8.90566957222
9.11206394461
8.96395941947
9.2047042684
9.12430343511
9.09442736307
9.01745884348
8.94678772207
9.14801989558
9.00442183473
8.961702105
8.77246916362
8.99434143633
8.87910114404
8.91614302132
8.99941930729
9.29480663794
9.00788210221
8.81121866334
8.92287468566
8.80069450508
8.87910114404
8.84979849712
8.73511689211
9.02071515169
8.9601726334
8.92960127527
8.93709873922
8.91760685888
8.93960866417
9.17110574352
9.14630751476
8.84079683009
9.11972449665
8.94668741915
9.03907320479
8.8929090194
8.72795066769
9.06589271177
9.0789852213
8.88769686401
8.87424860333
8.99245463967
8.97407394545
8.99513957731
9.1029631469
8.71806526655
8.96809938587
8.96556103978
9.08602721996
8.97501932543
8.94668741915
8.98090752814
8.92272839913
8.85599104752
8.88879827824
8.91299495646
8.70675392207
8.78438314575
8.7802030121
8.86424105189
8.92799320402
9.08092590879
9.03878439056
8.92484931908
8.96439625338
8.93917061895
8.65427492513
8.94276560537
8.94661447087
8.98061684331
9.09442736307
9.07668460992
9.06358877712
9.03669021132
9.02143861611
9.03856777383
9.08451867978
9.06386780037
8.99209174877
8.98788114357
9.11700466383
8.88093853527
8.87777798689
8.84404438927
8.90662221287
8.93318184813
8.85599104752
8.91151205238
8.76204743405
8.98635612762
8.89312918405
9.00963890199
8.77968267845
8.94872972964
9.01326008869
8.92960127527
8.92404489154
9.05184400885
8.93923450188
8.90273773082
9.00695828653
8.79008349929
9.11822153143
8.82187822779
8.75355200322
8.81344046911
8.73003480491
8.76420723855
8.77710843153
8.93091675456
8.82224812019
8.74780919307
8.70750347206
8.95652998309
8.96745349499
8.86497728606
8.92572679372
9.05379051409
8.97472844989
9.02932061894
8.9349350746
8.99622783727
9.00224716437
8.8582752999
9.05559246069
8.82550250482
8.92835870019
8.99463167761
8.95039787849
8.98257878333
8.96090098577
8.92960127527
8.6535961836
9.15172895487
9.08602721996
8.97501932543
8.8854201753
9.11671831843
8.79941518479
8.77105551228
8.92404489154
8.87520461663
8.92572679372
8.92821250352
8.84404438927
8.96876342237
8.6282182942
8.92404489154
8.97000040035
8.82748967795
8.91248237555
9.1283796184
9.08933076642
8.82897745426
8.92024116113
9.06027584464
8.88601694447
8.97930864515
8.86659678606
8.78733590775
8.62216493004
8.92835870019
8.69580313458
8.76413277139
8.88402449706
8.78050033178
8.78622177452
8.84765958635
8.8854201753
8.616561782
8.8865218717
8.87652815737
8.94355010571
8.65676318874
8.99463167761
8.80840357152
8.72576319026
8.80403098732
8.98911549079
8.84913475255
8.77797279356
8.8657134591
8.86725922354
8.83104698696
9.03466778455
8.73946794763
8.79490827078
8.58985892761
8.84736452359
8.64574908275
8.64574908275
8.88299596225
8.91175006595
9.0330784173
8.88769686401
8.72659524416
9.05926732038
9.06546076862
8.93281654931
8.72741787114
8.79535350087
8.86983489897
8.77700618953
8.78429956257
8.86136915413
8.60837766908
8.53811381065
8.79631808876
8.78518178935
8.73593871664
8.90442365757
8.9107979735
8.92177747824
8.81208893734
8.78585036538
8.83156429436
8.72741787114
8.68356093981
8.8032896561
8.61103077982
8.68912088379
8.74273448382
8.91877775594
8.89534887315
8.83052964926
8.79854365722
8.72734309007
8.79691162874
8.66505224028
8.73197830516
8.74557071374
8.77135314202
8.82187822779
8.75138956905
8.70945200014
8.88365717687
8.74101737126
8.73115610785
8.79557610746
8.79557610746
8.80618049493
8.79067746022
8.72367803253
8.73212778726
8.84078760237
8.76845082109
8.76845082109
8.85739114305
8.75056919562
8.73534103374
8.953541904
8.82649152597
8.77945966887
8.76845082109
8.97283752903
8.74243587978
8.86652317884
8.77745232769
8.81543961552
8.80358619608
8.86637596257
8.99078522025
8.81916829294
8.85429589883
8.7698648923
8.68453794446
8.99289008942
8.88666875424
8.58126908553
8.78651889053
8.69054786307
8.70885249947
8.73509821338
8.91006552547
8.97785486806
8.83658799024
8.87616052696
8.72450093457
8.67980220473
8.68453794446
8.98337796939
8.7689904278
8.88468563513
8.98265143955
8.66128547299
8.7698648923
8.77656002869
9.0004345377
8.78191246276
8.9018579901
8.86558463323
9.02548894522
8.75056919562
8.9742921189
8.69219986221
8.83230325237
8.73294989309
8.50955438893
8.81232963625
8.87233626768
8.76979047318
8.54583063802
8.57305128112
8.92148486681
8.61156130388
8.74482442663
8.72465054478
8.68453794446
8.94267437994
8.87476339252
8.78078835061
8.5993509698
8.66377172315
8.75034544406
8.56490179189
8.59373294698
8.75034544406
8.74251053174
8.76979047318
8.70480479005
8.79499175314
8.83008619282
8.79052897375
8.79631808876
8.70053016494
8.6079985865
8.99034966855
8.81692017248
8.73534103374
8.80010122024
8.75055054987
8.8027706871
8.84714322007
9.01202904847
8.74557071374
8.66557945704
8.67318287461
8.79587290749
8.88403367987
8.65314365968
8.81558768241
8.59054270503
8.86122185224
8.83747422836
8.83836037762
8.78540465368
8.7785675739
8.81381071562
8.66105941486
8.71557578386
8.96730793569
8.69632848707
8.90735494405
8.96745349499
8.98809898186
8.67288187593
8.69962997623
8.89657771896
8.70930212884
8.85597262374
9.05487172508
8.94092267108
8.95383346781
8.80543934468
8.71754122401
8.87057066887
9.03502896539
8.73160458871
8.69542786338
8.7050390838
8.85974869856
8.78844989974
8.69467727238
8.78934099168
8.75608659076
8.64967352305
8.81247775538
8.87704281437
8.69587818688
8.84825890228
8.76865550341
8.59373294698
8.70885249947
8.73862778382
8.6535961836
8.88277554644
8.86858395004
8.85392734529
8.84072300807
8.69114862636
8.77269235091
8.53648933248
8.81277398619
8.70772832448
8.93018595665
8.74482442663
8.67137672581
8.89657771896
8.68303481485
8.81558768241
8.69632848707
8.77376171119
8.7230046913
8.97640085552
8.80440162952
8.75936555655
8.85974869856
8.72135852722
8.62594878045
8.57518257921
8.63902811545
8.70885249947
8.53344977247
8.75183701306
8.78807858477
8.83562779863
8.94143362161
8.61738544597
8.74407807583
8.68438764321
8.79201372561
8.81632797953
8.59965454215
8.5504879228
8.68468824311
8.52939534082
8.55453235759
8.73593871664
8.79201372561
8.80099113249
8.75608659076
8.94165259147
8.73668576277
8.76822752585
8.72524895999
8.77031139373
8.76688763493
8.59798476157
8.68181333041
8.72135852722
8.79260755615
8.54292809516
8.61406190579
8.71896355191
8.80425337451
8.57624802963
8.53520864356
8.85702271832
8.77844676241
8.70945200014
8.75138956905
8.99027707455
8.80440162952
8.79587290749
8.76822752585
8.76688763493
8.81381071562
8.58357892547
8.85392734529
8.76145153222
8.80944081527
8.88593431728
8.81195932751
8.85392734529
8.67814784554
8.86431467806
8.90940627075
8.72845539232
8.62867212531
8.80462400735
8.84883973899
8.90097816244
8.8484709582
9.02440421389
8.65751706683
8.80232583218
8.54262250697
8.83178598826
8.86434228771
8.73608813098
8.9526671556
8.80950563895
8.75347744542
8.79587290749
8.85613843642
8.74333166131
8.70218026906
8.76599426053
8.69767924774
8.68070444958
8.87718985374
8.76337875579
8.77031139373
8.74407807583
8.88446526124
8.77269235091
8.75936555655
8.97414667052
8.72794132066
8.80321551955
8.73399609767
8.79513088864
8.71334774907
8.91702135269
8.6397646562
8.7547448417
8.61481952064
8.73205304653
8.58697126708
8.62647838706
8.79000925135
8.86298931343
8.86931982372
8.61004543412
8.73845974136
8.6127738076
8.79253332952
8.81381071562
8.62715926208
8.86343112366
8.81766035773
9.08150084767
8.76145153222
8.78934099168
8.76644095911
8.74349961014
8.69767924774
8.7563847293
8.8987782127
8.95317743588
8.71214924264
8.51415486333
8.8142549909
8.84057536216
8.72248094552
8.86061420602
8.66557945704
8.82668561992
8.68386156833
8.88813744608
8.66143617513
8.70218026906
8.68761854712
8.70208652153
8.6995549563
8.88072725463
8.82424527122
8.7784188826
8.76815309283
8.89034002892
8.88754999847
8.9222163774
8.74929187024
8.84883973899
8.87454277223
8.97947218034
8.93018595665
8.82513274882
8.83296826173
8.54667066382
8.69054786307
8.72868905125
8.7343697118
8.70218026906
8.9188509319
8.81195932751
8.7563847293
8.61800077572
8.7563847293
8.95907999382
8.88419896883
8.80425337451
9.01463575824
9.02700735011
9.16747571532
8.9915836769
8.98968722655
9.07121831944
9.13202518752
8.81869651271
8.92470306492
8.71334774907
8.63275553175
8.84323261128
8.66083335082
8.71334774907
8.84825890228
8.7250245591
8.69129881069
8.98395915096
8.82897745426
8.8610008948
8.73399609767
8.90603598453
8.79490827078
8.81766035773
8.90821582617
8.82979054281
8.73205304653
8.95667571755
9.04787761026
8.81329236615
8.85223180141
8.79824694728
8.87226270808
8.88813744608
8.924931586
8.8873296956
8.60314485429
8.93719914975
8.67844866157
8.64038783395
9.08803821734
8.84647927628
8.68972174573
8.82187822779
8.92180491007
8.66060728089
8.72098435568
8.92353294535
8.79513088864
8.96861788433
8.71836470529
8.77708054747
8.76145153222
8.77581637688
8.95747721468
8.82865404596
8.67679404431
8.71806526655
8.80847766441
8.72098435568
8.91196976515
8.92543431176
8.95405213443
8.99898417348
8.96359537494
8.77694112582
8.70907731706
8.80195510257
8.54499052963
8.77656002869
8.71214924264
8.6055720626
8.76572436911
8.71963720521
8.80291896708
8.7156600261
8.66181291902
8.84197789871
8.67844866157
8.76502633552
8.66505224028
8.80217754221
8.80275215193
8.87233626768
8.92748148425
8.70908668433
8.89767803386
8.84957725446
8.78377018397
8.85001973425
8.8477333505
8.84057536216
8.97464663944
8.65585844837
8.91892410726
8.69197460808
8.89501870654
8.72225647341
8.87012921425
8.85613843642
8.74467516157
8.95470810228
8.87483693139
8.76145153222
8.6257974583
8.76413277139
8.80195510257
8.81729027287
8.81329236615
9.00268214047
9.0063061243
8.75347744542
8.87704281437
8.93257909706
8.59768113026
8.8507571514
8.76203812339
8.69445208244
8.85245297773
8.7149954263
8.99593764748
8.85731745933
8.58590714734
8.75809882893
8.80232583218
8.84618417415
8.95261248098
8.83333768974
8.78057466012
8.81455116198
8.72734309007
8.88013012997
8.89092729219
8.80944081527
8.7971341959
8.69129881069
8.79735675744
8.78496820573
8.58423469265
8.91409324489
9.00260964591
8.80210339629
8.69460220971
8.77656002869
8.83178598826
8.99005928903
8.87299827666
8.8100890306
8.89987825555
8.91643580806
8.85429589883
8.53520864356
8.86652317884
8.54155286219
8.91680177796
8.88953247858
8.94734392694
8.97816381539
8.77202277202
8.77953400603
8.64295560749
8.66957020074
8.87079138794
8.8226919706
8.87226270808
8.73653635865
8.87983614616
8.87129718176
8.87704281437
8.98475821423
8.8610008948
8.85001973425
8.78057466012
8.84684814009
8.8484709582
8.79869200843
8.87667520527
8.83769577401
8.85738193262
8.9417985684
8.94201752933
8.78228403844
8.88013012997
8.72711874303
8.77953400603
8.86475642223
8.68062926609
8.69077315417
8.80291896708
8.72457574
8.76502633552
8.84633172645
8.96257597159
8.65367160196
8.70855273367
8.86622874386
8.66196361199
8.58902312572
8.76061347668
8.8227659435
8.86659678606
8.82705531087
8.75265726767
8.96301287294
8.87667520527
8.94084967576
8.65301166907
8.87402797024
8.71734469994
8.70293021296
8.69114862636
8.80529110715
8.83429813026
9.00079709224
8.81662408098
8.57837853349
8.75973808864
8.84338021282
8.76212191893
8.68959031073
8.8610008948
8.73653635865
8.83318992039
8.75004709974
8.90281103862
8.85282159264
8.90104231948
8.78956375055
8.69460220971
8.78496820573
8.6406144329
8.96789015871
8.96577942038
8.75750265842
8.8489134933
8.72951148092
8.72031080646
8.8489134933
8.81070016138
8.70208652153
8.80625460653
8.89987825555
8.80076866287
8.85466443702
8.83917260307
8.7562356613
8.81136680115
8.9079410856
8.8111445935
9.03235588518
8.94238245229
8.70855273367
8.94807332353
8.82823821787
8.76606871188
8.93062444257
8.92609238269
8.93062444257
8.80773670746
8.85265571783
9.00289962064
8.66580539727
8.78518178935
8.82550250482
8.81662408098
8.82187822779
9.02729654113
8.90772128704
8.86630235352
8.73619085185
8.71439630699
8.82823821787
8.78874694043
8.92682351572
9.03928980941
9.11242205777
9.04354864594
8.89833815749
8.97421939501
8.6483435637
8.87233626768
8.910871215
9.19100976712
8.85466443702
9.06747632726
9.0091318197
9.03156103309
8.97421939501
9.08940256932
9.05535822791
8.93274348775
9.22962844407
9.01246355246
9.19228783714
8.95405213443
9.03596796801
9.0129704473
8.99905669724
8.96162927894
8.9006298733
8.9417985684
8.86475642223
8.95164650776
8.89833815749
8.86048530601
8.77953400603
8.72592212804
8.62155935986
9.12687807847
8.83572012928
8.8610008948
8.9862108745
9.00608872639
9.15130106321
9.00463927288
8.96970936205
9.03329516566
9.06805211888
9.01716933695
9.08940256932
9.14539768203
9.00608872639
9.11908039903
9.13881207607
9.20101656422
8.8802036244
8.92484931908
8.95827864009
9.01094269685
8.80781080596
8.60493688282
8.68927110317
8.83245103656
8.72524895999
8.73235200562
8.69707893556
8.80529110715
8.86718562182
8.99216432812
8.94055768853
8.87667520527
9.03156103309
8.96847234393
8.93274348775
9.16284712434
9.00645105332
9.05523210006
8.72210682213
8.8873296956
8.8610008948
8.89687114957
9.00861565306
9.02975429087
8.96308568776
8.91680177796
9.10002315066
8.89943825473
8.8706442425
8.70637912288
8.86004334889
8.82882961194
8.92155802057
8.59639057754
8.90471682964
8.93632280161
8.76428170507
8.8481759225
8.73817966342
8.75258270225
8.87748392519
9.06747632726
8.86450794384
8.88696251202
8.98497612824
8.78243266431
8.77298992512
8.90442365757
8.98395915096
8.96308568776
8.86792161153
8.99811384273
9.02229765477
8.8111445935
8.74116669879
8.81662408098
8.56825392207
8.96672567487
8.79498247736
9.02194500669
8.91636261228
8.8170682145
8.73280042506
8.8772541827
8.77626257553
9.00442183473
8.9862108745
8.86475642223
8.8437492059
8.82032451033
8.64997532933
8.83872958026
8.68916782762
8.82786857646
9.06387680098
8.86792161153
9.06747632726
8.94712509636
9.05025765801
8.80232583218
8.8170682145
8.91738729856
8.80254826245
8.86497728606
8.94522834047
8.82668561992
8.87204202562
8.80008267945
8.9291627391
8.92419115649
8.80775523214
9.13066720445
8.77626257553
8.99289008942
8.82032451033
8.75973808864
8.64303111869
8.69913295714
8.84684814009
8.88386838783
8.83363322102
8.95441656695
8.74467516157
8.68513912346
8.75817334739
8.75258270225
8.85834897565
9.05616900788
8.99978190272
8.89774221469
8.83983709565
8.89283562997
8.73817966342
8.90955277602
8.88439180206
8.86291567625
8.94136063046
8.88351024454
8.73003480491
8.58028032205
8.79540915305
8.64431470821
8.97480116966
9.02071515169
9.02288537094
8.82032451033
8.89283562997
8.86497728606
9.02433189383
8.99782371377
8.88806401725
9.14445207367
8.94238245229
8.65714013599
8.78518178935
8.8802036244
8.75973808864
8.79983237488
9.04304346512
8.89129431203
8.83363322102
8.88681563434
8.63925475006
8.79498247736
8.55689708435
8.66241567516
9.07754740752
8.98395915096
8.93578417
9.05523210006
8.94413387526
8.8610008948
8.71986174474
8.72614650585
8.910871215
8.76390936612
8.68754342346
8.73249213916
8.74116669879
8.7646540282
8.58902312572
8.64499417845
8.85834897565
8.89731127735
8.77150195311
8.95973559356
8.91614302132
8.83429813026
8.74467516157
8.59844018843
8.72786654408
8.85466443702
9.05083454504
9.00442183473
8.79624389345
8.80781080596
8.58028032205
8.72248094552
8.67969881651
8.63857482839
8.7978760458
8.62413273944
8.77656002869
8.75690644732
8.73235200562
8.77066485792
8.6433331569
9.05422301398
8.78872837568
8.84197789871
8.87542522046
8.69775428385
8.87741040824
8.85400105723
8.69430195258
8.74116669879
8.90368152263
8.81588380872
8.73280042506
8.84249456663
8.78451316244
8.48651460876
8.77098110327
8.67476294633
8.78956375055
8.80247411965
9.02035339771
8.89534887315
8.82032451033
9.03799010383
8.88681563434
8.75124041597
8.65578304907
8.6881443945
8.91381868547
8.73392137293
8.69837330705
8.73257621821
8.70705374981
8.76428170507
8.70330516068
8.76428170507
8.66851622058
8.7978760458
8.95827864009
8.86291567625
8.58248586883
8.76664568835
8.84972475018
9.01087026875
8.94945901329
8.78243266431
8.6801217605
8.80232583218
8.80195510257
8.89943825473
8.73324882147
8.74967415505
8.78651889053
8.88835772893
9.05616900788
8.7504946124
8.87946865271
8.77074857103
8.73399609767
8.75258270225
9.02939289904
8.91277528254
8.82520670126
8.76309016475
8.94880266068
8.79023199329
8.61981810862
8.79574305871
8.70637912288
8.80351206202
8.74071870856
9.10862534194
8.74071870856
9.02939289904
8.81099645195
8.97327393075
8.62753750276
8.71852377794
8.72749265156
8.82054648672
8.82668561992
8.87946865271
8.8610008948
8.94931316131
8.80810719372
8.80773670746
8.74788379919
8.81383848348
8.89129431203
8.80951489943
8.99289008942
8.95084448853
8.78295283504
8.71454609068
8.81877051912
9.05234869855
8.75256406079
8.94055768853
8.78495891937
9.06855590655
8.7270439594
8.75921653928
8.65578304907
8.78235835169
8.7248749553
8.81558768241
8.96199340333
8.92353294535
8.99066726041
9.03134424311
8.91548421601
8.68716779545
8.94770863267
8.94136063046
9.01999162923
8.94136063046
8.83363322102
8.94194454295
8.79908141847
8.76740872795
8.98577510108
8.77150195311
8.83562779863
8.79691162874
8.87623405426
8.75690644732
8.99978190272
8.87189490092
8.96940921892
9.00463927288
8.84972475018
8.71259870187
9.01695220096
8.94756275216
8.92272839913
8.93588459531
8.98286940467
8.92353294535
8.8477610119
8.79520509334
8.84116593099
8.77827018877
8.82054648672
8.73220252735
8.7248749553
8.84928225565
8.89540389973
8.76740872795
8.71896355191
8.73509821338
8.82698137392
8.9376372916
8.96556103978
8.89731127735
9.12115566184
8.95120905163
8.93705309769
8.87998313928
8.81499539995
8.84103674743
8.80951489943
8.97458300858
8.68153142498
8.77016256245
9.08918715893
8.76309016475
8.9102852662
8.89129431203
8.82143433644
9.09298301926
8.66316906136
8.72524895999
8.81877051912
8.95346901156
8.93960866417
8.95427079572
9.03647354438
8.72046048856
8.98345061914
8.7735106557
8.910871215
8.90662221287
8.96636174265
8.86357838884
9.05263708003
8.93128213109
9.0063785891
9.29129518175
8.96119231014
8.90310426379
8.88651269146
8.74788379919
9.02397028485
8.8328204862
8.91365394576
8.80773670746
8.99172884322
8.99289008942
8.89657771896
8.87741040824
8.81958454866
8.86173739817
9.02194500669
8.65789398125
8.62753750276
8.72779176686
9.0128980355
8.68183212378
8.78235835169
8.96956383937
8.85157745579
8.90075819193
8.91811914526
9.27055051706
9.01036325576
8.99804131137
9.14331007663
9.0676922534
9.27026891448
8.89011979519
9.07649586202
8.92843179763
9.01268079659
8.91548421601
8.66316906136
8.61928809278
8.77150195311
8.98098019788
8.93128213109
8.68959031073
8.87998313928
8.910871215
8.94136063046
8.88314290308
8.53375568913
8.92821250352
8.90075819193
8.81003347116
9.03112744792
8.95682144964
8.93939877018
8.910871215
8.81455116198
8.95689431479
9.14331007663
8.8987782127
8.99122075085
8.716043786
8.85886468877
9.05580867019
8.89278976127
8.89731127735
9.03134424311
8.6758913928
8.65879850894
9.00086960139
8.77596511228
8.83156429436
8.98744545113
9.07589364007
8.71869220463
8.66972075887
8.68506397836
8.72083468257
8.87189490092
8.8678480153
8.96636174265
9.00115963217
9.03849556709
8.78473604373
8.69845771589
8.94194454295
8.77827018877
8.94194454295
8.69467727238
8.93676098642
8.74452589395
8.88204078756
8.82779464632
8.85886468877
8.98503060592
8.82779464632
8.91694816172
9.00572638489
8.88894512316
8.78555322676
8.87196846357
8.82283991577
9.05833073301
8.9886072507
8.82528065308
8.82143433644
8.70165526987
8.8706442425
8.69310082032
8.92294782802
8.85862525427
8.75832238241
8.76420723855
8.91343428807
8.7283899667
9.08322544593
8.91343428807
9.03928980941
8.93537332746
9.08775095924
8.82016727367
8.83156429436
8.76621761267
8.83363322102
8.60253794521
8.70540456946
8.78295283504
8.7694927904
8.88402449706
8.73959863252
8.6347492714
8.67115093076
8.74661540872
8.91804596329
8.65988193335
8.88519981962
8.9365418967
8.62307320556
8.87042351977
8.87946865271
8.80247411965
8.73690986415
8.55323529439
8.85599104752
8.60365690053
8.93588459531
8.89239528068
8.82690743635
8.61444072154
8.70053016494
8.63472092761
8.86527176261
9.01087026875
8.80366032951
8.83563703174
8.97458300858
8.87446923092
8.5957072653
8.80128774992
8.80506874617
8.80543934468
8.78495891937
8.80655104667
8.82698137392
9.02392508271
8.87748392519
8.85282159264
8.77098110327
8.79550190589
8.56695893635
9.0063061243
8.97858178603
8.92843179763
8.76487741449
8.82541006727
8.74370487654
8.81558768241
8.73018432029
9.07049882545
8.75161329392
8.8796891506
8.91431288634
8.98744545113
8.87446923092
8.71212115066
8.74967415505
8.91804596329
8.93186670244
8.69775428385
8.87189490092
8.91343428807
9.09564725119
8.62435976548
8.71971205236
8.85282159264
8.88651269146
8.79283023226
8.83799115956
8.79646647751
8.93128213109
8.80892220866
8.69422688667
8.92638484309
8.97858178603
8.83156429436
8.79898870336
8.7283899667
8.80254826245
8.847069451
8.99920174301
8.70554513678
8.59213797407
8.5501826048
8.7840673829
8.70547953898
8.66708561393
8.97858178603
8.74892821796
8.76011060488
8.78495891937
8.67225162611
8.88953247858
8.70165526987
8.91204299701
8.91526460342
8.8660815227
8.88953247858
8.81877051912
8.99717088942
8.91519139802
8.81307020705
8.68959031073
8.73309935856
8.91892410726
8.75832238241
8.71454609068
8.73750743974
9.06625264867
8.89731127735
8.67115093076
8.87748392519
8.85862525427
8.73750743974
8.78495891937
8.8756458188
8.59897148928
8.65254025763
8.80454988203
8.85298746434
8.74669002502
8.62814265336
8.76522179053
8.82054648672
8.96687124362
8.65812012203
8.77618821066
8.97661897242
8.81032978415
8.75101668157
8.9102852662
8.78785578825
8.95203837739
8.8796891506
8.91262883024
8.94909437889
8.53696715227
8.85775955246
8.85392734529
8.6365347422
8.74370487654
8.86527176261
8.80099113249
8.59229938361
8.76241985211
8.73959863252
8.70540456946
8.73750743974
8.72756743135
8.85223180141
8.79809858856
8.71312304167
8.51062805539
8.60570478081
8.88696251202
8.89789808051
9.12752162583
8.90940627075
8.78495891937
8.84699568131
8.69430195258
8.85864367254
8.81995453726
8.78057466012
8.88894512316
8.78605464235
8.95485386638
8.95857004974
8.592973473
8.81808593612
8.90969927887
8.81032978415
8.77618821066
8.64506967184
8.92645795669
8.94595790956
8.86262112142
8.87711633436
8.83621869812
8.78931314643
8.9097725294
8.69775428385
8.75772622712
8.64899442043
8.70720365981
8.75161329392
8.72135852722
8.67476294633
8.88204078756
8.75692507953
8.84869222851
8.80543934468
8.95492674754
9.02223435998
8.90508328116
8.72427651444
8.96199340333
8.74661540872
8.73750743974
8.61981810862
8.81667034593
8.69332604526
8.81032978415
8.82054648672
8.75772622712
8.74131602377
8.82195220751
8.56695893635
8.6370636997
8.82402338787
8.80543934468
8.85201061957
8.92675040511
8.95084448853
8.82779464632
8.80308577907
8.77090669362
8.95689431479
9.13831216157
8.82335770435
8.90684203856
8.86262112142
8.84153501647
8.86063262016
9.07812256036
8.8591593685
8.68181333041
8.7539993367
8.72966100526
9.03394537956
8.76241985211
8.77358504327
8.73571459035
8.7345938726
8.88953247858
8.68153142498
8.69296943641
8.79342400766
8.88747656479
8.65201224631
8.81499539995
8.82897745426
8.69805442181
8.75101668157
8.77276674541
8.74601845544
8.88784372713
8.97456482825
9.10869699273
9.03474002188
8.84271598649
8.77120432841
9.08214761039
8.84404438927
8.70405500766
8.87336603809
8.73160458871
8.76538931992
8.81995453726
8.78362158073
8.61269803112
8.82779464632
8.95230265187
8.90969927887
8.69242511049
8.53757872257
8.84522502425
8.81675362223
8.80655104667
8.8409444723
8.8678480153
8.95682144964
8.77938533109
8.68386156833
8.78057466012
8.71162484422
8.59775703909
8.68543969736
8.96834499414
8.94851093295
8.89789808051
8.83799115956
8.774700781
8.78763298609
8.716043786
9.05270917396
8.85223180141
8.88152642018
9.12610933742
8.95084448853
8.90369068516
8.63320912436
8.56787306424
8.7694927904
8.61057601889
8.88171931144
8.95951706564
8.87711633436
8.66640787573
8.77618821066
9.03105518171
8.7081030656
8.92558055394
9.0609241224
8.72427651444
8.62814265336
8.85775955246
8.71237397515
8.82897745426
9.13216812136
8.97349212365
8.76182397561
8.81032978415
8.74101737126
8.85392734529
8.6665584888
8.74131602377
8.81483806823
8.8925420662
8.98976890012
8.85105210106
8.97850909688
8.96432344921
8.82757285218
8.97858178603
8.76241985211
8.67528957295
8.67428331212
8.85459073061
8.808329478
8.92645795669
8.83717882553
8.83740037858
8.76011060488
8.62753750276
8.75571390332
8.87542522046
8.46610101217
8.83363322102
8.83429813026
8.94194454295
8.61951524642
8.90684203856
8.83363322102
8.64718321935
8.69250019195
8.6242840908
8.76396521797
8.88519981962
8.83799115956
8.85392734529
8.6758913928
8.80425337451
8.97145545022
8.6533699246
8.69997693499
8.98148886957
8.80425337451
8.74452589395
8.80655104667
8.77507266205
8.79431459559
8.73937460008
8.88644842953
8.69482739576
8.52074454506
8.66437434302
8.58111697549
8.68418097474
9.05270917396
8.77864191861
8.88270207329
8.8227659435
8.51446147325
8.6885950955
8.83156429436
8.57175702017
8.86173739817
8.89270719701
8.83016010377
8.87939515219
8.66557945704
8.95951706564
8.88696251202
8.81995453726
8.76495187532
8.59251775638
8.7799521408
8.70045515277
8.76390936612
8.86851035932
8.79898870336
8.75101668157
8.84323261128
8.65525523558
8.91863140221
8.79342400766
8.79014846572
8.90251780379
8.65872313524
8.70547953898
8.66851622058
8.79342400766
8.83540620113
8.86004334889
8.97145545022
8.76480295303
8.75608659076
8.76018510623
8.92236267232
8.87998313928
8.98010812223
8.88953247858
8.70293021296
8.54491415205
8.74780919307
8.80343792734
8.60271812581
8.87196846357
8.9291627391
8.65668779732
8.90684203856
8.97283752903
8.8756458188
8.90112480642
8.65284196391
8.7671109643
8.87427618207
8.96548824506
8.95259425604
8.70375507662
8.90610926518
8.56009986561
8.98177952617
8.7015802674
8.75727908401
8.63296343132
8.7551175704
8.6026896765
8.8182524612
8.87277761249
8.72427651444
8.85230552746
8.78911822717
8.79273745123
8.78911822717
8.85215807474
8.9557284012
8.86004334889
8.66098406084
8.74131602377
8.72427651444
8.71312304167
8.84935600627
8.66284888023
8.88292249092
8.92097277371
8.71896355191
8.76390936612
8.81307020704
8.7003051265
8.92331353085
8.98432237035
8.7149954263
8.80054618762
8.71220542631
8.64725869364
8.72165785289
8.73750743974
8.64635295873
8.8409444723
8.82875568984
8.81329236615
8.92104593166
8.97431939021
8.74452589395
8.87277761249
8.88351024454
8.84323261128
9.01767596727
8.79691162874
8.78094629241
8.90588942141
8.98764514612
8.67528957295
8.84611039708
8.77217157175
8.92331353085
8.91826550739
8.87196846357
8.84979849712
8.5377316083
8.8503884505
8.89534887315
8.89907157076
8.71873898925
8.7744776448
8.64989987874
8.69662867424
8.67513911146
8.77886494897
8.7744776448
9.01021838966
8.75504302593
8.86359679682
8.97174643187
8.90779455383
9.04340431144
8.94055768853
8.99100298819
8.82343167166
8.83762192608
8.89738462986
8.87924814933
8.90203211235
8.88696251202
8.82757285218
8.95011531777
8.84611039708
8.89173471585
8.7454960879
8.77217157175
8.84469006855
8.76130255042
8.83762192608
9.04203301879
9.07848201238
8.92250896484
8.7987661831
8.82195220751
8.77633693976
8.86599870972
9.03799010383
9.02078750074
8.85658058841
8.79817276824
8.8226919706
8.92250896484
8.79082594418
8.74348094931
9.10879551166
8.88784372713
8.95120905163
9.07200969692
9.02397028485
8.88519981962
8.88894512316
8.58970696968
8.9053306274
8.81995453726
8.74586921076
8.87630758095
8.86858395004
8.90610926518
8.88953247858
8.98432237035
8.81477328376
9.05955548162
8.66301838936
8.95367857572
9.08688913047
8.81803042706
8.81218151462
9.0487431546
9.00579885435
8.92104593166
8.74900281453
8.96556103978
8.915557419
8.85738193262
8.98976890012
8.72779176686
8.85459073061
8.65668779732
9.01673505973
8.9961552907
8.95466255051
8.81092238024
8.86334828592
8.88953247858
8.91262883024
8.79052897375
8.99746103942
8.8756458188
9.10253296286
8.95230265187
9.01115997765
8.8142549909
8.92645795669
9.04044494639
8.80942229413
8.75698097592
8.97145545022
8.67416104818
8.79691162874
8.69550291892
8.87079138794
8.82587224533
9.07280100538
9.08839727719
9.00861565306
9.00405942615
8.93676098642
8.9877359151
8.99463167761
8.84323261128
9.176085797
8.96381380343
8.99746103942
8.8756458188
8.98903381129
8.87233626768
8.84301120435
9.0144909608
8.99717088942
8.90376398512
8.90779455383
8.96301287294
9.11936667025
8.88314290308
8.92994843446
8.74295843016
8.88747656479
8.98148886957
8.91262883024
8.76599426053
8.81032978415
8.83016010377
9.07373609913
8.88180197784
9.11886568971
8.84444102641
8.76390936612
8.7539993367
8.88644842953
8.66354572989
8.82387546254
8.72853951026
8.71873898925
9.05818663405
8.78747516447
8.81136680115
8.71162484422
8.80343792734
8.98010812223
8.95339611853
8.79357244525
8.83754807753
8.80825538387
8.81477328376
8.81700344642
8.64876804103
8.82032451033
8.75161329392
8.80655104667
8.73750743974
8.91094445589
8.91746048594
9.04340431144
8.81032978415
8.83073289268
8.95310454048
8.86262112142
8.79342400766
8.74407807583
8.9365418967
8.86372565158
8.76904624729
8.7495995642
8.94843799954
8.89144111573
8.9601726334
8.91965582787
8.84367540851
8.67709490728
8.82283066927
8.81329236615
8.74780919307
8.91519139802
8.83784346802
8.98853464262
8.83304214857
8.90537643151
8.68874532397
8.8534850608
8.67436795538
8.78911822717
8.99100298819
8.86173739817
8.69550291892
8.93712612402
8.81218151462
8.88762343154
8.88270207329
8.93500811824
9.07228846119
8.95492674754
8.81032978415
8.74101737126
8.81136680115
8.915557419
8.85459073061
9.06402080947
8.97472844989
8.90574285588
8.86343112366
9.01081594729
8.84758582158
8.8999515869
8.74370487654
8.70045515277
8.6365347422
8.86343112366
8.8096630659
8.8227659435
8.91694816172
8.78580393813
8.89400978817
8.96650731731
8.99506702197
8.59957865007
8.73750743974
8.98984149823
8.75869495887
8.98010812223
8.97669167687
8.83075136913
8.85658058841
8.63479651083
8.88351024454
8.96381380343
8.91262883024
8.9022245593
8.65352076459
8.9097725294
8.89474355833
8.78911822717
8.76390936612
8.85230552746
8.7003051265
8.98976890012
8.81447712014
8.98699158238
8.82875568984
8.96556103978
8.82335770435
8.81255181402
8.87307183017
8.6133042243
8.73668576277
8.71641816962
8.95310454048
8.86497728606
8.79382292799
8.98519403697
8.81136680115
8.83016010377
8.72165785289
8.48651460876
8.96308568776
8.83917260307
8.87924814933
8.96046398145
8.83397491674
8.89129431203
8.69219986221
9.03705131132
8.95120905163
8.61951524642
8.74094270655
8.89481693202
8.62375434943
8.8699084787
8.87843959012
8.84382300266
8.9557284012
8.88351024454
8.93880556486
8.8435278119
8.92331353085
8.80936673048
8.8874031305
8.86359679682
8.88696251202
8.75727908401
9.01087026875
9.0089869338
8.66911851065
8.86762722297
9.11177744396
8.94836506552
8.8616085145
8.63479651083
9.08214761039
9.03799010383
8.80936673048
9.01434616104
8.90354408344
8.87307183017
8.88351024454
8.72607171388
8.85423140306
8.85407476855
8.8096630659
8.70547953898
8.63479651083
8.81307020704
8.55247222414
8.81995453726
8.82934704925
8.50625585175
8.8333931026
8.74900281453
8.58408263516
8.88270207329
8.71671766494
8.75459574578
8.83895109444
8.88093853527
8.97472844989
8.95120905163
8.97603731559
8.75101668157
8.91833868756
8.86593429909
8.88270207329
8.87674872831
8.99746103942
9.09693871914
8.71397502656
8.9769824888
8.8142549909
