12.1303524971
12.1313729286
12.1325554848
12.1335570812
12.1345543861
12.1355502605
12.1365504265
12.1375515461
12.1383068562
12.1396021843
12.1405510902
12.1415505409
12.1425507069
12.1435501575
12.1445434093
12.1455564499
12.1465449333
12.1475493908
12.1515405178
12.1525349617
12.1535379887
12.1542947292
12.1555829048
12.1565358639
12.1575360298
12.1585335732
12.1595304012
12.1605319977
12.1615285873
12.1625275612
12.1635344028
12.1645290852
12.1655342579
12.1665370464
12.167579174
12.1685767174
12.1695256233
12.1702907085
12.1715500355
12.1725239754
12.1735310555
12.1745247841
12.1755223274
12.1765301228
12.1775279045
12.1785225868
12.1795217991
12.1805200577
12.1815276146
12.1825227737
12.1835212708
12.1845221519
12.1855204105
12.1865170002
12.187515974
12.1885135174
12.1895139217
12.190515995
12.1915130615
12.1925151348
12.1935169697
12.1945242882
12.1955156326
12.196516037
12.1975104809
12.1985061169
12.199505806
12.2005045414
12.2015163898
12.2025208473
12.2035160065
12.2045087814
12.2055134773
12.2065629959
12.2075138092
12.2085077763
12.2095093727
12.2105028629
12.2115223408
12.2126026154
12.2135181427
12.2145080566
12.2155079842
12.2165234089
12.2175409794
12.2185301781
12.2195546627
12.2205240726
12.2215678692
12.2225158215
12.2235116959
12.2245025635
12.2254998684
12.2264938354
12.2274942398
12.228497982
12.2295207977
12.2305018902
12.2315349579
12.2324974537
12.2344944477
12.2354917526
12.2364885807
12.2374992371
12.2384898663
12.2395036221
12.2404868603
12.2414860725
12.2424867153
12.2435035706
12.2444858551
12.2454857826
12.2464931011
12.2474825382
12.2484917641
12.24949193
12.2504856586
12.2514939308
12.2524859905
12.2534871101
12.2544879913
12.2594890594
12.2604794502
12.2614808083
12.2624835968
12.2634780407
12.264475584
12.2694802284
12.270468235
12.2714679241
12.2724947929
12.273471117
12.2744684219
12.2754852772
12.2764997482
12.277500391
12.2784712315
12.2794988155
12.2804706097
12.2814650536
12.2824654579
12.2834732533
12.2844684124
12.2854812145
12.2864797115
12.2875082493
12.2884669304
12.2894644737
12.2905085087
12.2914845943
12.2924909592
12.2934696674
12.2944667339
12.295466423
12.2964634895
12.2974593639
12.2984609604
12.2994594574
12.3004975319
12.3015041351
12.3024587631
12.3034603596
12.3044617176
12.3055081367
12.3064544201
12.3075137138
12.3084521294
12.3094527721
12.3104512691
12.3114504814
12.3124547005
12.3134548664
12.3154504299
12.3164513111
12.3174493313
12.3184499741
12.3194491863
12.3204524517
12.3214530945
12.3224496841
12.3244721889
12.3254561424
12.3264455795
12.3274562359
12.328448534
12.3294520378
12.3304505348
12.3314459324
12.3324449062
12.3334465027
12.3344478607
12.3354418278
12.3364565372
12.3404486179
12.3414382935
12.3424408436
12.3464376926
12.347435236
12.348430872
12.3494327068
12.3504266739
12.351462841
12.3524310589
12.3534369469
12.3544270992
12.3554236889
12.3564653397
12.3574635983
12.3584353924
12.3594212532
12.3604636192
12.3614292145
12.3624281883
12.3634471893
12.364426136
12.365436554
12.3664259911
12.3674242496
12.3684229851
12.3694598675
12.3704211712
12.3714163303
12.3724181652
12.3734209538
12.3744192123
12.3754162788
12.3764135838
12.3774089813
12.3784091473
12.3794059753
12.380405426
12.3814034462
12.3824067116
12.3834071159
12.3844015598
12.3854417801
12.3864130974
12.387444973
12.3884086609
12.389405489
12.3904132843
12.3913998604
12.3924043179
12.3934071064
12.3944058418
12.395399332
12.3964445591
12.3973972797
12.3984417915
12.3993976116
12.4004025459
12.4014034271
12.4024031162
12.4034016132
12.4044046402
12.4054002762
12.4064061642
12.4153881073
12.4164061546
12.4173839092
12.4183971882
12.4193809032
12.4203972816
12.4213852882
12.4223890305
12.4233772755
12.4243879318
12.4253771305
12.4263875484
12.4273705482
12.428388834
12.4293706417
12.4303684235
12.431374073
12.4324710369
12.4333763123
12.4343676567
12.4353640079
12.4363684654
12.4373729229
12.4383761883
12.4393703938
12.4403631687
12.4423677921
12.4433689117
12.4443690777
12.4453589916
12.4463799
12.4473598003
12.4483752251
12.4493682384
12.4503719807
12.451366663
12.4523572922
12.4533545971
12.4543552399
12.4553537369
12.4563500881
12.4573488235
12.4583580494
12.4593508244
12.4603571892
12.4614057541
12.4624025822
12.463354826
12.4643654823
12.4653432369
12.4663622379
12.4673581123
12.4683420658
12.4693548679
12.4703879356
12.4716246128
12.4723477364
12.4733445644
12.4743418694
12.4753453732
12.476598978
12.4773528576
12.4785861969
12.479385376
12.4804468155
12.4813499451
12.4823455811
12.4833443165
12.4843378067
12.4853355885
12.486345768
12.4873371124
12.4883449078
12.4893445969
12.490350008
12.4913527966
12.4923539162
12.4933414459
12.4943435192
12.4953405857
12.4963405132
12.4973437786
12.4983348846
12.4993493557
12.5003397465
12.5013718605
12.5023288727
12.5033273697
12.5043287277
12.5053255558
12.5063309669
12.5073263645
12.508330822
12.5093295574
12.5103228092
12.5113258362
12.5123221874
12.5133183002
12.5143198967
12.5153181553
12.5163230896
12.517326355
12.5183312893
12.5193257332
12.5203244686
12.5213184357
12.5223174095
12.5233201981
12.5243170261
12.5253176689
12.5263221264
12.5273191929
12.5283145905
12.5293238163
12.5303146839
12.5313205719
12.5323386192
12.5333111286
12.5343129635
12.5353116989
12.5363128185
12.5373287201
12.5385477543
12.539545536
12.5403797626
12.5413064957
12.5423076153
12.5435523987
12.5445466042
12.545548439
12.5465734005
12.5473017693
12.5485434532
12.5495798588
12.5505392551
12.5515429974
12.5525403023
12.5535371304
12.5545372963
12.5552895069
12.5565807819
12.5573337078
12.5585746765
12.5593295097
12.5605330467
12.5615334511
12.562530756
12.5632936954
12.5645310879
12.5655322075
12.5664684772
12.5675318241
12.568530798
12.5695285797
12.5705292225
12.5715308189
12.5725286007
12.5735282898
12.5745286942
12.5755274296
12.5765273571
12.577600956
12.5784552097
12.579562664
12.5805227757
12.58157897
12.582354784
12.583565712
12.5845787525
12.585568428
12.5865225792
12.5875604153
12.5885260105
12.5895626545
12.5905315876
12.5915279388
12.5925574303
12.593517065
12.5945162773
12.5955140591
12.5965130329
12.5975136757
12.5985078812
12.599550724
12.6005644798
12.6015205383
12.6025292873
12.6035237312
12.6045224667
12.6055111885
12.6065163612
12.6075108051
12.6085071564
12.609508276
12.6105084419
12.6115124226
12.6125113964
12.6135079861
12.6145071983
12.6155247688
12.616528511
12.6175186634
12.6185231209
12.6195156574
12.6205768585
12.621515274
12.6225116253
12.6235158443
12.6245808601
12.6255567074
12.6265573502
12.6275706291
12.6285088062
12.6295034885
12.6305208206
12.6315152645
12.6325097084
12.6335058212
12.6345067024
12.6355090141
12.6365029812
12.6375029087
12.6385018826
12.6394987106
12.6404867172
12.6415069103
12.6425225735
12.6435024738
12.6444971561
12.6454968452
12.6464850903
12.6474988461
12.6485021114
12.649523735
12.6505053043
12.6514847279
12.6524951458
12.6534917355
12.6544938087
12.6554894447
12.6564891338
12.6574888229
12.6584854126
12.6594843864
12.6604831219
12.6614820957
12.6624786854
12.6634793282
12.6644759178
12.6654844284
12.6664831638
12.6674692631
12.6684675217
12.6694908142
12.6704704762
12.6714885235
12.6724655628
12.6734786034
12.674469471
12.6754684448
12.676461935
12.6774647236
12.6784651279
12.6794626713
12.6804690361
12.6814851761
12.6824629307
12.6834661961
12.684494257
12.6854617596
12.686470747
12.6874742508
12.6884634495
12.689467907
12.6905224323
12.6915204525
12.6925280094
12.6935193539
12.694488287
12.6955289841
12.696460247
12.6974585056
12.6984601021
12.6994915009
12.7004570961
12.7014629841
12.7024571896
12.7034606934
12.7044520378
12.7054533958
12.7064564228
12.7074971199
12.7084703445
12.7094635963
12.7104589939
12.711463213
12.7124586105
12.7144534588
12.7154510021
12.7164587975
12.7174503803
12.718449831
12.7194640636
12.7204573154
12.7215979099
12.7224481106
12.7234592438
12.7244477272
12.7254493237
12.7264451981
12.7274608612
12.7284460068
12.7294473648
12.730448246
12.7314476967
12.7324407101
12.7334425449
12.7344405651
12.7354371548
12.7364695072
12.7374851704
12.7384693623
12.7394456863
12.7405042648
12.7415149212
12.7424485683
12.7434432507
12.7444474697
12.7454440594
12.7464900017
12.7474427223
12.7484424114
12.7494738102
12.7504684925
12.7514517307
12.7525169849
12.754440546
12.7554383278
12.7564432621
12.7574355602
12.7584338188
12.7594349384
12.7604382038
12.7614319324
12.7625024319
12.7634811401
12.7644369602
12.7654366493
12.7664399147
12.7674324512
12.7684342861
12.7694783211
12.770434618
12.7714414597
12.772441864
12.7734324932
12.7744352818
12.7754282951
12.7764248848
12.7774240971
12.7784216404
12.77942729
12.7804231644
12.7814269066
12.7824213505
12.7834210396
12.7844173908
12.7854166031
12.7864117622
12.7874631882
12.7884175777
12.7894227505
12.7904179096
12.7914717197
12.7924215794
12.7934191227
12.7944140434
12.7954108715
12.79641366
12.7974097729
12.7984149456
12.7994103432
12.8004193306
12.8014149666
12.8024511337
12.8034100533
12.8044064045
12.8054082394
12.8064088821
12.8074042797
12.8084149361
12.8094065189
12.8104100227
12.8114097118
12.8124237061
12.81340909
12.8144156933
12.815404892
12.8164079189
12.8174049854
12.8184070587
12.819409132
12.8204083443
12.8213973045
12.8224081993
12.8233952522
12.8244023323
12.8253984451
12.8264033794
12.8273823261
12.828404665
12.8293848038
12.8303821087
12.8313958645
12.8323969841
12.8333990574
12.8343863487
12.8353853226
12.8364012241
12.8374037743
12.8384075165
12.8394327164
12.8404080868
12.8413770199
12.8424274921
12.843382597
12.8443849087
12.8453793526
12.8463759422
12.8473756313
12.8483858109
12.8493783474
12.8503851891
12.8513791561
12.8553712368
12.8563725948
12.8573691845
12.858376503
12.8593752384
12.860378027
12.8613653183
12.8623740673
12.863363266
12.8643760681
12.8653833866
12.8663816452
12.8673903942
12.8683769703
12.8693666458
12.8703610897
12.8713622093
12.8723628521
12.873364687
12.8743610382
12.8754868507
12.8763625622
12.8773729801
12.8783733845
12.8793640137
12.8803749084
12.8813593388
12.8823597431
12.8833646774
12.884386301
12.8853652477
12.8863606453
12.8873708248
12.8883602619
12.8893680573
12.8903610706
12.8913567066
12.8923556805
12.8933529854
12.8943545818
12.8953561783
12.8963580132
12.8973553181
12.8983542919
12.8993535042
12.9003539085
12.9013500214
12.9023625851
12.9033558369
12.9043548107
12.9053530693
12.906373024
12.9073622227
12.9083499908
12.9093494415
12.910369873
12.9113562107
12.9124076366
12.9153506756
12.916343689
12.917345047
12.9183409214
12.9193351269
12.9203386307
12.9213349819
12.9223356247
12.9233341217
12.9243297577
12.9253284931
12.9263305664
12.9273293018
12.9283325672
12.9293320179
12.9303297997
12.9313325882
12.9323396683
12.933331728
12.934325695
12.935324192
12.9363133907
12.9373106956
12.9383141994
12.9393136501
12.9403111935
12.9413118362
12.9425492287
12.9433062077
12.9443061352
12.9453060627
12.9463050365
12.9473040104
12.9483046532
12.9493079185
12.9505479336
12.9515483379
12.9533400536
12.9545490742
12.9553043842
12.9563038349
12.9575822353
12.9585416317
12.9595413208
12.9605398178
12.9615421295
12.962584734
12.963301897
12.9645388126
12.9655387402
12.966458559
12.9675378799
12.9685339928
12.9695372581
12.9705798626
12.9712967873
12.972537756
12.9735341072
12.9745326042
12.9755666256
12.9765312672
12.9775326252
12.9785330296
12.9793009758
12.9805307388
12.9815261364
12.9825291634
12.9835305214
12.9845280647
12.9855256081
12.9865241051
12.9875257015
12.9885253906
12.9895243645
12.9905428886
12.9915263653
12.9925308228
12.9955239296
12.9965231419
12.9975214005
12.9985234737
12.9995429516
13.0005178452
13.001527071
13.0025372505
13.0035200119
13.004481554
13.0055141449
13.0065186024
13.0075144768
13.0085165501
13.0095126629
13.0105097294
13.0115096569
13.0125088692
13.0135118961
13.0145089626
13.015460968
13.016459465
13.0175075531
13.0185112953
13.0195095539
13.0205059052
13.0215084553
13.0225059986
13.0235102177
13.0245049
13.0255036354
13.0265038013
13.0275046825
13.0284993649
13.0295045376
13.0305261612
13.0315079689
13.032504797
13.0335025787
13.0345013142
13.0355112553
13.0365097523
13.0375070572
13.0385022163
13.0395004749
13.040514946
13.041498661
13.0425095558
13.0435080528
13.0444991589
13.0454952717
13.046495676
13.0474953651
13.0484933853
13.049489975
13.0504894257
13.0514876842
13.0524885654
13.0534894466
13.0545089245
13.0554857254
13.0565702915
13.0575215816
13.0584843159
13.0594828129
13.0604846478
13.0614824295
13.0624837875
13.0634896755
13.0644814968
13.065571785
13.0664825439
13.0674796104
13.0684957504
13.0694847107
13.070492506
13.0715651512
13.0724880695
13.0734884739
13.0744862556
13.0754840374
13.0764892101
13.0774919987
13.0784862041
13.0794842243
13.0804824829
13.0814778805
13.0824813843
13.0834770203
13.084482193
13.0854811668
13.0864772797
13.087471962
13.0884759426
13.0894691944
13.090474844
13.09147048
13.0924723148
13.0935218334
13.094471693
13.0953457355
13.096473217
13.0974707603
13.098474741
13.0994718075
13.1004686356
13.1014411449
13.1024768353
13.1034653187
13.1044642925
13.1054663658
13.1064662933
13.1074607372
13.1084778309
13.1094660759
13.1104738712
13.1114997864
13.1124687195
13.1134679317
13.1144704819
13.1154646873
13.1164674759
13.1174674034
13.1184585094
13.1194682121
13.1204669476
13.1214609146
13.1224601269
13.123465538
13.1244575977
13.1254541874
13.1264607906
13.1274530888
13.1284558773
13.1294629574
13.1304550171
13.1315002441
13.1324622631
13.1334543228
13.1344907284
13.1354551315
13.1364510059
13.1374537945
13.1384501457
13.1394503117
13.1404511929
13.1414480209
13.142496109
13.1434612274
13.1444582939
13.1454584599
13.1464715004
13.147444725
13.1484470367
13.1494467258
13.1504478455
13.1514472961
13.1524460316
13.1534430981
13.1544394493
13.1554400921
13.1564464569
13.1574540138
13.1584448814
13.1594362259
13.1604342461
13.1614339352
13.1624362469
13.1634454727
13.1644487381
13.1654379368
13.1664378643
13.1674315929
13.1684327126
13.1694347858
13.1704323292
13.1714322567
13.1724295616
13.1734290123
13.1744329929
13.1754286289
13.1764292717
13.1774230003
13.1784276962
13.1794204712
13.1805238724
13.1814243793
13.1824157238
13.183475256
13.1844873428
13.1854412556
13.1864171028
13.1874706745
13.1884715557
13.1894698143
13.1904153824
13.191411972
13.1934185028
13.1944177151
13.1954410076
13.1964206696
13.1974196434
13.1984307766
13.1994330883
13.2004652023
13.2014276981
13.2024464607
13.2034800053
13.2044434547
13.2054686546
13.206466198
13.207526207
13.2084379196
13.209405899
13.2104091644
13.2114207745
13.2124421597
13.2134048939
13.2144134045
13.2154083252
13.216404438
13.217407465
13.2184095383
13.2194037437
13.2203996181
13.2214808464
13.2224078178
13.223398447
13.2243995667
13.2254481316
13.2263863087
13.2274019718
13.228443861
13.2294094563
13.2303872108
13.2315070629
13.2323896885
13.2333860397
13.2343859673
13.2353861332
13.2363946438
13.2373793125
13.2383794785
13.2393736839
13.2403783798
13.2414472103
13.2424004078
13.2434532642
13.2443876266
13.2453837395
13.2463974953
13.2473888397
13.2484021187
13.2493729591
13.2503876686
13.2513797283
13.2523822784
13.2533731461
13.2543742657
13.2553713322
13.2563693523
13.2573642731
13.2583832741
13.2593660355
13.2603657246
13.2613642216
13.2623679638
13.2634203434
13.2643690109
13.2653620243
13.2663607597
13.267364502
13.2683675289
13.2693593502
13.2703621387
13.2713673115
13.2723648548
13.2733681202
13.2743682861
13.2753658295
13.2763643265
13.277374506
13.2783522606
13.2794139385
13.2804167271
13.2813584805
13.282356739
13.2833526134
13.2843594551
13.2854187489
13.2864243984
13.28764081
13.2883503437
13.2893505096
13.2903499603
13.2913532257
13.2923533916
13.2933514118
13.294349432
13.2953543663
13.2963511944
13.2973508835
13.2983500957
13.2993514538
13.3003463745
13.3013558388
13.3024175167
13.3033621311
13.3044030666
13.3056373596
13.3063545227
13.3073425293
13.3083436489
13.3093442917
13.3103890419
13.3113582134
13.3133411407
13.3143408298
13.3153553009
13.316331625
13.317340374
13.3183386326
13.3193359375
13.3203361034
13.3233466148
13.3243377209
13.3253424168
13.3263380527
13.3273470402
13.3283393383
13.3293390274
13.3303396702
13.331328392
13.3323299885
13.3333296776
13.3343272209
13.335334301
13.3363296986
13.3373277187
13.3383285999
13.3393261433
13.3403263092
13.3413255215
13.3423223495
13.343326807
13.3443245888
13.3453214169
13.3463203907
13.3473546505
13.3483219147
13.3493232727
13.3503189087
13.3513150215
13.3523147106
13.3533227444
13.3543195724
13.3556036949
13.3563210964
13.3573255539
13.3583185673
13.3593192101
13.3603117466
13.3613271713
13.36231637
13.3635671139
13.3643128872
13.3653144836
13.3665602207
13.3675529957
13.3685564995
13.3695533276
13.3705518246
13.3716008663
13.3725502491
13.3735399246
13.374548912
13.3755447865
13.376547575
13.3775477409
13.3785636425
13.379550457
13.380589962
13.3815562725
13.3823385239
13.3835484982
13.3845436573
13.3855407238
13.386585474
13.3875389099
13.3885452747
13.3895394802
13.3905413151
13.3915364742
13.3925383091
13.3935360909
13.3945353031
13.3953311443
13.3965361118
13.3975296021
13.3985283375
13.3995273113
13.4005303383
13.4015257359
13.4025285244
13.403534174
13.4045488834
13.4055883884
13.4065318108
13.4075436592
13.4085342884
13.409526825
13.4105248451
13.41152668
13.412528038
13.4135274887
13.4145233631
13.4155235291
13.4165258408
13.417526722
13.4185247421
13.4195225239
13.4205198288
13.4215211868
13.4225254059
13.423520565
13.4245204926
13.4255213737
13.4265174866
13.4275178909
13.4285256863
13.4295203686
13.4305660725
13.4315199852
13.4325139523
13.4335131645
13.4345116615
13.4355201721
13.4365129471
13.4375133514
13.4385166168
13.4395179749
13.4405186176
13.4415245056
13.4425079823
13.4435052872
13.444504261
13.4455003738
13.4464981556
13.4474945068
13.4484968185
13.4494936466
13.4504938126
13.4514937401
13.4525029659
13.4534976482
13.4544956684
13.4554977417
13.4564938545
13.4574918747
13.4584946632
13.4594893456
13.4604923725
13.4614932537
13.4624910355
13.4634900093
13.4644906521
13.4654889107
13.466490984
13.4674863815
13.4684929848
13.4694869518
13.470502615
13.4714856148
13.4724879265
13.4734883308
13.4754872322
13.4764852524
13.4774851799
13.4784827232
13.4794883728
13.4804885387
13.4814805984
13.4824779034
13.4834830761
13.4844830036
13.485481739
13.4864792824
13.4874842167
13.4884750843
13.4894747734
13.4904794693
13.4914710522
13.492472887
13.4934732914
13.4944701195
13.495480299
13.4964895248
13.4974901676
13.4984796047
13.4994776249
13.5004754066
13.501465559
13.5024662018
13.5034673214
13.5044674873
13.5054686069
13.5064692497
13.5074760914
13.5084707737
13.509465456
13.5104968548
13.51151371
13.5124592781
13.5134603977
13.5144619942
13.515460968
13.5164651871
13.5174782276
13.5184574127
13.5194582939
13.5204586983
13.5214774609
13.5224666595
13.5234615803
13.5244588852
13.5254921913
13.5264706612
13.5274636745
13.52845788
13.5294492245
13.5304601192
13.5314648151
13.532456398
13.5334572792
13.5344541073
13.5354552269
13.5364542007
13.537453413
13.5384535789
13.5394551754
13.5404543877
13.5414540768
13.5424530506
13.5434458256
13.5444536209
13.5454523563
13.5464515686
13.5474469662
13.5484476089
13.5494925976
13.5504529476
13.5514476299
13.5524866581
13.5534465313
13.5544469357
13.5554389954
13.5564415455
13.5574398041
13.5584483147
13.5594568253
13.5605032444
13.5614845753
13.5624680519
13.5634536743
13.5644788742
13.5654582977
13.5664408207
13.567432642
13.5684981346
13.5694408417
13.5704369545
13.5714335442
13.5724263191
13.5734288692
13.574426651
13.5754253864
13.5764229298
13.5774276257
13.5784220695
13.5794246197
13.580425024
13.5814256668
13.5824220181
13.58344841
13.5844817162
13.5854947567
13.5864212513
13.5874226093
13.5884258747
13.5894575119
13.5904529095
13.5914647579
13.5924189091
13.5934250355
13.5944209099
13.5954239368
13.5964283943
13.5974161625
13.5984182358
13.5994124413
13.600425005
13.6014127731
13.6024148464
13.6034126282
13.6044092178
13.6054074764
13.6064105034
13.6074030399
13.6084091663
13.6094448566
13.6104118824
13.6115210056
13.6124083996
13.6134157181
13.6144070625
13.6154005527
13.6164319515
13.6174747944
13.6184034348
13.619405508
13.6204051971
13.6214518547
13.6224064827
13.6234028339
13.6244163513
13.625395298
13.6263985634
13.6274125576
13.6283957958
13.6294007301
13.6303889751
13.6314342022
13.6323890686
13.6333990097
13.6343882084
13.6353876591
13.6363818645
13.6373817921
13.6383843422
13.6393859386
13.6403870583
13.6414017677
13.6423830986
13.6433780193
13.6443772316
13.645375967
13.6463785172
13.6473772526
13.6483817101
13.6493725777
13.6503784657
13.6513750553
13.6523854733
13.6533818245
13.6543829441
13.6553854942
13.6563773155
13.6573722363
13.6583993435
13.6593744755
13.6603748798
13.6613717079
13.6623702049
13.6633694172
13.6643764973
13.6653649807
13.6663630009
13.6673600674
13.6683888435
13.6693823338
13.6703763008
13.6714520454
13.6723735332
13.6753559113
13.6763589382
13.6773741245
13.6783733368
13.6793608665
13.6803562641
13.6813530922
13.6823575497
13.6833548546
13.6843502522
13.6853787899
13.6863536835
13.6873531342
13.6883764267
13.6893644333
13.6903526783
13.6913552284
13.6923482418
13.6933493614
13.6943516731
13.6953516006
13.6973536015
13.6983501911
13.699352026
13.7003550529
13.7013492584
13.7023491859
13.7033519745
13.7043504715
13.7053484917
13.7063450813
13.7073433399
13.7085924149
13.7093520164
13.7103686333
13.7116367817
13.7123441696
13.7133533955
13.7143449783
13.7153491974
13.716350317
13.7173471451
13.7183384895
13.7193346024
13.7203371525
13.7213339806
13.722332716
13.7233998775
13.7243316174
13.7253322601
13.7263307571
13.7273302078
13.7283320427
13.7293283939
13.730329752
13.7313518524
13.7323312759
13.7343239784
13.7353243828
13.7363278866
13.7373261452
13.7383310795
13.7393381596
13.7403366566
13.7413294315
13.7423267365
13.7433257103
13.7443296909
13.7453253269
13.7463259697
13.7473213673
13.7483193874
13.7493188381
13.7503237724
13.7513275146
13.7523200512
13.7543246746
13.7553310394
13.7563199997
13.7573394775
13.7583208084
13.759319067
13.7603158951
13.7613139153
13.7623236179
13.7633283138
13.7643151283
13.7653114796
13.7663104534
13.7673513889
13.7683079243
13.7743294239
13.7753038406
13.7763054371
13.7773046494
13.7783045769
13.7795464993
13.7803294659
13.7815418243
13.7825424671
13.7835428715
13.7845420837
13.7852988243
13.7865386009
13.7875351906
13.7885448933
13.7895383835
13.790327549
13.7915346622
13.7925400734
13.7932953835
13.7945401669
13.7955365181
13.7975404263
13.7985527515
13.7995362282
13.8005328178
13.8015301228
13.8023371696
13.8035759926
13.8045318127
13.805526495
13.8065261841
13.8075265884
13.808524847
13.8095245361
13.8105232716
13.8115236759
13.8125240803
13.8135261536
13.8145253658
13.8155221939
13.8165221214
13.8175201416
13.8185181618
13.8195211887
13.82051754
13.8215184212
13.8225197792
13.8235182762
13.8245170116
13.8255162239
13.826526165
13.8275196552
13.8285238743
13.8295147419
13.8305130005
13.8315148354
13.8325228691
13.8335149288
13.8345086575
13.8355140686
13.8365097046
13.8375079632
13.8385078907
13.8395056725
13.8405051231
13.8415043354
13.8425040245
13.8435087204
13.8445045948
13.8455064297
13.8465075493
13.8475058079
13.8485033512
13.8494980335
13.8505001068
13.8514978886
13.8525004387
13.8535091877
13.8545017242
13.8555111885
13.8565018177
13.8574974537
13.8585014343
13.8594999313
13.8605382442
13.8615367413
13.8624944687
13.8634991646
13.8645002842
13.8664982319
13.8674912453
13.8684940338
13.8694934845
13.8704967499
13.8714952469
13.8724925518
13.8754913807
13.876491785
13.8774909973
13.8784894943
13.8793363571
13.8804855347
13.8814845085
13.8824825287
13.8834962845
13.8844890594
13.8855412006
13.8865251541
13.8875260353
13.8884987831
13.8894832134
13.8904831409
13.891484499
13.8924806118
13.8944773674
13.8964750767
13.8974776268
13.8984761238
13.8994781971
13.9004747868
13.9015481472
13.9024691582
13.903472662
13.9045135975
13.9054853916
13.9065518379
13.9074862003
13.9084868431
13.9094772339
13.9105198383
13.9114711285
13.912468195
13.9134671688
13.9144716263
13.9154660702
13.9164662361
13.9174613953
13.9184641838
13.9194908142
13.9204690456
13.9215519428
13.9224646091
13.9234790802
13.9244687557
13.9254662991
13.926472187
13.9274690151
13.9284684658
13.9294843674
13.9304771423
13.931481123
13.9324650764
13.9334611893
13.9344611168
13.9354579449
13.9364564419
13.9374697208
13.9384601116
13.9394557476
13.9404582977
13.9414851665
13.942456007
13.943498373
13.9444646835
13.9454927444
13.9465074539
13.9474496841
13.9484655857
13.9494502544
13.9504444599
13.9514770508
13.9534468651
13.9544448853
13.9554405212
13.9564754963
13.9574403763
13.9584441185
13.9595093727
13.960436821
13.961482048
13.9624407291
13.9634647369
13.9644441605
13.9654393196
13.9664437771
13.9674413204
13.9684472084
13.9694449902
13.9704389572
13.9714446068
13.9724404812
13.9734380245
13.9744431973
13.975451231
13.9764416218
13.9774537086
13.9784450531
13.9794447422
13.9804387093
13.9814419746
13.9824426174
13.9834382534
13.9884257317
13.9894237518
13.9904227257
13.991458416
13.9934220314
13.9944188595
13.9954195023
13.9964199066
13.9974219799
13.9984226227
13.9994177818
14.0004301071
14.0014200211
14.0024733543
14.003436327
14.0044336319
14.0054354668
14.0104188919
14.0114152431
14.0124149323
14.0134117603
14.0144155025
14.0154089928
14.0164051056
14.0174341202
14.0184092522
14.0204129219
14.0214152336
14.0224103928
14.0234081745
14.0244047642
14.0254435539
14.0264074802
14.0273971558
14.0283994675
14.0294692516
14.030402422
14.0313985348
14.0324099064
14.0334012508
14.0344011784
14.0353894234
14.0364499092
14.0373892784
14.0383985043
14.0394830704
14.0404236317
14.041469574
14.0424203873
14.0434131622
14.0444087982
14.0453896523
14.0463967323
14.0473866463
14.0483953953
14.0493986607
14.0504047871
14.0513985157
14.0523865223
14.0533835888
14.0544064045
14.0553991795
14.0564055443
14.0573961735
14.0583975315
14.0593812466
14.0603790283
14.0613749027
14.0623767376
14.0633823872
14.0643751621
14.0653731823
14.066372633
14.0673668385
14.06838274
14.0693824291
14.0703773499
14.0713818073
14.0723874569
14.0733771324
14.0743992329
14.0753717422
14.0763840675
14.0773758888
14.0783877373
14.079376936
14.0803868771
14.0813734531
14.0823817253
14.0833735466
14.0843715668
14.0853703022
14.0863673687
14.0873670578
14.08837533
14.0893659592
14.0903654099
14.0913665295
14.0924124718
14.0933673382
14.0944001675
14.0953788757
14.0963869095
14.0973958969
14.0983755589
14.0993738174
14.1003615856
14.1013576984
14.102360487
14.1033563614
14.104362011
14.1053607464
14.1063623428
14.1073608398
14.1083714962
14.109357357
14.1103544235
14.1113533974
14.1123600006
14.114358902
14.1153609753
14.116361618
14.1173641682
14.1183547974
14.11936903
14.1203973293
14.1214179993
14.1223499775
14.1233513355
14.1243560314
14.1253621578
14.1263670921
14.1273531914
14.1293540001
14.1303691864
14.1313478947
14.1323542595
14.1333427429
14.1343421936
14.1363432407
14.1373434067
14.1383390427
14.139333725
14.1403346062
14.1413378716
14.1423380375
14.1433339119
14.1444160938
14.1455924511
14.1464011669
14.1474277973
14.1485774517
14.1493756771
14.1504046917
14.1514000893
14.1523339748
14.1533303261
14.1543314457
14.1553287506
14.1563456059
14.1573326588
14.15833354
14.1593346596
14.1603302956
14.1613283157
14.1623253822
14.163326025
14.1643269062
14.1653277874
14.1663274765
14.1673383713
14.1686089039
14.1695659161
14.1705739498
14.1713249683
14.1723191738
14.1733207703
14.1743178368
14.1753106117
14.176347971
14.1773099899
14.1783123016
14.179309845
14.1805596352
14.1815662384
14.1823620796
14.1835708618
14.1845574379
14.1855664253
14.1865520477
14.1875526905
14.1883051395
14.1893503666
14.1905539036
14.1913034916
14.1923055649
14.1935555935
14.1955492496
14.196549654
14.1975505352
14.1985554695
14.1993489265
14.2003498077
14.2015459538
14.2025446892
14.2035455704
14.2045991421
14.2056040764
14.2065854073
14.2075352669
14.2085409164
14.2095420361
14.2102954388
14.2115356922
14.2125401497
14.2135391235
14.2145376205
14.2155370712
14.2165386677
14.2175369263
14.2185406685
14.2195374966
14.2203359604
14.2215363979
14.2225344181
14.2235310078
14.2245340347
14.2255513668
14.226539135
14.2275419235
14.2285473347
14.2295439243
14.2305967808
14.2315576077
14.2325365543
14.2335295677
14.2345318794
14.2355177402
14.2365291119
14.2375311852
14.2385241985
14.2395586967
14.2405200005
14.2415142059
14.2425282001
14.2435200214
14.244528532
14.2455191612
14.246519804
14.2475180626
14.248519659
14.2495200634
14.2503545284
14.2515101433
14.2525165081
14.2535171509
14.2545118332
14.255505085
14.2565150261
14.2575159073
14.2585160732
14.2595136166
14.2605111599
14.2615089417
14.2625274658
14.2635090351
14.2645082474
14.2655136585
14.266510725
14.2675158978
14.2685177326
14.2695536613
14.2705597878
14.2715137005
14.2725098133
14.2735171318
14.2745108604
14.2755115032
14.2765128613
14.2775058746
14.2786495686
14.2794978619
14.2804956436
14.2815005779
14.2824959755
14.2835161686
14.2845015526
14.2854976654
14.2874965668
14.2884953022
14.289493084
14.2905008793
14.2915091515
14.2925031185
14.2935090065
14.2944970131
14.2955031395
14.2965011597
14.297508955
14.298520565
14.299551487
14.3005106449
14.3015129566
14.302488327
14.3035075665
14.3044986725
14.3055341244
14.3064987659
14.3075013161
14.3085062504
14.3094973564
14.310498476
14.3115022182
14.3124876022
14.3134872913
14.3144826889
14.3154797554
14.3164803982
14.3174791336
14.3184790611
14.3194761276
14.3204772472
14.3214657307
14.322470665
14.3234739304
14.3244707584
14.3254766464
14.3264751434
14.3274717331
14.3284711838
14.3294684887
14.3304679394
14.3315498829
14.3324723244
14.3334691525
14.3344676495
14.3354718685
14.3364710808
14.3374812603
14.3385226727
14.3395366669
14.3404672146
14.34151721
14.3424675465
14.3434681892
14.3444647789
14.3455402851
14.3464641571
14.3474562168
14.3484759331
14.3495194912
14.3504714966
14.3514652252
14.3524723053
14.353461504
14.3544640541
14.3554580212
14.3564593792
14.3574945927
14.3584587574
14.3594546318
14.3605010509
14.3614914417
14.3624651432
14.3634808064
14.3644590378
14.3654577732
14.3664588928
14.3674576283
14.3684670925
14.3694775105
14.3704600334
14.3714606762
14.3724577427
14.3734514713
14.3744475842
14.3754475117
14.3764486313
14.3774502277
14.3784532547
14.3814530373
14.382450819
14.3834531307
14.3844487667
14.3854396343
14.3864827156
14.3884751797
14.3894577026
14.3904602528
14.3914737701
14.3924908638
14.3934459686
14.3944365978
14.395431757
14.3964354992
14.3974373341
14.3984389305
14.3994472027
14.4004333019
14.401455164
14.4024333954
14.4034774303
14.404504776
14.4054567814
14.4064381123
14.4074585438
14.4094467163
14.4104833603
14.4114322662
14.4124548435
14.4134335518
14.4154217243
14.4164259434
14.4174263477
14.4184343815
14.4194395542
14.4204206467
14.4214203358
14.4224250317
14.4234271049
14.4244258404
14.4254140854
14.4264242649
14.4294207096
14.4304151535
14.4314193726
14.4324274063
14.433426857
14.4344232082
14.4354271889
14.4364116192
14.437415123
14.4384121895
14.4394147396
14.4404165745
14.4414050579
14.4424026012
14.4434118271
14.4444854259
14.44541049
14.4464023113
14.4474465847
14.4484033585
14.4493968487
14.4504003525
14.4513890743
14.4523952007
14.4533970356
14.4543991089
14.4553828239
14.4564006329
14.4573895931
14.4583895206
14.4593896866
14.4603874683
14.4624121189
14.4633982182
14.4663822651
14.4673905373
14.4683852196
14.4693746567
14.4703793526
14.4713759422
14.4723796844
14.4743776321
14.4753732681
14.4763767719
14.477376461
14.4783759117
14.4793753624
14.4803740978
14.481374979
14.4823765755
14.4833743572
14.4843766689
14.4853639603
14.4863781929
14.4873697758
14.4883739948
14.4893679619
14.490377903
14.4913656712
14.4933667183
14.4943656921
14.4953641891
14.4963717461
14.4973623753
14.4983608723
14.4993588924
14.5003740788
14.5013577938
14.5023691654
14.5073735714
14.5083692074
14.5093541145
14.5103683472
14.5113687515
14.5123755932
14.5143744946
14.5153522491
14.5163547993
14.5173478127
14.5183503628
14.5193440914
14.5203440189
14.521348238
14.5223500729
14.5233495235
14.5243453979
14.5254030228
14.5263521671
14.5273449421
14.5293445587
14.5303509235
14.531349659
14.5323610306
14.5333464146
14.5343468189
14.5353410244
14.5363428593
14.5373399258
14.5383405685
14.5393385887
14.540336132
14.5413355827
14.5423357487
14.5433366299
14.5443336964
14.5453333855
14.5463371277
14.5473332405
14.5483365059
14.5493347645
14.5503315926
14.5513279438
14.5523326397
14.5533285141
14.5543260574
14.5553278923
14.5563251972
14.5573246479
14.5583269596
14.5593254566
14.5603296757
14.5613219738
14.5623221397
14.5633304119
14.5643234253
14.5653247833
14.5663220882
14.5673186779
14.5683233738
14.5693209171
14.5705649853
14.5713200569
14.5723216534
14.573319912
14.5743203163
14.5753207207
14.5763278008
14.577321291
14.5783233643
14.5793204308
14.5803306103
14.5813415051
14.5823402405
14.5833206177
14.5843243599
14.5853102207
14.5863099098
14.5873074532
14.5883090496
14.5893058777
14.5903098583
14.5913088322
14.5923113823
14.595303297
14.5963044167
14.5975427628
14.5982990265
14.599357605
14.6005458832
14.6012980938
14.6025509834
14.6035523415
14.6043465137
14.605543375
14.6065602303
14.6073675156
14.6083242893
14.609544754
14.6105802059
14.611552
14.6125383377
14.6153025627
14.6165394783
14.6175348759
14.6185367107
14.6195333004
14.6205303669
14.6215393543
14.6225297451
14.6232888699
14.624550581
14.6255588531
14.6265342236
14.6275303364
14.6285302639
14.6295304298
14.63052845
14.6315312386
14.6325278282
14.6335263252
14.634526968
14.6355230808
14.6365220547
14.6375203133
14.6385190487
14.6395189762
14.6405181885
14.6415162086
14.6425173283
14.6435186863
14.6445176601
14.645516634
14.6465160847
14.6475162506
14.6485197544
14.6495139599
14.6505131721
14.6515109539
14.6525182724
14.6535158157
14.6545166969
14.6555120945
14.6565122604
14.6575112343
14.658513546
14.6595146656
14.6605198383
14.6615283489
14.6625261307
14.6635169983
14.6645326614
14.6655244827
14.6665239334
14.6675467491
14.6685090065
14.6695079803
14.6705060005
14.6715354919
14.6725020409
14.6735014915
14.6745090485
14.6755056381
14.6765005589
14.6775069237
14.6785025597
14.6795024872
14.6804995537
14.6815605164
14.6825017929
14.6835050583
14.6845138073
14.6854965687
14.6864960194
14.6874983311
14.6884930134
14.6895542145
14.6904876232
14.6914916039
14.6924917698
14.6934957504
14.6944909096
14.6955013275
14.6964886189
14.6974873543
14.6984961033
14.699488163
14.7005307674
14.7014842033
14.7024874687
14.7034900188
14.7044882774
14.7054829597
14.7064824104
14.7074809074
14.7084882259
14.709492445
14.7104837894
14.7114882469
14.7124872208
14.7134838104
14.7164800167
14.7174768448
14.7184765339
14.7194802761
14.7204763889
14.7214932442
14.7224931717
14.7234809399
14.7244796753
14.7254934311
14.7264785767
14.7274718285
14.7354633808
14.7364618778
14.7374639511
14.7384626865
14.7394633293
14.740459919
14.7414898872
14.7424604893
14.7434625626
14.744461298
14.7454645634
14.7464706898
14.7474911213
14.7484703064
14.749461174
14.7504615784
14.7515022755
14.7524733543
14.7534661293
14.7554593086
14.75649786
14.7574539185
14.7584738731
14.759458065
14.7604570389
14.7614593506
14.7624628544
14.763461113
14.7644612789
14.7654592991
14.766459465
14.7674586773
14.7684602737
14.7694602013
14.7704572678
14.7714524269
14.7724893093
14.7734520435
14.7744538784
14.7754566669
14.7764592171
14.7774603367
14.7784564495
14.7794523239
14.7804615498
14.7814645767
14.7824480534
14.783447504
14.7844464779
14.7854728699
14.7864477634
14.7875008583
14.7884418964
14.7894480228
14.7904579639
14.7914745808
14.792443037
14.7934396267
14.7944414616
14.7954382896
14.7964353561
14.7974386215
14.7984359264
14.799478054
14.8005170822
14.8015098572
14.8024971485
14.8034350872
14.8044295311
14.8054339886
14.8064506054
14.8074307442
14.8084366322
14.8094303608
14.8104288578
14.8114347458
14.8124306202
14.8134329319
14.8144307137
14.8154327869
14.8164343834
14.8174331188
14.8184347153
14.8204214573
14.8214235306
14.8224203587
14.8234171867
14.8244171143
14.825460434
14.8264245987
14.8274183273
14.8284225464
14.8294255733
14.8304157257
14.8314180374
14.8324184418
14.8334157467
14.8344166279
14.8354141712
14.8364133835
14.8374326229
14.8384537697
14.8394229412
14.8405327797
14.841552496
14.8424470425
14.8434078693
14.8444447517
14.8454687595
14.8464496136
14.8475346565
14.848413229
14.8494017124
14.8504106998
14.8514490128
14.8524076939
14.8534076214
14.8544068336
14.8554036617
14.8564021587
14.8574209213
14.85841012
14.8624017239
14.8634033203
14.8643968105
14.8653891087
14.8663849831
14.8674292564
14.8683891296
14.869396925
14.8704292774
14.8713972569
14.8723974228
14.8733856678
14.8743846416
14.87540555
14.8764159679
14.8773910999
14.8783860207
14.8794157505
14.8803853989
14.881398201
14.8823866844
14.8833990097
14.8843736649
14.8853745461
14.8863863945
14.8874924183
14.8883783817
14.8893740177
14.8903772831
14.8913722038
14.8923778534
14.893371582
14.8943760395
14.8953664303
14.8963866234
14.8973782063
14.8983778954
14.8993675709
14.9003798962
14.901365757
14.9023673534
14.9033687115
14.9043750763
14.9054174423
14.9063985348
14.9074206352
14.9084224701
14.9093711376
14.9103832245
14.911367178
14.9123761654
14.9133667946
14.9143805504
14.9153702259
14.9163818359
14.9173681736
14.918366909
14.9193632603
14.9203710556
14.9213511944
14.9223732948
14.9233570099
14.9243526459
14.9254031181
14.9263498783
14.9273495674
14.9283533096
14.9293529987
14.9303536415
14.9314005375
14.9323499203
14.9333531857
14.934346199
14.9353475571
14.9363481998
14.9373469353
14.9383568764
14.9393570423
14.9403502941
14.9413497448
14.9423859119
14.9433500767
14.9443531036
14.9453525543
14.9463469982
14.9473452568
14.9483492374
14.9493458271
14.9504041672
14.9514129162
14.9523990154
14.9533371925
14.9573404789
14.9583437443
14.9593503475
14.9603378773
14.961340189
14.9623410702
14.9633414745
14.9643335342
14.96733284
14.968329668
14.9733273983
14.9743247032
14.9753258228
14.9763231277
14.9773192406
14.978322506
14.9793198109
14.9803237915
14.9813344479
14.9825761318
14.9833855629
14.9843165874
14.985322237
14.9865603447
14.9873235226
14.9883186817
14.9893116951
14.9903130531
14.994320631
14.9953212738
14.9963130951
14.9973156452
14.9983105659
14.9993131161
15.0023145676
15.0033149719
15.0043160915
15.0053079128
15.0063085556
15.0073060989
15.008310318
15.009311676
15.0103068352
15.0113072395
15.0123081207
15.0135543346
15.0143039227
15.015319109
15.0165483952
15.0175478458
15.018548727
15.019546032
15.0205430984
15.0215656757
15.0225458145
15.0232958794
15.0245363712
15.0255942345
15.0263495445
15.027535677
15.0285339355
15.0295348167
15.0305373669
15.0313401222
15.0325403214
15.0335388184
15.034532547
15.0355322361
15.0365383625
15.037541151
15.0385353565
15.0395283699
15.0405306816
15.0415267944
15.0425276756
15.0435819626
15.0443282127
15.0455234051
15.0466060638
15.0475254059
15.0485258102
15.0495259762
15.050577879
15.0515775681
15.0523238182
15.0535259247
15.0545215607
15.0555198193
15.0565214157
15.057518959
15.0585196018
15.0595145226
15.060513258
15.061511755
15.0625164509
15.0635154247
15.0645139217
15.0655243397
15.0665202141
15.0675134659
15.0685214996
15.0695185661
15.0705184937
15.071511507
15.0725240707
15.0735173225
15.0745151043
15.0755267143
15.0765135288
15.0775177479
15.0785226822
15.0795230865
15.080514431
15.0815122128
15.0825679302
15.0835690498
15.0845115185
15.0855839252
15.0865068436
15.0875692368
15.0985143185
15.0995078087
15.1005394459
15.1015331745
15.1023130417
15.1035039425
15.1045300961
15.1055028439
15.1065239906
15.1074974537
15.1085002422
15.1094985008
15.1105029583
15.1115322113
15.1124949455
15.113496542
15.1144988537
15.1154968739
15.1174945831
15.1184983253
15.1194889545
15.120490551
15.1215000153
15.1224832535
15.1234910488
15.1245572567
15.1256253719
15.126486063
15.1274833679
15.1284823418
15.1294956207
15.1304934025
15.1314976215
15.1324930191
15.1344902515
15.1354935169
15.1364860535
15.1374821663
15.1384797096
15.1394805908
15.1405060291
15.1414809227
15.142500639
15.1434752941
15.1444890499
15.1454823017
15.1464738846
15.1474709511
15.1484749317
15.1494727135
15.1504764557
15.1514890194
15.1524939537
15.1534769535
15.1543493271
15.155469656
15.1564655304
15.1574792862
15.1584849358
15.1594696045
15.160472393
15.1614980698
15.1624660492
15.1634664536
15.1644766331
15.1654670238
15.166478157
15.167481184
15.1684858799
15.169479847
15.1704721451
15.1714692116
15.1724779606
15.1734659672
15.1744697094
15.1754693985
15.1764712334
15.1774716377
15.178467989
15.1814668179
15.1824598312
15.1834611893
15.1844596863
15.1854655743
15.1864552498
15.1874527931
15.1884579659
15.1894657612
15.1904549599
15.1914515495
15.1924571991
15.1944518089
15.19546175
15.1964504719
15.1974532604
15.1984558105
15.1994581223
15.2004513741
15.2014460564
15.2024972439
15.2034521103
15.2044456005
15.2054510117
15.2064564228
15.2074477673
15.2084596157
15.2094516754
15.2104494572
15.2115283012
15.2124474049
15.2134466171
15.2144751549
15.2154421806
15.2164502144
15.2174699306
15.2184548378
15.2194395065
15.2204451561
15.2214331627
