67.1464774609
67.1474938393
67.1484775543
67.1494810581
67.1504769325
67.1514749527
67.1524736881
67.1534752846
67.1544713974
67.1554749012
67.156475544
67.1574771404
67.1584713459
67.1594743729
67.1604874134
67.1614735126
67.1624801159
67.1634840965
67.1644740105
67.1654708385
67.1664705276
67.1674845219
67.1684749126
67.1694881916
67.1704757214
67.1714873314
67.1724736691
67.1764674187
67.1774668694
67.1784791946
67.1794650555
67.180464983
67.181466341
67.1825056076
67.1834642887
67.1844844818
67.1854586601
67.1864931583
67.1874608994
67.1884577274
67.1894643307
67.1904602051
67.191470623
67.1924607754
67.1934564114
67.1944572926
67.1954920292
67.1964581013
67.1974568367
67.1984565258
67.1994550228
67.2004570961
67.2014603615
67.2024538517
67.203451395
67.204501152
67.2054989338
67.2064571381
67.2074513435
67.2084515095
67.2094855309
67.2104539871
67.2114481926
67.2124464512
67.2174386978
67.2184450626
67.2194430828
67.220458746
67.2214450836
67.2224855423
67.223498106
67.2244427204
67.2254493237
67.2264578342
67.2274844646
67.2284810543
67.2294766903
67.2304902077
67.2315385342
67.2324404716
67.2334620953
67.2344377041
67.2354383469
67.2364397049
67.2374379635
67.2384729385
67.2394664288
67.2404344082
67.2414400578
67.2424561977
67.2434663773
67.2445676327
67.2454779148
67.2464296818
67.2474377155
67.2485220432
67.2494261265
67.2504968643
67.2514953613
67.2524363995
67.2534258366
67.255427599
67.2564206123
67.2574155331
67.2584283352
67.2594227791
67.2604234219
67.2614200115
67.2624650002
67.2634589672
67.2644934654
67.2654669285
67.2664985657
67.2674782276
67.2684650421
67.2694263458
67.2705130577
67.2714495659
67.272569418
67.2734348774
67.2754507065
67.2764217854
67.2774214745
67.2785110474
67.2794616222
67.2804167271
67.2814583778
67.2824251652
67.2834589481
67.2844150066
67.2854161263
67.2864804268
67.2874677181
67.2884161472
67.2894258499
67.2904894352
67.2914688587
67.2924647331
67.2934088707
67.2944629192
67.2954068184
67.2964024544
67.297542572
67.298404932
67.2994043827
67.3004422188
67.3014440536
67.3024427891
67.3033931255
67.3044369221
67.3054511547
67.3066754341
67.3074564934
67.3083946705
67.3094601631
67.3104112148
67.3115522861
67.3123869896
67.3133871555
67.3143861294
67.3153994083
67.3163971901
67.3174037933
67.3184747696
67.3193981647
67.3204095364
67.3214585781
67.3225064278
67.323646307
67.3244893551
67.3254418373
67.3264062405
67.327454567
67.3283765316
67.3293795586
67.3304531574
67.3314452171
67.3325383663
67.3333745003
67.334376812
67.3353776932
67.3363697529
67.3373680115
67.3383758068
67.3393771648
67.3403744698
67.3413910866
67.3424675465
67.3434672356
67.3443882465
67.3454062939
67.346663475
67.3474068642
67.3483719826
67.3493721485
67.3503665924
67.3513612747
67.3523683548
67.3533701897
67.3543658257
67.3553731441
67.3563742638
67.3574304581
67.3584294319
67.3593637943
67.3603665829
67.3613607883
67.3624141216
67.3634557724
67.3644132614
67.3654735088
67.3663709164
67.3674623966
67.3683567047
67.3693702221
67.3706393242
67.3714616299
67.3723599911
67.3734018803
67.3744072914
67.3753483295
67.3763618469
67.3773467541
67.3783481121
67.3793411255
67.3803436756
67.3813865185
67.3823411465
67.3833830357
67.3843450546
67.3853349686
67.3863339424
67.387332201
67.3883316517
67.3893296719
67.3903336525
67.3913288116
67.3923399448
67.3933446407
67.3943383694
67.3953351974
67.3963327408
67.3973295689
67.3983273506
67.3993282318
67.4003298283
67.4013288021
67.4023365974
67.4033377171
67.4043316841
67.4053354263
67.4063270092
67.4073255062
67.4083285332
67.4093277454
67.4103219509
67.4113202095
67.4123251438
67.4133601189
67.4143161774
67.415320158
67.416323185
67.417320013
67.4183180332
67.4193229675
67.4203252792
67.4213235378
67.4223284721
67.4233179092
67.4243199825
67.4253261089
67.4263176918
67.4273159504
67.4283225536
67.4293196201
67.4303104877
67.4315531254
67.4323103428
67.4343039989
67.4355559349
67.4365530014
67.4375524521
67.4385514259
67.4395463467
67.4405388832
67.4412951469
67.442540884
67.4435367584
67.4445438385
67.4455423355
67.4463341236
67.4475369453
67.4485366344
67.4492940903
67.4505383968
67.4515521526
67.4525363445
67.4535360336
67.4545345306
67.4555351734
67.4565322399
67.4572930336
67.458537817
67.4595372677
67.460529089
67.4615261555
67.4625258446
67.4635391235
67.4645655155
67.4655263424
67.46652174
67.4675371647
67.4685287476
67.4695286751
67.4705805779
67.4715178013
67.4725220203
67.4733223915
67.4745278358
67.4755170345
67.4765183926
67.4775123596
67.4785137177
67.4795219898
67.4805641174
67.4813194275
67.4825174809
67.4835560322
67.4845154285
67.4855120182
67.4865543842
67.4875292778
67.4885177612
67.4895124435
67.4905180931
67.4915668964
67.4925129414
67.4985079765
67.4995121956
67.5005047321
67.5015041828
67.5025031567
67.5035541058
67.504556179
67.5055105686
67.5065054893
67.5075070858
67.5085208416
67.5095100403
67.5105171204
67.5115253925
67.5125162601
67.5135099888
67.5145075321
67.5155076981
67.5165076256
67.5175094604
67.5185072422
67.5195035934
67.5204963684
67.5215084553
67.5224986076
67.5234987736
67.5243830681
67.5255050659
67.5265409946
67.5274891853
67.5284981728
67.5294961929
67.5305225849
67.5315155983
67.5324883461
67.5334849358
67.5344867706
67.5354938507
67.5365080833
67.5375115871
67.5395026207
67.5404951572
67.5414953232
67.5425169468
67.5435152054
67.5445411205
67.5454921722
67.5464913845
67.5474965572
67.5484888554
67.5494844913
67.5504775047
67.5514917374
67.552475214
67.5534746647
67.5544726849
67.5554757118
67.5565261841
67.5574719906
67.5584659576
67.5595314503
67.5604658127
67.5614674091
67.5624973774
67.5634748936
67.5644686222
67.5654687881
67.5664684772
67.5674688816
67.5684645176
67.5694642067
67.5704963207
67.5714671612
67.5724976063
67.5734639168
67.5744621754
67.575466156
67.5764660835
67.577473402
67.5784692764
67.5794706345
67.5804653168
67.581479311
67.5824785233
67.583480835
67.5844647884
67.5854656696
67.5864713192
67.5874738693
67.5884737968
67.5894737244
67.5904653072
67.5914754868
67.5924625397
67.5934734344
67.5944519043
67.5954670906
67.5964682102
67.5974671841
67.5984592438
67.5994691849
67.6004574299
67.6014626026
67.6024599075
67.6034631729
67.6044569016
67.6054575443
67.6064424515
67.607480526
67.6084444523
67.6094412804
67.6104464531
67.6114394665
67.612443924
67.613442421
67.614443779
67.6154682636
67.6164450645
67.6174430847
67.6184413433
67.6194410324
67.6204411983
67.6214408875
67.6224386692
67.6234483719
67.6244428158
67.6254441738
67.6264472008
67.6274466515
67.6284615993
67.6294591427
67.6304571629
67.6314520836
67.6324436665
67.6334321499
67.6344404221
67.6354384422
67.636436224
67.6374669075
67.6384305954
67.6394238472
67.6404223442
67.6414268017
67.6424667835
67.6434736252
67.6444303989
67.6454308033
67.6464321613
67.6474459171
67.6484291553
67.6494240761
67.6504268646
67.6514256001
67.6524302959
67.6534233093
67.6544134617
67.6554193497
67.6564273834
67.657484293
67.6584279537
67.6594207287
67.6604208946
67.6614205837
67.6624176502
67.6634097099
67.6644082069
67.6654076576
67.6664550304
67.6674523354
67.6684539318
67.6694493294
67.6704502106
67.6714117527
67.6724512577
67.6734685898
67.6744863987
67.6754021645
67.6764066219
67.6774241924
67.6784160137
67.6794128418
67.6804215908
67.6814267635
67.6824183464
67.6834015846
67.6844446659
67.6854143143
67.6864492893
67.6874856949
67.6884477139
67.689438343
67.6904404163
67.6914145947
67.6924014091
67.6933989525
67.6944046021
67.6953954697
67.6963868141
67.6973862648
67.6983962059
67.6993999481
67.7004671097
67.7014110088
67.7025134563
67.7034778595
67.704501152
67.7054841518
67.7064304352
67.7074275017
67.7083799839
67.7093784809
67.7104709148
67.7115085125
67.7123880386
67.7133765221
67.7163741589
67.7173740864
67.7183787823
67.7193784714
67.7203710079
67.7213764191
67.7223722935
67.7233691216
67.7243676186
67.7253673077
67.7263665199
67.7273685932
67.7283747196
67.729380846
67.7303805351
67.7313697338
67.7323772907
67.7344081402
67.7353971004
67.7363708019
67.7373304367
67.7383670807
67.7393667698
67.74036026
67.7413599491
67.7423567772
67.7433538437
67.7444043159
67.7453622818
67.7463593483
67.7473545074
67.7483627796
67.7493577003
67.7503578663
67.7513568401
67.7523574829
67.7533545494
67.7543566227
67.7553613186
67.7564394474
67.7574191093
67.7583565712
67.7593560219
67.7603652477
67.7613632679
67.7623627186
67.7633602619
67.7643661499
67.7653543949
67.7663807869
67.7673537731
67.7683498859
67.7693486214
67.7703454494
67.771345377
67.7723603249
67.7733545303
67.7743494511
67.7753493786
67.7763383389
67.777336359
67.7783405781
67.7793385983
67.7803528309
67.7813353539
67.7823336124
67.7833321095
67.7843520641
67.7853512764
67.7863378525
67.7873365879
67.7883400917
67.7893366814
67.7903425694
67.7913789749
67.7923297882
67.7933273315
67.7943382263
67.7955844402
67.7963356972
67.7973337173
67.7983300686
67.7993295193
67.8003287315
67.8015673161
67.8023879528
67.8033285141
67.8045663834
67.8053247929
67.8063240051
67.8073275089
67.8083240986
67.8093223572
67.8103246689
67.811321497
67.8123419285
67.8133239746
67.8143231869
67.8153221607
67.8163225651
67.8173334599
67.8183283806
67.8193230629
67.8203215599
67.82132411
67.8223156929
67.8233144283
67.8243095875
67.8253362179
67.8263111115
67.8273084164
67.8283121586
67.8295693398
67.8303096294
67.8313150406
67.8323106766
67.8333044052
67.8343083858
67.8353066444
67.836299181
67.8372981548
67.8385424614
67.8395469189
67.8405461311
67.841299057
67.8425498009
67.8435459137
67.8445394039
67.8455379009
67.8465359211
67.8475532532
67.8485360146
67.8493003845
67.8505377769
67.8515329361
67.8525333405
67.8535375595
67.8545348644
67.8555326462
67.8565325737
67.8572859764
67.8585293293
67.8595290184
67.860527277
67.8615269661
67.8625257015
67.8635253906
67.8645238876
67.8652904034
67.8665304184
67.8675243855
67.8685269356
67.8695297241
67.8705263138
67.8715379238
67.8725380898
67.8735301495
67.8745217323
67.8755302429
67.8765304089
67.8775231838
67.878521204
67.8795228004
67.8805158138
67.881518364
67.8825173378
67.8835177422
67.8845152855
67.8855121136
67.8865115643
67.8875334263
67.8885109425
67.8895118237
67.8905076981
67.8915519714
67.8925688267
67.8935518265
67.894510746
67.8955118656
67.8965075016
67.8975095749
67.8985078335
67.8995037079
67.9005019665
67.9015078545
67.9025404453
67.9035022259
67.9045522213
67.9053487778
67.906512022
67.9075653553
67.9105026722
67.9115378857
67.9125080109
67.9135322571
67.9144966602
67.915510416
67.9164993763
67.917504549
67.9185025692
67.9195065498
67.9205014706
67.921339035
67.9225039482
67.9233744144
67.9244551659
67.9256427288
67.926533699
67.9275388718
67.9284918308
67.9294915199
67.9304900169
67.9314982891
67.9325084686
67.9335024357
67.9345042706
67.9355020523
67.9365003109
67.9374978542
67.9384975433
67.939496994
67.9404950142
67.9414927959
67.9425001144
67.9435484409
67.9445135593
67.945505619
67.9465503693
67.9475018978
67.9485001564
67.9494974613
67.9505019188
67.9514980316
67.952491045
67.9534857273
67.9544870853
67.9554867744
67.9564871788
67.9574816227
67.95849967
67.9594764709
67.96048069
67.9614799023
67.9624838829
67.9634776115
67.9644818306
67.9654841423
67.966483593
67.9674828053
67.9684827328
67.969486475
67.9704811573
67.9714789391
67.9724833965
67.9734814167
67.9764809608
67.9774706364
67.9784824848
67.9794952869
67.9854664803
67.9864580631
67.9874687195
67.9884767532
67.9894735813
67.9904680252
67.9914724827
67.992472887
67.9934732914
67.9944655895
67.9954538345
67.9964609146
67.9974505901
67.998455286
67.9994490147
68.0004441738
68.0014438629
68.0024518967
68.0034813881
68.0044457912
68.0054504871
68.006449461
68.0074493885
68.0084559917
68.0094556808
68.0104501247
68.0114536285
68.0124597549
68.0204539299
68.0214481354
68.0224483013
68.0234601498
68.0254454613
68.026446104
68.0274450779
68.0284423828
68.029443264
68.0304439068
68.0314390659
68.0324344635
68.0354845524
68.0364346504
68.0374388695
68.0384697914
68.0394678116
68.0404474735
68.0415132046
68.0424878597
68.0434703827
68.0445222855
68.0454275608
68.0464251041
68.0474214554
68.0484249592
68.0494241714
68.051422596
68.0524256229
68.0534591675
68.0544297695
68.0554261208
68.0564241409
68.0574190617
68.0584218502
68.0594160557
68.0604200363
68.0614197254
68.0624220371
68.0634298325
68.0644197464
68.0654165745
68.0664503574
68.0674519539
68.068428278
68.0694189072
68.0704300404
68.0714292526
68.0754232407
68.0764203072
68.0774180889
68.0784554482
68.0794146061
68.0804152489
68.0814213753
68.0824215412
68.0834195614
68.0844140053
68.0854167938
68.0864145756
68.0874626637
68.0884082317
68.0894610882
68.0904057026
68.0914030075
68.0924055576
68.0934512615
68.098410368
68.0994403362
68.1004037857
68.1014032364
68.1023991108
68.1033973694
68.1043975353
68.105386734
68.106402874
68.1073892117
68.1084017754
68.1093847752
68.110388279
68.1114490032
68.1124494076
68.1134002209
68.1153860092
68.1163890362
68.1174013615
68.1183774471
68.1193828583
68.120377779
68.1213741302
68.1223769188
68.1234171391
68.1243736744
68.1303780079
68.1313779354
68.1323759556
68.1333756447
68.1343762875
68.1353747845
68.1363725662
68.1373698711
68.1383657455
68.1393723488
68.1403708458
68.1413753033
68.1423625946
68.1433639526
68.1443660259
68.1453626156
68.1463639736
68.1473629475
68.1483607292
68.1493661404
68.1503691673
68.1513600349
68.1523625851
68.1533665657
68.1544764042
68.1553647518
68.1563611031
68.1573796272
68.1583695412
68.1593604088
68.1603727341
68.1614127159
68.162405014
68.1634056568
68.1644313335
68.1653614044
68.1663854122
68.1673536301
68.168364048
68.1693797112
68.1703529358
68.1713590622
68.1723713875
68.1733715534
68.1793513298
68.1803519726
68.1813533306
68.1833429337
68.1843988895
68.1853506565
68.1863446236
68.1873617172
68.1883480549
68.189344883
68.1903579235
68.1913881302
68.1923427582
68.1933403015
68.1943347454
68.1953332424
68.1963479519
68.1973440647
68.198338747
68.1993539333
68.20033741
68.2013456821
68.2026050091
68.2033865452
68.2043318748
68.2053368092
68.2063279152
68.207337141
68.2083392143
68.2093408108
68.2103827
68.2113397121
68.2123396397
68.213334322
68.2213244438
68.2223412991
68.2233383656
68.2243359089
68.2253308296
68.2263374329
68.227319479
68.2283315659
68.2293250561
68.2303259373
68.2313313484
68.2325797081
68.2333288193
68.2343554497
68.235581398
68.2363362312
68.2375721931
68.2383294106
68.2395768166
68.2405688763
68.2416119576
68.242316246
68.2435574532
68.2443108559
68.2456023693
68.2465567589
68.2475471497
68.2485690117
68.2495541573
68.2505471706
68.2515466213
68.2525484562
68.2535543442
68.2545509338
68.2555499077
68.2565448284
68.2575595379
68.2583007812
68.2595498562
68.2605471611
68.2615437508
68.2625472546
68.263548851
68.2645499706
68.2655544281
68.2665321827
68.2675433159
68.268532753
68.2692916393
68.270534277
68.2715351582
68.2725400925
68.2735397816
68.2745320797
68.2755365372
68.276538372
68.2775363922
68.2785298824
68.279531002
68.280534029
68.2815415859
68.2825391293
68.2835335732
68.2845320702
68.285531044
68.2865362167
68.2875401974
68.2885360718
68.2895400524
68.2905335426
68.2915306091
68.2925448418
68.2945232391
68.2955226898
68.2965221405
68.2975158691
68.2985153198
68.2995154858
68.3005189896
68.3015198708
68.3025205135
68.3035476208
68.3045556545
68.3055553436
68.3065519333
68.3075518608
68.3085634708
68.3096299171
68.3105134964
68.3115158081
68.3125526905
68.3135077953
68.3145561218
68.3155090809
68.3165302277
68.3175060749
68.3185088634
68.3195142746
68.320515871
68.3215107918
68.3225104809
68.3235135078
68.3245272636
68.3255717754
68.3265118599
68.3275163174
68.3285150528
68.3295145035
68.3305051327
68.3315041065
68.3325123787
68.3335030079
68.3344995975
68.3355009556
68.3365001678
68.3375029564
68.3385148048
68.3395044804
68.3404977322
68.3415186405
68.3425018787
68.3435041904
68.3444957733
68.3455030918
68.3464980125
68.3474917412
68.3484866619
68.3494904041
68.3504834175
68.3514904976
68.3524968624
68.3534874916
68.3544821739
68.3554897308
68.3564991951
68.3575556278
68.3585357666
68.3595323563
68.3604798317
68.3614037037
68.3625540733
68.3634881973
68.3645222187
68.3654918671
68.3664877415
68.3675525188
68.3684871197
68.3694853783
68.3704843521
68.3714780807
68.3724794388
68.3734779358
68.3744778633
68.3754754066
68.3764760494
68.377471447
68.3784725666
68.3794744015
68.3804762363
68.381475687
68.382475853
68.383471489
68.3844735622
68.3854708672
68.3864765167
68.3874697685
68.3884749413
68.3894777298
68.3904819489
68.3914842606
68.392462492
68.3935391903
68.3944714069
68.3954606056
68.3964664936
68.3974633217
68.3984577656
68.3994646072
68.4004666805
68.4014999866
68.4024610519
68.4035024643
68.4046008587
68.4056050777
68.4065539837
68.4074561596
68.4085035324
68.4095036983
68.4104635715
68.4114685059
68.4134628773
68.4144654274
68.4154601097
68.4164602757
68.4174554348
68.4184575081
68.4194533825
68.4204540253
68.4214572906
68.4224889278
68.423486948
68.4244987965
68.4254465103
68.4264514446
68.4275443554
68.4285447598
68.4295039177
68.4304833412
68.4315841198
68.4324922562
68.4344754219
68.4354481697
68.4364743233
68.4374845028
68.4384896755
68.4394946098
68.4404819012
68.4414410591
68.4424586296
68.4434518814
68.4444859028
68.4454820156
68.4464864731
68.4474411011
68.4484395981
68.4494643211
68.4504215717
68.451458931
68.4524555206
68.453430891
68.4544277191
68.4554271698
68.4564244747
68.4574255943
68.4584236145
68.4594399929
68.4604208469
68.4615190029
68.4624300003
68.4634532928
68.4644494057
68.4654335976
68.4664256573
68.4674358368
68.4684147835
68.4694547653
68.4704604149
68.4714314938
68.472424984
68.4734144211
68.4744138718
68.4754354954
68.4764187336
68.4774181843
68.478415966
68.4794211388
68.4804112911
68.4814221859
68.4824244976
68.483417511
68.4844231606
68.4854133129
68.4864125252
68.4874081612
68.4884152412
68.489418745
68.4904193878
68.4914181232
68.4924173355
68.4934098721
68.4944040775
68.4954092503
68.4964842796
68.4974300861
68.4984195232
68.4996194839
68.5004096031
68.5014081001
68.5024008751
68.5034046173
68.5044193268
68.5054147243
68.5063893795
68.5074124336
68.5083971024
68.5094013214
68.5103890896
68.5113790035
68.5123770237
68.5133776665
68.514374733
68.5153875351
68.5163748264
68.5173788071
68.5183773041
68.5193765163
68.5203783512
68.5213868618
68.522480011
68.5234582424
68.5243778229
68.5253779888
68.5263850689
68.5274419785
68.5284457207
68.5293819904
68.5303852558
68.5313830376
68.5323727131
68.5343720913
68.5353760719
68.5363793373
68.5373833179
68.5383975506
68.5393855572
68.5403778553
68.5413780212
68.5423855782
68.5434019566
68.5443999767
68.5453736782
68.5463852882
68.5473692417
68.5483691692
68.5493671894
68.5503642559
68.5513739586
68.5523686409
68.5533659458
68.5543680191
68.5553622246
68.5563704967
68.5573608875
68.5583674908
68.5593695641
68.5603721142
68.5613679886
68.562366724
68.5633602142
68.5643630028
68.5653700829
68.566347599
68.5673525333
68.5683555603
68.5693628788
68.5743560791
68.5753498077
68.5763494968
68.5773532391
68.5783483982
68.579400301
68.5803477764
68.5813508034
68.5823497772
68.5833559036
68.5843482018
68.5853514671
68.5863494873
68.5873439312
68.5883533955
68.5893502235
68.5903439522
68.5913500786
68.592341423
68.593338728
68.5943405628
68.5953338146
68.5963349342
68.5973300934
68.5983335972
68.5993337631
68.6003351212
68.6013429165
68.6023871899
68.603325367
68.6045806408
68.6053376198
68.606323719
68.6073241234
68.6083312035
68.6093280315
68.6103613377
68.611338377
68.6123280525
68.6133255959
68.6143260002
68.6153309345
68.6163249016
68.6173243523
68.6183316708
68.6193466187
68.6203491688
68.6213333607
68.622335434
68.6233246326
68.6243224144
68.6253187656
68.6263184547
68.6273195744
68.6283204556
68.6293156147
68.6303203106
68.631313324
68.6323103905
68.6333158016
68.6343119144
68.6353111267
68.6363115311
68.6373269558
68.6385996342
68.6393578053
68.640311718
68.6415915489
68.6423044205
68.6433210373
68.644551754
68.6505455971
68.6515424252
68.6535446644
68.6545450687
68.6553010941
68.6565413475
68.6575422287
68.6585519314
68.6595430374
68.6605446339
68.6615405083
68.6625366211
68.6632919312
68.6645359993
68.6655342579
68.6665377617
68.6675753593
68.6685688496
68.6695744991
68.6705343723
68.6715304852
68.6725680828
68.6735289097
68.6745285988
68.6755721569
68.6765303612
68.6775298119
68.6785259247
68.6795282364
68.6805782318
68.6815242767
68.6825714111
68.6835250854
68.6845228672
68.6855216026
68.6865205765
68.6875188351
68.6885230541
68.6895196438
68.690520525
68.6915168762
68.7015166283
68.7025313377
68.7035136223
68.7045099735
68.7055113316
68.7065107822
68.7075090408
68.7085065842
68.7095067501
68.7105102539
68.711504221
68.7125072479
68.7135519981
68.714507103
68.7155475616
68.7165014744
68.7175199986
68.7185370922
68.7195358276
68.7205228806
68.7215144634
68.7225427628
68.7235388756
68.7245409489
68.7255439758
68.7265226841
68.7275476456
68.7285001278
68.7295043468
68.7305138111
68.7315163612
68.7344987392
68.7355031967
68.7364974022
68.7374956608
68.7384951115
68.739495039
68.7404916286
68.7414939404
68.7424898148
68.7435348034
68.7445375919
68.7454938889
68.7464902401
68.7474887371
68.7484920025
68.7494909763
68.7504947186
68.7514839172
68.752494812
68.7535321712
68.7544829845
68.7555205822
68.7564835548
68.7575290203
68.7585282326
68.7595450878
68.7604804039
68.7615246773
68.7625205517
68.7635200024
68.764526844
68.7654871941
68.7664797306
68.7674770355
68.7704720497
68.771476984
68.7724730968
68.7734706402
68.7744731903
68.7754721642
68.7764744759
68.7774710655
68.7784690857
68.7794678211
68.7804670334
68.7814660072
68.7824645042
68.7834644318
68.7845106125
68.7854647636
68.7864692211
68.7874672413
68.7884626389
68.7894659042
68.7904613018
68.791462183
68.7924625874
68.7934646606
68.7944657803
68.7954623699
68.7964606285
68.7974638939
68.7984669209
68.7994732857
68.8004593849
68.8014538288
68.8024530411
68.8034703732
68.8044915199
68.8054554462
68.80645895
68.807454586
68.8084573746
68.8095111847
68.8105142117
68.8114495277
68.8124639988
68.8134710789
68.8144581318
68.8154563904
68.8164582253
68.8174521923
68.8184514046
68.8194506168
68.8204500675
68.8214554787
68.8224508762
68.8234500885
68.8254477978
68.8264510632
68.8275237083
68.8284537792
68.8294968605
68.8305306435
68.8314497471
68.8324465752
68.8354377747
68.8364405632
68.8374452591
68.8384373188
68.8394372463
68.8404393196
68.8414313793
68.8424351215
68.8434329033
68.8444356918
68.8454694748
68.846432209
68.8474678993
68.8484380245
68.8494372368
68.8504462242
68.8514332771
68.8524339199
68.8564295769
68.8574287891
68.8584389687
68.8594310284
68.860429287
68.8614273071
68.8624298573
68.8634192944
68.8644199371
68.8654174805
68.8664190769
68.8674426079
68.8684644699
68.8694250584
68.8704302311
68.8714346886
68.8724172115
68.8734767437
68.8744139671
68.8754706383
68.8764162064
68.8774142265
68.8784179688
68.8794119358
68.8804085255
68.8814451694
68.8824105263
68.8834066391
68.8844130039
68.8854060173
68.886405468
68.8874065876
68.8884079456
68.8894481659
68.8904073238
68.8914039135
68.8924026489
68.8934030533
68.8944139481
68.8954055309
68.8964033127
68.8974034786
68.8984062672
68.8994014263
68.9003973007
68.901468277
68.9024074078
68.9034180641
68.9044568539
68.9054203033
68.9064028263
68.9074008465
68.908403635
68.9094064236
68.9103999138
68.9113988876
68.9124002457
68.9153981209
68.9163880348
68.9173874855
68.918387413
68.9193992615
68.9204096794
68.921387434
68.9223878384
68.9234011173
68.9243791103
68.9253776073
68.9263777733
68.9273774624
68.9283745289
68.9294230938
68.9303781986
68.9313783646
68.9323785305
68.9393801689
68.9404191971
68.9413776398
68.9423677921
68.9433732033
68.9443645477
68.9453649521
68.9463694096
68.9473650455
68.9483692646
68.949369669
68.9563615322
68.9573624134
68.9583666325
68.9593656063
68.9603664875
68.9613642693
68.9623653889
68.9633584023
68.9643602371
68.9653580189
68.9663686752
68.9673666954
68.9683556557
68.9693527222
68.9703476429
68.9713516235
68.9723517895
68.9733512402
68.974347353
68.9763731956
68.9773669243
68.9783453941
68.9793491364
68.9803476334
68.9813554287
68.9823460579
68.9833436012
68.9843399525
68.9853568077
68.9863877296
68.9873819351
68.9883482456
68.9893443584
68.9903435707
68.991339922
68.9923424721
68.9933385849
68.9943397045
68.9953384399
68.9963421822
68.9973373413
68.9983406067
68.9993391037
69.0003378391
69.0013377666
69.0023548603
69.0033361912
69.0043582916
69.0053400993
69.006336689
69.0073430538
69.0083446503
69.0093390942
69.01035285
69.0113544464
69.012339592
69.0133314133
69.0143415928
69.0153324604
69.0163290501
69.0173244476
69.0183703899
69.0193269253
69.0203235149
69.0213215351
69.0223238468
69.0233213902
69.0243163109
69.0253200531
69.0263154507
69.0273165703
69.0283186436
69.0293428898
69.0303151608
69.0313112736
69.0325539112
69.0333154202
69.0343093872
69.0353097916
69.0363073349
69.0373477936
69.0383107662
69.0393102169
69.0403120518
69.0413069725
69.0423116684
69.0433084965
69.0443053246
69.0453209877
69.0463039875
69.0473480225
69.0483121872
69.0493099689
69.0503065586
69.0515463352
69.0523161888
69.0543019772
69.055305481
69.0565457344
69.0575532913
69.0585472584
69.0595448017
69.0605814457
69.0615432262
69.0625452995
69.0633001328
69.0645880699
69.0655791759
69.0665848255
69.0675783157
69.0685896873
69.0695440769
69.0703086853
69.071546793
69.0725901127
69.0735387802
69.0745389462
69.0755822659
69.0765814781
69.0775399208
69.0785703659
69.0793714523
69.0805356503
69.0815372467
69.0825409889
69.0835316181
69.0845332146
69.0855340958
69.0865297318
69.0875346661
69.0885374546
69.0895316601
69.0905275345
69.0915286541
69.0925316811
69.093528986
69.0945301056
69.0955300331
69.0965270996
69.0975267887
69.0985274315
69.0995235443
69.1005616188
69.1015665531
69.1025660038
69.103562355
69.1045193672
69.1055588722
69.1065576077
69.1075630188
69.1085186005
69.1095166206
69.1105613708
69.1115152836
69.1125259399
69.1135129929
69.1145141125
69.115527153
69.1165146828
69.1175196171
69.1185173988
69.1205189228
69.1215145588
69.1225163937
69.1235132217
69.1245088577
69.1255106926
69.1265096664
69.1275067329
69.1285066605
69.1295042038
69.1305100918
69.1315073967
69.1325044632
69.1335074902
69.1345059872
69.1355087757
69.1364367008
69.1375026703
69.138502121
69.1395039558
69.1405062675
69.1415503025
69.1425480843
69.1435065269
69.1445026398
69.1454980373
69.1465027332
69.1475002766
69.1484963894
69.149503231
69.150500536
69.1515016556
69.15249753
69.1544983387
69.1554992199
69.1565027237
69.1574947834
69.1584992409
69.1594955921
69.1604948044
69.1614966393
69.1624922752
69.1634867191
69.1644899845
69.1654868126
69.166488409
69.1675314903
69.1685266495
69.1694853306
69.1704845428
69.1714816093
69.1724822521
69.1734786034
69.1744799614
69.1754815578
69.1764929295
69.1774816513
69.1785018444
69.179479599
69.1804802418
69.181481123
69.1824812889
69.1834721565
69.1844785213
69.1854820251
69.1864786148
69.187379837
69.188475132
69.1894724369
69.1905035973
69.1915333271
69.192470789
69.1934704781
69.1945393085
69.1954674721
69.1964745522
69.1974675655
69.198469162
69.1994719505
69.2004723549
69.2014710903
69.2024719715
69.2034759521
69.2044658661
69.2054681778
69.2064743042
69.2074685097
69.2084653378
69.2094709873
69.2104616165
69.2114560604
69.2124629021
69.213463068
69.2144658566
69.215464592
69.2164633274
69.2174634933
69.2184574604
69.2194657326
69.2204637527
69.2214591503
69.2224638462
69.2234609127
69.2244586945
69.2254576683
69.2264511585
69.2274541855
69.2284510136
69.2294886112
69.2304577827
69.2314577103
69.232448101
69.2334563732
69.2344458103
69.2354707718
69.2364542484
69.237457037
69.2384641171
69.2394566536
69.2404611111
69.2414507866
69.2424561977
69.243465662
69.2444491386
69.2454533577
69.2464771271
69.247451067
69.2484502792
69.2494475842
69.2504444122
69.2514457703
69.2524428368
69.253443718
69.2544598579
69.255474329
69.2564351559
69.2574334145
69.258433342
69.2594361305
69.2604346275
69.2614684105
69.2624783516
69.2635045052
69.2644793987
69.2654812336
69.2664401531
69.2674229145
69.2684803009
69.2694356441
69.2704377174
69.2714343071
69.2724249363
69.2734260559
69.2744464874
69.2754745483
69.2764854431
69.2774744034
69.2784211636
69.2794210911
69.2804214954
69.2814204693
69.2824230194
69.2834205627
69.2844181061
69.2854135036
69.2864146233
69.2874109745
69.2884361744
69.2894127369
69.2904076576
69.2914361954
69.292412281
69.2934114933
69.2944111824
69.2954080105
69.2964067459
69.2974085808
69.2984113693
69.2994086742
69.300406456
69.3014070988
69.3024506569
69.3034129143
69.3044099808
69.3054764271
69.306447506
69.3074069023
69.3084175587
69.3094887733
69.3104243279
69.3114302158
69.3124580383
69.3134069443
69.3143978119
69.315400362
69.3163967133
69.3174059391
69.3184001446
69.3193998337
69.3204014301
69.3214142323
69.3225250244
69.3235282898
69.3244104385
69.3253877163
69.326382637
69.3273968697
69.328384161
69.3293836117
69.330429554
69.3314464092
69.3323888779
69.3333795071
69.334382534
69.3353850842
69.3363819122
69.3373830318
69.3383789062
69.3394012451
69.340429306
69.3414256573
69.3424317837
69.3434593678
69.3444104195
69.3454561234
69.3463766575
69.3473763466
69.3483729362
69.3493840694
69.3503756523
69.3523755074
69.3533735275
69.3543689251
69.3553733826
69.3563737869
69.3573725224
69.3583762646
69.3593630791
69.3604259491
69.3613705635
69.3623690605
69.3633618355
69.3644111156
69.3653805256
69.3663666248
69.3673655987
69.3684077263
69.3693742752
69.3704140186
69.3713648319
69.3723635674
69.3733594418
69.3743605614
69.3753669262
69.3763580322
69.377358675
69.3783576488
69.3793532848
69.3803536892
69.3813667297
69.3823547363
69.3833510876
69.3843579292
69.3853600025
69.386361599
69.3873507977
69.3883485794
69.3893480301
69.3903608322
69.3913469315
69.3923485279
69.3933496475
69.394364357
69.395365715
69.3963425159
69.3973476887
69.3983492851
69.3993403912
69.400339365
69.4013414383
69.4023430347
69.4033381939
69.4043359756
69.4053385258
69.4063372612
69.4073343277
69.4083375931
69.4093332291
69.4103758335
69.4113328457
69.4123318195
69.4133367538
69.4143359661
69.4153754711
69.4163367748
69.417337656
69.4183366299
69.4193341732
69.4203329086
69.4213414192
69.4223332405
69.4233293533
69.4243285656
69.4253358841
69.4265713692
69.4273304939
69.4283230305
69.4293420315
69.4305756092
69.4313216209
69.4323303699
69.4333295822
69.4343259335
69.435324192
69.4363248348
69.4373233318
69.4383218288
69.4393239021
69.4403195381
69.4413177967
69.4423184395
69.4433195591
69.4443099499
69.4453072548
69.4463174343
69.4475545883
69.4485659599
69.4493117332
69.4503076077
69.4513061047
69.4523050785
69.453309536
69.4543092251
69.4553067684
69.4563074112
69.4573047161
69.4583058357
69.459559679
69.4605414867
69.4613044262
69.4625427723
69.4635410309
69.4645473957
69.4655432701
69.466552496
69.4675986767
69.4685482979
69.4693000317
69.4705426693
69.4715394974
69.472536087
69.4735364914
69.4745337963
69.4755377769
69.4765348434
69.4775402546
69.4785377979
69.4795424938
69.4803533554
69.4815368652
69.4825615883
69.4835448265
69.4845271111
69.4855296612
69.4865274429
69.487524271
69.4885237217
69.4895277023
69.4905376434
69.491528511
69.4925272465
69.4935276508
69.4945278168
69.4955248833
69.4965233803
69.4975233078
69.4985327721
69.4995195866
69.5005681515
69.5015206337
69.5025215149
69.5035738945
69.5045673847
69.5055551529
69.5065736771
69.5075306892
69.5085589886
69.5093290806
69.5105369091
69.5115330219
69.5125136375
69.5135138035
69.5145223141
69.5155138969
69.5165622234
69.517506361
69.5185036659
69.5195047855
69.5205044746
69.52150774
69.5225110054
69.5235049725
69.5245223045
69.5252993107
69.5263893604
69.5275268555
69.5285794735
69.5295057297
69.5305063725
69.5315067768
69.5325055122
69.5335030556
69.5345039368
69.537501812
69.5385041237
69.5395066738
69.5405004025
69.5415072441
69.5424981117
69.5434992313
69.5445156097
69.5455088615
69.5465090275
69.5475008488
69.5484950542
69.5494976044
69.550491333
69.5514917374
69.5524990559
69.553539753
69.5544934273
69.5554933548
69.5564918518
69.5574910641
69.5584893227
69.5594899654
69.5604982376
69.5614831448
69.5624866486
69.5634880066
69.5644829273
69.5654838085
69.5664863586
69.5674872398
69.5684816837
69.5694782734
69.5704796314
69.5714817047
69.5724816322
69.5734806061
69.5744767189
69.5754761696
69.5764770508
69.5774741173
69.5784733295
69.5794742107
69.5804760456
69.5814790726
69.5824737549
69.5834779739
69.5844812393
69.5854797363
69.5864746571
69.5874707699
69.5884709358
69.589468956
69.590473175
69.5914678574
69.5924665928
69.5934658051
69.5944666862
69.5954623222
69.596460104
69.5974626541
69.5984914303
69.5994644165
69.6004750729
69.6014618874
69.6024625301
69.6034576893
69.6044645309
69.6054625511
69.6064610481
69.6074635983
69.608502388
69.6094708443
69.6104576588
69.61145401
69.6124527454
69.6164557934
69.6174588203
69.6184587479
69.6194617748
69.6204588413
69.6295251846
69.630464077
69.6314544678
69.6324555874
69.633452177
69.6344525814
69.6354506016
69.6364502907
69.6374499798
69.6384468079
69.6394560337
69.6404592991
69.6414453983
69.6424455643
69.643440485
69.6444821358
69.6454424858
69.6464457512
69.6474397182
69.6484510899
69.6494395733
69.6504368782
69.6514341831
69.6524415016
69.6534385681
69.6544353962
69.6554393768
69.6564280987
69.6574287415
69.6584277153
69.6594288349
69.6604464054
69.6614267826
69.6624274254
69.6634261608
69.664429903
69.6654384136
69.6664292812
69.6674253941
69.6684424877
69.6694281101
69.6704266071
69.6714298725
69.6724278927
69.6734330654
69.6744503975
69.6754331589
69.6764242649
69.6774315834
69.678429842
69.6794388294
69.680444479
69.681427002
69.6824214458
69.6834251881
69.6844320297
69.6854195595
69.6864190102
69.6875081062
69.6884438992
69.689450264
69.6904373169
69.6914372444
69.692435503
69.6934299469
69.6944270134
69.6954364777
69.6964626312
69.6974215508
69.6984214783
69.6994197369
69.7004301548
69.7014234066
69.702419281
69.7034239769
69.7044198513
69.7054214478
69.7064242363
69.7074196339
69.7084207535
69.70941329
69.7104036808
69.711407423
69.7124061584
69.7134070396
69.7144172192
69.7154057026
69.7163960934
69.7174036503
69.7183983326
69.7193996906
69.720400095
69.7214024067
69.7224030495
69.7234077454
69.7244083881
69.7254185677
69.7264151573
69.7274181843
69.7284274101
69.7294123173
69.7304162979
69.7313961983
69.7323887348
69.7333960533
69.7343964577
69.7353980541
69.7363848686
69.7373857498
69.7383828163
69.7394111156
69.7404067516
69.7414002419
69.7423956394
69.7433874607
69.7443971634
69.7453970909
69.7463922501
69.7474122047
69.7483997345
69.7493786812
69.7503836155
69.7513763905
69.7523787022
69.7563793659
69.7573773861
69.7583911419
69.7593727112
69.7603800297
69.7613787651
69.7623848915
69.7634029388
69.7643873692
69.7653813362
69.766395092
69.7674384117
69.7683701515
69.7693884373
69.7703819275
69.7713773251
69.7723758221
69.7733752728
69.7743697166
69.7753736973
69.7763712406
69.777368784
69.7783777714
69.7793831825
69.7803838253
69.781370163
69.7823698521
69.7833874226
69.7846033573
69.7853610516
69.7863593102
69.7873570919
69.7883656025
69.7893726826
69.7903723717
69.7913703918
69.792372942
69.793377161
69.7943687439
69.7953679562
69.796369791
69.7973718643
69.7983620167
69.7993652821
69.8003611565
69.8013575077
69.8023579121
69.8033642769
69.8043580055
69.8053491116
69.8064146042
69.8074276447
69.8083586693
69.8093602657
69.8103699684
69.8113660812
69.812353611
69.8133604527
69.8143556118
69.8153665066
69.8163547516
69.8173503876
69.8183534145
69.8193740845
69.8203487396
69.8213508129
69.8223428726
69.8233623505
69.8245835304
69.8253386021
69.8263511658
69.8273386955
69.8283345699
69.8293368816
69.8303349018
69.8313338757
69.8323330879
69.8333323002
69.8343384266
69.8353319168
69.8363339901
69.8373317719
69.8383805752
69.8393969536
69.8403971195
69.8413338661
69.8423483372
69.84334445
69.8445637226
69.8453407288
69.84633255
69.8475570679
69.8485610485
69.8493208885
69.8503291607
69.8513307571
69.8553256989
69.856323719
69.8573329449
69.8583385944
69.859331131
69.8603305817
69.8613421917
69.8625516891
69.863322258
69.8645479679
69.8655500412
69.8665480614
69.8675563335
69.8685498238
69.8693137169
69.8705513477
69.871544838
69.872541666
69.8735427856
69.8745422363
69.8755435944
69.8765435219
69.8773198128
69.8785443306
69.8795464039
69.8805391788
69.8815429211
69.8825387955
69.8835442066
69.8845396042
69.8853037357
69.8865318298
69.8875355721
69.8885397911
69.8893549442
69.8905317783
69.8915302753
69.8925328255
69.8932986259
69.8945324421
69.8955328465
69.8963387012
69.8973536491
69.8985249996
69.8995320797
69.9003741741
69.9015295506
69.9025371075
69.9065206051
69.9074699879
69.9085204601
69.9095239639
69.9105231762
69.9115233421
69.9125180244
69.9135184288
69.914516449
69.9155230522
69.9165198803
69.9175167084
69.9185142517
69.9195127487
69.9205286503
69.9215524197
69.9225406647
69.9235258102
69.9245252609
69.9255185127
69.9265272617
69.9275650978
69.9285330772
69.9295413494
69.9305272102
69.9315207005
69.9325089455
69.9335091114
69.9345088005
69.935505867
69.9365031719
69.9375190735
69.9385709763
69.9395256042
69.9405264854
69.9415175915
69.9425337315
69.9435386658
69.9445266724
69.9455182552
69.9465310574
69.9475128651
69.9485085011
69.9495089054
69.9505090714
69.9515118599
69.9525105953
69.9535081387
69.9545035362
69.955508709
69.9565029144
69.9575059414
69.9585149288
69.9595091343
69.9605095387
69.9615113735
69.9625008106
69.963506937
69.9645035267
69.9655020237
69.9665091038
69.9675092697
69.9685087204
69.9695034027
69.9705040455
69.9714980125
69.9724953175
69.9734921455
69.9744915962
69.9754927158
69.9764916897
69.9775056839
69.9785063267
69.9795081615
69.9804942608
69.9814944267
69.9824819565
69.9834909439
69.9844889641
69.9854717255
69.9864721298
69.9874711037
69.9884872437
69.9894840717
69.9904828072
69.9914679527
69.9924674034
69.9933338165
69.9944667816
69.9954686165
69.9964733124
69.9974658489
69.9984633923
69.9994688034
70.0004658699
70.0014877319
70.0024695396
70.0034720898
70.0044579506
70.0054597855
70.0064592361
70.0074849129
70.0085048676
70.0095040798
70.0104649067
70.0114674568
70.0124773979
70.0134706497
70.0144774914
70.0154747963
70.0164895058
70.0174677372
70.0204632282
70.0214657784
70.0224626064
70.0234658718
70.0244600773
70.0254607201
70.0264527798
70.0274617672
70.0284621716
70.0294997692
70.0304546356
70.0314507484
70.0324542522
70.033454895
70.0344531536
70.0354492664
70.0364480019
70.0374429226
70.0384824276
70.0394859314
70.0404849052
70.0414540768
70.0424492359
70.0434479713
70.0444731712
70.0454480648
70.0464775562
70.0474793911
70.0484695435
70.0494446754
70.0504398346
70.0514409542
70.052441597
70.0534415245
70.0544419289
70.0554435253
70.0564422607
70.0574402809
70.0584352016
70.0594472885
70.0604391098
70.0614349842
70.0624377728
70.0634336472
70.0644278526
70.0654301643
70.0664298534
70.0674278736
70.0684435368
70.0694425106
70.070469141
70.0714445114
70.0724425316
70.0734453201
70.0744376183
70.0754406452
70.0764369965
70.0774488449
70.0784444809
70.0794270039
70.080442667
70.0814323425
70.0824346542
70.0834281445
70.0844290257
70.0854263306
70.0864257812
70.0874240398
70.0884239674
70.0894253254
70.0904357433
70.0914230347
70.0924158096
70.0974161625
70.0984184742
70.0994198322
70.1004137993
70.10141325
70.1024172306
70.1034133434
70.1044266224
70.1054315567
70.1064174175
70.1074223518
70.1084218025
70.1094176769
70.1104137897
70.1114082336
70.1124212742
70.1134126186
70.1144106388
70.1154222488
70.1164155006
70.1174044609
70.1184074879
70.1194014549
70.1204030514
70.1214025021
70.1224064827
70.1233992577
70.1244244576
70.1254010201
70.1264035702
70.1274094582
70.1284003258
70.1294062138
70.1304140091
70.1314053535
70.1323983669
70.1333875656
70.1343874931
70.1353852749
70.136431694
70.1373829842
70.138446331
70.1393897533
70.1404361725
70.141433239
70.1423826218
70.1434004307
70.1443910599
70.1453850269
70.1463813782
70.1473870277
70.148403883
70.1493782997
70.1503765583
70.1513764858
70.1523785591
70.1533813477
70.1543753147
70.1553776264
70.156375885
70.1573746204
70.1583731174
70.1593677998
70.160378933
70.161375761
70.1624302864
70.1633687019
70.1643731594
70.1653707027
70.1663842201
70.1673746109
70.1683824062
70.1693716049
70.1703748703
70.1713662148
70.1723687649
70.1733613014
70.174366951
70.1753706932
70.1763682365
70.1773686409
70.1783692837
70.1793649197
70.1823637486
70.1833639145
70.1843554974
70.1853640079
70.1863667965
70.1873557568
70.1883611679
70.1893525124
70.1903533936
70.1913504601
70.1923515797
70.1933546066
70.1943490505
70.1953475475
70.1963419914
70.1973547935
70.1983523369
70.1993532181
70.200353384
70.2013521194
70.202354908
70.2033519745
70.2043514252
70.2053494453
70.2063381672
70.2073419094
70.2083470821
70.2093474865
70.2103483677
70.2113478184
70.2123463154
70.2133471966
70.2143464088
70.2153468132
70.216344595
70.2173454762
70.2183384895
70.2203376293
70.2213487625
70.2223477364
70.2243282795
70.2253406048
70.2263376713
70.2273302078
70.2283260822
70.2293329239
70.2303349972
70.2313308716
70.232326746
70.2333347797
70.2343308926
70.2353298664
70.2363317013
70.2373359203
70.2383310795
70.2393314838
70.2403359413
70.241328001
70.242328167
70.2433214188
70.2443213463
70.2453227043
70.2463233471
70.2473230362
70.2483189106
70.2493243217
70.2503182888
70.2513155937
70.2533280849
