0.00407820545202
0.00291557950187
0.00156171394928
0.00231493380393
0.00193179113692
0.00215681175272
0.00259468697966
0.00272665507232
0.00124372868148
0.000394099057091
9.20066007378e-05
0.00401683593033
0.00399141952183
0.00284017795902
0.00313052080842
0.00174628561678
0.00259082328103
0.00363658490143
0.00510807289104
0.00628638745242
0.00661421031041
0.0052373141708
0.00419125811974
0.00219257713502
0.00100798049281
6.41113232184e-05
7.56734863276e-05
-0.000245243943044
-1.81252662529e-05
0.000786954304804
0.000388637269356
0.00141164167395
0.00246338330812
0.0030876544979
0.00370982960078
0.00326818868156
0.00292432157284
0.0020545333683
0.00226384149095
0.00181600407692
0.00277895581375
0.00267158421314
0.0041551316455
0.0042846110615
0.00439046471428
0.00417771633289
0.00165639804361
0.000693843142002
0.00156390298453
0.00251798120384
0.0031660991764
0.00424497879867
0.00497662729559
0.00349796367475
0.00316797499523
0.00231972888279
0.00211899606552
0.0033788429304
0.00360070068501
0.00401528981864
0.00476496720259
0.00518947717483
0.00507715630841
0.00381638424702
0.00361747201441
0.00295714737556
0.00316186842361
0.00305249925469
0.00264268520399
0.00232373358298
0.00244784043361
0.00244629583286
0.00201974463279
0.00276307546182
0.00253574863642
0.00284058168284
0.00295132376848
0.00251063108731
0.00283716747674
0.00390991724902
0.00412379378042
0.00431309588111
0.0044193235719
0.00334878024308
0.00271995181759
0.00252246969754
0.00202217228791
0.00181269527797
0.00141528604646
0.00215794813091
0.0028877098278
0.00247463440588
0.00309780825113
0.00234160917969
0.00266084515235
0.00286249286802
0.00339229251635
0.00369835831456
0.00316084424535
0.00316048099065
0.00271189367475
0.00377464148241
0.0036657497017
0.00335433022231
0.00443626193826
0.00488437120937
0.00465541021471
0.00455456212216
0.00278016434671
0.00151368602798
0.000585336477057
0.000577107279448
0.000681221964065
0.00205206362011
0.00311286170283
0.00383297229521
0.0035296514113
0.00372980608951
0.00349802825814
0.00307745571047
0.00401549505343
0.00381528396698
0.00495709935813
0.00516972409148
0.00604132595712
0.0055157272267
0.00585358234338
0.00386097608301
0.00375270333467
0.00293053778449
0.00208148051309
0.00272992372658
0.00335778875773
0.0039948044366
0.00388161577984
0.00356325112483
0.00290813466677
0.00344271912235
0.00354801436543
0.00416162089791
0.00501161154952
0.00550999428061
0.00666328617487
0.00614799808089
0.0052953642943
0.00456128871476
0.00359844071335
0.00349731682547
0.00351078964077
0.00307966696384
0.0028857754035
0.00285282329555
0.00319820536353
0.00275574877331
0.00180419887718
0.00264150298782
0.00232315120856
0.00399441358857
0.0048482877071
0.00492680506056
0.0049253285705
0.00565949191132
0.00512770480422
0.00490921291732
0.00418065959982
0.00480092146808
0.00481962806694
0.00524566389076
0.00503354059441
0.00460242041634
0.0046116894382
0.00462392325645
0.00483567745974
0.00539703540194
0.0046622586348
0.00455910775545
0.00340143845866
0.0012702637029
0.000957577212926
0.000221677184471
0.00159015429759
0.00159077590358
0.00285051778627
0.00466195599472
0.00592423263847
0.00571681280425
0.00515931300691
0.00367222022833
0.00303051298238
0.00291523644892
0.00389555620547
0.00475724204241
0.00573117389076
0.00543864519336
0.0045708678438
0.00224734018029
0.00140581800934
0.000763582297593
0.000242415119963
0.00121141905983
0.00353825151322
0.00385782659131
0.00522643446866
0.00448320128732
0.00427233372803
0.00214465473332
0.00170664893476
0.00211258997422
0.00348092148245
0.0045380520368
0.00535614985337
0.00558467546483
0.00550650663923
0.00487893118057
0.00363238471563
0.00173696163212
0.00143415183076
0.00146726986768
0.000627737085363
0.000842560003726
0.00106571150918
0.00117985738898
0.00275524931047
0.00273364024061
0.00230660490803
0.00197242731544
0.00195075203423
0.00140393971259
0.00185631464256
0.00248853271317
0.00355620593046
0.00440597460803
0.00503412176788
0.00513456707303
0.00320582321744
0.00172532716994
0.00107026537834
-0.000294968941324
0.000128454286405
0.00216019516732
0.00364402388322
0.0039660400137
0.00471199145239
0.00387202130026
0.00171654307348
0.000312050323126
7.05444610569e-06
-0.000737699287193
-0.000312389289953
0.00235793794972
0.00425253476221
0.00466611920128
0.00561321162304
0.0039181389155
0.0030419028407
0.00240217099643
0.00209669110073
0.00176181368192
0.00304627423882
0.0040056664188
0.00464784461508
0.00465234865954
0.0042658996052
0.00237691140237
0.00175169219767
0.00122833944342
0.00120241814461
0.00164799763066
0.00269710587991
0.00258260011516
0.00281255928772
0.00313267669209
0.00292014894984
0.00343271723728
0.0042779341275
0.0039549987527
0.00372536115344
0.00296626281868
0.00276297011087
0.0036031360746
0.00373015574662
0.00519502360893
0.00678781039566
0.00729641302188
0.0061240892621
0.00496705705521
0.00348212350274
0.00200019797271
0.00127160640511
0.000982444551603
0.00120889728911
0.00206208671517
0.00220134898009
0.00146141980105
0.000302976558391
-0.000360169618048
-0.00101843890653
-0.000703896723908
0.000881217997115
0.00192788353548
0.00392151874897
0.00508182835828
0.00634812645864
0.00548766153071
0.00450568995895
0.00336575816015
0.00323877704064
0.00322927498955
0.00336274187926
0.00348219816591
0.00347765999818
0.00434697246899
0.0035234562303
0.00300436215427
0.00281848001849
0.000922882073809
0.000698174124828
0.000385976082269
0.00026823048289
0.000368309465217
0.00164677585076
0.00154702161888
0.0021778989967
0.00272483545208
0.00358378327659
0.00369727087604
0.00273946739377
0.00251980627498
0.00134690014001
0.00122771636222
0.00155447823123
0.00187911774161
0.00315928674859
0.00391637868281
0.00220643878142
0.00112978138816
0.00219815665915
0.00191668512551
0.00252764181375
0.00330084331797
0.00381623139641
0.00370882148416
0.00221558097329
0.0011656576963
0.000965100585375
0.000526206081383
0.000946776099677
0.00213337134318
0.00196402993163
0.00185346949521
0.00227023130397
0.00216047858653
0.00290981831376
0.00364174374425
0.00440424220554
0.00332759771856
0.00269545960594
0.00143710607564
0.00122664266035
0.000597276333282
0.000823115802025
0.00196792718025
0.00229438545874
0.00302717085459
0.00303875581039
0.00281600084706
0.00247840082095
0.00100324451537
0.000584384313461
0.00101594702595
0.001855777254
0.00229482391005
0.00301449773213
0.00472602084303
0.00419669106435
0.00282182642824
0.00177151036407
0.000417203533169
0.000218320942051
0.00119417651497
0.00160662973592
0.00246413994648
0.00247171713474
0.00226407563292
0.0023552088297
0.00162136725478
0.00127059479622
0.000547068396268
0.0013813846995
0.00136399032474
0.00210185305915
0.00360447496239
0.00315851780122
0.00170038216081
0.00126025289186
-0.000559316568627
0.000944495157439
0.00177382217648
0.00260566732586
0.00343660208888
0.00343161730816
0.00300700205586
0.00151758108511
0.0021217084425
0.00286735841313
0.00383009026787
0.00393784957435
0.00498446952735
0.00403199424211
0.00351075460785
0.00362491051841
0.00331116439605
0.00332655017382
0.00302165420249
0.00344578630701
0.00368200417273
0.00400007534675
0.00327160538753
0.00243733621885
0.0011616335225
0.0017117280822
0.00114268405626
0.00170723917149
0.00276548152104
0.00308431017229
0.00383642042897
0.00434934099068
0.00349472042361
0.00349161339689
0.00348616155181
0.00305299196624
0.00276508949094
0.00287390633787
0.00258730532457
0.00216345874902
0.00206534239311
0.00252449793487
0.00164323785308
0.00141804585515
0.0034218815323
0.00371708972476
0.00328769696542
0.00345611544696
0.00293287036261
0.00228055087714
0.00292374354535
0.00303003964925
0.00428986236083
0.00491738212937
0.00460610265285
0.00343294922178
0.00268434850332
0.00141860995041
0.00183341165735
0.00269122450877
0.00250608031826
0.0032753559428
0.00370523184993
0.00391643658025
0.00307380291121
0.00273617460421
0.00199743592629
0.00168341536921
0.00126407000633
0.00159617729808
0.00287464436191
0.00437159888794
0.00489561924449
0.00544653787798
0.00427055908891
0.00309695486498
0.00236103549237
0.00140565602939
0.00130587563508
0.00129109839493
0.0024572528508
0.00384974666321
0.00478066341343
0.00489490455589
0.00486592117248
0.00318939197116
0.00338941955278
0.00222997979523
0.00243492833604
0.00253089310276
0.00346606070622
0.00400661317072
0.00431486375796
0.00452497364741
0.00389405875485
0.00293655818481
0.00304184834659
0.00282357960251
0.00302448937291
0.00334657890969
0.00335560666642
0.00365387694347
0.00341887017912
0.00373586957634
0.0035136560684
0.00391781532053
0.0036208548475
0.00393319357121
0.00402555286355
0.00444781962987
0.00507543505866
0.00466599600016
0.00445756400506
0.00402737480881
0.00351077267017
0.00319586019998
0.00280131532042
0.00366598643537
0.0032540313907
0.00261446286272
0.00262859203253
0.00219935911444
0.00209171038765
0.00221388185901
0.00187951354065
0.00177031613454
0.00165362171651
0.00174381246533
0.00185249177801
0.00257614228597
0.00350556869499
0.00446521604431
0.00424316612403
0.0035006184795
0.00182213640182
0.00172035172994
0.00197962550475
0.00291514348716
0.00272047654081
0.00282414032327
0.00208868169097
0.000702368509044
0.000897347032989
0.000793109680513
0.00154534078448
0.00272351417902
0.00397747965398
0.00524877616788
0.00343816808589
0.0015356057267
0.0011007862603
0.000818327936106
0.00243573689164
0.00285811162949
0.00459006099379
0.00436007296253
0.00308238889059
0.00115452770948
0.00106940851792
0.00030892088111
0.000342656362147
0.0024629648685
0.00352143152886
0.00520251813277
0.00425160486658
0.00338592183161
0.00157401788513
0.00114753865599
-1.51800836815e-05
0.000618428838176
0.00274291100599
0.00421881169471
0.00336918870081
0.00102740253983
0.00305003654639
0.00197550275932
0.00154453731094
0.000152744463011
0.00111904310006
0.00206254950063
0.00267380649295
0.00374594408646
0.00373398663732
0.00320863914202
0.00267228585366
0.00150504250911
0.00120496914047
0.0009861759741
0.00246992818052
0.00460628275818
0.00408944457524
0.003027289607
0.00184835265204
0.000275550341356
0.000165617681441
0.0013364002057
0.00566404491268
0.00567721125741
0.00598879682332
0.00494136540493
0.00377724225997
0.00314417914345
0.00187057684486
0.00217832081333
0.00241131905946
0.00336047333102
0.00453648600702
0.00454584865023
0.00412664889225
0.00327966411891
0.00159317136912
0.000838601884679
0.000734091721431
0.00125661347832
0.00180127735767
0.00284469510938
0.00350456643531
0.00336813907345
0.00346916028539
0.0025825401328
0.00396255522924
0.00438277440863
0.00416894156727
0.00385429967156
0.00291266580414
0.00268187679821
0.00310243931512
0.00376383062855
0.00365689770211
0.00332012561004
0.00279602162383
0.00279530302271
0.00194557909467
0.00120153119201
0.00129702367352
0.000967579246118
0.00225668392911
0.0029928751323
0.00301384927896
0.00406990673018
0.00362134291577
0.00321785721812
0.0026714408608
0.00213926335636
0.00243760253622
0.00231809726392
0.00169669675494
0.00220237221813
0.00252582815499
0.00285622060211
0.00359038280065
0.00401935714911
0.00423206694748
0.00453728376077
0.0031586916302
0.00275423648152
0.00213806853504
0.00203674353997
0.00213351583307
0.00330764026436
0.00353735328309
0.0041525535158
0.00382851357579
0.00246385939904
0.00172245229459
0.000861928301994
0.00193286237428
0.00245201421061
0.00507798209674
0.00625208582327
0.0067704672761
0.00580183968981
0.00497868417192
0.0039108348724
0.00340431666956
0.00329337192753
0.00330389668647
0.00425825116107
0.0047998212216
0.00480684548836
0.00491343730474
0.00483411761523
0.00355952825873
0.0029197317523
0.00269176628781
0.00227917083173
0.00250600844332
0.00366242863353
0.0047258600436
0.00504180087193
0.00589617547777
0.00589029610104
0.00640319232087
0.00292679873211
0.00228178441652
0.00280777403073
0.00355186274869
0.00588756804131
0.0075979344242
0.00884167161056
0.00818493124631
0.00701105391852
0.00403537179258
0.00278498475864
0.00182820781394
0.00130353957967
0.0034534034372
0.00610717740421
0.00726118254238
0.00693418223472
0.00470872030871
0.00269823361522
0.00186686794599
0.00124256038375
0.00220918187191
0.00455926210697
0.00690994229761
0.00933570749528
0.00944860774755
0.00880938464905
0.00616167298983
0.00434631213192
0.00275988383021
0.00256005322417
0.00276686622749
0.0042581871454
0.00608329072002
0.00756469792028
0.00734963433629
0.00671126486576
0.00542062777947
0.00382965291204
0.00349732383886
0.00404552766431
0.00403902225285
0.00615816133471
0.00627916385008
0.00669282843976
0.00614342680442
0.00496866104258
0.00327681593767
0.00243454995284
0.00171956935633
0.00130532807227
0.00205241614253
0.00319577950419
0.00472631226336
0.00441149705566
0.00613173085347
0.00654396737428
0.00569658921426
0.00483054882372
0.00387969916073
0.00344559859333
0.00269830521028
0.00337261190068
0.00392435645502
0.00507506875991
0.00489372989486
0.00487995734928
0.00446670988864
0.00454409170455
0.00381091860282
0.00381616529266
0.00370892904708
0.00455796795452
0.00540573571975
0.00602074954159
0.0063409683658
0.00634031567815
0.00614212476864
0.00456445875219
0.00364107319392
0.0029039924144
0.00301541667163
0.00239557791032
0.00301046925288
0.00357479429772
0.00462328730007
0.00411844851504
0.00518679781619
0.00412357349122
0.00296297230027
0.00200702681691
0.0017601265825
0.00122854164609
0.00260796235393
0.00365152396875
0.00437711670027
0.00617148384904
0.00585800599489
0.00521295693001
0.00498981311854
0.00456369770857
0.0046931967401
0.00476468176096
0.00412969296829
0.00446072916153
0.00486855760053
0.00529796236472
0.00562657647306
0.0049838174813
0.00465089046571
0.00319486522733
0.00233304835479
0.0022308668477
0.00350144506691
0.00500533840946
0.00574038923466
0.00680952383397
0.00575278424622
0.00501993081844
0.00268075459714
0.00184897410992
0.00143523426286
0.0026094993753
0.00388569560489
0.00493622836919
0.00513620628687
0.00514225020095
0.00387134953754
0.00260072880108
0.00195503280814
0.00269069244236
0.00331585054273
0.00448960430124
0.00543472996497
0.00635738345138
0.00572044322251
0.00404640106988
0.00404188338858
-0.000246045267807
8.55906096255e-05
-0.000336767366505
0.00105531075223
0.00219258594077
0.00293678066938
0.0037765022476
0.00323771782377
0.00259442313621
0.00184619384759
0.00174011751196
0.00174429734394
0.0030202826587
0.00447930146406
0.00479808854774
0.00489684895619
0.00407588920776
0.00291093941137
0.00133734729503
0.000722919975203
0.00179875792053
0.00211261825971
0.00307567073807
0.0035794335359
0.00419516183203
0.00366489634039
0.00312911847312
0.00302980283212
0.00333388002928
0.00324858165232
0.00430888976417
0.00430124456972
0.00431205637177
0.00496751317801
0.00496686280142
0.00495782627004
0.00402084250662
0.00284214091766
0.00219176683291
0.00262961817793
0.00199346583418
0.00212524205906
0.00244321987909
0.00234732613364
0.00273672430784
0.00337249810558
0.00313726798009
0.00291319663532
0.00309902315497
0.00298182817084
0.002560931551
0.00307476261291
0.00353728171211
0.00532034594568
0.00576770860616
0.00608123457506
0.00598566577266
0.0043800636939
0.00269290698295
0.00185438897421
0.000701956065113
0.000377351684434
0.00133917768681
0.00263755984272
0.00454276966112
0.00452488213353
0.00345831734168
0.00324562658959
0.00197426363669
0.00109322927534
0.00236877319395
0.00375139254524
0.00430040612001
0.00557359821791
0.0055802592345
0.00537086767479
0.00557263260063
0.00482903453183
0.00363702216604
0.00319624786838
0.00201238723704
0.00284760990885
0.00320445415546
0.00502354731774
0.00662535583024
0.00790259910955
0.00779907131216
0.00608211868891
0.00427669839418
0.0010905720085
-0.000722308242613
-0.00153145265842
-0.00023232655283
0.00136381390014
0.00531231366369
0.00637435528602
0.00679503846165
0.0053047320414
0.00366925445182
0.00163720552995
0.0003538794471
0.00205602548582
0.00543996839234
0.0069503021911
0.00822512558274
0.00821070686616
0.00692472007649
0.00414612592685
0.00236514361779
0.00192706288545
0.00194583984899
0.00324346838791
0.0044399761328
0.00613759794304
0.00677470254717
0.0058123751078
0.00452511179299
0.00312977112572
0.00238063721032
0.00110843961892
-5.7008953517e-05
0.00131770511503
0.00290868479238
0.00430295368285
0.00535674801097
0.00618778900374
0.0053139032355
0.00415380027386
0.00213505319207
0.00233656244954
0.00255540063682
0.00361769091184
0.00564814727576
0.00554156135852
0.00619229282457
0.00631819100279
0.00482610866863
0.0038690502478
0.00279750589609
0.0021539081037
0.0035408380817
0.00407595929658
0.00462170967957
0.00601640830748
0.0060189167135
0.00502498470326
0.0036403491226
0.00300319359843
0.00193998206591
0.00202643967452
0.00291072818161
0.00420417552718
0.00537138203528
0.00660804230562
0.00544625481915
0.00331924576351
0.00386489241562
0.00517833078895
0.00621983598912
0.00750746524557
0.00611863010357
0.00481641210501
0.00323881833088
0.00217441727264
0.00124467792543
0.00273692097173
0.00370019960797
0.00518557398812
0.00666907822015
0.00634052983747
0.00569578829734
0.00377981979416
0.00161039483891
0.00129358671073
0.00171490420602
0.00213800379505
0.0032975472047
0.00499465777031
0.00618334369581
0.00669703464102
0.00680667564052
0.00499206313049
0.00425101753895
0.00190749150839
0.00306925771631
0.00361101434979
0.00510661326358
0.00617586727481
0.00659823720275
0.00650449428463
0.00585494544646
0.00384887557891
0.00288833245624
0.00204578105626
0.00172798700841
0.00280767646812
0.00450037346372
0.00684062445116
0.00810244750129
0.00840986247387
0.00806513309353
0.00562889992106
0.00287416638442
0.00145672081232
0.000513989683941
0.00189017540211
0.00475675616338
0.00654699420762
0.00697347392723
0.00655552710555
0.00551670305892
0.00348984890009
0.00254642427809
0.00178721770042
0.0019009913933
0.00267117914601
0.00415260395238
0.00405900182924
0.00321339913249
0.00301034094552
0.00225756384362
0.000989777511178
0.00131219767182
0.000897208634862
0.00142653920566
0.00249552070802
0.00342908828721
0.00333794960223
0.00386193550737
0.00299935238294
0.00127651401984
0.0012767520773
0.00180549674107
0.00289190840046
0.00491965862573
0.00672518784167
0.00746338168966
0.0052467348683
0.00406867097277
0.0028176876244
0.00143871444416
0.00219359175979
0.00400996992065
0.00498728089768
0.00678687512076
0.00733689616033
0.00626215191359
0.00539914904744
0.00304956437596
0.00218703292865
0.00325736254188
0.00368918892698
0.00518926559178
0.00667478969911
0.00760623818039
0.00634850701315
0.00495469344954
0.00311555519735
0.00110624447151
0.000464638462107
0.000584903715297
0.00326458204849
0.00517098044293
0.00739560818963
0.0077126979515
0.00692970403611
0.00373489782206
0.0020310321288
0.000340332023216
0.000668522831994
0.00164408954123
0.00380028272799
0.0050697966975
0.00548409783834
0.00420924971962
0.00196536446572
6.22914309036e-05
0.000164404906079
-2.63466465383e-05
0.00145136539222
0.00315717058705
0.00462926738567
0.00546976223146
0.00567686254928
0.00481404462332
0.00417025909399
0.00266360956363
0.0019245543937
0.0021422637784
0.00299167055786
0.00468914032533
0.00609322980258
0.00652366506909
0.00632880924352
0.00485966686439
0.00358596499227
0.00232727130158
0.00213102973179
0.00288776651221
0.00331626974347
0.00426778163437
0.00430190672063
0.0045959635804
0.00355009493813
0.00290703977392
0.00225344664739
0.00247661162359
0.00215013611939
0.00298196809592
0.00329813369502
0.00316622170418
0.00176088179024
0.00102015961906
0.00364258958235
0.00470928157605
0.00511801298335
0.00311398388444
0.00195159973816
0.00142105154934
0.001876951046
0.00208388395097
0.00410317960833
0.0056015015886
0.00538437503827
0.00368725822739
0.00316170462239
0.00136991757919
-7.90992615512e-05
0.000981374774743
0.00247994992051
0.00438614815743
0.00615323068399
0.00763196222293
0.00636870731845
0.00507198368701
0.0031659564253
0.00210209103714
0.00240803405819
0.00283606799358
0.0046385199124
0.00845787636749
0.00981028719427
0.00925889676528
0.00758172929673
0.00564771460204
0.00364952676535
0.00237779396231
0.00315663689963
0.00425186698063
0.00648078138857
0.00701357924692
0.00690360732568
0.00593443248938
0.00432727366546
0.0022142158246
0.00274721391925
0.00316764654284
0.00445819209571
0.00689084000809
0.00911362955922
0.00943032026292
0.00813009458532
0.00481197303833
0.00320028756585
0.00119820202136
0.00173987657916
0.00346721841371
0.00465321783778
0.00645228967825
0.00730999945135
0.00645897098866
0.00401060724766
0.00186599103416
-0.000148270020995
-0.00142266087846
-0.000253209729075
0.00105200088679
0.00263007732303
0.00583302149839
0.00634236641983
0.00600033856085
0.00460107940146
0.00362629750469
0.00140104244546
0.0018286319206
0.00301560590272
0.00429819392647
0.00728513943491
0.00781735234044
0.0077011883226
0.00599227571584
0.00174116071095
0.00176715862374
0.00135340040869
0.0032912655941
0.00383435303397
0.00521181212584
0.00478834523859
0.00403382731743
0.00306110705614
0.00285015037899
0.00209567478727
0.00165753958108
0.00143329937955
0.00229862298954
0.00346639480921
0.00420583284937
0.00538077673312
0.00600272611556
0.00556396215669
0.00481214731087
0.00374720313876
0.00341630406432
0.00312147961299
0.00376859012076
0.00388777659
0.00484189898103
0.0053983216272
0.00625509245713
0.00603543308013
0.00528681119695
0.00464510183256
0.00337617349417
0.00315993212197
0.00326861789824
0.00424541021257
0.00562826235624
0.00595715271987
0.00743430952607
0.00615735926779
0.00558330533167
0.00408986879491
0.0038538963742
0.00290688032638
0.00416723699197
0.00511023427089
0.00662625970543
0.00705029019752
0.00704778016353
0.0063278909979
0.00522802337379
0.00479573605577
0.0045723658105
0.00422492123615
0.00433050401205
0.00464824983131
0.00464362043206
0.00519647916664
0.00425816356839
0.00438508491442
0.00459008032244
0.00542839241407
0.00490919147827
0.00510085841977
0.00500324838953
0.00522926760815
0.00536062939545
0.00580146990446
0.00591129720552
0.00655690495149
0.00655634146049
0.00537811878722
0.00430918809107
0.00314167587879
0.00206954551075
0.00196489418066
0.00175639483194
0.00379590579812
0.00653198261497
0.00641011146889
0.00404669660082
0.00406751612707
0.00490085816936
0.00598077587889
0.00607931428279
0.00575720645681
0.00524946061399
0.005225160618
0.00417920452089
0.00428027328312
0.00408241568038
0.00387396781617
0.00449662599662
0.00504917546465
0.00599253331083
0.00494227631133
0.00438936176802
0.00522422387659
0.00499652078571
0.00464094050034
0.00668279438476
0.00795876027659
0.00166145929425
0.00197627593731
0.00338054880558
0.00411370900103
0.00571860258341
0.00551295861938
0.00509403772483
0.00339986367069
0.00349844144521
0.00284919944948
0.00315595325763
0.00356479684686
0.0042130642495
0.00536974694833
0.00493049725548
0.00502964264783
0.00408734674509
0.00459607044172
0.00310790050794
0.00404885462866
0.00519316187842
0.00540127400697
0.00669056874197
0.00711157909292
0.00647123681168
0.0055224709243
0.00606192123435
0.00490940046349
0.0041801410697
0.00481319198876
0.00465407861326
0.00560015145606
0.00540379748601
0.00453893904104
0.00400385247017
0.00305878152116
0.0026340310759
0.00199441529552
0.00241481164713
0.00275681445542
0.00444212105404
0.00496234694771
0.00528472736134
0.00473301456694
0.00406592159177
0.0038392992099
0.00234160296647
0.00212785450782
0.00243607170715
0.00277704588592
0.0037381697253
0.00405462326892
0.0043690888898
0.00364577918998
0.00342804519202
0.00321978496426
0.00195865128066
0.00068362064183
0.001421171422
0.000811673345541
0.00176016384854
0.00208631785821
0.0025132822483
0.00219822254526
0.00177925667807
0.00198402228707
0.00239093022564
0.00270453729481
0.00354585507212
0.00352693522165
0.00458053189591
0.004368208902
0.00394495485943
0.00277169231455
0.00297316144912
0.00307458354912
0.00298302792369
0.00402941367946
0.0043533538276
0.00532970890312
0.0053118925894
0.00542998679542
0.005131783872
0.00387124505816
0.00450835378911
0.00418976254276
0.00485573388783
0.00442554496296
0.00356153020252
0.00292917808123
0.00303307837196
0.0038932087065
0.00432164890835
0.00574010963067
0.00760335870944
0.00790130923376
0.00737703087206
0.0072610343809
0.00547611839369
0.00545969589004
0.0050407397565
0.00408672150326
0.00484795256876
0.00494250214236
0.00535985159541
0.0048200706567
0.00483379171778
0.00376139634224
0.0036366499776
0.00364253617742
0.00386813343136
0.00438781056087
0.0059723845048
0.00607656575546
0.00466647729693
0.00402049263291
0.00349286429834
0.00306737829765
0.0034985581399
0.00678582979727
0.00606147989655
0.00510934015437
0.00425802453928
0.00393809805781
0.00362456545843
0.00437079777373
0.00434983112845
0.00564803045782
0.00585036205182
0.00689685422994
0.00765450909069
0.00680023427671
0.00647634251924
0.00593877631295
0.00519128746846
0.00412470727148
0.00338466531099
0.00317774982434
0.00360108575477
0.00488131681575
0.00561949015159
0.00667938439513
0.00837525565725
0.00845900402403
0.00759577128008
0.00737680548002
0.00610565482905
0.00516270615989
0.00377649674389
0.00413877254176
0.00402175655042
0.0043772121773
0.00393744162453
0.00489769270157
0.00501697896268
0.00449933548085
0.00397717795885
0.00380322555579
0.00454512994391
0.00465600695112
0.00527152315962
0.00473754202485
0.00579968525962
0.00602793738604
0.00623393102021
0.00613805794899
0.00666277932626
0.00697960715328
0.00731765125846
0.00773600502087
0.00837854405176
0.00859563403223
0.00774317394284
0.00713427456586
0.00500797931075
0.00449857809488
0.00384535199999
0.00447998571762
0.00542608048222
0.00606804936591
0.0063838251712
0.00591512238738
0.00602527702133
0.00463810917846
0.0042894330211
0.00461240042724
0.00471971777309
0.00556623922848
0.00630960268835
0.00746987757487
0.00714915019751
0.00618965159518
0.00510719402158
0.00447700745447
0.00362158726479
0.0037137938406
0.00352191144173
0.00479031448693
0.00647493807813
0.0066799987173
0.00787648632592
0.00820176564819
0.00767144840066
0.00651044219935
0.00597662098058
0.00385403425243
0.00406564872424
0.00395308151139
0.00395792511192
0.00543629668714
0.00662459550175
0.00841192876394
0.00842353844682
0.00830642602884
0.00714461574969
0.00627042503434
0.00575021095293
0.00584595401699
0.00638726482961
0.00629344165638
0.0048224843171
0.00440151572633
0.00407718597297
0.00376354377409
0.00376204601481
0.00407572573322
0.00438109178398
0.00521619282091
0.00597467511666
0.00627953194049
0.00692720207902
0.00617546075332
0.0052236916534
0.00510120186015
0.00445499617177
0.00425046226114
0.00363186451006
0.00341489481242
0.00352824368228
0.00408485520766
0.00470984540546
0.00620724007155
0.00630164070555
0.00715902889603
0.00697273867648
0.00570452616896
0.00593794627929
0.00454651815194
0.0040251213679
0.00476456603855
0.00443829579889
0.00548793577919
0.0052599872433
0.00600362945731
0.00630259651896
0.00623059851621
0.00547748106612
0.00536588504609
0.00461990165486
0.00440242396852
0.0042586784737
0.00438567428953
0.00532807873306
0.00617185228961
0.00746367167614
0.0075497349484
0.00647076044868
0.00607037408376
0.00478780347832
0.00404439269129
0.00415149794952
0.00320466676312
0.00373555252989
0.00458402276054
0.00545324793405
0.00566500971749
0.00555151662984
0.00480494154147
0.00383448401807
0.00287026594895
0.00362173677894
0.00406364941492
0.00478909733366
0.00459087110184
0.00449530412001
0.00416139876492
0.00383789297153
0.00405386172958
0.0046949936332
0.00618520873383
0.00640741414541
0.00629272661762
0.00546167812348
0.0052555834499
0.00451387785792
0.00482976973111
0.0053797392074
0.00495497865261
0.00495340145154
0.00516056806401
0.00473580280861
0.00421119094753
0.00378240460738
0.0044093043979
0.00451421976009
0.00483871128054
0.00558356940584
0.00599252887036
0.00537043475872
0.00546625297088
0.00481282497667
0.00447856224028
0.00406371241859
0.00532127382766
0.00658374399844
0.00624894692285
0.00635913399503
0.00557423608444
0.00581600517617
0.00656648940821
0.00752457781514
0.00774726100013
0.0082702331952
0.00669263002034
0.00540771375137
0.00487613179951
0.00285557097786
0.0023357819378
0.00233963087453
0.00362961861721
0.00417611936126
0.00546425005469
0.00597393994163
0.00445919292302
0.00350191492653
0.00340586922162
0.00425367923752
0.00531242552292
0.00667840808596
0.00729709427662
0.00719389334812
0.00625512114118
0.0070981650109
0.00636364197774
0.00679140870388
0.00690245986825
0.0071064514526
0.00644978480109
0.00579852872015
0.00484299115772
0.00303291415901
0.0024212195255
0.00433508982813
0.00498878752592
0.00658051669343
0.00761255089365
0.00698596556026
0.00621592118017
0.00537690665364
0.00558555562026
0.00514531451954
0.00536610386711
0.00535884154289
0.00578774248505
0.00599313828209
0.00663609463463
0.00748241911444
0.00715398657654
0.0070242166689
0.00541971723027
0.00404962351974
0.00459763596232
0.00521728804617
0.00542127098686
0.00586929527173
0.00616708761781
0.00563613286944
0.00532620074671
0.00480123611686
0.00466915035407
0.00469370389143
0.00416383186525
0.00552751837649
0.00573212107611
0.0057285191641
0.00657595369731
0.00645774825904
0.00774652702281
0.00749995991592
0.00878333744823
0.0080318793054
0.00717526081534
0.00515523982111
0.0036859674308
0.00264015310484
0.00254741798444
0.00395092250887
0.00534688787599
0.00640315877141
0.00587393522247
0.00417429576921
0.00131103286618
-0.00038201920445
-0.000805215324627
0.000988127785439
0.00309548270365
0.00713786951048
0.00773995333378
0.00731284785083
0.00540451560057
0.00371047934754
0.00327777307991
0.00339264304903
0.00424502060278
0.00540704209387
0.00626154670687
0.00595728225846
0.0054265526918
0.00381904495935
0.00298998545146
0.0047953365508
0.00533568589493
0.00596408659616
0.00510009974474
0.00402370724994
0.00306734770566
0.00327071602553
0.00378604345961
0.00504960346875
0.00537540441656
0.00624064238774
0.00663456903108
0.00650498251444
0.00598104885088
0.00607108171858
0.00692296533671
0.00622063144205
0.00623324399891
0.00569390543253
0.00497305748986
0.00464882674078
0.00529306732961
0.0048676180078
0.00572041423978
0.00573804072462
0.00595432298611
0.00563267261398
0.00457638373578
0.00339450458932
0.00337318593233
0.00347045637144
0.00303492770465
0.00451007599264
0.00632751923905
0.00695252030346
0.00823281371556
0.00714657477317
0.00704404242716
0.00650390641341
0.00565324033453
0.00546464876911
0.00493849893776
0.00514993990497
0.00556258597467
0.0061982496784
0.00692310370759
0.00607421289937
0.00587542999561
0.00481261454124
0.00472163001268
0.00396106242265
0.00364928862531
0.00415842396278
0.00415632556963
0.00477870283841
0.00507821317602
0.0052938806546
0.00551135494066
0.00645237304046
0.00550318662376
0.00599130045688
0.00547332102507
0.00642489477738
0.00728690036705
0.00739007733006
0.00666340467712
0.00574622555709
0.0045816040783
0.00404741289558
0.00404631987528
0.0048888631789
0.00596630875438
0.00606809660342
0.00638928479987
0.00523449098899
0.00542368310498
0.00497585202355
0.00488398183118
0.00541646281232
0.00625261617287
0.00688212779839
0.00666821613729
0.00666973957332
0.0050731004801
0.00451351943653
0.00516339920046
0.0063310516082
0.0059120406156
0.00673896972954
0.00730264391209
0.00696136886076
0.00581602238625
0.0056040545812
0.00485169713772
0.00548536612614
0.00487491742659
0.00490780547669
0.00460067110935
0.00469916313576
0.00482336611062
0.00392031633821
0.00351675923408
0.00329623516539
0.00327832663995
0.00393371068315
0.00466668275645
0.0065738683484
0.00762385954349
0.008678190224
0.00814761932127
0.00804760904916
0.00646001700377
0.00467329045864
0.00479079077509
0.00383048381054
0.00416638738171
0.00437692518802
0.00484158791961
0.00568505894913
0.00481968164885
0.00418072923866
0.00376910171947
0.00373746971287
0.00438382532104
0.00437838105612
0.00583647531753
0.00573465396676
0.00707917738427
0.00634105773017
0.0066587297322
0.00630766094363
0.00608704881655
0.00535324631035
0.00556854879697
0.0057829690948
0.00547094107778
0.00524354641307
0.00523898947044
0.00565215167345
0.00671919980569
0.00693595522328
0.00619991307352
0.00599947357515
0.00558816293317
0.00483574109891
0.00482423389936
0.00537680578343
0.00580310526269
0.00709002651324
0.00720338383416
0.007200361308
0.00679317787121
0.0048822707322
0.00391601972422
0.00379800066629
0.00487943901109
0.00551371121582
0.00637384655286
0.00677527561755
0.00666072355007
0.00474820011555
0.00430163335324
0.00397505718629
0.00398307266831
0.0051415887528
0.00633001670366
0.00792934884146
0.00780395574137
0.00780198349513
0.00628991089029
0.00501908219783
0.0038531665565
0.00372768926228
0.00553229575484
0.00595579546554
0.00669479915096
0.00701309210641
0.0067099608893
0.00593581038997
0.00465713123851
0.00401360061194
0.00420601348577
0.00430764755957
0.00600060627621
0.00728316378757
0.00791687546012
0.00800791446253
0.00684211092435
0.00609075564604
0.00536030246015
0.00545446666466
0.00535500958543
0.00524686673042
0.00590058184651
0.00557591847995
0.00558772032849
0.00662858234702
0.00548394860022
0.00633225956263
0.00685864101356
0.00707460795105
0.0073009186415
0.00668747607256
0.00668084959069
0.00623639276644
0.00656653330015
0.00667206980836
0.00730294207437
0.00744102298871
0.00775570558111
0.00735165986748
0.00712023885294
0.0061624557478
0.00509534768001
0.00478746591445
0.0047705417812
0.00583491648439
0.00657219079095
0.00709843712771
0.00666069538698
0.00612087749799
0.00474011266656
0.00525398306856
0.00556104258089
0.00566503774908
0.00661834335339
0.0059671935022
0.00638768356249
0.00542691537194
0.00553942177833
0.00511033685017
0.00553877705203
0.00584393640288
0.00637343392657
0.00657834089501
0.00702716702544
0.0071372642227
0.00616694730167
0.00617095365957
0.00554854788677
0.00545148847178
0.00555645800994
0.00652341754003
0.00693464341409
0.00770112772112
0.0071440646153
0.00716126519644
0.00587385339721
0.0057875739105
0.00523735407478
0.00587879940708
0.00591576719086
0.00674859953772
0.00727747610798
0.00684919715701
0.0058916145065
0.00523943736068
0.00449596767106
0.00490860382383
0.0043903950047
0.00559590942038
0.00675206876043
0.00791002048303
0.00822473760561
0.00714548847857
0.00628955212504
0.00606814614348
0.00470255185556
0.00396090824283
0.00502869125222
0.00577730987468
0.00758747618385
0.00779627067205
0.00800957292463
0.00579490161023
0.004829210233
0.00388265222923
0.00407707850997
0.00447882751999
0.00564567721126
0.00735024561079
0.00701051179045
0.00667655976076
0.00581769227946
0.00517707381769
0.0045463159611
0.00485686537038
0.00548907700312
0.00621882957067
0.00676207174025
0.00739448678644
0.00675347940176
0.00613038532191
0.00569879565939
0.00570940461245
0.00581320068662
0.00518317164115
0.00507736531553
0.00537378096343
0.00527232615381
0.00519492249489
0.00656305770584
0.00591477133571
0.00771991485895
0.00739615734475
0.00643871624628
0.00580161001419
0.0055874684753
0.0050539083298
0.00430787374715
0.00419922763457
0.00452449953877
0.00505672610764
0.00527159423951
0.00579900230679
0.00578735931478
0.0051464882613
0.00460233233561
0.00522028614797
0.00418994782488
0.00513164568071
0.00640306413591
0.00704678788261
0.00642344843652
0.00608748664106
0.00586940987004
0.00386656655043
0.00545621408651
0.00395796793665
0.00493286220316
0.00589975302303
0.00662500233824
0.0068469376565
0.0065119615881
0.00577171689246
0.00406857887286
0.0049183557301
0.00651512892704
0.00640503748937
0.005959728963
0.00436028809659
0.00446570470317
0.0039433203715
0.00448235209143
0.00531604853046
0.00562635208303
0.00572532475837
0.00625871988084
0.00573579322288
0.00530343779417
0.0050834932999
0.00497410959675
0.00530883776953
0.0056275905944
0.00551983386555
0.00698566091583
0.00613453997004
0.00496353717849
0.00485024856779
0.00494874290525
0.00559502056456
0.00643785832937
0.00685265039075
0.00695396527629
0.00640022590212
0.00671679094459
0.00588041203047
0.00512834787538
0.00544736495067
0.00590541362098
0.00610583735952
0.0053474438752
0.00545644968012
0.00481834049526
0.00483352016812
0.00599742335222
0.00620939952955
0.00609749991899
0.00567275370986
0.00535039242128
0.00415475235743
0.00438729372751
0.00481854486241
0.00555187730635
0.00639634560782
0.00702859745156
0.00724688831004
0.00711346250222
0.00636322556628
0.0057516431147
0.00572792084607
0.00446080135886
0.00540814705062
0.00645399230068
0.00743367637695
0.00859314626648
0.00743205500015
0.00677888364569
0.00571775415151
0.00424730492745
0.00349931437459
0.00361307016348
0.00435139863593
0.00574172295515
0.00689181183348
0.00721804618636
0.00626457351534
0.00562106329162
0.00444420875166
0.00296485057849
0.00339881046474
0.00392011650295
0.00478607693549
0.00539798826914
0.00654958498576
0.00582282579259
0.00603117513822
0.0050777371112
0.0044402234744
0.00572731858423
0.00551508337733
0.00572568005571
0.00721378309984
0.00678457156481
0.00607089172148
0.00479817319139
0.00418685547592
0.00407490758853
0.00459100051743
0.00576966852588
0.00642056933917
0.00622681297178
0.00578590415947
0.00461170044847
0.00304283798723
0.00322984819424
0.00332012968889
0.00373737828659
0.00511870590021
0.00477453337586
0.00361173071344
0.0029532584972
0.00495323785006
0.00580237568301
0.00539189258985
0.00464432669792
0.00347933946078
0.00190561801558
0.00181169439792
0.00128744416358
0.00214136142939
0.00257223056495
0.00281125262393
0.00279632345485
0.00321234163754
0.00238132044812
0.00312093563401
0.00247347977555
0.00299744296677
0.00351399603646
0.0030802602379
0.00425342124913
0.00538535582006
0.0056252208113
0.00646461418574
0.00605153028225
0.00594301773466
0.00445724584554
0.00453496531817
0.003686336231
0.00433139116929
0.00476655022681
0.00560948517532
0.0072051361214
0.0071068617448
0.00602701766469
0.00422615249201
0.00240670186966
0.00263957204304
0.00316293123517
0.00390131252701
0.00592337611045
0.00676975938355
0.00654888592063
0.00600549065411
0.00534325111762
0.00427925496524
0.0029020582727
0.00255726069836
0.00310229283492
0.00534573707786
0.0060873299982
0.00692621145425
0.0065973684178
0.00565429530847
0.00403246634505
0.00222317143682
0.00285554491544
0.00348923542326
0.00424483258755
0.00613605728705
0.00646642193897
0.00646756644378
0.00658831617485
0.0042372908261
0.00350055748924
0.0026378776668
0.00382308735868
0.00443558308069
0.00659059594985
0.00703106673576
0.00795368349023
0.00701982973883
0.00564456989547
0.00372558003011
0.00297914967573
0.00299487993332
0.00322268173137
0.00406278034146
0.00564796369392
0.00649490749919
0.00607288454993
0.00585825197666
0.00499843234882
0.00384119384441
0.00415647437921
0.00545435308496
0.00650733451232
0.00872123457233
0.00852120979147
0.00733554810743
0.00540539318556
0.00486887582384
0.00338126892109
0.00338415424516
0.00456061330649
0.00594672584119
0.00656602056947
0.00710830162524
0.00742825457105
0.00518217971419
0.00453836502906
0.0042207685346
0.00410640787571
0.0048603195655
0.00622673273687
0.0072913473181
0.00717872274733
0.00737473954634
0.00640920259692
0.00567276257897
0.00472195380526
0.00534775085115
0.00516276119774
0.00558247886136
0.00696255883427
0.00663056693213
0.00547463940427
0.00506091753998
0.0046203639953
0.00376416081371
0.00472541984603
0.00547914447718
0.00696547773885
0.00749547523365
0.00802350175549
0.00748474023818
0.0073776030274
0.00589024409905
0.00577255827315
0.00577166519126
0.00589516380137
0.0067218966968
0.00705197264712
0.00672602572255
0.00598414866967
0.00672620653592
0.00706025237956
0.00675168578601
0.00644029266167
0.00634762296051
0.0053763886117
0.00549556160166
0.00527925056957
0.00525638606052
0.0053721044501
0.00535790148878
0.00567222794265
0.006509187009
0.0067321667431
0.00630644423413
0.00501523009878
0.00482362869034
0.00482873787618
0.0064232411355
0.00621050910891
0.00684142487236
0.00619948794122
0.00588692077508
0.00538038486084
0.00316350940923
0.00303315965578
0.00324818712987
0.00368049262327
0.00495876290413
0.00591313191297
0.00623942565412
0.00528681631821
0.00454755734962
0.00432351219782
0.00303502344
0.0031529400146
0.00381895985638
0.00421738918759
0.00602181391711
0.0064273686378
0.00631474406703
0.00598583319125
0.00493616451913
0.0053496561992
0.00480364977597
0.00503309028583
0.00576665212641
0.00512994042327
0.004721374039
0.0063077575124
0.00546190183875
0.00576406300531
0.00587573349514
0.00536038168867
0.00525386043359
0.00514281752767
0.00535260755056
0.00451913626272
0.00428679331238
0.0042893015258
0.00468944048078
0.00459191320932
0.00491753951026
0.00589642684798
0.00499886128011
0.005538814822
0.00437235821577
0.00488795720904
0.00521966766557
0.00563918468195
0.00615263113183
0.00689636254249
0.00668755892494
0.00550175235415
0.00456510133305
0.00382072761164
0.00489748919951
0.00543880992906
0.00679862261893
0.00659659692171
0.00603439874352
0.00604343527491
0.00520290711998
0.00457451679565
0.00349731919456
0.00423697325657
0.00437214015502
0.00466385999971
0.00487778298738
0.00644610725396
0.0063374137837
0.00644290505268
0.00622084521547
0.00589871785752
0.00545252173747
0.00460698994816
0.0040648635128
0.00434819288326
0.00436470265369
0.00521380372897
0.00618225542562
0.0064019916092
0.00575401950812
0.00510446537033
0.00457029255558
0.00351897861994
0.00374549291645
0.00469879276117
0.0062811636314
0.00723330416116
0.007220680252
0.00710841806504
0.00626295537115
0.00518150672421
0.00467066586407
0.0046402588365
0.00507441407035
0.00626997406691
0.00690302911759
0.00627877822163
0.00625962849337
0.00519695284925
0.00435445293378
0.00393942857452
0.0045671776516
0.00628574687226
0.00734049584579
0.00692879011039
0.00735062327903
0.00649717091088
0.00545173423353
0.00406388406153
0.003741152214
0.0039483177935
0.00471275499929
0.0064995352612
0.00817874607603
0.00743927195649
0.0072553162282
0.00565632674964
0.00458279034834
0.00470455515086
0.00522580209389
0.00658761724075
0.00669945957669
0.00722484114298
0.00625226792194
0.00604091865023
0.00593234882803
0.00538169721521
0.00592939970816
0.00637494447143
0.00646839833327
0.00656954243619
0.0059148880493
0.00570882839638
0.00516587895073
0.00549134071433
0.00463443654254
0.00484119624078
0.0048507082088
0.00452470960713
0.00504770910691
0.00580151426052
0.00620292724178
0.00643119871235
0.00705333573124
0.00683576722029
0.00555923476933
0.00490505429562
0.00438538621214
0.00480924906372
0.00533390529314
0.00704767228825
0.00727270029159
0.00812515318604
0.0085418873922
0.00472193856169
0.00399075887092
0.00366834601905
0.00503155210046
0.00590325122858
0.00728187992901
0.0072720039187
0.00651460366282
0.0047088010671
0.00300167410791
0.00405783915025
0.00598029918321
0.00788375144712
0.0084083109528
0.00817951812807
0.00528296553914
0.00380781385087
0.0042258619091
0.00412815450255
0.00528691125267
0.00571912849909
0.00699477028372
0.00750180483821
0.00677388053998
0.0073031536781
0.00700916052603
0.0060473843802
0.00552331552369
0.00499423034965
0.00446231701686
0.00469243168072
0.0055410664487
0.00587638612601
0.00649396763764
0.00564017556907
0.00511405681937
0.00500431757267
0.00478558252129
0.00573540323115
0.00552054653968
0.00605744291139
0.00593084794857
0.00643184396336
0.00558030596732
0.00621474452995
0.00620999041914
0.00632670119199
0.00695025234049
0.00664377498023
0.00644470783412
0.00620989823795
0.00600874374909
0.00430132350151
0.00448860784535
0.00322071433349
0.00449579868911
0.00534846578483
0.00611145326732
0.00653771022933
0.0063149557517
0.00656303108208
0.00600368627541
0.00535360665184
0.00568725305211
0.00579072070416
0.00621923086378
0.00576646871842
0.00608931255528
0.00542598556547
0.00562792790441
0.00527863427268
0.0054788730405
0.00633132256519
0.00708101551637
0.00802630710453
0.00822581045647
0.00822983325249
0.00621368580824
0.00547081023132
0.0044382295732
0.00485850015832
0.00551773488003
0.00638827662759
0.00702544994193
0.00733686271205
0.00725158019942
0.00714399447631
0.00647292364246
0.00594217439949
0.00517757110718
0.00454205989685
0.00505616259673
0.0060200483835
0.00698670682671
0.00836537065684
0.00803429009527
0.00749584007223
0.00665877871515
0.00600210562576
0.00535194343602
0.00441066369396
0.0048490033771
0.00496138719894
0.0059133387402
0.00613528262333
0.0063621264802
0.00611664644143
0.00550647869727
0.00567990216525
0.00484556360807
0.00484439062976
0.00495973606604
0.0050612115499
0.00633086552226
0.00674439453781
0.0066520489088
0.00600826954597
0.00643752680593
0.00646076967318
0.00700001540179
0.00752681879167
0.00858580802322
0.00878668978009
0.0088830453208
0.00865311260857
0.00738347086418
0.00642872860493
0.00597368948054
0.00545035607044
0.0054477970508
0.00500215317396
0.0057569599588
0.00576696673333
0.00620249646362
0.00590344580283
0.00525659473558
0.00387974706541
0.00345666402378
0.00312182287695
0.00377393641959
0.00367245775378
0.00304029866905
0.0041065184954
0.00432561024977
0.00515327912954
0.00516438055234
0.00474075189799
0.00367097433537
0.00377229857337
0.00399168218077
0.0032641519523
0.00390827715153
0.00432928981353
0.00474200853245
0.005276255817
0.00528063580649
0.00496023703982
0.00401363466771
0.00336705091901
0.00302953104351
0.00187600356492
0.0026018935324
0.00409063184586
0.00566448291301
0.00714668549044
0.00830854839638
0.00853752029269
0.0070370130329
0.00671191278221
0.00502077742046
0.00448090497885
0.0043647982051
0.00500624198822
0.00553261284393
0.00647213927217
0.00648056650885
0.00690091800164
0.00689813084147
0.00647486938084
0.00572554128661
0.00548468095405
0.0057893967903
0.00653376320293
0.00537705382544
0.0054452917029
0.00458664785412
0.00435630059049
0.00414855073193
0.00510359302387
0.00554166126164
0.00658483194038
0.00692826716749
0.0072555476992
0.00597140054045
0.00554620255827
0.00470525803137
0.00385441402319
0.00416118879867
0.00449653831008
0.00502747488307
0.00587618499175
0.00568952641124
0.00534986418519
0.00505229152858
0.00440729414082
0.0038719741298
0.00367209089696
0.00398393802183
0.00377817628316
0.00389593804475
0.00412172602898
0.00443510215686
0.00270877022916
0.0029360306506
0.00323445144696
0.00451650608117
0.00569367143712
0.00580053978017
0.00652841516674
0.00589474995046
0.00483388478549
0.00472628520643
0.00409228948011
0.00410217904447
0.00413154831318
0.0043250044646
0.00518283848073
0.0057038654629
0.00592863383313
0.00569815023829
0.00569314353579
0.00451967026868
0.00443424582811
0.0043106788049
0.00442244580014
0.00558588775824
0.00619826520658
0.0070481573396
0.00533072433958
0.00426678793015
0.00468408638438
0.0052027042667
0.00562526383572
0.00499649083375
0.00615973217514
0.00370118133193
0.00349849545502
0.00405260158944
0.00459838650715
0.00460318039548
0.00493563928321
0.00335021942247
0.0035535794839
0.00279921851993
0.00218499046023
0.00154422438895
0.00230548854926
0.00440928418202
0.00598964267379
0.00664061333957
0.00469759334791
0.00468704492539
0.00469271097175
0.00534311602886
0.00523689335777
0.00663066255304
0.00567693952258
0.005360725914
0.0061557038604
0.00624406296537
0.00590515571768
0.00612543354924
0.00538046756623
0.00474910272119
0.00530122601416
0.00486235767261
0.00487555355433
0.0051045906818
0.00434835968833
0.00486951012595
0.00538866022502
0.00552036475033
0.00551056411124
0.00592352895347
0.00549784271647
0.00508316370791
0.00412508423772
0.00401494634378
0.00422695753698
0.00454576847684
0.00570673378887
0.00549818640417
0.00548334711002
0.00538290669355
0.00570524026571
0.0053822767986
0.00442232037055
0.00485285241385
0.00453293324115
0.00411700012349
0.00422937728433
0.00519236176129
0.00487369571751
0.00592234833346
0.00615189902063
0.00573950989259
0.00562644714189
0.00638021977848
0.00649220445406
0.00615431844834
0.00530385184389
0.00594605397513
0.00481504122616
0.00491148395889
0.00459740990413
0.00491969104211
0.0050280491619
0.00568806097638
0.00534320873558
0.0050198003185
0.00492068483501
0.00417453902489
0.00385398148046
0.004596758924
0.00585760200666
0.00692502907011
0.00712684528786
0.0071099281703
0.00604584955625
0.00509807420584
0.00489675643574
0.00490094088502
0.0063675850815
0.00541004169231
0.00593540209388
0.00540787613813
0.00497313760993
0.00498019659546
0.00529601127687
0.00647350214967
0.00624196373235
0.00646041567963
0.00643304898174
0.0060100353029
0.00558943746368
0.00560787405253
0.00495838775406
0.00463149587789
0.00485536377869
0.00559947558645
